4.35873 1.39182 0.528348 2.48342 3.25434 1.41438 0.758739 0.490581 0.303839 0.424971 0.427586 0.108203 
3.23499 1.70695 1.29802 2.21024 2.86826 1.79651 0.701148 0.211308 0.289916 0.444007 0.40178 0.0495393 
3.35747 1.67408 1.13879 2.12693 2.38847 1.51926 0.809434 0.495917 0.244941 0.398055 0.540495 0.0821387 
4.21909 1.76523 0.758715 2.44296 2.99731 1.59752 0.997709 0.384689 0.295456 0.34445 0.488332 0.121166 
4.08602 1.62366 0.64447 2.42469 2.99443 1.83279 1.01239 0.844346 0.414584 0.32102 0.438442 0.122192 
3.23211 1.58846 1.27464 2.35111 2.68082 1.72387 0.975459 0.971336 0.713845 0.337994 0.27 0.0616895 
4.40854 1.66409 0.810546 2.62025 3.42094 2.12651 1.33903 0.960664 0.364803 0.314701 0.283651 0.105476 
4.67503 1.78253 0.652618 2.72602 3.78145 2.2072 1.20685 0.875833 0.208501 0.660367 0.281749 0.0760972 
3.48356 2.08491 1.40216 2.05967 2.50312 1.98997 1.25878 0.876527 0.587725 0.315553 0.228519 0.0610643 
4.29839 2.38974 1.10772 2.33817 3.53171 2.30623 1.09962 0.499163 0.409066 0.44989 0.264605 0.0599735 
3.88335 2.56397 1.94804 2.43983 2.65649 1.87101 1.08743 0.696536 0.50245 0.311852 0.208161 0.0471197 
2.95177 2.36336 2.03491 1.93172 1.7808 1.33716 0.855292 0.644776 0.58787 0.4075 0.108809 0.0190933 
3.25094 2.76022 2.60585 2.54342 2.16074 1.54714 0.991494 0.578924 0.309714 0.197795 0.142073 0.0170557 
4.16937 3.51422 2.97104 2.77043 2.13735 1.07958 0.342643 0.00783863 -0.0218996 0.0175763 0.146885 0.0111343 
3.68523 3.30976 2.83959 2.32079 1.73013 1.06508 0.529358 0.182391 -0.0750676 -0.0898909 0.104851 -0.0156159 
3.34797 2.91254 2.6627 2.3708 1.7673 0.986108 0.368184 0.0524722 -0.08923 -0.132674 -0.0519242 -0.0489647 
3.27044 2.8258 2.40256 1.92593 1.37167 0.723174 0.214437 -0.0368218 -0.0771945 -0.0968847 -0.0865957 -0.0593176 
4.20862 3.82194 3.2675 2.52525 1.69493 0.93571 0.28893 -0.501596 -0.864593 -0.56171 -0.123238 -0.10614 
3.44358 3.00149 2.54322 1.9719 1.2807 0.536897 -0.0887342 -0.476928 -0.61325 -0.457865 -0.130517 -0.112152 
3.08252 2.50315 2.04355 1.49566 0.820684 0.151083 -0.336719 -0.54092 -0.45439 -0.253529 -0.0962962 -0.110625 
3.70141 3.32395 2.61895 1.73769 1.04461 0.50181 -0.0788714 -0.60896 -0.779946 -0.577283 -0.166099 -0.118451 
4.25392 3.72664 2.64749 1.3884 0.678751 0.480651 0.0459178 -0.704205 -1.1745 -0.856478 -0.1984 -0.117315 
3.92517 3.19518 2.41716 1.71467 0.957311 0.1416 -0.419988 -0.693054 -0.841927 -0.695118 -0.209072 -0.121694 
3.51337 2.84162 2.05224 1.20742 0.436479 -0.176403 -0.579023 -0.821217 -0.827784 -0.562219 -0.183511 -0.114764 
4.52288 3.29466 1.88027 0.996941 0.0332434 -0.830681 -0.976104 -0.974348 -1.24566 -1.02661 -0.169168 -0.0778415 
4.74129 3.25895 1.68465 0.782974 -0.196706 -1.16597 -1.23125 -1.10518 -1.36913 -1.10749 -0.178305 -0.0565056 
4.17445 2.94957 1.64422 0.588954 -0.437632 -1.15536 -1.30251 -1.29332 -1.29363 -0.889308 -0.115406 -0.0591915 
4.65952 3.17365 1.36991 0.181329 -0.599928 -1.44138 -1.77889 -1.39526 -1.03805 -0.740375 -0.169754 -0.0456123 
3.85434 2.63828 1.23898 -0.0599482 -1.04819 -1.57369 -1.43309 -1.05923 -0.842302 -0.505825 -0.115138 -0.048419 
5.08064 3.31408 1.16637 -0.118978 -1.28784 -2.27641 -2.14665 -1.35681 -0.882445 -0.469927 -0.104578 -0.0122149 
4.49157 3.03802 1.22192 -0.35443 -1.5817 -2.18928 -1.94434 -1.34829 -0.821668 -0.349351 -0.042004 -0.00813127 
4.71898 3.03984 0.939606 -0.524171 -1.60271 -2.31671 -2.23377 -1.56448 -0.888763 -0.279622 0.00128195 0.014417 
3.62632 2.45405 0.932555 -0.65546 -1.83042 -2.2694 -2.05555 -1.53166 -0.910602 -0.277374 0.151636 0.00692039 
4.12686 2.68233 0.624307 -1.15415 -2.02932 -2.14442 -1.88099 -1.53269 -1.10297 -0.42045 0.149811 0.0297555 
5.36012 2.8508 0.139281 -1.35977 -2.04351 -2.2863 -1.89843 -1.39256 -1.05825 -0.468916 0.0310719 0.0458577 
4.23658 2.64153 0.522358 -1.11315 -1.86433 -1.8758 -1.76024 -1.57311 -0.971228 -0.324904 0.119467 0.0323032 
4.34563 2.70071 0.55622 -1.07064 -1.88321 -2.07909 -1.90583 -1.54395 -0.984182 -0.311083 0.0886963 0.0263113 
4.23536 2.76061 0.619711 -1.17608 -1.97442 -2.05938 -1.77699 -1.38191 -0.90652 -0.341741 0.0780419 0.0140613 
5.10618 3.17325 0.453487 -1.36259 -2.04755 -2.02506 -1.67926 -1.3201 -0.899547 -0.309371 -0.00517918 0.0195266 
3.80109 2.36359 0.671167 -0.793309 -1.70623 -1.97343 -1.74337 -1.24378 -0.687806 -0.188697 0.105806 0.00415935 
4.9952 2.8819 0.357831 -1.15735 -1.72963 -2.04468 -1.69551 -1.01565 -0.579586 -0.162487 0.0465564 0.0160101 
5.64057 2.91737 0.25595 -1.16727 -1.83079 -2.00296 -1.59036 -0.927902 -0.488738 -0.164828 0.040499 0.0217269 
4.6625 2.93521 0.767707 -1.03263 -1.89328 -1.87191 -1.42053 -1.00182 -0.510083 -0.0106709 0.0989605 0.0307645 
4.27196 2.6782 0.623796 -0.919565 -1.69422 -1.78089 -1.35083 -0.802146 -0.35937 -0.0298878 0.120082 0.0191365 
4.80275 2.83969 0.555311 -0.872296 -1.58993 -1.90747 -1.60815 -0.822657 -0.157428 0.0826073 0.0744705 0.00983969 
5.40529 3.05417 0.27678 -1.18159 -1.69676 -1.71919 -1.23622 -0.623449 -0.1423 0.0716927 0.0657018 0.00602564 
5.21676 2.88311 0.194605 -1.4661 -1.86305 -1.40605 -0.866043 -0.710352 -0.404473 0.0931532 0.0175922 -0.00813229 
5.69955 3.04005 -0.0265672 -1.47296 -1.65436 -1.41765 -1.0042 -0.640202 -0.339864 0.0507801 -0.00247977 -0.019058 
5.49641 2.93585 0.194717 -1.42701 -1.632 -1.22664 -0.937705 -0.76256 -0.399745 0.128058 -0.014467 -0.0250944 
5.36949 3.05634 0.124792 -1.40949 -1.52097 -1.06352 -0.74556 -0.705581 -0.417709 0.197174 -0.0259911 -0.0256635 
6.49685 3.17421 -0.381348 -1.53657 -1.5346 -1.27487 -0.561456 -0.429947 -0.414257 0.105659 0.00883585 -0.0235331 
5.06498 2.86172 0.114574 -1.3818 -1.62231 -1.27334 -0.805989 -0.503478 -0.131371 0.188391 -0.0519229 -0.0503196 
5.58948 2.84729 -0.123945 -1.7289 -1.6806 -0.830371 -0.381823 -0.508565 -0.321254 0.242864 -0.0275856 -0.0441763 
5.17158 2.86316 -0.121311 -1.86057 -1.76575 -0.80502 -0.235116 -0.444863 -0.308613 0.170923 -0.0999682 -0.0552874 
6.54204 2.79806 -0.732519 -1.30717 -1.13043 -0.795676 0.0144386 -0.120912 -0.653324 0.233237 0.0295148 -0.0408527 
4.62819 2.54586 -0.081957 -1.39107 -1.20254 -0.51881 -0.16652 -0.11383 0.0683671 0.244193 -0.144366 -0.116515 
4.99962 2.55076 -0.290707 -1.38182 -0.927105 -0.156605 0.173603 0.0530712 0.101441 0.296027 -0.135392 -0.128777 
4.7425 2.26514 -0.272962 -1.3227 -0.953074 -0.0235538 0.444296 0.21706 0.103572 0.267904 -0.198165 -0.160587 
5.51776 2.5649 -0.297445 -1.27306 -0.731731 0.0906621 0.471905 0.208263 -0.0228507 0.389009 -0.166578 -0.164053 
4.38448 2.49516 0.0275894 -1.29936 -0.950483 -0.0326513 0.357263 0.231552 0.355168 0.407217 -0.25007 -0.180322 
4.47151 2.41565 -0.0812248 -1.2701 -0.955847 -0.124607 0.37166 0.459157 0.449317 0.356742 -0.192146 -0.171819 
7.36244 1.93859 -0.255907 -1.39754 -0.541927 0.0328432 0.844225 0.736887 0.253779 0.242268 -0.0348881 -0.130567 
4.94921 2.6012 0.137842 -1.17555 -1.06597 -0.122957 0.615555 0.723194 0.612698 0.364644 -0.123593 -0.148736 
3.94525 2.40901 0.510963 -0.867455 -0.919208 0.00435386 0.784296 0.930781 0.692081 0.266551 -0.126969 -0.150737 
4.86676 2.56592 0.172625 -0.884762 -0.618891 0.120451 0.775397 0.905385 0.574709 0.133659 -0.0743458 -0.1178 
7.20289 2.22389 0.0663071 -0.353685 -0.465053 0.262187 1.23863 0.947955 0.252219 0.186708 -0.0142123 -0.0953956 
5.15443 2.94804 0.384325 -0.458728 -0.0854225 0.366421 0.746532 0.765772 0.364416 0.21716 -0.00687163 -0.0554378 
4.49269 2.64471 0.73761 0.00256186 0.302174 0.535909 0.453762 0.196863 0.295603 0.47745 0.147817 -0.00108553 
4.95805 2.71971 0.76177 0.518585 0.858463 0.559506 0.157617 0.0912454 0.315056 0.365594 0.183887 0.0149501 
6.37883 2.78863 0.0937535 0.958928 1.26896 0.0663729 0.208384 0.228518 0.217251 0.427743 0.197272 0.0317541 
5.09315 2.86941 0.72847 0.560701 0.971528 0.574579 0.158875 0.297715 0.557975 0.396135 0.0952324 -0.0250298 
4.09357 2.86723 1.30607 0.337072 0.370233 0.583569 0.480176 0.306613 0.332218 0.396921 0.169588 0.0190453 
6.39703 2.94402 0.543187 1.04379 0.935384 -0.272259 0.429037 1.13675 0.976747 0.164176 -0.0423165 -0.0138075 
5.71051 3.12947 1.20994 1.0005 0.320965 -0.184072 0.632236 1.3678 0.678716 0.0889834 0.0627661 0.0160282 
4.17867 3.11664 1.77523 0.803074 0.216125 0.243019 0.761541 0.952872 0.594148 0.262029 0.140297 -0.00199938 
4.36811 3.1469 1.76855 0.904873 0.346128 0.304256 0.749528 0.872303 0.443559 0.259692 0.156833 0.0171591 
6.44779 2.85499 0.380603 1.23545 1.31689 0.170577 0.313113 0.782525 0.514874 0.298178 0.123314 0.0482654 
4.46976 2.6816 1.1398 0.903553 1.02032 0.631221 0.47336 0.73083 0.660419 0.356421 0.186802 0.02601 
3.78917 2.46459 1.38811 1.2468 1.13256 0.635908 0.348396 0.496452 0.566073 0.434809 0.266394 0.0352107 
4.56727 2.25009 0.487873 1.28861 1.71347 0.940271 0.464085 0.508558 0.44653 0.454333 0.473545 0.10829 
6.34319 1.76956 -0.363801 1.68994 2.23247 0.56094 0.439793 0.659599 0.331521 0.486119 0.349539 0.112587 
4.05778 2.0416 0.892539 1.2263 1.6414 0.958649 0.547478 0.613593 0.534444 0.430088 0.347085 0.0546591 
4.61848 2.25618 0.387332 0.689919 1.51648 1.28248 0.870892 0.406193 0.3632 0.493958 0.478336 0.118266 
5.86755 1.51461 -0.206479 1.44841 1.64656 -0.00566281 0.900861 0.940567 0.795194 0.637237 0.412608 0.116753 
5.59231 1.77916 -0.421487 1.33585 1.85682 0.612406 0.593238 0.643938 1.18179 0.888917 0.455349 0.0764198 
4.15967 1.74662 0.480266 1.40193 1.62761 0.637152 0.360009 0.642955 1.16713 1.01922 0.392514 0.0249259 
5.97646 1.35567 -0.427905 1.96395 2.45496 -0.191054 0.386546 0.96774 1.04199 0.89277 0.303499 0.0435727 
5.08964 1.56832 0.452755 1.84348 1.93542 0.308065 0.441255 0.978226 0.884389 0.538518 0.215252 0.047187 
4.58887 1.72585 0.417808 1.64508 2.00486 0.725208 0.345436 0.775436 0.650242 0.234897 0.150621 0.0341616 
4.57014 1.73197 0.447077 1.54691 1.76092 0.340821 0.339192 1.04159 0.725603 0.312272 0.204927 0.0499891 
4.97158 1.70615 -0.109785 1.26087 2.00718 0.415465 0.15241 0.800836 0.830907 0.487017 0.179555 0.0177468 
4.68335 1.32041 0.147398 1.35766 1.40621 0.277464 0.210184 0.329347 0.462376 0.412628 0.20149 0.0101092 
4.16753 1.68148 0.369193 1.04514 1.26134 0.176156 -0.0333416 0.231946 0.427518 0.280626 0.12549 0.00440921 