3.91367 0.941133 -0.0134307 1.71657 2.42263 0.640573 0.852556 1.02705 0.421 -0.0206244 0.166769 0.0984429 
4.05728 1.39428 0.802974 2.46009 2.68588 1.55231 1.04252 0.839545 0.567824 0.162917 0.296091 0.100869 
5.52587 1.04333 0.147263 2.97278 3.28535 0.956497 2.30335 0.863545 0.455241 0.146732 0.245899 0.112114 
4.14193 1.94521 1.10137 2.53326 2.92291 1.58283 1.48691 1.20416 0.351132 0.104209 0.1804 0.0874884 
3.47021 2.28643 1.76439 2.22896 2.43545 1.82863 1.28456 1.17449 0.458348 0.156326 0.0973922 0.0436637 
3.48199 2.15508 1.70226 2.17949 2.19765 1.65484 1.22166 0.779644 0.558555 0.342581 0.184711 0.042696 
4.09206 2.14768 1.80921 2.75689 2.54449 1.57739 1.15132 1.02714 0.581319 0.379538 0.170149 0.0482471 
3.56153 2.31641 1.7686 2.36811 2.63706 1.90741 1.17948 1.01751 0.706699 0.331863 0.0893654 0.0359223 
2.97169 2.23527 1.99564 1.96227 1.69605 1.28426 1.10977 1.01042 0.683252 0.29177 0.133056 0.0311858 
3.2533 2.30011 1.94906 2.4465 2.66047 1.82697 1.06549 0.905532 0.849693 0.40903 0.0393026 0.0306572 
3.93117 2.03929 1.71992 3.11941 3.38033 2.01243 1.14584 0.891203 0.689624 0.40111 0.127953 0.0400254 
2.96486 2.19441 1.93932 2.10678 2.04316 1.45322 1.05787 0.829838 0.541247 0.26457 0.142668 0.0287498 
2.9636 2.27296 2.06146 2.0155 1.87225 1.5702 1.18952 0.86406 0.622409 0.375525 0.111796 0.0288284 
3.69961 2.35875 2.02148 2.68365 2.39171 1.35476 1.34681 1.43976 0.91549 0.251952 0.0642516 0.0452864 
3.06651 2.26677 2.10856 2.45168 2.18069 1.37266 1.0199 1.06434 0.807351 0.350497 0.151224 0.0425495 
2.96507 2.27525 2.00637 2.04825 1.90102 1.6449 1.2867 1.0138 0.64133 0.338447 0.159383 0.0377168 
3.48926 2.28644 1.96739 2.58742 2.64894 2.08315 1.65912 1.21515 0.588777 0.266476 0.144823 0.0639106 
3.70708 2.47555 2.02936 2.67848 2.95325 1.90494 1.09412 0.793555 0.584509 0.411993 0.240644 0.0564846 
3.06619 2.3638 2.11369 2.34085 2.25974 1.73395 1.26269 0.840863 0.511518 0.337459 0.214438 0.0455995 
3.80379 2.42223 2.31724 3.27736 3.27389 2.14671 1.19923 0.888764 0.428369 0.321184 0.245997 0.055759 
3.148 2.61056 2.35591 2.2748 2.15362 1.79101 1.24677 0.631953 0.367041 0.331036 0.257714 0.0412314 
2.91908 2.37891 2.08152 1.87288 1.64254 1.36636 1.02859 0.718305 0.533116 0.394785 0.226835 0.0269812 
3.10615 2.61613 2.31539 2.13772 1.93765 1.62126 1.39134 1.04303 0.572595 0.258046 0.125776 0.0305612 
3.69281 3.2981 2.90722 2.57622 2.34513 2.01629 1.44459 0.761287 0.276852 0.192508 0.167571 0.0278743 
3.52141 3.11899 2.83658 2.50883 2.15776 1.75283 1.30905 0.720441 0.300057 0.171588 0.123488 0.0170846 
3.06683 2.63375 2.39025 2.17844 1.90826 1.41363 0.858235 0.511951 0.340835 0.208203 0.0991637 0.00220833 
3.67018 3.35823 3.08834 2.73472 2.08614 1.22268 0.596277 0.252913 0.00973346 -0.0754353 0.0635138 -0.0298416 
3.20017 2.75786 2.40683 1.96951 1.45367 0.865366 0.360623 0.0772076 -0.0321915 -0.0490884 -0.0407561 -0.0549753 
3.48649 3.05334 2.62075 2.05519 1.37934 0.71779 0.199127 -0.0766304 -0.137069 -0.116642 -0.0645845 -0.0637405 
4.1734 3.89847 3.37548 2.66504 1.71765 0.749111 0.0274757 -0.51575 -0.775467 -0.563838 -0.146088 -0.112918 
4.6637 3.9327 3.19631 2.71253 1.66248 0.115067 -0.892645 -1.05939 -0.985938 -0.736362 -0.271859 -0.122549 
3.40032 2.83669 2.23656 1.50297 0.66808 -0.169154 -0.742436 -0.878751 -0.702995 -0.385889 -0.0699544 -0.0850996 
4.09131 3.3952 2.50522 1.69229 0.702034 -0.503964 -1.27097 -1.25735 -0.954032 -0.623328 -0.171007 -0.0820238 
6.57537 3.71931 1.4744 1.81984 1.08498 -1.52623 -1.88137 -0.555741 -0.837521 -1.03147 -0.580395 -0.100577 
5.18903 3.55985 1.98512 1.48846 0.482958 -1.3914 -1.94658 -1.15257 -0.824139 -0.875405 -0.3089 -0.0782791 
3.77865 2.77719 1.65725 0.681516 -0.272547 -1.14271 -1.49868 -1.3482 -1.02569 -0.572841 -0.0694849 -0.05338 
4.73564 3.17937 1.65926 0.768063 -0.339641 -1.50538 -1.71707 -1.25896 -1.01272 -0.721432 -0.145387 -0.031863 
3.58307 2.42581 1.20653 0.337246 -0.381964 -1.12899 -1.48681 -1.29029 -0.908294 -0.470526 0.00242295 -0.0280761 
4.78064 2.90009 1.12136 0.466995 -0.570969 -2.07961 -2.14894 -1.04807 -0.744382 -0.765213 -0.0743401 0.00440883 
4.86219 2.70365 0.914431 0.578703 -0.398843 -2.0784 -2.08979 -0.905225 -0.699208 -0.838366 -0.0847915 0.0181073 
4.87477 2.61013 0.947505 0.538156 -0.627158 -2.27631 -2.11286 -0.858655 -0.619893 -0.716175 -0.0794679 0.0214589 
3.74392 2.29888 0.897057 0.153439 -0.644056 -1.7359 -2.08547 -1.37196 -0.626338 -0.287669 0.0177032 -0.012248 
4.91788 2.56537 0.678445 0.439065 -0.554662 -2.40258 -2.30597 -0.82358 -0.470021 -0.663223 -0.106253 0.0128979 
4.9377 2.56703 0.690904 0.300451 -0.902958 -2.62574 -2.33404 -0.751858 -0.416156 -0.605453 -0.0885351 0.0182888 
5.15247 2.44393 0.435216 0.240735 -0.731074 -2.58528 -2.42309 -0.796735 -0.372103 -0.511784 -0.102838 0.0146722 
4.44243 2.58143 0.776114 0.00842079 -0.938562 -2.21806 -2.18216 -0.986598 -0.314504 -0.252479 -0.00682044 0.00186203 
4.7919 2.72016 0.709647 0.151578 -0.852824 -2.44363 -2.16462 -0.477689 -0.0217254 -0.334221 -0.0272448 0.0120411 
5.04682 2.66793 0.800633 0.333045 -1.03413 -2.73795 -2.10286 -0.346992 -0.114378 -0.346045 -0.0233328 0.033527 
6.4527 2.58055 0.0322585 0.756109 -0.560017 -3.30398 -2.16359 0.109463 -0.341945 -0.203844 -0.106891 0.0784479 
4.3776 2.55261 0.976931 0.230205 -1.0425 -2.43964 -2.02386 -0.559628 0.000730296 -0.0780003 0.0263138 0.0199766 
4.62367 2.65275 0.634804 -0.170312 -0.971396 -2.00532 -1.7495 -0.511654 0.00869244 -0.0821985 0.0493394 0.00744082 
3.97428 2.48759 0.834131 -0.25051 -1.09747 -1.6736 -1.39132 -0.606264 -0.136508 -0.0340206 0.0664487 0.00238449 
6.08419 2.62429 0.314778 0.649854 -0.708095 -3.02372 -1.84065 0.257034 0.114784 -0.0275401 -0.0726995 0.0386084 
5.59972 2.63484 0.53625 0.493285 -0.87071 -2.75735 -1.7125 0.299031 0.296497 -0.0601563 -0.0704152 0.0167448 
5.66619 2.39433 0.444196 0.318872 -1.01158 -2.50332 -1.23028 0.53316 0.328409 -0.0704455 -0.0559731 0.00120102 
3.65727 2.07013 0.703558 -0.0317098 -0.905938 -1.60631 -1.00573 0.206806 0.461833 0.0381376 -0.0269276 -0.0429601 
5.3979 2.65682 0.405406 0.128051 -0.863879 -2.24895 -1.16497 0.702615 0.613051 -0.0451605 -0.0682511 -0.0281414 
4.99343 2.70092 0.604412 -0.0898962 -0.881366 -1.74286 -0.916861 0.610316 0.710532 0.0391589 -0.0337824 -0.0579224 
5.93402 2.61148 0.0851439 -0.00549001 -0.705771 -1.77914 -0.620285 0.911081 0.655838 0.103122 -0.12754 -0.0775007 
4.46745 2.58483 0.64561 -0.582096 -1.06522 -0.735996 0.057264 0.510285 0.39517 0.196897 -0.0595654 -0.0987899 
5.02156 2.83272 0.519088 -0.474302 -0.964648 -0.991917 -0.071693 0.710612 0.537953 0.211325 -0.0569791 -0.0964951 
5.21485 2.98678 0.811426 -0.307385 -1.25767 -1.40239 0.0986384 1.15622 0.622967 0.0809197 -0.0558771 -0.100904 
5.35573 3.13418 0.766026 -0.398555 -1.0515 -1.15847 0.125117 1.05472 0.651035 0.101193 -0.124102 -0.124926 
5.59094 2.79236 0.662252 -0.10941 -0.914663 -1.02558 0.256271 1.02968 0.64279 0.222072 -0.119721 -0.12493 
5.17398 3.22556 1.30155 0.124137 -0.992745 -1.34058 0.131546 1.2598 0.803429 0.109733 -0.114573 -0.125588 
6.59736 3.08995 0.46239 0.39633 -0.425852 -1.26737 0.550073 1.59709 0.658809 0.335658 -0.0695112 -0.091562 
4.70153 3.09158 1.31716 0.13081 -0.574191 -0.397641 0.459751 1.19267 1.01939 0.482208 0.0105588 -0.0806193 
4.79208 2.86083 0.869217 0.183687 0.134667 0.0542577 0.404536 1.17429 1.26482 0.758401 0.162494 -0.0392787 
5.15102 2.8687 1.12451 0.646448 0.337997 0.0889928 0.770145 1.25917 1.23731 0.75625 0.207139 -0.012549 
5.70925 2.59991 0.587838 1.02756 0.938304 0.23785 0.958258 1.2618 1.02436 0.724152 0.308747 0.0482831 
3.34269 2.40879 1.66219 1.16025 0.727551 0.570388 0.715665 0.902576 0.859444 0.594291 0.269198 0.0148881 
3.96822 2.53419 1.24832 1.00386 0.940726 0.829251 0.857347 0.927403 0.909705 0.656797 0.338054 0.0379944 
5.60991 2.49957 0.939921 1.56492 1.11364 0.132055 0.779255 1.2083 0.725498 0.994521 0.361369 0.0436509 
3.71185 2.60033 1.6119 1.15951 0.912659 0.760328 0.958034 0.896251 0.733 0.579758 0.205208 0.0174109 
3.21075 2.48318 1.91576 1.45058 0.961731 0.699458 0.740721 0.595286 0.474178 0.42873 0.293957 0.0215768 
3.86165 2.65906 1.76503 1.44574 1.21517 0.960167 1.06055 0.974165 0.737067 0.584162 0.223573 0.0331859 
3.74851 2.64615 1.63008 1.55698 1.68881 1.19921 0.696839 0.587747 0.66264 0.488365 0.290366 0.0429966 
3.21348 2.22671 1.56054 1.53399 1.50106 1.10877 0.695564 0.658695 0.760556 0.58718 0.33696 0.0281883 
3.43193 2.53741 1.89132 1.69922 1.45693 1.07039 0.981335 0.931203 0.686147 0.392344 0.221506 0.034759 
3.44481 2.37342 1.54823 1.49027 1.58764 1.20026 0.877346 0.805523 0.804623 0.515332 0.14689 0.0220656 
3.36474 2.22851 1.59698 1.90116 1.86563 1.15901 0.686109 0.810247 0.7526 0.409714 0.14688 0.0235168 
3.83569 2.38347 1.4573 1.68322 1.78277 1.24327 0.911335 0.952808 1.02188 0.659017 0.194798 0.030525 
3.34442 2.32631 1.58435 1.59924 1.68523 1.32015 0.890298 0.685693 0.795195 0.578605 0.25746 0.0459556 
3.10701 2.32006 1.71794 1.53784 1.53066 1.39772 1.09022 0.727311 0.540774 0.450555 0.254945 0.0482805 
3.69367 2.35438 1.65877 1.93625 1.85656 1.33921 1.3184 0.987534 0.493226 0.359411 0.238298 0.0632261 
3.60384 2.05347 1.48544 1.92487 1.72153 0.879741 0.94034 1.26607 0.930061 0.477703 0.367836 0.0826121 
3.24952 2.09632 1.45636 1.55293 1.72288 1.33632 1.0723 0.908555 0.576126 0.380113 0.234733 0.0486396 
3.50036 2.06996 1.35046 1.68116 1.68518 1.21202 1.06491 0.89295 0.558452 0.316929 0.304193 0.0686077 
3.89375 2.09308 1.33574 1.96093 1.80698 0.967652 0.981673 1.01798 0.66069 0.284106 0.317569 0.0871898 
3.868 2.11374 1.3736 2.00443 2.0297 1.3934 1.17548 0.810177 0.381198 0.378151 0.405772 0.0995079 
3.83837 2.25464 1.48721 1.76385 1.68954 1.11354 0.76508 0.603331 0.533517 0.736151 0.459951 0.0963588 
3.32728 2.00363 1.35216 1.51806 1.62936 1.28064 1.02212 0.785845 0.75807 0.713319 0.395108 0.063697 
4.12892 1.86129 0.904781 1.86455 2.1427 1.15619 0.82788 1.12054 0.906453 0.761463 0.344321 0.0654134 
5.03568 1.29811 -0.0737173 1.93628 2.43308 0.773433 1.08943 1.34779 0.771612 0.636465 0.388525 0.118673 
3.58614 1.78333 0.740422 1.46735 2.17038 1.41916 0.658588 0.74144 0.543116 0.169634 0.108998 0.042137 
3.47797 1.53284 0.812568 1.46886 1.83759 1.42734 1.57861 1.07929 0.297656 0.148412 0.39531 0.1029 
4.46002 1.46819 0.0208417 1.76496 1.92114 1.1951 1.70149 1.01193 0.189214 0.0616793 0.308702 0.137593 
5.52049 0.944758 -0.505889 2.14515 2.27816 0.669386 2.52665 1.31568 0.384822 0.15344 0.308795 0.126782 
3.87489 1.055 0.200499 1.7075 1.82666 1.33609 2.0336 1.58979 0.452076 0.301644 0.319396 0.0975446 
3.84137 1.17071 0.325915 1.34903 1.82662 1.13315 1.61639 1.28196 0.382239 0.187316 0.297032 0.0930745 
5.65352 0.400956 -0.466362 2.29938 2.25123 0.146703 2.34735 1.14271 0.305209 0.121695 0.337731 0.123542 