23
26
29
45
69
71
59
56
70
77
66
48
39
29
19
18
37
55
40
14
0
8
7
-13
-30
-36
-45
-65
-90
-102
-104
-104
-105
-108
-107
-101
-93
-88
-88
-86
-79
-80
-88
-92
-87
-79
-71
-67
-68
-69
-72
-81
-82
-68
-52
-42
-24
3
19
7
0
8
40
66
66
48
37
52
81
98
105
116
119
115
99
94
102
108
107
93
80
74
80
84
71
53
46
51
54
51
44
34
26
19
7
-15
-37
-38
-22
-3
-4
-27
-55
-55
-46
-33
-20
-11
-22
-40
-37
-15
5
17
22
19
27
38
52
60
65
75
84
94
97
95
89
70
64
76
99
112
107
98
96
98
102
99
91
89
88
88
81
66
33
-12
-43
-36
-26
-50
-87
-101
-89
-90
-106
-115
-123
-139
-157
-155
-152
-167
-198
-211
-193
-167
-160
-176
-183
-169
-134
-109
-102
-110
-127
-135
-132
-114
-93
-75
-57
-42
-32
-30
-36
-49
-54
-45
-34
-23
3
28
27
4
18
60
80
73
74
101
101
71
45
61
85
90
75
50
32
28
39
45
34
22
31
53
55
25
-7
-11
3
-2
-8
1
18
11
-13
-9
14
27
25
26
33
39
46
54
56
65
97
118
122
112
111
109
94
90
98
120
135
133
118
107
106
118
135
156
164
140
102
64
45
40
50
61
58
33
-8
-42
-51
-42
-41
-61
-91
-124
-141
-139
-129
-133
-156
-175
-185
-183
-180
-176
-164
-154
-154
-166
-179
-169
-145
-122
-115
-126
-144
-142
-123
-95
-72
-58
-49
-55
-55
-34
-5
7
5
16
45
62
55
45
53
74
84
90
102
121
127
106
85
88
106
112
100
95
101
105
99
88
69
48
33
33
31
2
-21
-17
-13
-37
-65
-67
-67
-81
-84
-57
-29
-28
-40
-47
-48
-49
-41
-43
-45
-40
-16
3
1
1
19
55
80
107
133
147
140
114
100
104
125
142
140
150
175
191
183
177
183
174
137
99
83
89
99
92
77
51
41
36
28
7
-32
-59
-66
-71
-106
-159
-197
-203
-199
-196
-204
-224
-236
-228
-212
-210
-223
-236
-240
-241
-230
-216
-201
-199
-204
-202
-183
-156
-143
-154
-155
-119
-76
-70
-86
-81
-54
-43
-41
-16
21
54
63
82
104
109
99
97
123
155
165
168
174
193
209
205
192
189
203
207
189
162
139
112
87
77
87
89
66
26
-14
-35
-34
-27
-35
-54
-67
-68
-68
-68
-65
-46
-16
13
30
41
48
43
42
52
75
91
90
92
100
123
151
169
180
188
192
188
177
172
185
198
201
199
200
193
172
157
145
116
65
30
21
20
9
-7
-34
-83
-132
-160
-167
-179
-205
-235
-270
-307
-342
-357
-367
-381
-395
-381
-353
-335
-333
-344
-344
-326
-307
-304
-307
-289
-262
-229
-185
-146
-129
-126
-102
-60
-29
-13
2
21
44
59
72
90
109
122
137
163
189
212
231
241
238
248
269
294
301
289
253
213
204
214
216
201
190
179
155
118
101
97
91
72
43
20
-3
-16
-19
-20
-23
-41
-66
-81
-73
-56
-55
-72
-76
-56
-39
-21
-7
7
14
22
48
72
99
121
145
159
175
210
245
262
252
245
259
280
282
250
202
167
148
131
109
87
53
9
-19
-23
-26
-58
-99
-148
-203
-259
-289
-303
-328
-357
-391
-420
-431
-414
-404
-426
-440
-420
-400
-399
-391
-369
-350
-346
-330
-299
-273
-266
-265
-244
-202
-160
-137
-105
-79
-77
-78
-43
29
86
124
147
168
195
230
261
266
256
257
280
313
340
366
378
358
319
286
267
257
260
274
273
240
197
159
133
107
66
30
9
-6
-20
-36
-42
-58
-84
-92
-81
-76
-82
-82
-65
-36
-17
-2
7
31
58
87
124
167
199
211
221
235
239
231
243
277
308
314
310
307
298
273
247
229
216
198
162
116
69
26
-9
-62
-129
-195
-248
-283
-318
-337
-350
-366
-388
-414
-454
-503
-529
-513
-504
-516
-529
-538
-548
-547
-504
-453
-433
-446
-454
-431
-382
-327
-290
-276
-266
-228
-164
-110
-74
-31
32
79
109
147
200
244
262
293
342
396
432
459
481
489
495
501
508
503
483
454
426
406
396
370
329
283
249
206
153
112
83
54
7
-41
-83
-120
-145
-169
-180
-177
-170
-180
-199
-201
-189
-170
-143
-99
-56
-28
-4
27
67
118
171
224
278
331
366
383
419
466
486
467
434
426
422
412
379
334
290
240
178
114
69
17
-56
-137
-207
-279
-364
-426
-462
-489
-528
-581
-625
-657
-682
-710
-731
-748
-756
-750
-709
-664
-645
-630
-588
-524
-478
-444
-399
-337
-279
-233
-183
-129
-81
-42
21
103
161
195
247
312
347
359
392
451
499
528
554
584
598
590
568
552
548
521
468
412
383
368
335
278
215
158
101
54
-6
-73
-141
-201
-241
-270
-272
-273
-287
-310
-330
-327
-301
-261
-223
-206
-185
-139
-63
10
57
100
156
230
302
380
466
528
546
563
611
670
698
681
648
608
579
549
518
477
394
271
163
112
75
-1
-113
-236
-358
-462
-531
-569
-623
-698
-782
-838
-852
-857
-866
-875
-888
-908
-913
-876
-824
-796
-775
-738
-695
-650
-576
-477
-401
-368
-320
-227
-120
-35
33
107
185
265
358
460
548
607
645
680
712
756
783
788
784
785
778
755
729
715
676
597
519
469
435
370
278
176
60
-55
-128
-159
-209
-300
-388
-438
-472
-500
-513
-514
-523
-517
-483
-429
-385
-357
-333
-286
-194
-75
41
131
210
284
374
478
566
640
707
764
794
795
797
796
779
762
740
703
638
552
464
379
282
164
50
-57
-176
-314
-442
-531
-620
-723
-814
-891
-960
-1023
-1047
-1033
-1026
-1039
-1056
-1038
-996
-958
-933
-900
-841
-766
-697
-631
-551
-456
-361
-276
-168
-31
83
163
242
332
414
483
586
693
744
754
789
858
902
903
907
920
901
841
783
753
718
655
579
501
405
294
195
108
8
-109
-209
-279
-354
-447
-532
-585
-605
-617
-631
-645
-650
-621
-564
-501
-440
-379
-302
-216
-119
-6
120
259
395
496
548
599
691
797
883
931
937
878
808
779
761
714
626
522
396
266
160
78
-7
-127
-272
-418
-528
-599
-667
-771
-901
-1014
-1074
-1090
-1086
-1084
-1106
-1137
-1144
-1089
-990
-900
-851
-816
-752
-636
-496
-364
-255
-183
-118
-25
129
313
446
507
552
629
727
807
869
914
928
923
927
962
991
983
936
858
781
722
680
623
523
386
231
102
17
-35
-115
-240
-373
-468
-522
-554
-589
-638
-676
-683
-661
-621
-559
-489
-424
-349
-237
-94
41
160
290
418
517
593
673
759
833
885
908
882
808
739
700
674
609
474
299
129
6
-93
-220
-382
-568
-744
-884
-967
-1012
-1080
-1186
-1304
-1369
-1362
-1310
-1262
-1235
-1212
-1172
-1107
-989
-827
-671
-543
-427
-291
-136
30
185
313
417
524
663
824
955
1028
1075
1117
1157
1204
1278
1348
1347
1282
1203
1153
1112
1055
971
849
696
527
380
267
157
0
-181
-351
-482
-577
-659
-743
-861
-977
-1045
-1068
-1084
-1089
-1070
-1023
-957
-847
-694
-531
-400
-293
-175
-20
179
388
591
780
944
1043
1097
1182
1315
1405
1384
1278
1147
1030
936
865
779
619
348
31
-216
-387
-560
-762
-972
-1207
-1470
-1676
-1748
-1762
-1841
-1983
-2076
-2064
-1999
-1919
-1795
-1639
-1523
-1430
-1243
-898
-536
-277
-89
120
384
670
944
1187
1369
1509
1643
1786
1913
1993
2046
2062
2023
1943
1895
1890
1842
1672
1422
1192
1009
829
638
416
163
-117
-360
-532
-692
-889
-1116
-1327
-1480
-1566
-1607
-1614
-1617
-1608
-1570
-1474
-1298
-1087
-884
-685
-481
-262
-9
289
607
878
1109
1345
1592
1813
1951
1996
2011
2035
2056
2021
1884
1636
1308
997
757
542
264
-113
-557
-990
-1347
-1623
-1852
-2105
-2414
-2743
-2969
-3034
-3004
-2986
-2991
-2959
-2872
-2724
-2482
-2130
-1770
-1490
-1243
-905
-463
-10
407
799
1174
1504
1796
2096
2398
2629
2745
2791
2852
2930
2972
2964
2908
2784
2585
2339
2104
1844
1517
1143
775
438
83
-284
-645
-995
-1342
-1655
-1893
-2061
-2199
-2317
-2389
-2403
-2346
-2237
-2103
-1951
-1759
-1512
-1221
-918
-604
-257
124
523
908
1276
1624
1950
2251
2520
2764
2988
3154
3147
2992
2847
2776
2725
2557
2210
1633
939
352
-48
-384
-858
-1501
-2193
-2741
-3110
-3370
-3562
-3735
-3975
-4290
-4463
-4321
-3974
-3663
-3460
-3276
-3031
-2650
-2047
-1267
-584
-174
152
678
1389
2032
2504
2879
3154
3305
3412
3603
3796
3821
3666
3450
3257
3046
2815
2582
2270
1775
1156
620
257
-113
-611
-1187
-1707
-2147
-2493
-2670
-2756
-2902
-3136
-3260
-3182
-3004
-2774
-2469
-2114
-1783
-1447
-985
-400
189
666
1005
1317
1703
2170
2625
2969
3185
3322
3490
3719
3934
4029
4026
3840
3288
2639
2220
2089
1894
1330
455
-625
-1579
-2133
-2336
-2527
-3046
-3863
-4609
-4991
-5037
-4846
-4590
-4478
-4667
-4880
-4619
-3812
-2858
-2121
-1633
-1252
-826
-146
894
1991
2677
2867
2958
3285
3775
4220
4517
4596
4369
3935
3587
3419
3245
2877
2337
1667
894
196
-246
-491
-841
-1482
-2207
-2734
-3015
-3215
-3398
-3499
-3574
-3640
-3592
-3304
-2860
-2445
-2073
-1681
-1233
-719
-81
621
1208
1611
1967
2401
2855
3227
3506
3660
3636
3534
3520
3620
3673
3586
3428
3245
3034
2841
2426
1503
454
-215
-368
-531
-1123
-2070
-3189
-4063
-4434
-4281
-4037
-4236
-4889
-5417
-5424
-5029
-4390
-3686
-3202
-3138
-3050
-2345
-1065
246
1174
1698
1990
2279
2885
3901
4864
5222
4958
4575
4398
4332
4228
4046
3637
2894
1999
1256
708
116
-616
-1353
-2020
-2710
-3397
-3835
-3903
-3890
-4082
-4302
-4294
-4053
-3729
-3292
-2730
-2205
-1720
-1123
-361
356
933
1529
2203
2794
3203
3572
3955
4207
4235
4163
4087
3944
3706
3424
3121
2793
2488
2234
1984
1713
1465
1262
893
-94
-1405
-2350
-2563
-2344
-2412
-3038
-4217
-5378
-5818
-5324
-4424
-3943
-4232
-4828
-5009
-4483
-3343
-1970
-912
-592
-756
-545
536
2121
3477
4165
4201
3868
3758
4343
5345
5894
5523
4571
3586
2792
2245
1974
1747
1116
-72
-1424
-2450
-3037
-3326
-3469
-3707
-4289
-5088
-5520
-5174
-4341
-3580
-3108
-2813
-2515
-2020
-1123
67
1115
1792
2223
2602
2986
3472
4125
4728
4919
4634
4210
3954
3887
3843
3614
3102
2415
1791
1412
1212
1010
772
513
264
13
-98
-209
-920
-2119
-3111
-3239
-2776
-2523
-2868
-3886
-5085
-5696
-5225
-4074
-3228
-3238
-3726
-4051
-3818
-2824
-1271
86
520
228
129
800
2055
3407
4371
4552
3970
3306
3345
4100
4828
4864
4124
2956
1725
811
461
474
241
-617
-1886
-3085
-3878
-4094
-3750
-3279
-3305
-3891
-4397
-4215
-3378
-2321
-1358
-719
-535
-538
-185
702
1799
2673
3140
3148
2804
2573
2835
3415
3737
3504
2932
2339
1976
1958
2165
2255
1970
1445
1002
842
1022
1430
1836
1953
1846
1464
514
-701
-1526
-1426
-924
-894
-1700
-3205
-4740
-5513
-5098
-4080
-3613
-4115
-4902
-5196
-4759
-3670
-2211
-1047
-700
-856
-665
236
1571
2891
3827
4103
3746
3425
3718
4476
5003
4869
4152
3101
1965
1086
654
459
89
-673
-1711
-2787
-3653
-4099
-3982
-3546
-3319
-3532
-3807
-3668
-3057
-2151
-1097
-208
157
165
364
947
1676
2354
2847
2866
2338
1788
1694
1968
2218
2250
1985
1454
996
982
1388
1832
2024
1943
1727
1675
2050
2751
3376
3619
2991
1375
-436
-1261
-632
335
353
-1058
-3399
-5471
-6099
-5077
-3632
-3289
-4265
-5566
-6228
-5747
-4145
-2114
-791
-702
-1188
-1114
-31
1734
3480
4534
4506
3697
3092
3422
4427
5160
5024
4074
2646
1199
256
43
133
-118
-921
-2101
-3385
-4302
-4274
-3309
-2287
-1993
-2345
-2704
-2564
-1760
-361
1153
2043
2044
1597
1319
1509
2137
2895
3198
2578
1313
225
-153
81
435
428
-143
-996
-1540
-1407
-727
202
1035
1466
1498
1559
2074
3059
3945
3703
2152
228
-594
44
1017
1114
-269
-2613
-4688
-5297
-4354
-3063
-2676
-3417
-4669
-5528
-5235
-3628
-1464
-5
165
-408
-657
78
1715
3597
4809
4718
3592
2481
2243
2832
3500
3542
2664
956
-988
-2323
-2577
-2039
-1521
-1681
-2686
-4117
-5024
-4486
-2671
-760
166
41
-419
-459
469
2296
4162
5025
4610
3506
2562
2354
2947
3720
3674
2372
423
-1139
-1714
-1395
-790
-598
-1081
-1859
-2211
-1778
-755
346
1166
1641
1995
2492
3244
3528
2647
979
-285
-284
343
601
-223
-2175
-4513
-5915
-5576
-4115
-2998
-3056
-3982
-4975
-5153
-4015
-1901
87
1064
1078
850
1047
2001
3595
5155
5802
5204
3858
2654
2155
2293
2556
2251
967
-1132
-3267
-4541
-4607
-3855
-3128
-3162
-4178
-5477
-5770
-4389
-1938
255
1354
1388
950
972
2126
4155
5936
6483
5674
4135
2767
2275
2662
3102
2643
1080
-941
-2540
-3112
-2520
-1292
-422
-527
-1330
-1875
-1447
47
2103
3905
4884
4761
3311
1082
-607
-551
919
1988
1372
-1096
-4327
-6661
-6822
-5079
-3208
-2806
-3974
-5623
-6511
-5742
-3299
-253
1758
2000
1203
685
1321
3132
5378
6808
6566
4900
2999
1932
1911
2392
2557
1723
-333
-3030
-5166
-5812
-5097
-3920
-3241
-3559
-4729
-5695
-5186
-2944
-71
2010
2743
2457
1957
2183
3603
5636
7015
6865
5336
3251
1600
986
1284
1651
1166
-398
-2464
-3990
-4236
-3251
-1781
-681
-367
-652
-833
-166
1518
3701
5593
6429
5362
2610
-268
-1335
-246
1454
1926
56
-3690
-7418
-8910
-7522
-4737
-2822
-3027
-4847
-6578
-6511
-4138
-481
2702
4079
3648
2534
2086
3069
5192
7295
7960
6634
4032
1614
428
478
950
724
-874
-3638
-6449
-8004
-7698
-5952
-3944
-2938
-3410
-4543
-4764
-3078
63
3239
5151
5378
4513
3766
4150
5649
7289
7875
6780
4250
1356
-566
-955
-416
-157
-973
-2755
-4639
-5536
-4862
-2952
-850
500
810
558
646
1753
3807
6044
7632
7598
5425
1933
-922
-1534
-424
710
164
-2705
-6912
-10233
-10715
-8450
-5415
-3670
-3887
-5257
-6158
-5222
-2117
2041
5411
6791
6328
5143
4545
5311
7117
8631
8447
6254
2992
60
-1608
-1940
-1677
-1975
-3650
-6492
-9165
-10227
-9143
-6570
-3926
-2503
-2655
-3327
-2866
-542
2871
5951
7631
7584
6387
5250
5218
6178
7003
6560
4409
1052
-2214
-4021
-3944
-2870
-2168
-2547
-3712
-4705
-4561
-2936
-326
2187
3697
4138
4139
4546
5747
7584
9060
8596
5668
1521
-1503
-2297
-1606
-1094
-2312
-5582
-9626
-12187
-11882
-9404
-6596
-4814
-4403
-4810
-4891
-3414
-80
3979
7159
8588
8360
7203
6216
6288
7309
8054
7290
4815
1396
-1844
-3928
-4546
-4332
-4538
-5981
-8232
-10024
-10204
-8355
-5076
-1808
35
284
203
1109
3246
5983
8362
9411
8653
6673
4833
3999
3882
3589
2315
-251
-3578
-6363
-7352
-6503
-4950
-3884
-3728
-4047
-3986
-2783
-343
2548
4836
6085
6626
7058
7780
8931
9961
9440
6592
2337
-1090
-2514
-2510
-2506
-3854
-6872
-10521
-12778
-12338
-9767
-6771
-4620
-3613
-3252
-2680
-981
2147
5844
8754
10044
9749
8477
7068
6321
6320
6174
4850
2161
-1228
-4413
-6654
-7537
-7314
-7039
-7652
-9007
-10023
-9579
-7202
-3408
426
2810
3459
3513
4229
5896
7932
9493
9847
8582
6117
3595
1859
886
37
-1288
-3358
-5975
-8234
-8983
-7885
-5805
-4003
-2962
-2318
-1529
-163
1928
4441
6625
7947
8533
8814
9037
9320
9491
8467
5378
816
-3059
-4733
-4703
-4532
-5693
-8480
-11832
-13751
-12752
-9306
-5348
-2532
-1220
-738
-135
1515
4525
8023
10541
11233
10263
8290
6073
4426
3689
3170
1762
-949
-4339
-7437
-9420
-9792
-8710
-7272
-6712
-7146
-7530
-6649
-3954
208
4545
7322
7779
6937
6451
7029
8161
8914
8494
6394
2960
-529
-2834
-3793
-4204
-4843
-5969
-7415
-8610
-8635
-6969
-4221
-1631
91
1121
1879
2810
4322
6412
8411
9579
9851
9661
9246
8674
7692
5486
1706
-2761
-5923
-6923
-6619
-6613
-7984
-10502
-12773
-12938
-10246
-5822
-1714
840
1974
2568
3444
5184
7710
10075
11113
10373
8270
5518
2855
925
-213
-1266
-3076
-5685
-8329
-10176
-10678
-9673
-7545
-5387
-4182
-3769
-3116
-1313
1731
5380
8472
9772
9015
7284
6000
5651
5638
5157
3720
1177
-2025
-4851
-6372
-6658
-6464
-6233
-6031
-5915
-5723
-4776
-2659
-60
2009
3323
4194
4821
5376
6234
7451
8485
8822
8573
7975
7143
5337
1822
-2860
-6847
-8333
-7586
-6214
-6152
-8206
-11318
-12938
-11084
-6213
-750
3031
4506
4455
4201
4887
6923
9523
11163
10761
8412
4975
1457
-1213
-2524
-2951
-3688
-5484
-7877
-9816
-10559
-9720
-7301
-4117
-1643
-700
-624
-91
1664
4522
7640
9598
9278
7044
4578
3191
2734
2381
1547
-84
-2639
-5460
-7203
-7136
-5872
-4475
-3456
-2890
-2743
-2524
-1320
1005
3384
4725
5027
4905
4738
4866
5735
7113
8027
7802
6825
5680
4519
2654
-460
-4340
-7565
-8814
-8234
-7027
-6791
-8215
-10373
-11069
-8824
-4253
533
3728
4991
5074
4992
5557
6999
8678
9466
8589
6229
3023
-259
-2727
-3818
-3973
-4387
-5724
-7407
-8483
-8476
-7215
-4776
-1892
134
762
828
1421
2850
4822
6792
7778
6852
4390
2023
800
334
-194
-1066
-2344
-4082
-5722
-6218
-5270
-3742
-2523
-1697
-1063
-683
-321
743
2590
4212
4749
4517
4279
4273
4628
5547
6653
7056
6426
5502
4967
4431
2559
-1032
-5115
-7791
-8212
-7012
-5669
-5749
-7658
-9881
-10015
-7172
-2601
1571
4142
5057
4896
4576
4949
6189
7497
7815
6712
4407
1326
-1790
-3895
-4471
-4245
-4498
-5538
-6690
-7298
-7046
-5636
-3050
-290
1290
1475
1246
1624
2887
4767
6528
6917
5287
2598
575
-171
-352
-698
-1404
-2611
-4326
-5761
-5842
-4535
-2839
-1569
-747
-314
-316
-214
812
2597
3993
4368
4181
3947
3727
3836
4712
6071
6927
6810
6077
5189
3943
1484
-2103
-5613
-7508
-7438
-6314
-5525
-6237
-8393
-10193
-9501
-5966
-1254
2481
4407
4915
4809
4921
5776
7180
8149
7743
6018
3586
872
-1689
-3442
-4041
-4144
-4748
-5836
-6640
-6719
-6063
-4588
-2295
-43
1043
1093
1141
1896
3211
4655
5728
5562
3801
1516
59
-352
-591
-1180
-1905
-2818
-4140
-5318
-5307
-3965
-2327
-1196
-417
18
-25
-4
944
2615
3884
4263
4237
4150
4065
4311
5224
6405
7023
6828
6255
5235
2550
-1853
-6067
-7842
-7113
-5526
-4678
-5573
-8291
-10996
-10902
-7151
-1709
2611
4786
5292
4847
4384
4886
6536
8153
8318
6805
4196
972
-2129
-4015
-4264
-3889
-4279
-5420
-6479
-6901
-6421
-4720
-1870
878
2184
2159
1899
2261
3398
5068
6519
6465
4392
1520
-435
-1032
-1001
-1111
-1649
-2848
-4587
-5903
-5829
-4419
-2655
-1293
-469
-265
-557
-622
246
1761
3007
3573
3661
3494
3299
3558
4576
6002
7007
7146
6527
5583
3940
866
-3104
-6298
-7376
-6711
-5545
-5144
-6427
-9039
-10721
-9333
-5014
-126
3211
4689
4863
4526
4624
5741
7394
8153
7246
5128
2414
-477
-2905
-4027
-3923
-3897
-4730
-5838
-6404
-6236
-5237
-3090
-287
1643
2003
1670
1758
2557
3844
5398
6356
5522
2971
330
-969
-1045
-842
-844
-1297
-2575
-4372
-5400
-4672
-2835
-1212
-287
74
-126
-593
-365
1001
2568
3288
3155
2844
2673
2815
3597
4953
6210
6702
6460
5960
4744
1710
-2640
-6217
-7266
-6306
-4963
-4522
-5837
-8631
-10732
-9712
-5410
-314
3135
4578
4652
4107
3877
4835
6761
8083
7639
5699
2901
-277
-3064
-4335
-3936
-3363
-3860
-5073
-6024
-6239
-5551
-3538
-516
1865
2447
1841
1451
1915
3088
4769
6103
5707
3321
497
-1044
-1199
-909
-712
-872
-1841
-3535
-4806
-4473
-2837
-1096
61
506
188
-572
-782
175
1611
2469
2555
2287
1929
1694
2156
3525
5150
6092
6227
5950
5553
4619
2252
-1412
-5016
-6914
-6728
-5495
-4792
-5765
-8274
-10265
-9616
-6018
-1223
2535
4490
4930
4574
4330
4874
6201
7288
7119
5667
3204
128
-2759
-4334
-4287
-3847
-4188
-5171
-6027
-6286
-5672
-3842
-1090
1170
1878
1491
1112
1424
2500
4260
5851
5758
3652
1055
-349
-451
-128
71
-132
-1143
-2805
-4065
-3938
-2677
-1215
-33
693
638
-118
-502
291
1667
2517
2661
2506
2192
1853
2094
3236
4765
5832
6199
6023
5456
4073
1150
-2788
-6138
-7448
-6789
-5443
-4957
-6318
-9020
-10662
-9288
-5163
-334
3269
5226
5706
5286
5024
5698
7100
7985
7547
5963
3385
103
-2904
-4404
-4358
-4217
-4858
-5785
-6402
-6543
-5931
-4001
-1196
822
1276
944
821
1298
2504
4480
6101
5706
3324
755
-484
-620
-548
-526
-809
-1860
-3428
-4358
-3922
-2669
-1299
21
887
751
-3
-75
1057
2484
3304
3523
3362
2796
2232
2573
3951
5368
6018
6047
5694
5009
3849
1607
-1881
-5661
-7936
-7934
-6658
-5811
-6539
-8735
-10583
-10095
-6676
-1699
2596
5088
5776
5382
4923
5279
6628
7980
8104
6699
4067
792
-2246
-3966
-4039
-3606
-3845
-4703
-5523
-5924
-5670
-4204
-1565
867
1863
1584
1087
1180
2190
4117
5935
5992
3856
1004
-790
-1271
-1192
-1021
-1217
-2348
-4281
-5645
-5289
-3693
-1970
-560
367
441
-188
-317
849
2540
3709
4126
3973
3251
2467
2654
4027
5589
6415
6486
6063
5268
4507
3324
637
-3480
-7194
-8548
-7692
-6264
-5788
-7141
-9510
-10595
-8740
-4373
225
3379
4883
5108
4782
4718
5428
6612
7245
6795
5180
2463
-785
-3417
-4434
-4277
-4219
-4636
-5163
-5574
-5758
-5191
-3294
-769
1062
1743
1695
1651
2160
3633
5664
6671
5589
3145
1031
66
-223
-369
-707
-1763
-3579
-5186
-5443
-4405
-2978
-1641
-596
-321
-791
-1002
-64
1495
2728
3458
3739
3370
2624
2522
3472
4729
5559
6018
6180
5883
5203
4791
3911
1134
-3243
-6992
-8263
-7501
-6176
-5487
-6446
-8719
-10050
-8508
-4354
63
3193
4963
5437
5021
4665
5281
6537
7092
6481
4882
2345
-792
-3450
-4500
-4373
-4367
-4787
-5250
-5692
-6148
-5897
-4119
-1525
461
1425
1828
2125
2622
3882
5752
6786
5928
3843
1981
823
-31
-666
-1105
-1887
-3295
-4669
-5043
-4525
-3667
-2542
-1335
-789
-1164
-1434
-639
872
2288
3266
3644
3270
2555
2482
3335
4507
5356
5802
5851
5405
4744
4494
4559
3225
-386
-4923
-7914
-8326
-6963
-5346
-5036
-6829
-9289
-9847
-7362
-2990
1166
4073
5420
5321
4609
4421
5300
6526
7062
6506
4625
1539
-1804
-3913
-4234
-3839
-3874
-4536
-5609
-6794
-7398
-6437
-3885
-1057
849
1609
1654
1637
2379
4389
6751
7684
6492
4081
1857
419
-174
-147
-245
-1209
-3030
-4728
-5467
-5204
-4162
-2669
-1404
-1039
-1335
-1211
-185
1320
2780
3880
4316
3948
3267
3046
3519
4400
5285
5800
5692
4913
3965
3482
3634
2944
71
-4214
-7641
-8737
-7855
-6216
-5265
-6367
-8822
-9987
-8119
-3904
457
3747
5550
5629
4699
4235
5207
6902
7843
7453
5651
2552
-1001
-3449
-3928
-3511
-3735
-4814
-6227
-7567
-8275
-7292
-4383
-1193
610
975
859
1030
2048
4417
7259
8447
6964
4039
1561
246
-36
518
997
94
-2395
-5098
-6499
-6316
-5020
-3160
-1623
-1301
-1948
-2163
-1016
981
2977
4522
5229
4796
3801
3345
3846
4740
5485
5820
5528
4545
3472
3143
3644
4108
2765
-964
-5753
-9177
-9759
-8052
-5912
-5285
-6924
-9195
-9708
-7404
-3205
1052
4250
5760
5662
4914
4761
5772
7206
7984
7505
5419
2013
-1576
-3824
-4318
-4185
-4499
-5390
-6540
-7514
-7661
-6252
-3624
-1118
420
1073
1408
1958
3300
5491
7310
7293
5496
3288
1737
959
817
917
260
-1732
-4300
-6114
-6653
-6141
-4809
-3117
-2033
-2042
-2366
-1807
-155
1984
4039
5448
5606
4608
3527
3278
3783
4548
5272
5579
5037
3911
3158
3320
3910
4380
3712
725
-4188
-8565
-9841
-8094
-5484
-4079
-5071
-7880
-10079
-9345
-5302
-171
3820
5768
5726
4592
3732
4356
6215
7761
7843
6124
2843
-1016
-3859
-4516
-3707
-3147
-3651
-4996
-6572
-7636
-7162
-4764
-1635
589
1320
1079
752
1183
2980
5548
7167
6692
4631
2391
808
129
238
348
-501
-2408
-4404
-5548
-5672
-4878
-3486
-2224
-1791
-2004
-1880
-874
756
2537
4011
4601
4012
2979
2544
3008
3971
4995
5648
5446
4412
3369
3057
3529
4238
4729
4161
1306
-3420
-7705
-9174
-7785
-5468
-4174
-5048
-7773
-10029
-9492
-5760
-854
3000
4980
5044
3922
2965
3468
5357
7083
7361
5892
2993
-374
-2838
-3433
-2778
-2419
-3044
-4388
-5901
-7027
-6907
-5030
-2241
-38
823
639
197
364
1873
4414
6395
6439
4719
2614
1128
477
635
1111
961
-302
-2179
-3755
-4651
-4684
-3718
-2309
-1442
-1550
-1944
-1784
-876
546
2085
3196
3453
3049
2713
2882
3528
4406
5184
5417
4860
3895
3316
3535
4293
4834
4610
3193
78
-4059
-7363
-8210
-6902
-5197
-4590
-5704
-8003
-9530
-8535
-5000
-793
2172
3410
3285
2653
2559
3630
5499
6811
6682
5160
2731
179
-1612
-2000
-1512
-1442
-2375
-3978
-5595
-6604
-6366
-4671
-2512
-1232
-1152
-1582
-1709
-995
927
3637
5567
5570
4130
2706
2154
2421
3191
3768
3206
1251
-1203
-2989
-3683
-3518
-2838
-2241
-2416
-3286
-3908
-3505
-2178
-427
1288
2415
2584
2240
2281
3055
4145
5096
5702
5737
5113
4235
3778
3951
4432
4787
4572
3669
1772
-1277
-4717
-7140
-7536
-6422
-5264
-5274
-6885
-9116
-9952
-8158
-4233
-208
2323
3100
2756
2384
2827
4343
6303
7495
7293
5747
3384
1089
-310
-530
-425
-1110
-2789
-4930
-6825
-7843
-7458
-5743
-3808
-2706
-2569
-2803
-2607
-1277
1489
4684
6553
6351
4936
3751
3442
3899
4590
4578
3251
904
-1394
-2861
-3466
-3391
-2998
-2948
-3689
-4725
-4972
-4004
-2253
-318
1263
2041
2039
2038
2690
3850
5057
6018
6443
6032
5020
4200
4061
4442
4960
5186
4694
3307
1528
-599
-3344
-6235
-8011
-7948
-6921
-6283
-6727
-8174
-9467
-9089
-6531
-2819
266
2026
2738
2941
3228
4115
5694
7245
7782
7064
5257
2807
574
-617
-774
-1086
-2321
-4109
-5810
-7061
-7515
-6757
-5110
-3501
-2458
-1931
-1757
-1455
-148
2419
5002
6087
5479
4197
3293
3158
3679
4317
4162
2788
692
-1210
-2420
-2976
-2920
-2609
-2812
-3795
-4794
-4887
-3987
-2485
-686
891
1695
1835
2045
2718
3680
4798
5903
6490
6168
5227
4370
3968
3915
4056
4085
3661
2579
1197
-242
-2259
-4929
-7235
-7967
-7274
-6366
-6158
-6942
-8314
-8898
-7557
-4450
-1054
1363
2654
3063
3058
3260
4221
5776
6922
6934
5815
3949
1909
367
-227
-259
-674
-1833
-3398
-4909
-5946
-6074
-5162
-3886
-3154
-3169
-3512
-3488
-2461
-212
2500
4303
4588
3937
3416
3529
4175
4962
5349
4862
3536
1889
417
-667
-1308
-1625
-2079
-3043
-4208
-4936
-4927
-4248
-3072
-1720
-723
-239
193
1033
2279
3598
4752
5512
5682
5327
4826
4553
4597
4782
4853
4558
3780
2706
1663
899
-153
-2227
-5008
-7298
-8136
-7682
-6801
-6370
-6980
-8075
-8383
-7191
-4757
-2074
173
1672
2439
2879
3411
4392
5738
6850
7213
6536
4987
3150
1624
688
-24
-933
-2077
-3400
-4777
-5942
-6454
-6210
-5522
-4737
-4078
-3622
-3180
-2236
-456
1747
3512
4363
4485
4464
4733
5349
6040
6256
5718
4521
3063
1742
668
-235
-1191
-2358
-3686
-4913
-5668
-5828
-5477
-4738
-3782
-2739
-1665
-479
782
2038
3355
4699
5795
6346
6271
5770
5195
4838
4724
4560
4129
3372
2444
1556
805
132
-983
-2987
-5537
-7573
-8157
-7449
-6407
-5939
-6475
-7428
-7782
-6789
-4539
-1927
290
1761
2481
2700
2835
3378
4400
5446
5991
5596
4178
2286
775
151
102
-7
-561
-1667
-3094
-4354
-4983
-4840
-4170
-3371
-2856
-2829
-2962
-2528
-1108
906
2654
3661
4008
4089
4204
4569
5136
5552
5507
4889
3799
2372
885
-259
-973
-1613
-2526
-3604
-4453
-4831
-4619
-3882
-2926
-2083
-1422
-821
-197
596
1718
3021
4059
4521
4411
3928
3445
3328
3625
3957
3949
3561
2972
2409
1972
1652
1383
674
-879
-3083
-5095
-6103
-5987
-5275
-4889
-5652
-7223
-8367
-8088
-6373
-4127
-2125
-829
-206
149
660
1675
3128
4634
5703
5871
5100
3907
3023
2751
2760
2600
2060
1024
-307
-1524
-2270
-2549
-2630
-2686
-2945
-3489
-4084
-4239
-3616
-2431
-1218
-403
16
378
1017
2018
3183
4143
4668
4748
4507
4048
3518
3096
2735
2203
1290
27
-1345
-2480
-3093
-3228
-3227
-3339
-3499
-3503
-3270
-2767
-1910
-751
392
1191
1594
1782
2011
2449
3138
3801
4148
4146
4018
3952
3922
3892
3784
3535
2772
1265
-798
-2805
-4114
-4616
-4708
-5086
-6178
-7557
-8484
-8567
-7812
-6528
-4922
-3423
-2264
-1446
-807
15
1346
3187
5093
6366
6681
6332
5847
5625
5540
5447
5160
4444
3189
1490
-285
-1854
-2952
-3462
-3791
-4381
-5249
-5967
-6096
-5601
-4560
-3334
-2245
-1276
-275
806
1805
2788
3926
5096
5911
6074
5729
5205
4664
4129
3475
2581
1415
119
-1117
-2288
-3315
-3925
-4008
-3848
-3855
-4090
-4300
-4230
-3721
-2801
-1675
-608
312
1179
2051
2857
3596
4408
5374
6252
6682
6534
5966
5283
4503
3469
2104
484
-1066
-2355
-3535
-4814
-6315
-7630
-8381
-8536
-8194
-7723
-7180
-6471
-5550
-4418
-3245
-1922
-320
1374
2911
3975
4633
5189
5870
6709
7300
7320
6721
5815
4892
3971
2976
1874
691
-621
-2049
-3422
-4533
-5237
-5555
-5653
-5735
-5854
-5790
-5254
-4209
-2906
-1623
-395
831
2025
3098
3993
4698
5168
5383
5310
4943
4373
3740
3162
2548
1726
742
-267
-1114
-1746
-2167
-2431
-2715
-2987
-3187
-3224
-3066
-2693
-2019
-1147
-243
507
1122
1804
2705
3721
4586
5096
5267
5071
4427
3383
2079
860
3
-504
-1119
-2268
-3734
-5115
-6208
-6819
-6862
-6380
-5712
-5152
-4870
-4855
-4629
-3752
-2187
-370
1218
2339
3021
3470
3885
4414
5115
5759
6048
5867
5310
4439
3363
2429
1791
1239
456
-675
-2062
-3381
-4271
-4607
-4626
-4610
-4709
-4882
-4880
-4510
-3733
-2600
-1342
-271
480
1156
1951
2761
3527
4173
4531
4458
4090
3664
3277
2932
2579
2160
1681
1100
401
-312
-849
-1113
-1193
-1159
-1122
-1185
-1235
-1112
-792
-405
4
417
755
970
1195
1482
1866
2154
2034
1506
738
146
-116
-98
-27
-292
-933
-1755
-2552
-3018
-3116
-2941
-2799
-2914
-3203
-3528
-3519
-3054
-2352
-1697
-1269
-983
-619
-1
818
1588
2214
2755
3164
3352
3349
3275
3233
3183
2970
2445
1626
706
-64
-521
-733
-1047
-1677
-2443
-3007
-3157
-3017
-2769
-2554
-2408
-2281
-2121
-1758
-1186
-566
-19
447
738
764
780
1165
1851
2468
2798
2841
2699
2524
2442
2420
2385
2347
2216
1837
1198
528
40
-226
-355
-485
-712
-1043
-1416
-1653
-1619
-1292
-815
-320
116
454
663
725
701
657
713
886
1027
953
615
149
-290
-658
-906
-1066
-1222
-1457
-1753
-2034
-2257
-2379
-2410
-2357
-2219
-2008
-1801
-1652
-1519
-1375
-1159
-841
-367
217
778
1242
1539
1734
1895
2056
2203
2250
2171
1940
1598
1202
707
104
-540
-1062
-1362
-1546
-1704
-1863
-1926
-1859
-1712
-1450
-1078
-637
-216
139
413
632
877
1204
1517
1670
1672
1631
1582
1527
1487
1473
1430
1321
1208
1159
1114
990
766
525
318
111
-87
-217
-276
-353
-435
-461
-430
-440
-527
-544
-393
-39
383
696
853
801
648
540
599
800
902
809
502
20
-467
-865
-1118
-1322
-1543
-1784
-2056
-2337
-2584
-2701
-2596
-2263
-1809
-1391
-1114
-975
-845
-579
-188
262
676
1005
1137
1023
805
664
701
850
973
1008
932
722
458
257
181
189
187
98
-103
-371
-552
-553
-430
-285
-231
-278
-406
-514
-477
-250
113
505
780
889
930
1016
1170
1296
1430
1548
1501
1220
777
366
81
-76
-146
-263
-443
-694
-946
-1117
-1138
-963
-689
-374
-78
162
351
540
724
853
894
904
924
911
872
818
737
622
480
330
176
43
-34
-67
-100
-131
-146
-176
-267
-442
-662
-884
-1063
-1167
-1235
-1332
-1516
-1700
-1773
-1714
-1616
-1586
-1620
-1624
-1513
-1294
-1027
-764
-516
-276
-32
263
596
840
891
841
913
1140
1401
1546
1549
1393
1086
776
617
629
660
606
464
243
-101
-467
-658
-646
-557
-479
-404
-357
-418
-461
-336
-48
251
476
684
911
1053
1064
1026
1058
1124
1031
722
324
-53
-337
-518
-621
-719
-860
-946
-931
-802
-527
-114
318
671
938
1136
1229
1203
1218
1380
1576
1612
1418
1104
749
436
170
-64
-316
-610
-885
-1127
-1272
-1331
-1341
-1322
-1307
-1355
-1460
-1495
-1374
-1175
-1030
-932
-806
-643
-529
-479
-359
-59
312
526
521
364
213
186
294
429
401
190
-94
-358
-536
-627
-637
-597
-583
-603
-651
-723
-761
-679
-421
-34
339
615
786
898
1012
1129
1262
1382
1451
1397
1214
961
702
526
437
386
245
-20
-324
-589
-721
-731
-663
-580
-501
-398
-311
-202
-63
119
288
437
582
698
784
835
876
873
862
838
778
643
535
496
450
366
282
183
-19
-281
-496
-614
-646
-609
-616
-710
-799
-804
-785
-773
-686
-547
-446
-437
-344
-206
-53
83
205
257
193
121
95
43
-49
-133
-172
-219
-325
-460
-566
-654
-758
-884
-961
-883
-673
-442
-309
-285
-253
-118
146
489
820
1042
1105
1018
856
734
663
599
486
306
108
-147
-395
-565
-660
-720
-823
-896
-926
-895
-813
-656
-431
-193
0
127
228
353
535
751
924
1029
1072
1081
1055
993
928
905
981
968
851
701
599
508
358
252
187
59
-104
-285
-434
-521
-529
-557
-646
-811
-869
-855
-803
-689
-602
-532
-544
-520
-406
-233
-102
-8
35
55
-2
-119
-158
-100
8
79
68
34
48
112
237
366
443
454
368
302
210
107
66
120
167
52
-149
-268
-272
-247
-198
-132
-42
-17
-43
-12
105
227
301
343
386
309
169
107
94
7
-148
-255
-332
-429
-556
-653
-746
-749
-621
-412
-246
-143
-98
-38
66
227
439
630
739
707
577
407
265
151
158
236
265
98
-239
-519
-607
-503
-365
-260
-192
-214
-308
-428
-393
-239
-26
169
311
346
276
213
293
514
738
826
709
482
273
193
151
78
-50
-234
-474
-709
-807
-770
-724
-674
-668
-666
-623
-496
-248
25
286
469
552
639
746
886
983
1052
1025
873
687
503
412
295
155
-75
-338
-558
-725
-824
-884
-816
-654
-470
-260
-150
-22
98
289
487
530
512
451
419
399
443
417
288
31
-195
-338
-458
-517
-587
-587
-560
-555
-665
-771
-736
-567
-358
-173
-3
52
35
78
204
377
504
610
615
486
384
354
323
232
92
-3
-113
-241
-329
-391
-483
-556
-561
-435
-318
-263
-174
-55
26
76
128
222
272
235
231
229
253
299
282
277
219
181
135
59
22
2
-9
-40
-96
-151
-162
-122
-83
-76
-56
-38
-38
-117
-184
-203
-179
-86
-73
-75
-108
-107
-50
15
163
271
276
225
120
65
-13
-33
12
74
124
175
202
223
233
288
338
363
362
396
442
484
486
388
284
159
58
-68
-162
-227
-263
-281
-277
-331
-382
-295
-94
87
130
137
132
101
85
109
163
192
198
155
-6
-243
-424
-463
-442
-446
-470
-522
-547
-561
-449
-259
-52
99
138
102
17
-26
1
103
207
239
193
66
-52
-147
-196
-200
-161
-116
-161
-248
-314
-314
-316
-335
-334
-340
-287
-196
-118
-97
-85
-63
-38
-48
-16
76
132
196
201
215
239
277
336
322
304
231
222
249
306
295
198
201
177
177
159
265
376
362
322
295
342
363
394
433
444
412
250
110
21
32
-13
-135
-280
-404
-452
-404
-271
-116
-81
-140
-215
-226
-202
-151
-119
-85
-95
-43
38
47
-48
-167
-171
-109
-47
-23
-37
-99
-126
-140
-132
-210
-254
-243
-207
-208
-251
-256
-235
-132
-5
56
46
-8
23
103
144
182
180
184
184
124
61
-35
-84
-81
-116
-137
-132
-168
-231
-305
-236
-93
54
145
213
252
320
390
451
533
581
575
448
321
260
176
63
-54
-84
-81
-100
-151
-173
-128
-114
-125
-173
-121
-79
-128
-234
-278
-172
-60
-19
-9
-61
-132
-168
-99
13
3
-112
-198
-196
-159
-158
-220
-246
-221
-168
-118
-149
-202
-275
-324
-284
-154
2
52
18
-21
15
96
213
298
360
420
497
466
343
274
309
322
206
139
120
83
-17
-63
-65
-97
-128
-116
-38
38
71
80
75
126
211
243
287
292
351
377
372
353
363
386
306
217
124
93
-23
-122
-195
-257
-326
-423
-498
-520
-460
-370
-346
-350
-336
-300
-276
-210
-100
-36
12
67
176
154
36
-57
-54
20
30
16
-49
-115
-232
-303
-361
-388
-409
-399
-316
-270
-269
-287
-292
-246
-188
-100
-104
-145
-155
-43
77
142
245
326
347
293
260
338
379
426
433
355
225
97
127
203
246
218
119
28
-6
51
185
297
438
483
492
450
413
394
370
394
375
314
154
-1
-141
-243
-259
-287
-318
-419
-511
-537
-476
-361
-186
-46
29
33
-23
-3
62
203
360
409
339
205
82
-16
-85
-143
-192
-345
-506
-592
-569
-490
-435
-435
-421
-370
-289
-235
-158
-48
74
142
159
165
151
164
211
246
204
100
-18
-62
-38
-77
-155
-259
-312
-319
-323
-248
-225
-258
-249
-214
-203
-193
-143
41
246
424
551
647
710
731
668
609
600
542
485
346
250
155
17
-88
-164
-202
-252
-335
-330
-344
-392
-417
-355
-213
-118
-63
-57
57
143
198
183
215
315
308
248
157
58
-45
-63
-25
17
-124
-288
-381
-375
-348
-413
-399
-288
-126
-25
59
112
152
155
235
306
356
365
400
350
281
217
160
103
21
21
51
32
-62
-221
-346
-396
-413
-370
-289
-194
-191
-312
-375
-287
-172
-94
-123
-88
-20
46
72
76
139
211
196
116
51
56
40
61
75
138
157
162
159
129
172
225
232
189
121
105
131
140
201
153
103
7
-53
-55
-69
-63
-108
-165
-195
-201
-175
-193
-151
-119
-61
-56
-97
-104
-100
-20
-17
-33
-33
5
10
17
43
149
201
201
176
125
87
68
104
190
225
185
104
-6
-40
-90
-55
-52
-105
-215
-247
-146
-89
-88
-78
5
28
-29
-99
-154
-142
-53
50
62
-57
-174
-242
-191
-84
27
47
22
0
-14
-33
-35
-27
2
14
108
95
27
-22
-5
68
15
71
45
43
-69
-108
-60
-10
65
66
116
47
-18
-37
-8
21
-26
-25
-85
-141
-116
-30
43
42
88
112
24
-72
-105
2
97
162
220
221
243
217
199
169
199
226
215
166
123
54
-46
-114
-121
-99
-84
-66
-136
-221
-228
-157
-85
-125
-103
-115
-175
-236
-246
-147
-124
-79
-70
-33
7
38
73
109
164
164
135
120
91
46
15
80
119
57
-22
-76
-117
-135
-100
15
64
59
53
40
137
218
248
170
97
117
96
79
76
102
90
6
-56
-113
-150
-141
-139
-74
-28
14
55
31
30
25
100
165
157
102
19
-68
-174
-176
-149
-128
-130
-140
-112
-145
-141
-121
-102
-106
-114
-127
-115
-88
-78
-123
-215
-242
-245
-203
-190
-213
-282
-321
-284
-231
-180
-157
-61
55
113
97
87
164
251
261
232
212
251
252
236
192
167
155
128
145
102
41
-20
-6
28
7
-20
4
89
170
178
108
29
43
104
130
154
194
239
232
256
311
299
244
250
302
336
299
269
232
208
149
97
13
-56
-103
-183
-220
-259
-225
-155
-83
-26
-30
-67
-69
-36
23
11
-68
-166
-194
-125
-56
-42
-104
-138
-237
-338
-395
-380
-321
-365
-402
-447
-454
-443
-422
-373
-333
-286
-254
-220
-218
-174
-68
34
100
142
217
247
257
263
284
245
214
220
193
143
64
70
104
135
111
0
-77
-103
-88
-79
-57
12
63
75
35
-4
73
186
255
151
34
56
158
263
240
257
233
197
96
47
79
86
120
81
54
37
30
48
16
37
61
44
25
16
37
60
92
125
73
-23
-132
-122
-69
16
59
36
16
-49
-77
-95
-159
-175
-171
-116
-147
-252
-286
-269
-184
-145
-182
-227
-252
-236
-217
-189
-100
-27
-29
-70
-78
-15
58
94
119
141
157
155
140
156
182
196
230
248
242
190
160
167
152
90
-4
-67
-60
-37
-61
-142
-199
-195
-176
-149
-91
-37
-25
-61
-45
24
88
124
135
147
76
5
-19
55
87
58
17
33
67
98
100
39
-49
-143
-150
-169
-174
-158
-120
-123
-139
-109
-29
-20
-3
54
110
103
75
127
135
132
133
160
141
81
49
10
-37
-56
-54
-97
-136
-142
-125
-148
-218
-246
-218
-172
-154
-123
-45
97
155
180
149
147
155
197
270
290
262
196
174
153
124
79
65
57
8
-96
-179
-233
-180
-150
-144
-181
-210
-182
-172
-143
-79
22
62
12
-70
-56
1
25
28
53
93
95
38
