159
166
144
127
124
124
119
95
58
47
74
93
85
70
59
36
13
8
19
26
36
35
25
25
53
51
-9
-70
-86
-55
-38
-34
-47
-47
-35
-21
-22
-47
-72
-89
-106
-110
-105
-116
-150
-181
-175
-155
-130
-114
-106
-120
-159
-187
-182
-163
-159
-165
-145
-135
-161
-180
-180
-171
-176
-164
-139
-130
-109
-66
-44
-58
-72
-43
8
48
60
63
92
120
96
45
31
79
137
167
171
151
139
151
176
186
173
166
166
159
157
167
179
167
142
136
137
147
168
187
183
152
115
108
100
71
22
-5
14
59
81
81
66
66
80
73
69
67
93
92
48
15
32
51
29
9
19
33
15
13
16
-24
-92
-137
-118
-84
-91
-119
-136
-130
-135
-154
-152
-151
-181
-227
-256
-272
-285
-292
-305
-331
-317
-272
-245
-276
-318
-334
-353
-350
-313
-250
-197
-152
-119
-120
-149
-157
-135
-92
-37
5
32
36
33
36
58
95
109
102
115
160
211
216
209
217
231
214
175
182
246
299
283
227
213
244
266
252
226
206
198
209
237
248
225
198
196
217
217
184
140
124
130
139
140
148
153
133
104
82
97
128
134
121
98
78
36
6
3
-1
-32
-66
-67
-53
-22
9
21
-15
-40
-35
-38
-70
-98
-97
-102
-117
-125
-114
-99
-111
-150
-177
-176
-171
-190
-208
-227
-265
-335
-364
-348
-320
-318
-342
-365
-379
-356
-313
-303
-329
-341
-311
-301
-330
-322
-262
-208
-194
-163
-101
-94
-134
-135
-66
7
52
87
112
127
150
184
217
235
236
229
212
201
192
185
171
156
169
195
208
221
240
227
170
132
160
224
240
183
120
118
191
264
300
298
272
230
196
191
215
234
222
203
194
210
204
157
128
164
215
188
113
71
49
10
-21
-1
37
49
56
53
52
29
5
-11
-25
-26
-15
-11
-43
-103
-151
-173
-183
-164
-147
-149
-189
-235
-273
-307
-307
-287
-273
-283
-304
-324
-355
-371
-347
-311
-302
-342
-389
-383
-322
-279
-302
-330
-299
-241
-216
-232
-228
-188
-128
-85
-73
-46
-14
-1
-33
-61
-29
42
97
113
126
147
153
123
82
74
85
110
135
170
208
237
261
261
222
154
115
133
189
235
258
258
247
244
241
243
235
223
207
200
201
194
192
199
225
230
217
210
227
247
245
208
165
146
159
181
167
146
141
134
113
111
161
218
228
193
145
101
82
110
137
151
159
158
121
48
-5
-25
-47
-67
-77
-79
-89
-118
-152
-201
-263
-325
-364
-353
-349
-385
-416
-398
-358
-373
-431
-488
-540
-567
-534
-469
-434
-442
-437
-411
-385
-342
-280
-232
-232
-238
-214
-169
-152
-159
-137
-75
-21
-10
2
33
42
38
60
110
139
136
139
156
176
196
195
175
161
181
201
180
154
156
170
156
130
136
167
193
188
146
90
76
123
176
176
145
121
106
105
127
162
171
156
148
143
140
125
104
86
85
103
123
128
117
95
81
99
138
159
156
145
146
151
161
175
162
137
108
109
123
143
147
113
66
22
-25
-49
-30
16
6
-66
-138
-167
-176
-199
-213
-226
-227
-250
-279
-299
-333
-371
-391
-386
-389
-410
-393
-342
-318
-328
-322
-279
-241
-207
-180
-164
-151
-102
-26
4
-6
-5
40
83
97
106
123
125
119
125
139
141
119
111
85
39
-2
-6
28
38
32
40
77
101
73
38
36
86
125
122
102
100
132
137
124
102
113
150
180
175
127
88
76
87
108
132
146
148
141
128
118
124
156
151
104
98
153
224
256
228
177
145
164
205
211
197
198
204
211
212
209
181
137
100
64
12
-34
-44
-26
-35
-82
-110
-124
-152
-209
-232
-213
-216
-278
-351
-396
-426
-462
-488
-474
-431
-394
-378
-378
-378
-359
-331
-304
-302
-333
-362
-354
-293
-238
-224
-220
-206
-170
-119
-58
-18
-19
-1
51
82
68
50
79
103
80
47
53
96
110
104
100
117
123
117
121
124
98
42
4
34
106
131
94
54
73
123
161
183
213
226
223
221
230
252
234
211
202
215
215
199
172
152
149
164
196
226
240
219
198
204
228
243
236
226
188
146
148
191
227
194
156
147
155
171
180
176
171
171
157
105
61
64
45
-24
-75
-43
16
3
-87
-187
-256
-273
-248
-214
-225
-274
-310
-329
-359
-396
-414
-419
-445
-482
-513
-503
-478
-441
-415
-392
-362
-337
-311
-306
-312
-318
-285
-218
-162
-152
-168
-151
-108
-70
-60
-55
-34
7
25
8
-14
-28
-39
-63
-63
-33
2
53
97
129
126
94
75
85
107
106
106
125
123
89
64
59
60
99
179
248
245
224
213
196
181
191
229
256
271
274
263
241
205
187
199
239
271
273
280
296
293
254
233
277
325
303
258
262
301
325
311
278
232
216
247
277
228
152
136
181
188
108
32
29
57
59
38
9
-35
-76
-111
-135
-180
-202
-226
-259
-275
-273
-277
-318
-341
-361
-394
-432
-446
-433
-425
-413
-415
-451
-479
-470
-424
-400
-410
-429
-408
-334
-252
-241
-265
-232
-168
-168
-240
-295
-269
-209
-141
-116
-131
-147
-134
-95
-77
-42
-10
-14
-19
30
111
127
117
156
200
174
112
100
139
180
225
274
269
221
159
149
178
233
259
246
223
209
186
160
179
219
230
235
249
244
203
174
200
220
214
208
219
247
280
322
328
287
224
179
157
157
170
167
158
161
179
182
149
108
89
99
103
79
52
26
-12
-51
-51
-4
20
-12
-54
-79
-100
-161
-225
-240
-209
-164
-167
-205
-250
-257
-248
-254
-267
-290
-341
-401
-415
-406
-408
-400
-348
-283
-254
-244
-229
-207
-175
-146
-141
-147
-169
-183
-181
-173
-173
-202
-198
-147
-98
-75
-76
-64
-62
-81
-94
-78
-38
16
60
74
68
49
45
64
99
146
197
235
226
180
169
177
159
99
72
149
258
311
279
235
239
254
273
298
308
312
290
268
257
250
243
223
209
235
284
337
364
371
376
340
276
254
293
332
335
331
313
268
243
259
259
224
195
176
135
64
38
19
-20
-71
-96
-53
-47
-84
-151
-195
-202
-196
-172
-170
-209
-277
-348
-399
-420
-427
-443
-483
-517
-528
-533
-538
-536
-525
-503
-475
-438
-400
-392
-422
-450
-434
-392
-377
-388
-380
-350
-320
-297
-257
-215
-195
-179
-143
-88
-68
-68
-57
-30
-57
-123
-154
-112
-71
-72
-70
-32
13
40
68
64
36
14
61
134
178
152
112
81
90
93
81
103
158
203
198
202
219
225
213
223
259
292
327
366
403
414
365
306
281
322
393
413
370
317
332
384
391
361
372
417
416
370
352
384
386
348
329
334
327
298
283
268
243
238
245
234
181
126
100
67
25
-12
-18
-23
-67
-126
-140
-115
-119
-188
-254
-254
-237
-247
-280
-304
-330
-370
-375
-368
-386
-418
-422
-395
-418
-463
-472
-439
-406
-391
-362
-299
-254
-263
-317
-353
-318
-253
-202
-198
-213
-198
-154
-112
-127
-170
-195
-176
-128
-94
-74
-58
-44
-19
8
41
73
70
30
-12
-20
-5
2
-5
-4
8
16
10
4
21
45
59
60
66
94
131
144
133
160
212
229
203
203
237
235
201
186
217
241
236
244
286
366
407
395
345
290
292
291
281
292
325
337
276
240
249
252
218
189
189
199
215
221
187
152
146
165
149
80
23
-7
-10
-48
-118
-165
-157
-113
-104
-144
-190
-220
-255
-319
-350
-335
-340
-393
-437
-431
-387
-380
-425
-489
-514
-483
-443
-444
-433
-397
-349
-345
-371
-356
-331
-310
-305
-274
-234
-222
-228
-238
-230
-181
-108
-57
-59
-68
-25
19
26
2
-13
-18
-29
7
58
82
91
117
166
181
191
197
167
145
170
227
239
186
152
151
197
260
306
347
328
302
260
293
360
389
411
429
444
415
389
402
417
426
453
458
440
403
393
371
376
413
406
367
348
348
322
291
281
247
193
167
167
156
167
187
167
138
112
85
51
12
-51
-149
-198
-146
-96
-104
-146
-182
-242
-324
-393
-418
-435
-462
-490
-499
-484
-487
-516
-537
-539
-560
-603
-618
-580
-546
-542
-543
-518
-508
-507
-495
-465
-444
-414
-360
-331
-371
-426
-421
-364
-318
-287
-266
-261
-233
-174
-122
-119
-107
-46
31
48
26
14
45
85
78
63
72
113
127
129
138
129
89
51
85
139
169
211
275
301
240
161
161
218
287
327
337
361
383
385
363
353
351
318
331
401
430
419
421
405
353
368
438
439
388
422
505
510
447
431
421
391
374
380
408
370
284
202
176
236
293
292
234
163
135
144
118
32
-73
-93
-53
-46
-85
-145
-205
-276
-326
-335
-340
-363
-398
-439
-467
-499
-527
-560
-569
-546
-510
-497
-526
-551
-551
-538
-532
-505
-442
-376
-350
-361
-358
-330
-338
-390
-413
-356
-268
-227
-226
-221
-170
-118
-86
-43
-4
12
-12
-6
40
64
62
25
-13
15
79
115
106
111
134
133
126
164
182
164
144
152
179
172
163
170
173
182
244
331
339
221
174
229
280
276
265
302
323
403
476
431
353
337
378
409
443
499
470
373
359
444
504
443
372
367
375
332
290
330
315
241
207
252
242
124
41
23
-1
-23
-4
-27
-135
-249
-293
-295
-292
-282
-310
-397
-476
-512
-496
-495
-545
-654
-733
-697
-637
-603
-621
-619
-606
-608
-615
-641
-664
-656
-611
-554
-526
-500
-472
-431
-331
-221
-188
-238
-258
-189
-158
-198
-243
-215
-129
-50
12
52
74
92
93
78
67
85
114
132
146
165
184
181
201
260
327
333
293
288
310
300
267
267
312
309
264
270
305
344
325
314
360
436
519
527
462
402
422
467
474
439
421
491
549
548
485
454
520
562
577
615
609
561
481
476
509
494
466
427
369
313
304
303
269
220
182
132
83
66
37
-86
-177
-163
-136
-197
-311
-360
-405
-487
-563
-611
-623
-645
-653
-637
-617
-643
-731
-832
-873
-889
-879
-831
-766
-703
-668
-633
-631
-662
-654
-595
-534
-508
-480
-431
-405
-435
-441
-401
-351
-336
-309
-239
-171
-132
-104
-81
-74
-73
-45
34
90
107
125
183
209
168
121
148
169
162
202
296
346
301
266
300
339
316
279
252
244
233
239
239
241
244
230
208
211
247
277
265
297
360
407
437
466
475
440
370
381
464
534
498
446
481
517
521
471
470
466
470
505
510
486
425
353
287
232
193
173
168
152
85
-3
-37
0
43
27
-95
-257
-345
-334
-308
-344
-392
-434
-503
-580
-602
-577
-552
-581
-616
-665
-695
-718
-718
-676
-620
-573
-559
-531
-493
-485
-512
-458
-320
-223
-236
-305
-311
-295
-256
-189
-86
-17
-34
-103
-131
-76
-3
30
24
42
95
147
164
148
105
85
103
132
184
247
277
269
205
174
144
107
103
132
188
209
249
278
230
164
142
110
75
119
233
310
368
444
434
354
334
379
446
524
564
410
256
341
520
602
608
678
662
589
568
578
515
433
419
418
389
328
278
248
277
291
221
114
76
69
15
-83
-169
-214
-269
-340
-431
-512
-529
-503
-513
-589
-696
-750
-780
-797
-828
-854
-820
-748
-702
-742
-814
-789
-681
-578
-552
-572
-583
-605
-600
-554
-485
-422
-388
-382
-380
-326
-223
-152
-150
-154
-101
-51
9
51
68
72
89
138
136
110
104
138
180
215
238
207
148
158
210
208
151
160
166
95
78
132
152
96
100
182
189
150
156
217
237
250
293
382
443
476
488
429
413
500
631
678
612
608
628
606
609
679
784
824
786
754
737
739
688
624
645
730
721
609
489
371
227
131
133
81
-29
-108
-151
-212
-300
-360
-411
-467
-520
-623
-715
-730
-690
-687
-736
-778
-769
-733
-733
-774
-781
-722
-708
-735
-715
-630
-554
-527
-476
-424
-392
-383
-391
-387
-369
-320
-274
-242
-229
-231
-220
-163
-112
-96
-60
11
39
-52
-110
-57
8
26
16
12
33
65
94
95
61
53
74
96
79
23
-17
40
111
112
61
16
37
75
107
151
177
222
225
238
250
230
271
310
329
328
454
597
583
556
633
684
649
692
774
790
765
807
782
629
521
537
591
600
571
493
365
248
183
131
60
-1
-41
-112
-221
-360
-491
-590
-617
-607
-615
-629
-626
-655
-748
-853
-860
-773
-684
-644
-635
-632
-636
-676
-688
-638
-559
-469
-360
-259
-256
-314
-337
-311
-281
-222
-108
-25
-43
-45
34
115
132
148
236
273
231
216
208
179
112
106
166
246
304
238
80
-25
4
49
43
43
107
131
67
5
-18
-59
-118
-51
123
96
-51
-103
14
148
123
152
270
406
456
466
503
557
614
726
823
880
885
883
838
736
682
647
697
756
821
777
644
500
334
190
132
186
205
94
-88
-254
-436
-590
-636
-586
-518
-538
-635
-760
-892
-1019
-1093
-1018
-815
-657
-670
-786
-854
-830
-744
-663
-556
-401
-214
-117
-174
-285
-287
-137
20
105
135
149
145
137
162
239
356
480
526
488
429
358
310
332
401
440
394
300
176
39
-38
-53
-20
24
14
-93
-247
-375
-404
-344
-235
-166
-201
-326
-463
-548
-548
-426
-246
-114
-114
-171
-141
-80
-26
57
243
417
493
479
460
523
696
897
911
751
595
529
564
657
773
789
615
345
115
14
-7
-42
-88
-165
-306
-472
-618
-773
-927
-951
-813
-692
-756
-966
-1194
-1324
-1280
-1098
-919
-834
-837
-887
-920
-853
-640
-398
-236
-117
13
138
186
201
271
402
562
693
789
835
861
914
1035
1162
1176
1097
1053
1058
1019
944
916
919
838
668
419
148
-29
-15
133
181
40
-233
-508
-672
-682
-529
-326
-224
-282
-446
-560
-557
-482
-390
-289
-152
7
108
199
321
391
484
682
986
1210
1269
1279
1204
993
779
684
728
883
1078
1148
915
398
-188
-540
-527
-252
-85
-285
-784
-1378
-1789
-1917
-1827
-1670
-1575
-1600
-1792
-2070
-2273
-2279
-2110
-1803
-1449
-1243
-1327
-1602
-1731
-1502
-983
-395
22
118
-37
-138
65
557
1104
1490
1625
1532
1387
1322
1442
1693
1966
2165
2177
2024
1760
1507
1380
1428
1633
1762
1542
959
248
-307
-522
-377
-54
97
-142
-688
-1264
-1631
-1628
-1261
-717
-345
-365
-666
-939
-957
-719
-278
229
633
849
896
910
1022
1313
1796
2221
2438
2402
2159
1718
1220
967
1089
1458
1698
1552
893
-116
-1015
-1360
-1090
-697
-679
-1161
-1934
-2687
-3070
-2930
-2531
-2298
-2402
-2705
-3087
-3451
-3601
-3361
-2812
-2271
-1955
-1919
-2100
-2279
-2087
-1367
-451
229
400
157
-154
-33
678
1620
2315
2540
2382
2064
1885
2027
2430
2883
3133
3052
2665
2186
1927
1996
2245
2437
2326
1714
670
-314
-733
-591
-184
97
-94
-856
-1803
-2306
-2100
-1487
-944
-714
-835
-1218
-1588
-1516
-935
-167
458
858
978
899
1021
1617
2456
3124
3466
3503
3195
2565
2100
2102
2389
2653
2655
2227
1223
21
-674
-608
-191
-18
-483
-1569
-2802
-3549
-3444
-2889
-2567
-2787
-3425
-4192
-4695
-4494
-3687
-2921
-2620
-2658
-2822
-2962
-2861
-2367
-1600
-892
-505
-551
-850
-950
-439
583
1555
2002
1881
1469
1172
1398
2175
3038
3453
3296
2833
2404
2211
2294
2522
2625
2232
1477
797
468
563
850
1009
615
-271
-1043
-1271
-1007
-575
-299
-402
-857
-1322
-1383
-1077
-706
-349
-6
188
217
437
1075
1853
2485
2954
3163
2649
1635
1031
1417
2394
3007
2781
1637
-1
-1156
-1115
-184
494
130
-1077
-2428
-3274
-3238
-2516
-1898
-2026
-2771
-3534
-3997
-4022
-3480
-2607
-1996
-1995
-2385
-2753
-2792
-2234
-1064
84
426
-116
-854
-1000
-323
873
1870
2070
1557
960
882
1352
2150
2881
3136
2730
1920
1290
1195
1531
1943
2104
1841
1178
376
-85
42
525
837
637
73
-554
-898
-765
-230
294
357
-20
-426
-435
-19
567
1052
1327
1387
1329
1450
1867
2234
2042
1411
948
921
1247
1658
1767
1136
-130
-1185
-1390
-959
-627
-925
-1842
-2901
-3536
-3515
-3115
-2821
-2902
-3328
-3842
-4076
-3791
-3121
-2457
-2082
-2020
-2139
-2205
-1952
-1275
-349
406
677
566
470
783
1503
2351
2877
2843
2453
2113
2129
2475
2897
3068
2818
2297
1798
1547
1536
1608
1561
1281
823
288
-158
-320
-148
78
-40
-480
-809
-726
-403
-79
142
206
81
-81
-39
276
789
1332
1802
2041
2044
2027
2038
1855
1483
1256
1443
1815
1974
1713
894
-200
-893
-766
-288
-335
-1161
-2189
-2902
-3215
-3226
-3137
-3193
-3576
-4068
-4308
-4165
-3784
-3394
-3179
-3141
-3189
-3094
-2659
-1988
-1337
-942
-838
-820
-567
75
864
1478
1835
1958
1954
2065
2397
2743
2872
2856
2872
2890
2778
2635
2615
2630
2378
1870
1464
1343
1341
1282
1137
899
546
187
0
-10
80
186
253
170
-23
-120
81
483
873
1194
1435
1536
1442
1050
625
559
943
1527
1744
1354
479
-402
-680
-295
240
195
-688
-1831
-2447
-2393
-2054
-1843
-2003
-2603
-3365
-3746
-3540
-3062
-2717
-2715
-3035
-3382
-3338
-2737
-1873
-1173
-889
-1028
-1365
-1350
-651
363
1028
1135
982
879
966
1305
1747
1978
1856
1570
1467
1616
1794
1833
1742
1542
1230
978
923
975
955
896
914
871
732
676
819
957
885
793
850
1015
1119
1234
1455
1714
1915
2123
2393
2475
1968
1066
566
731
1181
1389
1136
380
-607
-1193
-1050
-587
-504
-1081
-2025
-2736
-3040
-2964
-2641
-2454
-2757
-3390
-3692
-3452
-3007
-2676
-2587
-2738
-2957
-2919
-2427
-1608
-881
-571
-618
-627
-261
478
1266
1690
1674
1510
1417
1523
1847
2189
2222
1919
1726
1846
2015
1973
1824
1703
1488
1140
915
1010
1154
1006
634
365
351
427
433
380
354
407
567
827
1090
1198
1189
1235
1449
1798
2212
2480
2203
1472
1041
1353
2085
2457
2065
1006
-227
-915
-803
-335
-228
-841
-1847
-2641
-2939
-2871
-2706
-2820
-3449
-4293
-4674
-4275
-3541
-3108
-3219
-3648
-3954
-3772
-3082
-2227
-1761
-1862
-2097
-1933
-1159
-82
788
1083
935
875
1234
1911
2498
2693
2448
2001
1840
2186
2690
2783
2417
2052
1845
1681
1635
1818
1965
1685
1202
990
1146
1287
1177
922
732
702
896
1258
1459
1361
1227
1423
1906
2321
2415
1919
1064
589
874
1577
1870
1351
278
-762
-1128
-735
-122
-16
-712
-1708
-2212
-2102
-1781
-1637
-1856
-2487
-3309
-3687
-3309
-2593
-2312
-2744
-3462
-3774
-3357
-2498
-1750
-1528
-1813
-2136
-1981
-1257
-425
-85
-359
-733
-569
154
930
1240
999
511
266
572
1270
1761
1599
1043
728
934
1368
1771
2033
1952
1473
1050
1192
1744
2080
1953
1609
1358
1363
1639
2037
2193
1949
1599
1509
1804
2325
2736
2401
1282
478
747
1683
2147
1746
791
-269
-827
-609
47
232
-625
-2047
-2838
-2577
-1942
-1668
-1942
-2633
-3437
-3700
-3050
-2105
-1856
-2477
-3177
-3169
-2483
-1647
-1096
-1038
-1366
-1628
-1352
-463
519
940
537
-94
-64
724
1548
1790
1507
1009
588
589
1163
1756
1634
903
403
521
824
1032
1169
1064
498
-74
99
888
1349
1031
511
422
764
1209
1581
1730
1490
1163
1305
1986
2599
2476
1524
688
799
1741
2566
2412
1422
154
-634
-516
235
711
90
-1456
-2700
-2698
-1971
-1475
-1726
-2543
-3550
-4221
-3927
-2953
-2288
-2633
-3539
-4089
-3835
-3059
-2265
-1876
-2089
-2470
-2395
-1548
-456
66
-262
-906
-970
-200
878
1546
1541
1083
681
761
1451
2320
2580
1968
1241
1222
1829
2389
2555
2307
1650
1004
1052
1820
2457
2224
1472
1102
1464
2154
2628
2697
2292
1698
1546
2143
2971
3132
2116
756
283
916
1844
1989
1284
76
-993
-1184
-460
379
267
-1038
-2540
-2984
-2415
-1722
-1589
-2082
-2964
-3806
-3830
-2913
-1963
-1969
-2955
-3776
-3444
-2240
-1180
-906
-1307
-1879
-2045
-1388
-150
755
708
-14
-387
91
960
1549
1540
1086
470
220
734
1575
1778
1034
157
8
458
896
1113
1035
569
-53
-131
563
1258
1164
525
199
613
1376
1961
2181
1912
1409
1294
1978
3002
3187
2069
861
765
1630
2356
2207
1411
295
-551
-601
21
545
131
-1265
-2500
-2543
-1811
-1352
-1660
-2461
-3408
-4035
-3715
-2650
-1875
-2162
-3151
-3703
-3220
-2125
-1214
-882
-1150
-1690
-1826
-1054
276
1084
796
-92
-460
159
1181
1734
1601
1147
749
787
1445
2369
2580
1745
785
738
1427
1989
2010
1563
792
96
152
1031
1820
1640
778
276
654
1387
1903
2042
1831
1395
1222
1757
2558
2304
917
-58
222
1168
1613
1369
614
-509
-1291
-1146
-343
75
-663
-2099
-2955
-2780
-2178
-1815
-1970
-2610
-3560
-4067
-3577
-2584
-2068
-2491
-3226
-3399
-2806
-1963
-1339
-1145
-1368
-1648
-1465
-587
452
918
589
110
312
1179
1935
2083
1787
1338
964
961
1536
2135
1967
1130
583
871
1437
1684
1592
1306
818
447
749
1534
1880
1425
881
970
1484
1891
2097
2166
2100
2001
2192
2623
2379
1469
965
1364
2043
2024
1422
579
-340
-899
-819
-371
-331
-1182
-2380
-2909
-2699
-2378
-2366
-2674
-3245
-3990
-4251
-3707
-2953
-2795
-3303
-3755
-3543
-2789
-2012
-1472
-1229
-1244
-1271
-834
213
1221
1440
928
594
1034
1812
2273
2350
2350
2201
1902
1835
2161
2375
1920
1216
1038
1371
1556
1354
1087
886
563
321
504
928
984
600
376
657
1149
1445
1587
1553
1380
1355
1810
2256
1598
496
227
944
1564
1306
613
-286
-1041
-1189
-712
-304
-752
-2032
-3153
-3295
-2849
-2542
-2674
-3133
-3832
-4384
-4101
-3127
-2406
-2512
-3067
-3254
-2765
-1913
-1207
-839
-833
-928
-708
69
1172
1768
1467
762
745
1683
2580
2692
2328
2071
1921
1915
2322
2987
3046
2144
1138
1024
1671
2096
1867
1262
614
120
143
750
1344
1242
641
312
586
1229
1838
2146
2070
1802
1767
1895
1488
847
698
1225
1792
1670
967
-51
-862
-994
-550
-200
-718
-2119
-3264
-3221
-2564
-2297
-2713
-3434
-4179
-4661
-4343
-3412
-2835
-3294
-4262
-4555
-3746
-2526
-1740
-1526
-1630
-1746
-1510
-631
647
1384
1069
470
748
1968
2977
3124
2844
2560
2317
2278
2808
3589
3630
2707
1778
1752
2300
2577
2373
1954
1354
690
532
1103
1681
1404
559
107
417
1037
1489
1703
1659
1354
1211
1165
857
621
732
1093
1055
516
-137
-858
-1330
-1340
-1015
-926
-1615
-2853
-3614
-3387
-2829
-2640
-2978
-3591
-4232
-4462
-3902
-3016
-2612
-2988
-3589
-3553
-2764
-1806
-1169
-898
-894
-961
-714
151
1318
1905
1533
930
1223
2256
2913
2810
2525
2510
2501
2466
2715
3182
3126
2287
1506
1523
1936
1975
1736
1557
1218
570
287
903
1791
1980
1464
1089
1282
1638
2044
2588
3007
2851
1781
579
462
1414
2342
2143
1009
-387
-1549
-1839
-1132
-319
-587
-2214
-4122
-4771
-3978
-3014
-2932
-3745
-4890
-5878
-5996
-4895
-3515
-3238
-4242
-5233
-4964
-3517
-1988
-1168
-1138
-1507
-1666
-1011
537
2101
2576
1857
1111
1541
2947
4164
4474
4085
3457
2992
3120
3925
4694
4357
2988
1882
1915
2493
2641
2301
1733
905
100
99
1033
1818
1561
598
16
324
1173
2055
2556
2401
1673
455
-236
422
1736
2394
1602
316
-755
-1413
-1373
-634
105
-322
-2121
-3941
-4167
-3081
-2226
-2526
-3686
-4915
-5703
-5429
-4104
-2826
-2822
-4088
-5102
-4577
-2867
-1368
-868
-1125
-1568
-1629
-877
647
2021
2177
1245
583
1201
2490
3331
3432
3206
2828
2353
2296
3016
3884
3708
2495
1529
1568
2011
2142
2051
1773
975
-15
-121
897
1892
1803
1090
766
1026
1580
2366
3244
3472
2207
197
-467
770
2549
3004
1912
139
-1651
-2469
-1785
-218
454
-917
-3399
-4844
-4369
-3007
-2135
-2428
-3730
-5429
-6300
-5399
-3427
-2229
-2865
-4462
-5209
-4334
-2525
-889
-124
-402
-1188
-1419
-260
1824
3270
3174
2219
1802
2356
3330
4154
4505
4098
3038
2152
2316
3289
3862
3325
2184
1275
816
760
1131
1609
1439
461
-339
-38
1100
1925
1843
1229
684
678
1377
2449
3216
2517
381
-1198
-871
971
2343
2184
708
-1520
-3134
-3075
-1481
4
-365
-2616
-4841
-5370
-4360
-2909
-2115
-2516
-4112
-5794
-5917
-4275
-2371
-1882
-2791
-3755
-3739
-2793
-1418
-40
713
573
-62
-134
925
2398
3240
3176
2878
2779
2827
3018
3510
4028
3906
3064
2244
2201
2586
2652
2348
1946
1385
639
271
680
1205
990
269
-50
381
1009
1399
1692
1915
2006
2149
2671
3254
2789
1056
-307
-61
1353
2350
2103
789
-1322
-3091
-3273
-1794
-371
-820
-2954
-4979
-5555
-4912
-3768
-2967
-3232
-4666
-6196
-6298
-4873
-3211
-2532
-2879
-3405
-3487
-2899
-1647
-119
912
1086
896
1071
1813
2672
3284
3707
3998
3954
3518
3196
3441
3965
4113
3684
3046
2581
2232
1879
1727
1710
1274
280
-438
-314
144
235
136
242
375
298
301
815
1555
2041
2324
2724
3120
2478
880
-135
264
1559
2391
2256
1000
-1197
-3071
-3271
-1800
-411
-713
-2651
-4635
-5500
-5180
-3932
-2724
-2650
-4082
-5806
-6211
-5084
-3393
-2281
-2121
-2603
-3071
-2962
-1964
-386
905
1442
1407
1414
1788
2376
2982
3593
4235
4548
4173
3441
3085
3300
3580
3536
3310
2953
2218
1283
884
1195
1357
787
8
-405
-574
-710
-513
150
660
487
86
268
1105
2162
3139
3922
3876
2279
227
-493
616
2373
3209
2649
647
-2023
-3785
-3495
-1715
-417
-867
-2700
-4654
-5864
-5823
-4542
-3202
-3096
-4378
-5805
-6212
-5436
-3987
-2622
-1920
-2065
-2570
-2651
-1794
-322
1064
1914
2144
2059
1991
2143
2636
3511
4471
4922
4501
3602
2913
2747
2964
3290
3489
3174
2129
863
275
500
894
944
641
139
-510
-833
-368
640
1368
1414
1127
1027
1332
2164
3345
4150
3358
1129
-765
-1006
394
2094
2992
2130
-597
-3632
-4822
-3469
-1283
-372
-1444
-3688
-5883
-6816
-5762
-3813
-2779
-3321
-4543
-5315
-5263
-4385
-3052
-1949
-1486
-1460
-1414
-1147
-574
349
1555
2598
3136
3260
3102
2778
2669
3321
4560
5426
5120
3845
2443
1633
1737
2498
3028
2554
1166
-134
-694
-594
-126
301
196
-625
-1490
-1574
-759
381
1267
1617
1448
1242
1591
2668
3920
4214
3022
1111
-386
-401
1078
2909
3352
1514
-1565
-3949
-4308
-2908
-1178
-699
-1978
-4225
-6074
-6387
-5345
-4020
-3352
-3723
-4730
-5532
-5375
-4354
-3166
-2268
-1707
-1363
-1195
-932
-292
729
1875
2728
3201
3275
3083
2931
3171
3898
4702
5047
4612
3630
2615
2060
2176
2612
2890
2646
1890
800
-269
-825
-672
-75
394
388
-65
-456
-333
368
1305
1985
2183
2055
2053
2538
3032
2667
1287
-401
-1070
-190
1484
2483
1722
-611
-3235
-4623
-4110
-2399
-1116
-1331
-2937
-4870
-5880
-5597
-4593
-3698
-3470
-3777
-4228
-4415
-4147
-3465
-2533
-1630
-890
-443
-206
-36
342
1135
2233
3250
3626
3193
2466
2217
2716
3607
4223
4092
3303
2330
1724
1608
1761
1888
1775
1364
835
426
191
26
-118
-74
180
479
694
824
945
1066
1211
1491
1943
2418
2721
2849
2561
1683
378
-731
-869
-67
1110
1739
1108
-787
-3100
-4489
-4249
-2874
-1595
-1255
-1992
-3235
-4178
-4458
-4168
-3734
-3337
-2901
-2539
-2411
-2607
-2834
-2711
-2032
-955
-24
393
276
169
502
1274
2079
2375
2114
1634
1512
1992
2718
3065
2726
2081
1553
1379
1458
1558
1395
886
468
489
803
937
679
267
28
123
542
1068
1425
1370
947
514
408
660
1053
1341
1315
1006
524
65
-433
-923
-1097
-763
11
686
795
197
-765
-1602
-2055
-1978
-1434
-728
-349
-461
-819
-1273
-1779
-2275
-2434
-2067
-1449
-901
-610
-523
-625
-855
-1057
-1125
-1034
-759
-223
371
665
424
-122
-642
-812
-500
155
750
927
730
363
35
-120
-70
74
258
488
735
876
820
615
308
-14
-114
253
937
1382
1215
687
306
225
341
549
779
879
793
679
627
636
669
770
849
781
525
203
20
171
754
1558
2098
1943
1153
164
-536
-718
-387
192
659
855
737
203
-743
-1750
-2300
-2244
-1732
-1095
-675
-651
-1002
-1469
-1919
-2173
-2129
-1838
-1395
-890
-371
-4
-6
-421
-1000
-1327
-1141
-469
339
819
729
188
-321
-494
-380
-198
-49
154
446
709
780
561
102
-329
-457
-170
363
742
770
503
267
281
441
631
764
863
951
1096
1358
1650
1852
1921
1986
2015
1803
1261
593
232
380
1073
2094
2891
2850
1854
452
-690
-1219
-1112
-561
83
463
338
-342
-1469
-2735
-3676
-3899
-3352
-2428
-1646
-1305
-1513
-2163
-2922
-3374
-3336
-2970
-2340
-1457
-449
270
349
-130
-795
-1104
-711
270
1299
1844
1881
1674
1508
1411
1240
919
525
295
320
476
544
397
76
-235
-338
-261
-172
-95
45
271
504
799
1193
1515
1682
1733
1785
1845
1822
1829
2107
2767
3605
4163
3983
3013
1341
-430
-1533
-1393
-61
1573
2653
2500
1019
-1319
-3592
-4876
-4779
-3531
-1910
-710
-450
-1201
-2609
-4068
-4890
-4801
-4015
-2962
-2003
-1326
-995
-906
-1027
-1294
-1550
-1471
-864
94
1139
1923
2321
2308
2051
1758
1538
1368
1221
1285
1696
2267
2556
2320
1623
692
-177
-737
-887
-707
-434
-319
-492
-810
-1087
-1203
-1152
-869
-326
343
1059
1739
2376
2920
3346
3646
3781
3841
3990
4420
4879
4835
3804
1929
57
-1053
-1102
-441
306
479
-351
-2076
-4058
-5570
-6268
-6222
-5702
-4921
-4201
-4010
-4391
-4929
-5126
-4876
-4405
-3835
-3226
-2486
-1449
-64
1386
2477
2905
2677
2238
2092
2649
3744
4827
5369
5166
4479
3635
2920
2471
2204
1882
1324
659
-45
-690
-1225
-1531
-1723
-2233
-3126
-4041
-4372
-3874
-2817
-1671
-827
-376
-109
372
1272
2442
3465
4111
4529
5047
5882
6991
7909
7894
6503
4032
1552
-94
-517
48
909
1219
306
-1710
-4232
-6457
-7867
-8355
-8207
-7806
-7362
-6957
-6530
-6043
-5532
-5211
-5248
-5420
-5262
-4374
-2628
-188
2377
4337
5208
5177
4840
4728
5094
5798
6477
6746
6574
6203
5886
5579
5051
3979
2293
300
-1448
-2516
-2912
-2887
-2856
-3184
-4004
-4982
-5619
-5724
-5373
-4675
-3665
-2572
-1494
-237
1339
2990
4274
5034
5439
5842
6484
7467
8635
9395
9047
7239
4643
2301
859
394
390
222
-684
-2356
-4285
-5959
-7143
-7975
-8706
-9422
-9949
-9972
-9292
-7998
-6564
-5518
-5127
-5066
-4733
-3807
-2239
-240
1897
3784
5159
6182
7120
7969
8490
8517
8063
7304
6484
5856
5559
5385
4989
4057
2512
682
-1130
-2753
-4206
-5473
-6416
-7013
-7357
-7398
-6982
-6174
-5279
-4602
-4036
-3279
-2149
-587
1340
3401
5279
6665
7644
8483
9298
10013
10467
10493
9783
8048
5542
3107
1321
325
-264
-810
-1727
-3319
-5370
-7405
-8996
-10085
-10853
-11465
-11815
-11596
-10537
-8794
-6912
-5378
-4386
-3732
-2985
-1871
-280
1606
3574
5440
7070
8441
9593
10467
10856
10554
9547
8193
6816
5605
4626
3819
3065
2101
697
-1074
-2991
-4774
-6386
-7891
-9184
-10012
-10142
-9504
-8284
-6802
-5362
-4094
-2964
-1890
-676
843
2640
4483
6192
7706
9020
10152
11114
11827
12103
11954
11490
10502
8613
5716
2464
-411
-2455
-3667
-4441
-5228
-6437
-8015
-9681
-11089
-12041
-12633
-13100
-13432
-13214
-11924
-9533
-6590
-3878
-1864
-465
749
2044
3445
4919
6365
7689
8827
9895
11029
12040
12544
12181
10865
8828
6439
4151
2204
563
-916
-2267
-3476
-4583
-5640
-6662
-7791
-9226
-10829
-11997
-12123
-11131
-9391
-7289
-5017
-2660
-384
1673
3460
4965
6185
7148
8031
8957
9952
10943
11828
12438
12635
12455
11925
11082
9580
7092
3488
-689
-4483
-7261
-8749
-9429
-9755
-10272
-11080
-11957
-12673
-13041
-13213
-13351
-13397
-12915
-11304
-8444
-4831
-1199
1947
4453
6363
7824
8959
9795
10257
10420
10439
10601
11112
11840
12239
11677
10020
7648
4993
2250
-581
-3382
-5911
-7928
-9291
-10000
-10159
-10066
-10070
-10404
-10885
-11073
-10646
-9598
-8111
-6183
-3745
-781
2453
5562
8169
10022
11068
11467
11532
11474
11330
11068
10769
10526
10353
10178
9879
9220
8020
5842
2603
-1624
-5976
-9619
-12077
-13274
-13737
-13636
-13331
-12776
-12100
-11400
-10645
-10038
-9731
-9622
-8983
-7049
-3885
-161
3357
6408
8939
10940
12337
13066
13088
12375
11063
9558
8380
7732
7383
6862
5957
4666
3041
1093
-1221
-3906
-6766
-9391
-11303
-12397
-12732
-12335
-11368
-10200
-9087
-7932
-6541
-4996
-3548
-2296
-1052
555
2688
5099
7374
9279
10727
11687
12150
12197
11883
11124
9947
8588
7362
6429
5772
5260
4677
3762
2104
-363
-3576
-6895
-9873
-12067
-13422
-14081
-14017
-13356
-12122
-10590
-8827
-7066
-5650
-4763
-4055
-2957
-1302
675
2709
4747
6871
8970
10878
12288
12963
12830
11951
10522
8787
6973
5265
3713
2240
863
-455
-1625
-2704
-3899
-5424
-7213
-8923
-10297
-11322
-11879
-11770
-10993
-9785
-8339
-6491
-4186
-1701
464
2108
3413
4623
5857
7018
8012
8750
9265
9666
10011
10247
10203
9729
8812
7637
6454
5462
4542
3505
2330
1013
-600
-2683
-5223
-7724
-9864
-11389
-12314
-12678
-12453
-11711
-10571
-9158
-7511
-5695
-3937
-2634
-1676
-621
906
2707
4356
5743
7030
8282
9412
10269
10742
10785
10222
8958
7236
5497
4001
2538
870
-906
-2492
-3704
-4620
-5475
-6424
-7453
-8426
-9192
-9663
-9734
-9388
-8761
-7927
-6786
-5135
-2980
-728
1173
2597
3830
5121
6386
7347
7924
8210
8305
8261
8145
8078
7993
7656
6988
6186
5548
5103
4546
3711
2703
1735
492
-1382
-3907
-6455
-8549
-10086
-11033
-11373
-11107
-10487
-9695
-8710
-7304
-5513
-3667
-2340
-1505
-669
528
1947
3187
4264
5409
6660
7824
8737
9343
9582
9309
8470
7199
5764
4361
2909
1223
-570
-2097
-3184
-3985
-4771
-5593
-6315
-6967
-7576
-8080
-8230
-7964
-7550
-7165
-6614
-5479
-3710
-1710
69
1600
3079
4490
5676
6534
7105
7407
7390
7157
6922
6834
6814
6602
6114
5601
5308
5215
4991
4455
3671
2856
1936
484
-1626
-4126
-6418
-8370
-9902
-10752
-10833
-10351
-9664
-8848
-7678
-6146
-4525
-3179
-2356
-1708
-887
202
1356
2406
3527
4809
6113
7225
8102
8773
9112
8873
8008
6779
5434
4012
2392
604
-1035
-2285
-3224
-4017
-4732
-5289
-5751
-6239
-6717
-7064
-7154
-7059
-6944
-6786
-6292
-5172
-3627
-2044
-541
1060
2832
4484
5818
6783
7334
7439
7170
6798
6546
6369
6069
5557
5030
4838
4980
5182
5042
4490
3774
3137
2509
1339
-580
-3187
-5898
-8197
-9743
-10466
-10619
-10484
-10170
-9576
-8324
-6372
-4294
-2680
-1895
-1430
-765
235
1343
2272
3101
3948
4878
5984
7251
8389
8990
8837
8103
7104
6031
4766
3191
1303
-682
-2411
-3721
-4584
-5216
-5764
-6094
-6193
-6141
-6050
-5967
-5849
-5909
-6051
-5872
-5111
-3916
-2631
-1194
489
2305
4035
5594
6910
7796
8126
7965
7492
6902
6288
5633
4870
4152
3827
3896
4019
3904
3616
3334
3037
2652
1955
605
-1452
-4085
-6670
-8684
-9901
-10496
-10737
-10562
-9858
-8689
-6961
-4795
-2721
-1292
-554
155
1104
2049
2696
3015
3161
3334
3813
4836
6161
7215
7672
7645
7401
7001
6281
5021
3119
745
-1563
-3302
-4458
-5385
-6298
-6890
-6868
-6359
-5665
-4996
-4512
-4405
-4556
-4516
-3993
-3229
-2519
-1896
-1097
128
1779
3628
5290
6513
7277
7647
7701
7515
7029
6118
4817
3509
2649
2352
2316
2259
2117
2025
2057
2103
2133
2030
1420
49
-2058
-4355
-6237
-7702
-8867
-9836
-10332
-10050
-9156
-7709
-5740
-3555
-1556
-163
815
1689
2434
2858
2807
2467
2246
2393
2968
3835
4766
5574
6161
6593
6828
6770
6181
4929
3018
754
-1283
-2962
-4461
-5876
-6830
-6927
-6369
-5609
-4789
-3859
-2947
-2369
-2150
-1932
-1641
-1559
-1783
-1931
-1540
-515
846
2169
3285
4285
5359
6350
6921
6931
6447
5626
4586
3520
2670
2028
1397
779
429
604
1110
1592
1913
2150
2184
1686
454
-1368
-3333
-5264
-7043
-8504
-9386
-9573
-9265
-8568
-7166
-5017
-2559
-537
759
1687
2398
2822
2785
2394
1951
1645
1548
1762
2366
3335
4431
5322
5923
6282
6371
5933
4788
3111
1322
-457
-2336
-4169
-5591
-6315
-6498
-6375
-5886
-5022
-3943
-3029
-2465
-2060
-1719
-1494
-1524
-1695
-1688
-1289
-564
265
1094
2048
3199
4364
5363
6165
6720
6790
6305
5538
4791
4081
3240
2329
1548
1080
945
1019
1248
1602
1929
1801
947
-514
-2163
-3849
-5705
-7580
-9126
-10017
-10239
-9952
-8904
-7108
-4939
-2877
-1080
771
2568
3882
4450
4432
4192
3930
3608
3294
3141
3281
3679
4178
4758
5370
5785
5730
5199
4310
3165
1698
-191
-2383
-4562
-6307
-7425
-8027
-8186
-7961
-7393
-6482
-5258
-3791
-2353
-1241
-556
-162
198
589
891
1081
1352
1891
2700
3680
4769
5845
6739
7272
7408
7220
6694
5803
4542
3088
1688
564
-238
-850
-1365
-1615
-1427
-862
-323
-184
-592
-1599
-2891
-4184
-5302
-6315
-7385
-8322
-8788
-8477
-7245
-5502
-3600
-1751
63
1946
3718
5161
5959
6016
5580
5012
4455
3853
3134
2382
1789
1542
1759
2277
2751
2836
2499
1932
1343
643
-490
-2150
-4106
-5910
-7222
-7940
-8057
-7759
-7228
-6422
-5119
-3168
-1026
689
1754
2431
3044
3502
3652
3474
3111
2796
2689
2875
3269
3759
4245
4556
4652
4563
4370
3948
3110
1932
701
-318
-1081
-1725
-2226
-2459
-2321
-1784
-943
55
783
901
456
-124
-623
-1270
-2302
-3584
-4686
-5322
-5513
-5177
-4311
-3107
-1892
-733
622
2101
3328
3910
3824
3408
2926
2371
1615
708
-128
-691
-934
-854
-491
43
565
934
1132
1270
1291
958
103
-1123
-2343
-3340
-4139
-4739
-5011
-4852
-4220
-3203
-1895
-540
601
1458
2132
2714
3115
3162
2834
2308
1769
1287
891
663
702
919
1184
1459
1731
2002
2153
2036
1661
1205
797
338
-250
-794
-1025
-859
-405
208
997
2012
3096
3877
4136
3949
3441
2560
1248
-310
-1886
-3395
-4750
-5786
-6258
-6172
-5686
-4953
-4049
-3007
-1920
-951
-218
257
465
432
144
-271
-657
-898
-985
-933
-632
-22
874
1867
2767
3475
4007
4422
4516
4100
3241
2159
999
-260
-1476
-2475
-3198
-3647
-3755
-3422
-2763
-2038
-1392
-840
-403
-119
-24
-126
-377
-689
-983
-1200
-1185
-820
-197
479
1179
1932
2659
3268
3692
4006
4144
4072
3851
3563
3262
2885
2483
2169
2037
2129
2416
2747
2845
2576
1979
1134
34
-1358
-2915
-4491
-5983
-7288
-8347
-8977
-9066
-8648
-7826
-6678
-5179
-3450
-1752
-269
948
1915
2623
3037
3171
3094
2876
2634
2489
2582
2956
3504
4013
4325
4497
4638
4708
4445
3735
2689
1438
22
-1515
-2972
-4191
-5176
-5967
-6484
-6559
-6156
-5445
-4567
-3565
-2459
-1365
-435
241
656
875
1033
1197
1380
1633
2003
2448
2921
3478
4173
4865
5305
5428
5309
5007
4501
3759
2817
1761
753
-115
-833
-1345
-1562
-1466
-1147
-658
17
643
908
677
116
-555
-1410
-2481
-3666
-4806
-5807
-6586
-6944
-6711
-6022
-5045
-3856
-2459
-885
680
2052
3039
3591
3864
3885
3568
2917
2156
1530
1074
775
708
878
1166
1461
1752
2093
2390
2443
2109
1401
501
-504
-1646
-2883
-4037
-4964
-5630
-5875
-5566
-4839
-3908
-2861
-1658
-351
937
2058
2790
3028
2973
2856
2672
2315
1809
1385
1148
1081
1219
1551
1991
2348
2586
2772
2881
2820
2458
1779
920
13
-853
-1631
-2239
-2604
-2749
-2576
-1929
-784
568
1795
2872
3783
4362
4385
3879
2960
1689
248
-1222
-2713
-4112
-5218
-5911
-6151
-5846
-5042
-4058
-3059
-1959
-817
83
652
972
1105
1005
668
192
-301
-709
-990
-1099
-884
-293
558
1420
2208
2945
3606
4000
3945
3507
2823
1973
917
-298
-1521
-2614
-3523
-4156
-4374
-4116
-3583
-3014
-2430
-1628
-581
393
1061
1462
1762
1905
1788
1515
1237
979
666
399
366
609
987
1351
1678
2018
2401
2722
2805
2558
2084
1542
965
302
-428
-1057
-1461
-1606
-1454
-987
-291
457
1216
2010
2871
3690
4197
4174
3580
2583
1331
-135
-1716
-3335
-4901
-6245
-7222
-7652
-7542
-6985
-6142
-5078
-3720
-2120
-575
584
1279
1654
1803
1663
1287
853
424
-5
-297
-179
347
1086
1893
2740
3553
4237
4758
4899
4486
3624
2610
1472
32
-1547
-2928
-3996
-4853
-5367
-5243
-4563
-3737
-2911
-1804
-369
997
1959
2560
2991
3152
2893
2317
1644
1042
463
-49
-294
-172
222
732
1291
1895
2433
2759
2814
2609
2236
1724
1056
190
-804
-1775
-2558
-3080
-3314
-3268
-3002
-2498
-1723
-648
632
1952
3141
4034
4591
4847
4785
4276
3288
1993
576
-884
-2311
-3534
-4481
-5202
-5616
-5542
-5030
-4340
-3652
-2939
-2195
-1476
-840
-458
-410
-594
-821
-1052
-1261
-1322
-1198
-931
-474
290
1325
2442
3448
4275
4969
5518
5807
5656
5019
3991
2696
1310
-17
-1191
-2209
-3069
-3643
-3815
-3620
-3202
-2663
-1990
-1246
-534
4
278
351
348
272
-8
-379
-639
-786
-919
-926
-583
9
630
1216
1824
2412
2912
3234
3332
3145
2714
2100
1303
398
-463
-1174
-1772
-2263
-2497
-2371
-1990
-1509
-962
-281
517
1366
2181
2889
3416
3725
3730
3368
2635
1670
621
-491
-1611
-2684
-3679
-4545
-5184
-5379
-5084
-4520
-3918
-3376
-2720
-1883
-1011
-327
34
157
220
276
296
240
187
252
460
849
1441
2160
2833
3368
3818
4208
4419
4305
3859
3174
2305
1286
147
-999
-2060
-3045
-3870
-4405
-4506
-4254
-3842
-3337
-2665
-1761
-785
60
723
1236
1555
1655
1643
1580
1400
1102
841
742
690
599
535
613
822
1024
1110
1066
932
773
559
233
-233
-792
-1359
-1860
-2224
-2425
-2469
-2370
-2141
-1763
-1229
-547
307
1261
2186
2956
3558
4038
4408
4667
4749
4632
4323
3864
3234
2387
1364
236
-942
-2098
-3129
-3962
-4621
-5160
-5481
-5500
-5287
-4996
-4686
-4287
-3742
-3091
-2410
-1735
-1060
-407
134
584
1068
1638
2213
2723
3195
3697
4192
4504
4572
4471
4313
4004
3457
2739
1969
1122
152
-864
-1804
-2572
-3189
-3647
-3920
-4032
-4007
-3858
-3538
-3022
-2403
-1756
-1109
-490
97
651
1149
1562
1836
2017
2160
2266
2286
2193
2024
1827
1577
1292
1000
656
247
-176
-542
-856
-1126
-1350
-1584
-1860
-2057
-2061
-1944
-1799
-1676
-1511
-1250
-820
-204
447
1037
1622
2276
2903
3462
3997
4438
4624
4576
4521
4468
4203
3649
2876
1964
938
-130
-1198
-2314
-3451
-4439
-5232
-5884
-6340
-6494
-6373
-6121
-5727
-5042
-4112
-3176
-2382
-1626
-695
317
1142
1734
2248
2779
3217
3542
3828
3988
3907
3676
3523
3451
3268
2850
2268
1635
1004
404
-196
-879
-1674
-2477
-3101
-3515
-3803
-3958
-3901
-3612
-3173
-2600
-1907
-1175
-428
360
1144
1809
2288
2667
2920
2987
2949
2872
2736
2393
1872
1337
860
437
-9
-511
-1020
-1430
-1677
-1812
-1926
-1967
-1923
-1870
-1792
-1599
-1301
-1056
-874
-613
-217
216
634
1035
1430
1854
2311
2800
3291
3726
4025
4161
4174
4060
3789
3398
2970
2504
1900
1130
210
-802
-1902
-3067
-4210
-5203
-5960
-6477
-6792
-6904
-6777
-6424
-5854
-5109
-4207
-3196
-2168
-1169
-179
839
1861
2801
3568
4178
4637
4924
4996
4868
4643
4374
4079
3714
3236
2652
2024
1395
724
1
-736
-1452
-2151
-2813
-3366
-3801
-4151
-4415
-4523
-4402
-4082
-3582
-2930
-2175
-1339
-443
496
1397
2225
3021
3730
4284
4571
4647
4581
4390
4060
3549
2842
1988
1088
255
-510
-1279
-2032
-2688
-3177
-3467
-3584
-3580
-3493
-3304
-2967
-2499
-1959
-1430
-961
-522
-37
489
1016
1543
2072
2536
2911
3255
3578
3793
3884
3927
3916
3749
3400
2949
2414
1788
1118
501
-137
-904
-1769
-2639
-3470
-4262
-4989
-5649
-6197
-6545
-6580
-6344
-5927
-5338
-4585
-3643
-2546
-1314
-23
1220
2332
3318
4194
4908
5409
5692
5800
5686
5348
4869
4323
3659
2885
2079
1300
514
-307
-1074
-1762
-2387
-2993
-3526
-3884
-4097
-4274
-4405
-4442
-4351
-4134
-3689
-3014
-2237
-1399
-444
607
1583
2441
3233
3996
4653
5151
5462
5560
5431
5076
4560
3903
3096
2166
1148
112
-930
-1943
-2884
-3690
-4313
-4813
-5205
-5439
-5460
-5265
-4883
-4306
-3610
-2888
-2132
-1311
-427
462
1288
1996
2620
3211
3744
4105
4278
4356
4351
4224
4000
3756
3479
3102
2629
2112
1561
985
415
-90
-551
-975
-1321
-1541
-1711
-1957
-2251
-2477
-2642
-2848
-3110
-3272
-3242
-3047
-2775
-2514
-2202
-1793
-1242
-620
54
780
1470
2010
2364
2639
2873
2965
2826
2506
2109
1635
1068
504
-1
-499
-1045
-1541
-1831
-1912
-1919
-1928
-1916
-1851
-1751
-1651
-1574
-1564
-1572
-1503
-1276
-967
-653
-364
-26
376
799
1194
1548
1898
2240
2548
2750
2806
2750
2675
2585
2423
2116
1675
1146
564
-27
-611
-1176
-1701
-2125
-2433
-2664
-2859
-2949
-2856
-2624
-2357
-2105
-1786
-1370
-947
-604
-298
63
444
754
977
1206
1456
1671
1839
1971
2097
2201
2265
2275
2199
2073
1968
1875
1697
1407
1070
765
478
209
-18
-223
-366
-432
-404
-332
-293
-324
-410
-547
-774
-1084
-1440
-1743
-2009
-2251
-2434
-2540
-2519
-2411
-2250
-2001
-1668
-1257
-803
-330
148
581
953
1261
1457
1565
1638
1661
1592
1443
1292
1131
904
672
533
472
403
303
239
226
198
138
57
-12
-124
-307
-545
-781
-971
-1117
-1219
-1287
-1300
-1227
-1039
-717
-342
-14
294
617
950
1209
1417
1578
1601
1422
1098
716
327
-57
-429
-770
-1060
-1281
-1390
-1373
-1282
-1164
-1054
-905
-734
-580
-442
-341
-265
-196
-150
-121
-67
54
193
280
367
567
840
1082
1244
1392
1537
1579
1533
1466
1399
1259
1067
875
711
552
429
336
234
158
152
193
234
282
361
462
494
425
253
26
-255
-610
-1014
-1409
-1775
-2087
-2298
-2393
-2422
-2400
-2289
-2056
-1701
-1249
-718
-176
330
750
1066
1290
1451
1525
1466
1320
1157
974
730
449
219
74
-1
-62
-121
-143
-76
-7
-39
-186
-350
-446
-536
-673
-849
-1014
-1154
-1255
-1296
-1206
-987
-690
-344
43
490
952
1358
1663
1839
1923
1933
1854
1661
1425
1171
852
431
-53
-489
-874
-1189
-1421
-1528
-1542
-1530
-1516
-1488
-1447
-1395
-1281
-1067
-805
-556
-295
-13
246
457
681
970
1246
1466
1678
1907
2086
2135
2131
2118
2040
1846
1578
1309
1007
654
291
-34
-339
-651
-920
-1077
-1149
-1201
-1236
-1167
-997
-801
-633
-456
-228
-43
6
-59
-121
-154
-251
-421
-606
-760
-901
-1015
-1054
-1016
-945
-806
-570
-288
-52
114
274
422
512
544
542
504
407
273
146
43
-41
-115
-225
-360
-436
-395
-274
-157
-47
61
150
244
337
408
440
450
499
518
480
364
240
183
176
168
125
125
158
153
81
42
87
111
43
-56
-122
-196
-344
-528
-729
-944
-1126
-1206
-1189
-1149
-1096
-999
-839
-585
-271
-6
155
307
533
758
868
885
872
833
812
807
800
730
643
645
681
617
444
320
319
315
242
170
156
108
-15
-159
-288
-381
-438
-442
-401
-361
-318
-253
-133
60
286
505
693
831
935
1010
1038
1014
908
710
430
116
-154
-411
-661
-888
-1064
-1183
-1241
-1247
-1234
-1214
-1117
-918
-711
-544
-405
-244
-88
43
140
230
323
361
308
210
165
149
145
145
177
207
197
197
203
200
152
97
72
49
0
-105
-242
-391
-504
-554
-542
-461
-323
-145
21
186
351
510
695
872
968
945
861
780
681
559
436
313
140
-86
-305
-466
-581
-693
-818
-931
-988
-1002
-1001
-996
-961
-877
-755
-636
-531
-428
-270
-105
49
205
394
585
723
822
894
912
920
969
1031
1036
950
838
695
529
361
226
124
43
-34
-152
-288
-376
-375
-372
-391
-360
-235
-76
33
109
201
336
492
645
735
722
637
571
564
553
492
388
270
139
-35
-240
-455
-667
-830
-988
-1148
-1292
-1343
-1302
-1282
-1263
-1187
-1041
-928
-847
-739
-570
-353
-102
184
436
612
717
782
852
931
1011
1037
983
912
861
822
724
587
436
275
89
-98
-235
-365
-510
-676
-837
-1008
-1169
-1222
-1182
-1137
-1130
-1108
-1010
-829
-600
-372
-170
-8
133
247
366
481
536
486
355
251
227
269
290
290
351
494
651
769
845
903
964
1036
1068
1023
925
811
692
585
493
386
276
215
220
235
202
107
-6
-94
-124
-142
-163
-179
-192
-217
-265
-304
-353
-396
-405
-380
-365
-379
-373
-331
-319
-328
-325
-297
-328
-430
-480
-431
-398
-496
-662
-730
-674
-581
-511
-459
-412
-345
-234
-91
68
244
402
500
572
654
680
604
518
478
418
253
61
-72
-135
-165
-174
-157
-147
-206
-321
-417
-416
-347
-262
-177
-151
-180
-242
-274
-255
-194
-103
-56
-51
10
162
336
439
495
549
572
561
542
532
503
425
309
172
26
-96
-182
-281
-390
-474
-479
-425
-393
-361
-324
-248
-160
-82
-25
-10
-12
6
40
68
70
96
189
327
407
365
297
287
348
412
469
533
551
532
512
518
538
533
486
409
337
252
129
-9
-103
-109
-55
9
27
14
37
69
41
-63
-173
-229
-252
-270
-294
-350
-398
-421
-436
-474
-534
-580
-594
-542
-453
-399
-452
-517
-458
-308
-176
-78
52
172
210
212
252
270
199
114
43
-16
-52
-39
16
18
-28
-116
-211
-264
-257
-217
-199
-197
-206
-243
-312
-369
-366
-329
-275
-210
-169
-211
-248
-144
55
194
211
222
283
399
539
648
698
680
660
649
631
562
446
313
170
52
-29
-57
-82
-97
-94
-92
-101
-71
30
152
203
190
169
187
208
204
205
193
180
164
190
227
238
219
187
148
83
-30
-206
-377
-465
-486
-503
-560
-603
-592
-508
-430
-405
-376
-270
-136
-49
-26
-21
-7
25
95
125
97
1
-103
-170
-149
-60
-9
19
131
326
443
413
369
378
392
364
346
347
293
143
-40
-193
-310
-394
-411
-356
-313
-339
-405
-410
-363
-319
-303
-289
-277
-250
-164
-33
44
29
-13
-17
8
13
1
-4
-18
-42
-56
-53
-88
-159
-181
-76
90
239
310
316
348
408
439
371
293
244
153
6
-92
-91
-71
-81
-68
-7
94
217
327
378
329
245
191
181
173
129
74
32
17
43
79
73
32
18
60
111
132
131
130
107
62
10
-26
-60
-99
-114
-96
-75
-84
-127
-158
-154
-131
-119
-121
-123
-109
-51
41
103
100
72
50
47
71
116
133
92
15
-48
-100
-184
-256
-273
-253
-268
-328
-348
-323
-280
-227
-175
-162
-207
-220
-191
-145
-143
-138
-101
-56
-3
59
127
179
236
314
380
366
312
279
290
283
233
157
82
-1
-90
-169
-232
-281
-315
-310
-320
-355
-380
-324
-217
-169
-201
-259
-266
-228
-185
-152
-124
-71
1
76
139
186
255
368
479
515
462
399
341
258
185
168
183
184
170
167
120
33
5
81
190
219
202
210
236
256
278
335
381
339
218
69
-14
-52
-59
-63
-99
-159
-257
-332
-385
-408
-393
-367
-319
-292
-293
-289
-220
-111
-77
-132
-173
-130
-99
-124
-149
-124
-69
-39
-42
-78
-64
23
117
139
129
154
199
250
263
228
151
116
143
147
97
33
-13
-41
-64
-66
-80
-127
-166
-182
-176
-167
-141
-109
-120
-163
-200
-206
-218
-230
-240
-264
-295
-279
-217
-172
-138
-67
35
104
159
235
280
286
291
317
314
279
271
290
297
276
239
221
239
270
284
263
248
267
301
309
268
211
186
178
150
99
25
-49
-121
-169
-202
-209
-160
-57
12
-9
-76
-118
-123
-136
-140
-128
-126
-149
-165
-149
-162
-207
-220
-156
-83
-58
-74
-109
-141
-140
-107
-78
-76
-68
-47
-20
13
51
81
78
91
113
111
71
70
123
144
56
-86
-144
-72
42
81
83
100
127
112
89
77
-3
-164
-317
-365
-360
-373
-384
-347
-269
-212
-184
-157
-101
-27
18
-16
-111
-193
-201
-151
-107
-106
-132
-165
-164
-87
24
75
49
37
109
190
225
222
192
151
83
41
54
104
143
116
73
69
120
157
132
103
150
232
241
176
116
110
125
140
145
129
114
101
66
10
-22
21
103
144
125
91
100
114
99
58
41
49
80
128
184
236
239
173
53
-12
20
39
-11
-47
-14
20
-4
-35
-74
-155
-231
-247
-233
-240
-281
-322
-354
-357
-309
-242
-199
-201
-239
-230
-149
-39
40
63
92
103
96
74
75
96
90
60
12
-50
-125
-151
-114
-62
-56
-70
-32
54
99
35
-97
-205
-232
-219
-209
-214
-180
-74
32
68
0
-73
-69
16
110
171
197
208
219
265
317
322
306
333
399
454
462
422
348
282
283
306
289
201
89
-14
-76
-55
25
48
-43
-168
-218
-218
-205
-196
-197
-196
-170
-147
-196
-265
-262
-192
-154
-139
-102
-50
-6
36
78
54
-14
-22
58
129
110
42
-9
-28
-41
-87
-165
-221
-239
-267
-321
-325
-257
-186
-142
-119
-106
-106
-76
-20
27
77
130
185
230
270
286
210
96
27
20
7
-69
-140
-143
-93
-44
-28
-7
25
67
71
15
-69
-120
-110
-93
-107
-140
-151
-136
-108
-82
-47
5
60
111
158
194
217
218
222
224
216
224
239
244
211
173
162
151
116
60
-8
-63
-92
-92
-72
-70
-57
-6
61
65
1
-46
-35
4
18
10
-25
-64
-102
-144
-169
-162
-121
-88
-69
-43
14
92
140
146
127
134
139
116
126
170
186
136
77
62
86
90
95
102
86
38
-19
-19
12
-7
-67
-90
-64
-24
-41
-97
-170
-198
-160
-144
-165
-210
-212
-191
-148
-101
-117
-201
-267
-232
-188
-203
-237
-187
-79
-2
19
8
1
8
28
48
24
-9
-14
14
50
81
102
85
8
-75
-104
-83
-38
16
84
91
16
-103
-157
-126
-50
9
-23
-94
-123
-80
-43
-49
-6
96
172
166
136
122
117
99
104
168
252
285
245
213
240
282
261
182
86
32
35
88
145
156
136
93
58
34
39
76
101
74
-8
-36
-2
2
-128
-289
-333
-274
-193
-126
-48
1
-5
-28
-16
18
19
-10
-49
-71
-89
-83
-61
-64
-102
-157
-192
-198
-160
-77
9
47
40
22
30
74
128
160
175
188
194
142
73
31
30
44
45
47
38
42
81
136
124
45
-25
-44
-50
-124
-217
-270
-254
-224
-231
-238
-192
-159
-200
-242
-178
-44
17
5
13
50
89
123
124
81
3
-44
-50
-33
9
52
93
155
220
257
240
208
183
152
105
63
34
-9
-96
-162
-180
-188
-222
-229
-164
-96
-63
-58
-54
-63
-71
-56
-31
15
56
86
83
83
115
152
157
110
85
114
163
162
121
82
40
-5
-10
13
24
-28
-83
-111
-78
-33
-30
-60
-97
-87
-63
-46
-41
-20
21
55
90
138
185
208
225
258
272
254
258
267
233
160
133
161
166
103
-13
-132
-199
-203
-188
-215
-298
-386
-428
-415
-379
-362
-379
-388
-327
-231
-178
-149
-96
-31
-38
-45
17
86
100
106
207
315
313
220
160
171
182
124
13
-59
-61
-26
-10
-22
-54
-86
-114
-144
-178
-203
-184
-169
-187
-222
-250
-245
-205
-125
-24
54
82
61
68
131
194
207
203
206
193
169
189
239
269
279
298
319
296
253
226
225
198
147
129
156
140
47
-37
-63
-62
-79
-91
-129
-175
-196
-170
-136
-119
-108
-115
-115
-89
-42
-3
22
38
59
86
116
112
89
105
148
148
89
44
56
42
-22
-96
-122
-139
-208
-293
