-8
-2
18
33
20
-12
-31
-19
-6
-20
-53
-42
80
212
176
-5
-129
-85
-5
27
8
-60
-145
-166
-91
11
30
-9
-62
-59
-16
9
3
-10
-14
-16
-21
-23
4
35
77
104
117
121
124
95
16
-49
-30
29
29
-12
-29
17
103
127
71
-8
-11
23
16
2
10
27
11
-4
9
16
1
-29
-32
-12
29
69
80
56
34
55
82
71
36
24
43
79
166
205
136
21
-3
83
125
110
89
79
99
93
76
69
77
83
45
12
0
-56
-136
-180
-151
-90
-82
-105
-143
-148
-143
-144
-126
-88
-52
-51
-96
-134
-144
-110
-73
-60
-53
-68
-66
-52
-28
-16
-23
-6
11
17
-13
-50
-57
-26
16
0
-46
-70
-40
4
-12
-74
-105
-74
-13
12
5
-8
-26
-37
-36
-20
-3
28
49
37
22
39
52
12
-59
-111
-99
-36
33
57
40
14
9
11
19
9
-12
-27
-24
-20
-24
-26
-16
13
28
28
18
24
50
70
90
108
109
84
51
55
75
78
52
44
74
102
106
73
16
-14
6
55
73
63
63
67
71
71
83
104
114
102
70
54
56
55
45
45
62
80
65
19
-22
-38
-25
-2
24
26
3
-31
-43
-39
-47
-84
-116
-94
-48
-39
-80
-109
-97
-92
-107
-117
-106
-83
-74
-78
-93
-118
-134
-133
-108
-89
-118
-152
-140
-102
-92
-130
-145
-110
-71
-75
-101
-97
-62
-39
-52
-65
-57
-40
-46
-49
-18
15
-5
-44
-22
34
62
22
-3
22
58
54
36
45
63
53
22
14
29
44
53
65
87
98
68
25
7
27
47
59
60
42
15
1
19
45
69
79
83
94
109
118
110
99
99
115
132
125
104
93
102
108
106
100
99
105
127
148
132
104
93
120
132
100
46
10
6
11
27
51
72
62
48
51
45
-2
-28
-6
17
-7
-39
-26
-11
-35
-78
-96
-105
-128
-130
-101
-102
-141
-158
-124
-104
-117
-127
-132
-150
-167
-159
-145
-142
-136
-128
-125
-138
-140
-131
-127
-123
-110
-83
-74
-86
-99
-100
-88
-68
-55
-59
-68
-47
5
38
23
-5
0
17
18
13
32
47
44
37
35
26
15
17
40
44
39
34
38
41
37
32
26
31
42
38
15
9
20
38
44
64
66
36
25
56
76
52
59
117
136
55
-12
3
36
19
-18
-14
9
27
39
71
122
169
178
156
143
166
214
235
228
193
158
147
167
212
258
265
216
161
145
161
136
68
16
-13
-11
4
21
15
-31
-74
-117
-167
-219
-274
-297
-295
-273
-255
-241
-233
-255
-275
-253
-210
-213
-247
-245
-204
-182
-162
-148
-144
-153
-149
-103
-42
21
58
75
65
42
28
54
79
59
13
8
31
20
-29
-56
-64
-84
-101
-94
-71
-80
-99
-117
-123
-114
-88
-46
-12
1
0
0
11
28
64
117
153
152
155
199
256
280
269
264
282
315
349
374
388
398
407
416
401
364
350
365
398
414
425
416
349
206
27
-116
-190
-183
-141
-150
-240
-388
-538
-666
-761
-770
-715
-662
-653
-673
-712
-766
-773
-690
-590
-549
-511
-380
-209
-94
-44
-23
7
51
170
355
523
607
571
465
378
386
502
633
667
596
489
418
370
318
276
229
153
60
5
-1
-13
-76
-183
-301
-374
-411
-401
-359
-305
-280
-316
-374
-408
-371
-308
-266
-285
-333
-348
-322
-241
-159
-98
-63
-44
-24
-13
30
107
164
162
155
206
288
346
382
397
376
324
325
394
483
548
563
562
560
595
680
776
827
823
782
751
756
798
845
862
813
666
433
172
-18
-121
-151
-173
-243
-433
-748
-1116
-1412
-1560
-1555
-1461
-1414
-1473
-1591
-1666
-1654
-1595
-1507
-1347
-1094
-792
-527
-319
-143
9
144
324
606
920
1171
1314
1312
1172
1011
988
1124
1295
1381
1320
1105
842
610
455
361
307
233
45
-237
-503
-695
-865
-1036
-1171
-1196
-1135
-1043
-950
-918
-972
-1084
-1150
-1069
-852
-588
-395
-279
-181
-70
68
258
518
767
919
964
989
1039
1094
1108
1080
1041
994
962
955
929
808
633
514
521
582
629
641
618
567
495
448
449
504
594
677
743
797
744
475
26
-389
-559
-472
-280
-254
-586
-1221
-1893
-2316
-2327
-2037
-1736
-1677
-1888
-2144
-2273
-2169
-1830
-1361
-920
-631
-468
-294
-51
193
398
618
954
1356
1727
1945
1907
1635
1314
1197
1392
1758
1959
1742
1151
520
134
53
179
332
335
43
-487
-993
-1232
-1191
-1086
-1065
-1124
-1183
-1232
-1254
-1237
-1212
-1211
-1211
-1093
-805
-443
-225
-226
-312
-258
51
517
983
1225
1184
969
836
946
1205
1420
1466
1371
1173
939
765
718
744
752
724
693
669
639
591
561
588
676
773
842
874
860
803
675
429
41
-341
-528
-513
-457
-551
-919
-1532
-2147
-2447
-2292
-1901
-1633
-1727
-2101
-2412
-2414
-2093
-1611
-1140
-817
-638
-512
-317
-26
311
665
1020
1391
1715
1861
1772
1547
1356
1320
1455
1670
1785
1587
1097
573
230
126
165
258
257
-8
-490
-941
-1128
-1036
-836
-733
-819
-1048
-1291
-1402
-1340
-1126
-877
-687
-610
-598
-535
-322
-2
288
479
575
629
668
765
965
1180
1249
1184
1147
1176
1110
897
677
553
507
519
551
499
320
146
96
177
319
483
583
558
483
478
595
767
903
805
387
-208
-642
-683
-455
-262
-428
-1003
-1772
-2361
-2488
-2155
-1692
-1514
-1761
-2209
-2434
-2220
-1671
-1070
-674
-489
-410
-322
-134
197
671
1176
1593
1847
1900
1792
1667
1662
1765
1887
1925
1821
1555
1190
863
630
496
416
320
157
-107
-463
-816
-1005
-953
-809
-773
-954
-1241
-1461
-1481
-1288
-1007
-821
-848
-1000
-1037
-815
-417
-77
82
137
196
319
480
694
898
1010
1045
1065
1101
1071
986
930
949
965
921
836
751
661
551
430
315
276
349
456
468
449
492
575
611
612
569
303
-215
-711
-859
-688
-511
-637
-1147
-1879
-2468
-2560
-2152
-1646
-1542
-1896
-2402
-2608
-2368
-1813
-1213
-784
-557
-499
-441
-227
201
751
1276
1689
1885
1829
1662
1661
1955
2318
2458
2250
1860
1527
1365
1314
1236
1052
747
391
44
-233
-453
-622
-749
-869
-999
-1166
-1361
-1529
-1561
-1426
-1248
-1184
-1297
-1440
-1457
-1265
-930
-566
-271
-129
-63
91
394
731
975
1139
1259
1356
1470
1618
1719
1671
1482
1286
1176
1153
1142
1093
998
861
703
581
564
636
692
645
528
405
315
291
302
121
-355
-937
-1242
-1166
-984
-1011
-1423
-2116
-2755
-2953
-2633
-2123
-1909
-2120
-2515
-2757
-2606
-2101
-1489
-1053
-894
-857
-743
-461
-25
498
1023
1452
1692
1760
1784
1913
2224
2565
2664
2441
2078
1864
1875
1968
1901
1549
1065
669
481
430
337
107
-228
-522
-716
-875
-1034
-1199
-1344
-1449
-1514
-1569
-1660
-1733
-1698
-1537
-1317
-1132
-995
-871
-704
-448
-128
205
482
674
808
930
1101
1322
1525
1615
1573
1491
1490
1587
1702
1721
1626
1474
1307
1184
1184
1301
1356
1183
880
666
657
766
778
474
-183
-900
-1309
-1274
-1037
-1021
-1435
-2154
-2822
-3081
-2839
-2387
-2206
-2505
-2990
-3252
-3076
-2559
-1988
-1608
-1479
-1467
-1327
-971
-424
213
822
1255
1383
1339
1390
1688
2172
2580
2641
2383
2094
2062
2264
2449
2389
2011
1475
1041
860
899
932
741
308
-201
-585
-784
-812
-801
-921
-1262
-1699
-2003
-2067
-1938
-1736
-1603
-1635
-1759
-1804
-1585
-1113
-577
-234
-190
-210
-17
403
854
1176
1384
1525
1616
1718
1876
2082
2240
2253
2110
1890
1735
1764
1922
2038
1942
1623
1291
1163
1245
1356
1277
848
158
-520
-859
-834
-741
-881
-1420
-2178
-2837
-3093
-2912
-2542
-2413
-2737
-3281
-3657
-3593
-3109
-2429
-1942
-1892
-2037
-1942
-1472
-830
-232
221
478
539
602
911
1447
1945
2177
2160
2049
1989
2116
2455
2799
2805
2388
1866
1637
1767
1933
1893
1623
1164
593
90
-104
-39
-64
-409
-1000
-1533
-1771
-1711
-1555
-1558
-1776
-2122
-2365
-2323
-1992
-1614
-1431
-1445
-1487
-1378
-1014
-406
196
475
408
339
559
1026
1519
1867
1988
1917
1855
1945
2174
2418
2571
2555
2340
2074
1910
1889
1917
1851
1644
1239
709
242
-26
-79
-119
-359
-901
-1568
-2038
-2160
-2107
-2141
-2372
-2731
-2981
-3035
-2916
-2730
-2559
-2447
-2444
-2431
-2236
-1844
-1423
-1133
-992
-899
-724
-392
71
505
769
855
900
1063
1402
1830
2182
2319
2211
1984
1883
2010
2243
2329
2151
1776
1397
1220
1258
1315
1204
884
448
42
-206
-273
-318
-459
-701
-996
-1266
-1369
-1246
-1085
-1144
-1378
-1569
-1585
-1404
-1092
-796
-721
-803
-803
-579
-211
144
353
424
472
620
879
1170
1381
1435
1368
1324
1407
1545
1635
1635
1540
1337
1100
916
801
704
588
406
72
-356
-673
-745
-705
-738
-973
-1346
-1635
-1666
-1491
-1416
-1551
-1757
-1905
-1962
-1876
-1613
-1339
-1226
-1224
-1145
-939
-654
-323
-59
25
-36
-46
144
522
917
1114
1065
944
926
995
1106
1185
1189
1061
890
814
844
891
854
727
513
275
99
86
162
134
-76
-319
-410
-369
-263
-180
-199
-360
-510
-452
-244
-101
-135
-292
-450
-456
-276
-47
45
-5
-51
-53
10
167
394
569
596
543
510
517
577
685
799
842
752
581
456
478
626
720
626
377
156
117
181
223
129
-105
-413
-674
-771
-764
-819
-1028
-1311
-1454
-1372
-1219
-1142
-1177
-1234
-1239
-1164
-980
-743
-557
-519
-577
-524
-233
166
418
468
445
422
442
523
671
805
847
834
790
720
679
675
651
569
443
347
261
167
67
-3
-36
-70
-144
-249
-325
-345
-337
-359
-443
-537
-545
-438
-295
-260
-326
-406
-419
-349
-251
-152
-83
-20
59
138
222
306
395
470
526
563
609
647
625
546
488
535
636
721
759
775
762
729
700
706
742
756
712
589
401
197
30
-75
-146
-234
-353
-480
-579
-660
-749
-842
-921
-974
-1028
-1088
-1138
-1169
-1167
-1100
-946
-774
-689
-682
-615
-411
-169
11
93
151
248
407
579
654
635
590
589
622
642
638
593
491
355
235
152
88
16
-31
-14
50
94
56
-23
-106
-194
-276
-322
-326
-325
-321
-273
-213
-188
-204
-223
-226
-204
-143
-83
-51
-48
-39
2
83
166
214
235
266
315
319
298
303
366
452
498
498
510
557
600
596
570
576
584
572
545
530
510
428
291
140
59
53
46
-29
-177
-326
-401
-434
-492
-605
-750
-872
-952
-978
-998
-1034
-1047
-1008
-968
-937
-881
-804
-738
-676
-556
-395
-256
-149
-64
5
66
156
255
316
319
315
335
371
401
422
450
479
479
410
285
149
50
19
78
157
155
48
-39
-25
28
4
-70
-86
-32
39
89
167
253
295
276
266
303
337
319
279
249
245
229
191
132
77
62
63
82
117
146
137
106
84
94
122
168
202
224
275
288
218
144
131
147
126
157
261
332
318
261
200
140
105
121
166
157
41
-116
-203
-231
-325
-479
-589
-628
-676
-773
-854
-862
-800
-745
-713
-687
-619
-521
-420
-319
-275
-271
-276
-250
-207
-141
-30
69
112
115
110
99
60
35
37
47
9
-84
-155
-139
-96
-110
-136
-112
-54
15
123
240
281
248
251
340
446
506
500
506
545
623
694
726
678
539
418
392
445
439
360
274
209
132
47
-16
-86
-185
-248
-230
-212
-232
-249
-240
-255
-269
-193
-84
-53
-145
-208
-132
26
116
44
-59
-56
34
122
171
208
250
255
282
356
435
418
275
145
103
82
-2
-74
-77
-87
-190
-317
-343
-324
-314
-353
-396
-428
-444
-411
-362
-299
-254
-207
-161
-159
-209
-277
-300
-266
-237
-213
-187
-173
-198
-243
-216
-133
-43
-36
-134
-274
-372
-328
-248
-202
-154
-50
70
104
85
73
75
90
147
238
317
351
362
403
459
487
462
401
348
324
316
295
274
260
207
93
-13
-25
13
37
52
68
64
24
-7
-17
-25
-17
-11
10
57
120
170
197
256
325
363
347
306
269
233
206
179
162
167
171
179
178
173
187
193
174
74
-63
-166
-200
-232
-329
-444
-483
-452
-446
-484
-509
-501
-474
-420
-366
-347
-381
-400
-371
-294
-212
-168
-182
-212
-214
-216
-245
-296
-301
-266
-225
-210
-218
-212
-181
-129
-78
-15
45
67
51
61
125
179
174
157
149
125
132
219
345
383
340
281
221
172
159
165
130
88
84
103
56
-41
-117
-119
-69
-35
-36
-49
-36
-4
25
47
94
146
179
179
193
270
373
451
443
380
334
351
402
433
431
408
378
377
373
307
198
121
123
141
121
41
-73
-161
-206
-238
-298
-343
-354
-351
-352
-323
-267
-276
-361
-422
-395
-354
-358
-368
-329
-275
-244
-219
-177
-128
-116
-145
-150
-83
8
48
28
-6
-25
-31
6
62
54
-22
-68
-12
52
42
31
66
101
85
49
38
68
126
183
158
67
-16
-58
-51
-21
44
99
119
116
86
61
53
75
77
16
-70
-130
-145
-132
-102
-67
-66
-93
-93
-10
95
158
156
139
140
140
163
204
259
291
290
273
263
290
342
339
262
168
128
154
185
186
123
22
-63
-110
-136
-177
-238
-294
-325
-354
-382
-415
-401
-351
-336
-367
-422
-413
-365
-332
-325
-335
-344
-342
-299
-210
-142
-125
-90
5
101
133
127
133
141
145
172
218
245
244
231
187
127
98
93
60
-13
-70
-92
-100
-101
-116
-153
-196
-221
-198
-147
-73
-10
-1
-38
-80
-87
-46
34
111
151
159
177
173
126
96
149
250
289
264
254
362
541
669
618
445
313
296
363
407
386
325
254
201
167
155
163
182
192
163
99
38
5
-34
-86
-124
-136
-143
-157
-151
-146
-214
-304
-370
-363
-329
-318
-337
-393
-410
-360
-283
-248
-301
-425
-529
-531
-449
-372
-329
-252
-114
33
100
97
86
123
190
217
186
113
53
52
112
177
189
127
13
-77
-110
-91
-83
-92
-96
-104
-89
-43
-1
-39
-102
-118
-89
-74
-112
-164
-208
-203
-146
-88
-53
-37
-1
54
89
99
89
88
128
200
251
241
212
240
310
358
350
333
364
394
377
324
288
293
308
304
288
269
262
252
215
171
135
101
53
7
-13
-41
-81
-117
-143
-194
-254
-255
-228
-244
-310
-350
-331
-316
-324
-333
-330
-320
-293
-264
-255
-277
-287
-263
-219
-174
-136
-77
-3
47
49
29
24
22
28
38
77
150
211
194
99
10
-23
-32
-45
-48
-27
-26
-57
-77
-68
-68
-125
-187
-193
-169
-164
-156
-101
-43
-35
-47
-24
41
113
160
180
197
207
199
186
204
256
264
221
160
107
74
70
119
171
191
183
162
137
107
93
107
139
159
130
71
40
66
112
126
106
90
84
64
33
16
28
48
53
48
46
61
44
6
-21
-7
-21
-68
-101
-118
-151
-204
-199
-158
-136
-154
-156
-135
-139
-169
-189
-179
-164
-160
-147
-118
-103
-115
-131
-111
-66
-39
27
176
329
344
183
-12
-120
-137
-153
-237
-369
-452
-435
-377
-322
-251
-161
-108
-134
-198
-221
-154
-18
125
205
170
50
-54
21
211
371
388
309
240
204
164
101
93
199
307
292
236
225
208
124
45
-1
-100
-173
-106
51
124
58
-26
-96
-86
39
197
289
287
251
216
193
233
293
304
233
118
28
-13
32
102
131
96
8
-60
-115
-169
-230
-298
-326
-323
-291
-259
-240
-250
-298
-350
-407
-430
-411
-359
-295
-258
-247
-262
-225
-115
-21
-49
-161
-204
-148
-61
-21
-17
-26
-58
-92
-77
4
105
151
118
45
0
36
150
248
261
211
176
178
197
216
228
220
205
226
251
249
252
309
350
266
108
22
73
158
193
171
129
93
61
87
168
269
311
305
342
466
611
641
532
411
351
344
381
470
511
355
91
-69
-43
14
-17
-150
-355
-537
-645
-645
-615
-633
-729
-893
-1013
-1018
-933
-846
-798
-801
-852
-890
-817
-612
-405
-359
-477
-616
-610
-455
-250
-123
-127
-208
-265
-204
-56
118
226
247
200
156
193
316
472
560
549
472
398
385
460
557
596
506
361
267
242
261
292
330
299
178
102
157
236
238
219
235
224
180
220
372
515
564
542
532
570
690
872
1037
1122
1060
905
793
791
879
915
861
710
466
228
56
14
11
-118
-417
-746
-922
-978
-995
-1040
-1149
-1345
-1576
-1704
-1690
-1576
-1478
-1456
-1513
-1577
-1551
-1397
-1144
-921
-827
-863
-916
-855
-633
-340
-104
12
23
31
108
310
594
815
848
732
639
728
966
1195
1231
1024
717
516
525
681
831
813
584
267
85
157
345
430
316
75
-148
-203
-26
248
388
333
210
179
334
643
994
1199
1222
1165
1079
982
943
1041
1230
1295
1144
865
572
356
214
150
50
-189
-528
-858
-1059
-1171
-1246
-1372
-1583
-1833
-2046
-2162
-2163
-2053
-1932
-1904
-1965
-1968
-1845
-1626
-1384
-1167
-1036
-1012
-973
-767
-371
67
386
549
600
639
773
1049
1367
1525
1462
1303
1208
1230
1335
1419
1331
1040
704
538
574
664
644
486
263
53
-67
-10
193
361
343
234
234
395
696
1054
1397
1590
1654
1693
1605
1448
1333
1426
1556
1463
1197
788
317
-101
-293
-332
-497
-878
-1339
-1753
-2111
-2309
-2345
-2354
-2504
-2761
-2974
-3071
-2982
-2725
-2420
-2242
-2222
-2184
-1957
-1515
-975
-505
-249
-177
-75
254
821
1412
1803
1876
1750
1672
1859
2271
2588
2585
2277
1908
1636
1529
1559
1558
1309
788
218
-131
-187
-98
-88
-316
-736
-1123
-1192
-899
-479
-217
-186
-210
-100
287
908
1603
2181
2371
2039
1474
1169
1481
2083
2410
2131
1239
183
-548
-609
-248
-70
-512
-1508
-2582
-3241
-3226
-2802
-2478
-2647
-3254
-3882
-4084
-3666
-2830
-2062
-1765
-1918
-2110
-1887
-1103
14
939
1221
921
585
837
1742
2831
3492
3348
2624
1926
1827
2346
2946
3034
2433
1440
603
358
678
1046
840
-51
-1167
-1892
-1894
-1347
-810
-812
-1373
-1953
-1963
-1268
-257
542
856
826
832
1286
2284
3497
4115
3623
2424
1471
1567
2405
3162
3014
1718
-122
-1523
-1768
-1138
-603
-979
-2325
-4010
-5081
-5031
-4153
-3299
-3214
-3985
-4996
-5360
-4570
-3012
-1579
-966
-1143
-1532
-1404
-358
1280
2575
2828
2223
1639
1864
2915
4195
4813
4377
3225
2229
2014
2532
3127
3072
2122
688
-457
-816
-541
-224
-405
-1261
-2441
-3298
-3271
-2449
-1545
-1256
-1640
-2112
-2019
-1168
125
1321
1951
1998
1955
2454
3617
4975
5586
4896
3354
2098
2065
2907
3655
3325
1621
-784
-2633
-2994
-2219
-1523
-1933
-3488
-5398
-6561
-6380
-5209
-4040
-3725
-4389
-5357
-5638
-4631
-2691
-835
132
150
-199
-104
946
2715
4249
4616
3831
2896
2847
3833
5071
5618
5029
3553
1992
1199
1416
2010
1971
809
-1055
-2647
-3215
-2802
-2153
-2104
-2913
-4145
-4911
-4542
-3161
-1686
-1028
-1260
-1671
-1493
-415
1281
2927
3885
3996
3854
4232
5393
6643
6737
5360
3434
2347
2572
3402
3736
2621
82
-2756
-4350
-4170
-3092
-2602
-3502
-5403
-7207
-7855
-7081
-5411
-3898
-3505
-4277
-5188
-4912
-3027
-394
1630
2300
1923
1451
1826
3316
5279
6472
6100
4673
3579
3762
4856
5697
5380
3843
1738
54
-556
-283
-77
-796
-2497
-4387
-5477
-5362
-4469
-3690
-3656
-4398
-5213
-5118
-3712
-1717
-357
-90
-343
-251
643
2231
3989
5235
5635
5463
5501
6280
7441
7498
5811
3359
1886
2033
2750
2866
1446
-1368
-4447
-6152
-5824
-4453
-3794
-4784
-6886
-8684
-8968
-7689
-5604
-3793
-3122
-3648
-4384
-3840
-1532
1514
3779
4521
4131
3573
3878
5372
7344
8355
7575
5632
4088
3980
4897
5581
4992
3036
473
-1592
-2431
-2192
-1847
-2465
-4270
-6329
-7336
-6841
-5497
-4315
-3955
-4501
-5271
-5065
-3251
-645
1193
1571
1110
928
1735
3479
5464
6780
7020
6579
6281
6698
7617
7689
6036
3320
1230
757
1122
1232
91
-2519
-5738
-7884
-7880
-6416
-5310
-5770
-7520
-9274
-9666
-8366
-5928
-3452
-2066
-2160
-2853
-2522
-355
2780
5324
6435
6274
5597
5396
6279
7896
8877
8197
6155
4142
3331
3641
4057
3525
1682
-1008
-3485
-4754
-4607
-3930
-3948
-5207
-7040
-8030
-7454
-5759
-3974
-2890
-2736
-3105
-2891
-1258
1261
3204
3784
3432
3109
3468
4655
6219
7422
7736
7303
6725
6660
6884
6135
3940
1206
-313
-360
-31
-494
-2410
-5394
-8187
-9332
-8523
-6948
-6222
-6947
-8531
-9552
-8928
-6713
-3795
-1397
-365
-594
-879
203
2872
5930
7933
8348
7523
6452
6141
6999
8293
8541
6950
4208
1975
1236
1520
1600
522
-1788
-4571
-6704
-7365
-6712
-5783
-5710
-6718
-7752
-7568
-6050
-3926
-1968
-674
-321
-450
133
1910
4005
5250
5349
4815
4420
4754
5809
6972
7532
7339
6718
6158
5777
4806
2808
291
-1301
-1409
-1021
-1437
-3384
-6344
-9043
-10064
-9025
-7032
-5962
-6612
-8146
-8877
-7761
-5161
-2146
154
1137
1049
878
1763
4014
6726
8569
8866
7933
6691
6026
6318
7052
7062
5540
2924
543
-542
-434
-237
-1137
-3350
-6015
-7875
-8170
-7139
-5790
-5238
-5706
-6209
-5629
-3799
-1440
596
1768
1963
1810
2307
3782
5441
6296
6043
5114
4277
4271
5137
6253
6830
6554
5737
4926
4086
2601
409
-1689
-2525
-2268
-1943
-2743
-5108
-8101
-10091
-9823
-7729
-5565
-4936
-5981
-7399
-7484
-5652
-2655
185
1835
2088
1606
1679
3145
5629
7876
8856
8395
6983
5561
5020
5504
6042
5349
3059
202
-1774
-2203
-1770
-1813
-3197
-5586
-7770
-8592
-7666
-5771
-4245
-3981
-4539
-4497
-3072
-714
1599
3122
3571
3076
2569
3132
4702
6123
6430
5625
4408
3602
3741
4723
5727
5954
5315
4405
3364
1754
-443
-2380
-2877
-2164
-1416
-1984
-4354
-7645
-9987
-9757
-7185
-4324
-3313
-4489
-6292
-6628
-4759
-1535
1603
3480
3649
2615
1899
2786
5076
7314
8228
7600
5879
3956
2859
3154
4053
3862
1603
-1717
-4085
-4389
-3344
-2521
-3030
-4937
-7221
-8330
-7144
-4267
-1661
-858
-1568
-2070
-1135
1074
3569
5344
5708
4583
2991
2483
3536
4970
5437
4650
3240
2036
1743
2554
3875
4636
4401
3277
1315
-1068
-3054
-3571
-2686
-1449
-1199
-2782
-5793
-8511
-8980
-6777
-3508
-1527
-1967
-4011
-5546
-4982
-2375
971
3493
4218
3174
1605
1216
2674
5067
6833
7050
5695
3537
1741
1345
2241
3030
2142
-547
-3442
-4755
-4166
-2861
-2341
-3218
-5023
-6550
-6488
-4520
-1756
-11
32
-581
-406
957
2882
4589
5452
5033
3646
2465
2492
3476
4261
4074
3054
1892
1324
1665
2683
3731
4213
3481
1347
-1326
-3133
-3184
-2187
-1338
-1665
-3443
-6022
-7968
-7941
-5978
-3578
-2432
-2942
-4125
-4529
-3505
-1377
1008
2765
3398
3034
2504
2733
3932
5358
6099
5823
4734
3240
1936
1492
1800
1786
421
-1971
-4018
-4698
-4136
-3404
-3496
-4498
-5732
-6157
-5118
-2833
-402
851
775
508
1169
2898
4870
6170
6252
5211
3885
3189
3398
3978
4145
3523
2302
1213
892
1387
2148
2705
2558
1130
-1328
-3695
-4431
-3595
-2307
-1917
-3185
-5661
-7914
-8248
-6269
-3334
-1431
-1522
-2894
-3741
-2870
-530
2092
3799
4089
3299
2451
2577
3795
5270
5955
5420
3949
2248
961
459
503
325
-814
-2841
-4744
-5538
-5044
-4046
-3629
-4165
-5187
-5615
-4628
-2350
236
1925
2332
2141
2385
3540
5183
6361
6445
5500
4185
3274
3104
3425
3609
3148
2028
837
295
700
1654
2454
2130
255
-2429
-4264
-4075
-2573
-1338
-1714
-3865
-6691
-8315
-7465
-4639
-1920
-1125
-2310
-3922
-4095
-2306
574
3083
4138
3585
2340
1829
2784
4657
6050
6066
4850
3140
1665
909
987
1272
653
-1345
-3816
-5241
-4996
-3751
-2835
-3180
-4502
-5806
-5841
-4122
-1379
939
1726
1359
1151
1897
3469
5227
6398
6325
4931
3240
2559
3141
4034
4227
3413
1980
711
377
1220
2599
3432
2547
-129
-3116
-4450
-3541
-1808
-957
-1958
-4646
-7615
-8816
-7270
-4117
-1751
-1630
-3218
-4714
-4469
-2353
545
2843
3607
2866
1687
1474
2755
4686
5929
5861
4726
3164
1882
1433
1757
1907
796
-1506
-3663
-4431
-3832
-2804
-2454
-3230
-4676
-5696
-5252
-3276
-755
963
1228
721
814
2073
3937
5445
5948
5317
3990
2977
2999
3687
4133
3869
3034
2080
1590
1816
2581
3369
3404
1919
-895
-3450
-4025
-2726
-1274
-1266
-3171
-6168
-8528
-8526
-5991
-2802
-1405
-2483
-4533
-5331
-3930
-1133
1604
3111
2937
1681
806
1463
3379
5198
5793
5039
3455
1820
949
1217
2022
1981
262
-2414
-4317
-4395
-3148
-1971
-1992
-3234
-4866
-5575
-4446
-1822
735
1710
1170
537
1000
2475
4200
5443
5635
4662
3224
2551
3071
3947
4244
3682
2698
1883
1730
2317
3321
3957
3177
730
-2256
-3684
-2895
-1191
-534
-1888
-4763
-7603
-8578
-6961
-3916
-1787
-1893
-3531
-4700
-4092
-2032
420
2265
2896
2248
1197
1078
2286
3930
4803
4522
3437
2047
873
497
924
1257
443
-1469
-3274
-3929
-3391
-2478
-2145
-2801
-4000
-4756
-4208
-2335
-90
1245
1177
583
714
1860
3390
4551
4871
4174
2873
1937
2027
2768
3324
3246
2678
2006
1638
1873
2710
3764
3813
2114
-815
-3057
-3136
-1597
-179
-568
-3018
-6272
-8177
-7345
-4348
-1529
-890
-2420
-4214
-4290
-2341
476
2669
3329
2468
1060
503
1517
3440
4809
4713
3330
1496
66
-259
552
1397
858
-1283
-3628
-4578
-3793
-2250
-1325
-1864
-3457
-4794
-4521
-2391
420
2249
2195
1069
563
1527
3401
4991
5457
4568
2830
1464
1345
2180
2909
2859
2103
1182
768
1219
2264
3315
3422
1958
-669
-2835
-2985
-1467
30
-187
-2510
-5807
-7953
-7412
-4527
-1538
-615
-2026
-4015
-4406
-2635
200
2564
3482
2842
1417
564
1158
2765
4081
4166
3040
1395
-50
-736
-461
196
176
-1147
-3106
-4327
-4039
-2732
-1642
-1696
-2775
-3849
-3790
-2189
190
2008
2420
1861
1608
2403
3814
4964
5265
4661
3525
2582
2400
2701
2774
2307
1575
1033
954
1375
2086
2805
2803
1443
-1060
-3211
-3449
-1970
-393
-497
-2765
-6017
-8098
-7432
-4408
-1327
-427
-1932
-3918
-4185
-2233
711
3061
3864
3093
1626
810
1467
3087
4312
4256
3007
1292
-173
-822
-477
257
268
-1116
-3224
-4576
-4306
-2851
-1478
-1257
-2341
-3807
-4171
-2630
126
2370
2876
2008
1323
1946
3590
5126
5715
5141
3744
2323
1809
2325
2994
2944
2105
1076
459
621
1370
2336
2599
1380
-1153
-3655
-4301
-2941
-998
-475
-2262
-5487
-8012
-7963
-5194
-1629
157
-745
-2931
-3945
-2649
176
2955
4409
4052
2475
1150
1291
2736
4228
4652
3762
2035
180
-1040
-1145
-554
-410
-1542
-3465
-4831
-4737
-3460
-2084
-1667
-2509
-3765
-4076
-2655
-123
1982
2595
1988
1492
2141
3740
5242
5820
5230
3874
2631
2301
2831
3338
3107
2209
1238
736
967
1684
2508
2670
1441
-1033
-3578
-4467
-3431
-1643
-925
-2305
-5210
-7729
-7977
-5614
-2218
-137
-435
-2235
-3428
-2627
-148
2680
4398
4307
2933
1689
1775
3100
4495
4848
3868
2061
230
-934
-1096
-669
-603
-1602
-3384
-4821
-5017
-4001
-2681
-2091
-2639
-3785
-4309
-3249
-859
1498
2577
2336
1744
1848
2955
4545
5672
5570
4373
3013
2385
2605
3081
3219
2854
2117
1370
1096
1475
2310
2736
1794
-510
-3068
-4301
-3803
-2438
-1676
-2604
-5135
-7686
-8324
-6315
-2967
-631
-543
-1994
-3072
-2456
-257
2493
4479
4813
3743
2507
2257
3099
4290
4969
4600
3124
1044
-693
-1276
-889
-623
-1382
-2977
-4409
-4865
-4228
-3046
-2237
-2387
-3256
-3796
-3080
-1151
958
2130
2189
1897
2044
2831
3888
4719
4901
4305
3357
2670
2547
2765
2956
2844
2368
1723
1331
1491
2127
2636
1982
-79
-2681
-4146
-3754
-2352
-1427
-2224
-4680
-7383
-8410
-6854
-3756
-1349
-1028
-2288
-3345
-2890
-994
1469
3451
4086
3353
2273
2019
2815
3949
4674
4573
3540
1838
197
-531
-281
22
-602
-2115
-3566
-4146
-3747
-2817
-2092
-2164
-3060
-3888
-3533
-1752
387
1566
1611
1374
1639
2401
3346
4158
4434
3898
2922
2351
2509
2936
3017
2628
1981
1399
1239
1683
2451
3044
2698
986
-1570
-3549
-3738
-2510
-1286
-1470
-3467
-6348
-8210
-7590
-4772
-1851
-827
-1847
-3340
-3610
-2197
213
2548
3815
3611
2543
1824
2237
3469
4567
4897
4303
2952
1255
-15
-222
242
208
-949
-2656
-3824
-3912
-3171
-2292
-2070
-2652
-3414
-3461
-2468
-903
422
1002
1067
1270
1914
2745
3458
3867
3816
3291
2739
2573
2697
2786
2719
2491
2066
1653
1633
2067
2703
3087
2517
607
-1985
-3584
-3324
-2005
-1253
-2079
-4349
-6876
-7993
-6816
-4103
-1880
-1474
-2517
-3452
-3136
-1559
545
2357
3226
2961
2160
1771
2292
3328
4144
4246
3543
2238
792
-71
-20
338
-10
-1306
-2729
-3378
-3100
-2397
-1844
-1860
-2452
-3081
-2982
-1777
-121
962
1134
1035
1346
2048
2797
3465
3868
3688
3043
2498
2454
2604
2571
2376
2149
1875
1568
1491
1799
2437
2880
2233
283
-2166
-3571
-3385
-2276
-1508
-2138
-4287
-6843
-7944
-6624
-3759
-1482
-1100
-2208
-3273
-3126
-1686
464
2450
3374
2919
1864
1448
2052
3069
3814
4039
3577
2330
776
-134
45
586
402
-785
-2251
-3116
-3097
-2516
-1910
-1817
-2361
-3021
-2935
-1747
-187
770
952
1008
1400
1939
2394
2878
3382
3501
3066
2503
2337
2488
2533
2336
1995
1634
1340
1311
1722
2359
2842
2492
933
-1251
-2864
-2998
-2076
-1201
-1488
-3283
-5855
-7482
-6875
-4466
-2032
-1114
-1742
-2868
-3267
-2404
-528
1530
2820
2810
1949
1278
1497
2419
3438
4027
3798
2686
1190
250
327
888
882
-112
-1567
-2634
-2888
-2507
-1884
-1524
-1765
-2410
-2696
-2043
-779
200
456
454
754
1383
2080
2744
3291
3385
2978
2546
2491
2629
2555
2272
1990
1688
1335
1128
1396
2015
2549
2584
1718
40
-1812
-2866
-2704
-1884
-1459
-2252
-4252
-6376
-7116
-5848
-3473
-1676
-1428
-2372
-3343
-3297
-2016
-102
1527
2226
1960
1298
985
1392
2337
3327
3859
3531
2385
1099
538
876
1261
777
-562
-1934
-2656
-2651
-2213
-1741
-1689
-2215
-2764
-2614
-1619
-508
67
224
477
1019
1628
2268
2952
3421
3311
2805
2485
2549
2648
2453
2040
1642
1331
1143
1191
1584
2152
2578
2577
1793
218
-1602
-2671
-2473
-1565
-1136
-2058
-4132
-6149
-6702
-5445
-3266
-1678
-1486
-2327
-3093
-2889
-1690
-72
1273
1936
1829
1359
1141
1516
2375
3322
3902
3721
2682
1366
664
839
1147
697
-481
-1678
-2337
-2423
-2226
-2040
-2122
-2460
-2689
-2391
-1594
-833
-410
-112
390
1017
1554
2020
2509
2847
2780
2440
2221
2196
2146
2010
1917
1787
1406
995
1026
1591
2316
2820
3012
2457
878
-1179
-2475
-2260
-1204
-582
-1375
-3455
-5743
-6729
-5759
-3580
-1841
-1587
-2472
-3362
-3404
-2531
-1067
492
1597
1817
1403
1048
1226
1945
2960
3910
4179
3384
1958
950
963
1408
1253
264
-905
-1667
-2042
-2193
-2213
-2211
-2316
-2380
-2131
-1631
-1187
-942
-572
168
996
1437
1527
1702
2054
2251
2183
2092
2085
1980
1705
1444
1250
1057
939
1147
1657
2144
2451
2694
2829
2193
649
-1050
-1784
-1383
-696
-674
-1852
-3951
-5921
-6397
-5041
-2931
-1724
-2003
-2997
-3608
-3338
-2318
-885
577
1490
1549
1088
858
1372
2517
3836
4672
4438
3141
1688
1117
1470
1744
1167
-71
-1254
-1927
-2146
-2151
-2185
-2291
-2350
-2210
-1861
-1495
-1325
-1287
-983
-204
726
1271
1397
1387
1363
1311
1405
1740
2000
1842
1351
892
658
767
1302
2059
2560
2571
2406
2542
2957
2910
1886
176
-1223
-1647
-1300
-948
-1477
-3097
-5069
-6081
-5528
-4028
-2809
-2531
-2922
-3383
-3495
-3017
-1801
-116
1281
1822
1705
1522
1681
2324
3411
4492
4782
3895
2424
1410
1223
1302
966
221
-576
-1243
-1785
-2151
-2271
-2274
-2200
-1941
-1507
-1235
-1320
-1429
-1060
-240
485
714
556
435
546
827
1202
1553
1645
1371
1024
1009
1300
1628
1849
1980
2102
2203
2514
3116
3834
3974
2842
736
-1246
-1908
-1327
-434
-466
-1993
-4470
-6431
-6565
-4981
-3030
-2140
-2544
-3482
-4053
-3787
-2598
-775
965
1838
1713
1210
1115
1785
3019
4243
4744
4129
2730
1474
1088
1379
1522
991
-3
-947
-1516
-1703
-1704
-1795
-2042
-2167
-1952
-1526
-1291
-1356
-1529
-1453
-976
-301
244
511
606
642
680
864
1257
1641
1808
1790
1698
1496
1302
1455
2025
2688
3049
3156
3166
3244
3245
2644
1360
-124
-886
-851
-635
-1062
-2459
-4374
-5811
-5928
-4844
-3494
-2877
-3125
-3676
-3850
-3397
-2413
-1165
76
996
1498
1655
1684
1841
2318
3107
3809
3932
3344
2429
1732
1448
1353
1149
734
177
-431
-986
-1446
-1764
-1890
-1779
-1478
-1246
-1360
-1808
-2165
-2026
-1364
-553
-50
-40
-334
-513
-273
351
1061
1489
1483
1224
1014
1036
1369
1927
2518
2837
2751
2531
2583
3087
3749
3855
2863
1128
-426
-1005
-768
-447
-898
-2460
-4529
-5834
-5587
-4291
-3138
-2888
-3330
-3884
-3959
-3321
-2131
-813
268
909
1070
943
942
1377
2258
3241
3835
3691
2951
2221
1931
1992
1918
1489
840
261
-123
-391
-752
-1307
-1867
-2035
-1664
-1181
-1150
-1727
-2392
-2573
-2106
-1290
-560
-194
-244
-477
-504
-112
527
1108
1455
1568
1451
1211
1149
1499
2225
2972
3342
3267
3100
3166
3532
3808
3435
2295
737
-387
-743
-634
-756
-1643
-3172
-4670
-5321
-4975
-4103
-3464
-3362
-3637
-3876
-3711
-3148
-2302
-1256
-226
486
713
693
834
1355
2257
3225
3735
3473
2773
2252
2135
2108
1831
1354
918
635
377
-95
-803
-1472
-1751
-1563
-1203
-1128
-1563
-2297
-2803
-2656
-1979
-1258
-882
-847
-941
-954
-753
-281
325
865
1209
1345
1400
1469
1704
2174
2826
3448
3798
3881
3864
3876
3971
4065
3763
2850
1432
188
-503
-785
-1055
-1765
-2937
-4244
-5049
-5081
-4593
-4105
-3857
-3803
-3798
-3714
-3437
-2827
-1831
-696
204
676
824
946
1328
2155
3219
3959
3965
3392
2704
2235
1989
1851
1760
1666
1431
978
340
-362
-1043
-1533
-1667
-1536
-1562
-2024
-2755
-3305
-3325
-2924
-2349
-1865
-1572
-1536
-1607
-1408
-775
99
851
1340
1602
1657
1665
1850
2395
3092
3566
3691
3666
3713
3781
3835
3908
3855
3242
1998
609
-247
-562
-750
-1281
-2351
-3749
-4928
-5289
-4788
-3992
-3601
-3712
-3998
-4048
-3768
-3237
-2417
-1356
-331
326
524
586
831
1431
2336
3322
3958
3898
3280
2609
2299
2217
2139
2058
2025
1786
1022
-114
-1142
-1697
-1731
-1428
-1133
-1323
-2145
-3186
-3751
-3509
-2782
-2039
-1528
-1212
-1068
-1040
-898
-436
335
1184
1890
2299
2304
2027
1857
2153
2824
3448
3676
3522
3196
2962
2969
3207
3449
3256
2428
1130
-29
-677
-890
-1022
-1393
-2246
-3531
-4688
-5039
-4553
-3893
-3524
-3438
-3439
-3492
-3507
-3226
-2496
-1462
-419
351
693
674
653
1093
2064
3061
3456
3155
2663
2358
2183
1983
1853
1882
1872
1609
1057
308
-507
-1172
-1476
-1392
-1176
-1120
-1436
-2015
-2474
-2547
-2270
-1843
-1333
-839
-566
-629
-876
-1020
-889
-397
391
1119
1354
1053
739
870
1409
2069
2659
2997
2969
2733
2613
2781
3106
3314
3094
2326
1292
439
-80
-350
-570
-909
-1538
-2376
-3042
-3284
-3181
-2965
-2743
-2596
-2610
-2694
-2652
-2378
-1930
-1390
-825
-393
-159
-68
-4
155
487
965
1462
1827
2028
2010
1765
1380
1108
1113
1304
1494
1497
1240
687
52
-315
-271
-44
55
-69
-393
-870
-1345
-1591
-1524
-1355
-1328
-1436
-1534
-1544
-1492
-1382
-1176
-905
-552
-104
379
788
1061
1202
1312
1536
1823
2091
2254
2353
2315
2113
1899
1787
1724
1599
1421
1123
687
179
-235
-453
-537
-601
-767
-1122
-1538
-1805
-1737
-1434
-1212
-1241
-1431
-1570
-1570
-1427
-1183
-913
-693
-528
-447
-429
-451
-402
-205
130
505
716
648
350
65
21
194
338
332
269
203
25
-201
-297
-215
-159
-231
-353
-506
-661
-715
-556
-304
-151
-123
-88
47
260
498
695
784
735
662
715
869
960
940
911
914
894
838
829
885
988
1129
1243
1253
1064
727
379
123
21
-24
-85
-191
-329
-456
-573
-622
-580
-483
-406
-403
-438
-457
-407
-302
-219
-202
-228
-235
-178
-107
-71
-69
-119
-272
-529
-753
-874
-946
-1042
-1169
-1315
-1456
-1495
-1406
-1243
-1039
-845
-744
-789
-865
-786
-547
-199
137
340
383
397
576
889
1167
1328
1394
1344
1195
1048
1073
1210
1261
1123
856
609
435
337
312
330
294
111
-158
-320
-320
-216
-46
184
353
327
151
-2
-44
38
218
428
546
518
442
416
491
614
724
755
650
407
91
-140
-216
-265
-455
-773
-1031
-1171
-1257
-1378
-1542
-1706
-1901
-2039
-2058
-1928
-1753
-1615
-1490
-1337
-1146
-937
-690
-380
-30
272
457
587
776
1056
1361
1578
1648
1575
1508
1564
1692
1763
1678
1456
1174
945
840
774
610
301
-115
-463
-621
-636
-586
-604
-710
-886
-974
-943
-850
-665
-362
-1
282
567
897
1180
1362
1499
1635
1687
1624
1540
1544
1598
1585
1417
1090
679
290
-17
-271
-517
-790
-1103
-1431
-1724
-1953
-2094
-2156
-2126
-2089
-2050
-2016
-2013
-2034
-2006
-1834
-1530
-1200
-924
-682
-483
-246
22
298
528
694
908
1160
1377
1474
1471
1445
1388
1264
1097
934
773
637
528
421
234
-31
-253
-434
-606
-723
-729
-668
-629
-581
-530
-605
-778
-813
-594
-301
-88
106
326
509
659
856
1091
1275
1390
1496
1592
1674
1703
1603
1374
1098
864
657
511
434
309
-3
-432
-761
-890
-862
-799
-807
-976
-1297
-1593
-1746
-1688
-1477
-1205
-1004
-948
-985
-1013
-954
-754
-488
-283
-229
-238
-161
22
245
412
481
476
435
381
364
366
439
490
451
312
138
82
90
102
95
84
68
-41
-181
-220
-77
137
238
208
89
-6
-20
102
295
386
331
274
370
559
670
689
658
585
431
321
399
555
610
500
367
354
464
585
613
550
490
437
380
335
323
303
197
2
-230
-407
-462
-400
-321
-352
-572
-876
-1098
-1110
-938
-772
-773
-917
-999
-973
-931
-948
-938
-830
-646
-459
-332
-280
-267
-239
-199
-133
-84
-29
28
80
127
146
104
-7
-92
-32
108
190
187
207
315
451
535
516
412
297
195
114
44
20
64
77
14
-61
-41
86
194
252
326
394
399
333
324
444
599
711
737
697
630
625
733
881
960
954
874
721
516
347
310
352
393
327
106
-224
-524
-692
-706
-617
-521
-568
-758
-924
-934
-867
-854
-864
-894
-928
-955
-904
-804
-765
-777
-754
-660
-556
-467
-418
-438
-545
-602
-490
-287
-157
-173
-213
-132
50
222
335
467
601
640
594
537
557
682
871
1008
959
787
652
653
732
796
747
567
309
139
145
237
264
179
93
18
-65
-173
-256
-287
-333
-422
-471
-385
-181
48
254
377
356
297
375
592
781
868
894
843
692
517
447
495
573
563
397
124
-125
-241
-207
-148
-247
-609
-1103
-1465
-1594
-1573
-1548
-1534
-1553
-1635
-1753
-1840
-1806
-1635
-1372
-1118
-948
-849
-715
-500
-220
51
257
393
505
645
826
1017
1207
1325
1301
1174
1112
1193
1249
1173
1039
979
954
903
842
800
716
552
335
96
-103
-135
10
66
-135
-422
-533
-509
-424
-212
40
107
-14
-105
-36
82
199
374
525
584
533
511
600
774
907
883
763
613
433
188
-119
-349
-458
-464
-508
-672
-864
-1007
-1094
-1144
-1138
-1105
-1078
-1053
-1056
-1077
-1096
-1045
-968
-901
-762
-520
-276
-120
-81
-124
-182
-164
-39
70
96
90
122
182
209
184
152
135
180
205
203
216
238
216
132
126
180
234
276
372
457
496
542
597
600
598
658
730
721
635
594
640
714
692
554
412
338
279
200
109
-2
-124
-240
-346
-468
-580
-653
-684
-725
-752
-713
-583
-407
-286
-171
-8
187
360
529
693
757
758
755
698
557
476
569
647
553
384
256
146
77
54
-2
-184
-408
-526
-631
-816
-1007
-1112
-1144
-1165
-1158
-1096
-1011
-909
-750
-579
-477
-464
-464
-401
-307
-198
-114
-18
81
218
372
458
495
532
627
738
825
897
911
889
815
742
769
863
940
848
613
375
190
107
108
141
113
-25
-155
-238
-332
-431
-369
-203
-186
-322
-398
-370
-424
-543
-543
-500
-549
-651
-680
-621
-534
-389
-208
-78
-47
-37
-11
26
118
319
576
732
786
748
695
630
600
581
527
463
430
378
249
81
-81
-198
-321
-431
-526
-619
-727
-799
-794
-731
-704
-763
-827
-841
-800
-737
-684
-623
-577
-516
-496
-488
-432
-229
4
110
109
112
193
267
347
414
433
389
365
424
508
566
600
680
802
893
903
835
715
555
429
440
534
557
411
203
123
121
130
118
107
40
-223
-483
-521
-415
-381
-483
-527
-438
-303
-186
-126
-106
-119
-119
-111
-97
-63
-34
-39
-78
-19
175
334
303
153
66
105
233
380
465
407
225
71
43
143
211
180
83
-14
-80
-118
-114
-81
-71
-164
-342
-497
-506
-436
-436
-493
-503
-434
-413
-468
-507
-476
-395
-322
-278
-299
-328
-305
-221
-158
-181
-200
-145
-35
48
117
269
459
597
604
590
701
899
999
877
685
636
754
872
831
642
487
440
422
407
385
314
117
-161
-356
-464
-522
-563
-568
-587
-644
-700
-753
-776
-771
-671
-581
-615
-743
-836
-756
-604
-510
-507
-480
-320
-140
-7
69
188
305
355
357
374
558
862
1127
1175
1006
799
717
728
719
604
473
426
442
426
303
103
-52
-124
-186
-314
-429
-443
-389
-345
-348
-385
-467
-539
-545
-463
-362
-297
-245
-232
-274
-364
-460
-530
-584
-590
-559
-488
-362
-236
-170
-196
-159
-50
77
174
237
261
207
194
271
390
453
448
425
426
427
406
377
407
488
489
372
224
166
147
94
21
-32
-68
-119
-193
-288
-380
-423
-406
-413
-467
-509
-468
-391
-355
-342
-348
-345
-313
-209
-61
51
140
264
418
507
528
584
701
798
883
1007
1073
1015
934
953
986
924
837
798
772
734
676
581
436
304
209
39
-226
-508
-705
-846
-985
-1060
-1106
-1198
-1304
-1358
-1380
-1434
-1476
-1396
-1278
-1193
-1148
-1143
-1141
-1128
-1039
-880
-692
-557
-494
-411
-216
47
281
448
598
691
770
836
882
879
839
838
872
914
896
819
737
701
700
696
692
710
655
528
399
325
251
122
-5
-83
-120
-173
-248
-338
-387
-391
-396
-375
-330
-316
-375
-445
-442
-388
-294
-156
-50
-27
-18
48
136
186
209
174
85
-18
-44
-9
25
43
44
68
98
151
213
283
332
356
438
571
653
585
456
399
441
495
475
366
235
152
103
45
-30
-53
-44
-93
-258
-473
-608
-613
-587
-610
-656
-674
-674
-703
-783
-838
-796
-655
-546
-550
-585
-559
-482
-415
-306
-139
-11
5
-3
106
278
386
437
511
618
652
574
460
444
577
737
785
700
596
537
470
389
326
336
340
259
121
14
-15
-11
-34
-73
-75
-68
-72
-87
-101
-117
-189
-258
-301
-313
-275
-238
-228
-259
-286
-298
-322
-335
-310
-290
-298
-283
-231
-153
-95
-17
46
6
-95
-139
-64
-27
-65
-108
-109
-132
-195
-210
-150
-51
30
88
150
234
341
459
584
712
803
815
750
674
615
582
546
479
341
155
-16
-122
-209
-290
-372
-470
-584
-708
-786
-851
-910
-971
-989
-967
-928
-853
-719
-553
-493
-511
-495
-372
-219
-129
-76
-10
108
223
292
363
486
643
729
709
612
536
564
660
748
786
801
756
624
512
482
473
388
247
152
129
97
-23
-142
-151
-68
-69
-170
-255
-284
-293
-313
-313
-279
-254
-269
-316
-344
-342
-363
-399
-408
-384
-370
-370
-358
-364
-361
-297
-172
-76
-39
19
73
75
50
94
206
256
218
192
279
433
558
584
544
518
559
709
869
935
882
832
864
922
891
768
629
555
528
445
290
125
29
-7
-61
-193
-394
-628
-819
-891
-876
-870
-956
-1104
-1209
-1282
-1302
-1263
-1181
-1103
-1064
-1039
-1004
-966
-888
-744
-578
-433
-320
-192
-51
67
146
249
403
556
641
680
740
814
859
852
828
831
869
895
868
774
643
541
520
553
510
362
184
57
-43
-154
-220
-204
-175
-234
-351
-413
-379
-316
-292
-353
-458
-518
-532
-545
-568
-542
-466
-419
-404
-382
-351
-293
-224
-137
-61
8
82
115
125
140
194
265
318
316
266
247
318
430
489
463
389
324
275
209
145
149
230
299
300
280
302
372
453
504
486
424
390
413
468
472
385
239
129
97
84
16
-81
-164
-234
-322
-426
-525
-600
-630
-618
-569
-529
-545
-623
-687
-667
-576
-514
-506
-490
-424
-353
-372
-443
-440
-309
-154
-59
-2
103
220
313
379
391
382
411
531
660
667
601
522
465
407
355
342
312
258
166
74
-7
-83
-155
-228
-261
-288
-341
-407
-445
-451
-447
-427
-394
-392
-410
-407
-389
-384
-378
-332
-270
-228
-190
-114
-11
98
199
274
281
195
108
102
161
225
267
318
361
401
403
373
316
279
270
252
206
142
128
184
269
301
258
229
249
274
260
235
264
326
377
397
422
465
486
457
392
348
304
252
204
153
58
-97
-260
-353
-374
-362
-377
-408
-438
-465
-491
-568
-653
-674
-591
-497
-484
-540
-584
-607
-578
-509
-419
-343
-334
-361
-349
-277
-198
-146
-94
-13
34
58
121
227
342
404
409
386
343
283
201
141
142
185
206
140
37
-15
19
61
77
97
96
60
0
-16
-16
-49
-78
-71
-42
-53
-90
-93
-35
11
-17
-88
-139
-140
-123
-81
-48
-16
26
80
141
173
183
163
166
219
288
334
362
394
390
338
285
285
312
320
276
193
132
120
154
138
67
-6
-48
-20
24
67
74
29
-36
-68
-18
57
69
18
0
46
122
164
149
118
92
90
113
110
29
-125
-259
-317
-305
-264
-224
-220
-264
-356
-478
-587
-629
-610
-587
-598
-654
-704
-727
-723
-697
-644
-544
-434
-376
-354
-305
-199
-86
-24
17
70
158
260
342
416
487
559
591
574
543
521
518
521
513
487
463
450
418
353
287
238
203
160
108
40
-18
-28
-11
-12
-26
-33
-44
-106
-191
-222
-209
-195
-216
-234
-236
-252
-272
-279
-255
-225
-199
-181
-182
-201
-222
-219
-192
-139
-53
38
89
89
67
56
60
85
134
194
249
270
271
295
358
416
414
363
322
337
397
453
474
471
461
446
461
506
523
470
387
336
302
227
122
27
-15
-2
-2
-57
-170
-252
-268
-252
-268
-326
-388
-441
-456
-449
-432
-448
-482
-502
-510
-519
-514
-472
-409
-370
-370
-388
-426
-468
-475
-433
-345
-283
-276
-302
-318
-313
-330
-343
-299
-230
-209
-226
-184
-70
36
93
131
151
161
182
226
261
256
229
205
235
311
372
372
343
342
341
344
372
433
509
540
518
447
390
378
360
312
253
195
115
36
-11
-38
-69
-98
-109
-113
-116
-116
-106
-87
-80
-99
-118
-89
-22
52
98
125
125
92
33
-18
-30
-28
-35
-51
-42
-16
-6
-10
-4
-1
-14
-21
32
125
182
158
81
18
-3
9
24
58
93
108
105
104
119
125
123
136
176
223
227
202
185
182
163
113
62
-10
-94
-140
-129
-137
-229
-367
-475
-503
-485
-471
-509
-571
-586
-542
-501
-490
-477
-421
-361
-317
-269
-215
-162
-130
-106
-106
-96
-68
-31
-7
18
53
60
62
77
118
168
222
282
301
266
204
165
163
188
220
230
211
166
120
54
4
-8
4
-5
-43
-67
-81
-91
-102
-102
-114
-142
-156
-134
-95
-71
-69
-78
-84
-74
-28
44
111
153
181
200
215
214
213
235
277
352
410
429
417
388
345
280
233
217
188
142
152
204
210
128
49
59
109
119
56
-21
-43
14
83
98
48
-30
-85
-105
-97
-78
-38
-1
19
10
22
39
43
27
6
10
29
74
85
38
-47
-114
-116
-86
-81
-151
-227
-269
-293
-323
-369
-392
-413
-436
-459
-475
-483
-519
-561
-570
-527
-491
-461
-402
-319
-249
-217
-176
-111
-50
-14
8
64
158
247
268
225
178
191
263
305
314
323
342
315
271
239
187
112
78
115
143
129
107
86
52
26
15
15
19
27
32
37
68
100
82
65
98
135
142
149
196
212
153
81
57
70
86
121
179
215
171
83
26
23
28
-6
-57
-82
-66
-38
-33
-42
-41
-23
-15
-11
21
74
93
65
39
51
75
82
90
117
135
115
70
25
13
32
45
1
-68
-104
-98
-108
-154
-184
-184
-166
-174
-201
-230
-237
-229
-209
-191
-190
-197
-190
-171
-177
-190
-182
-129
-83
-45
0
27
-9
-62
-67
-28
14
18
15
30
79
101
37
-33
-24
28
22
-23
-40
-31
-30
-16
