3.35081 2.15166 1.78382 1.66866 1.27419 0.838291 1.1357 0.852098 0.267191 0.083313 0.0155116 0.000754839 
3.53166 2.43344 1.42013 1.0806 1.49098 1.87872 1.78141 1.19246 0.34725 -0.131126 -0.156918 -0.0349578 
2.80585 2.00683 1.49303 1.26045 1.37403 1.5874 1.36535 0.587872 -0.106466 -0.283942 -0.132986 -0.0520926 
3.43833 2.39121 1.47854 1.25702 1.57641 2.03048 2.07536 1.22863 0.0157893 -0.498668 -0.298204 -0.0512566 
4.33596 2.81376 1.62178 1.42361 2.03078 2.86048 2.7767 1.40243 -0.0840025 -0.579945 -0.349719 -0.0357772 
3.33718 2.31768 1.39782 1.13372 1.59622 2.13527 1.96628 1.00713 -0.0975935 -0.495331 -0.300774 -0.0458579 
3.50569 2.61474 1.6886 1.33822 1.84527 2.49476 2.33475 1.19379 -0.0476595 -0.578136 -0.380429 -0.0444751 
3.75507 2.78334 1.63899 1.25858 1.9104 2.63677 2.38586 1.17668 -0.0864424 -0.619367 -0.380305 -0.0518546 
4.62477 3.11613 1.56145 1.17228 1.79696 2.69525 2.68223 1.2837 -0.285684 -0.690445 -0.370626 -0.0566635 
3.42377 2.47001 1.58324 1.28469 1.7248 2.28959 2.08359 0.979338 -0.188274 -0.597095 -0.339158 -0.0467672 
4.04097 3.03095 1.53214 0.793411 1.37305 2.39193 2.42917 1.16636 -0.256045 -0.695205 -0.350291 -0.0716184 
4.45143 2.76083 1.13778 1.07444 2.15375 2.90842 2.46592 1.06123 -0.219033 -0.580323 -0.364129 -0.0358485 
3.45587 2.28684 1.32307 1.28515 1.99997 2.49297 2.04439 0.878753 -0.166844 -0.502813 -0.306381 -0.0181308 
3.66221 2.7308 1.4525 0.770706 1.26699 2.27219 2.35623 1.17197 -0.206843 -0.622046 -0.236631 -0.0494515 
4.29479 3.00555 1.20139 0.694348 1.89214 3.08709 2.73037 1.15536 -0.202977 -0.58305 -0.352621 -0.0243739 
4.15967 2.62665 1.07808 1.06653 2.28448 3.14881 2.67499 1.21568 -0.142149 -0.590097 -0.362773 -0.0138239 
3.3709 2.27444 1.18002 0.934271 1.70584 2.5366 2.36877 1.13876 -0.199529 -0.678545 -0.313272 -0.0255461 
3.89252 2.71572 1.06273 0.463306 1.43146 2.61834 2.54724 1.13788 -0.322816 -0.705686 -0.259734 -0.0270923 
6.55698 2.28227 -0.296645 1.24289 3.0783 2.88536 2.77526 1.53477 -0.456591 -0.594724 -0.312668 0.0153518 
4.00143 2.59649 0.945459 0.738735 1.92425 2.84803 2.49806 1.10997 -0.284837 -0.706498 -0.275859 -0.0104719 
3.3596 2.1667 1.00088 0.856715 1.75616 2.52541 2.21038 0.962368 -0.263843 -0.599649 -0.181541 -0.00961779 
3.66749 2.46565 1.11909 0.784063 1.62783 2.49213 2.27721 1.01604 -0.232288 -0.566984 -0.190131 -0.0194835 
4.28515 2.614 0.962212 0.907342 2.016 2.8343 2.48882 1.10111 -0.260579 -0.625271 -0.255456 -0.00695734 
4.38461 2.7362 0.82994 0.684869 2.0534 2.98774 2.43907 0.985574 -0.239338 -0.553165 -0.251001 -0.00559678 
3.49797 2.28611 1.04032 0.904883 1.85513 2.58204 2.15037 0.915964 -0.143671 -0.465689 -0.202367 -0.0153126 
3.32862 2.24026 1.22554 1.00339 1.70023 2.43466 2.21347 0.980045 -0.225733 -0.523915 -0.152782 -0.0150826 
3.52482 2.43444 1.30389 0.944638 1.54497 2.3079 2.13562 0.94604 -0.184469 -0.426675 -0.121148 -0.022329 
3.71211 2.37199 1.16873 1.21292 2.16061 2.73697 2.26126 0.99562 -0.215655 -0.567407 -0.175364 0.00506247 
4.12136 2.55839 1.00953 0.959352 1.98448 2.64731 2.25368 0.994192 -0.243199 -0.529848 -0.170324 -0.00210631 
3.43048 2.34966 1.24512 0.91392 1.53833 2.32828 2.24286 1.05576 -0.224289 -0.548289 -0.111378 -0.0217561 
3.04343 2.06107 1.25831 1.07681 1.60449 2.15767 1.90429 0.848734 -0.151319 -0.388091 -0.0762539 -0.026696 
3.26557 2.29342 1.18691 0.776461 1.36468 2.07943 1.94885 0.948025 -0.0974847 -0.400266 -0.0729419 -0.0382646 
3.67475 2.51422 1.27885 0.966586 1.65042 2.47912 2.39255 1.12843 -0.292434 -0.646102 -0.123422 -0.0115053 
3.95349 2.76032 1.27521 0.780957 1.56491 2.55082 2.4518 1.1242 -0.257678 -0.601526 -0.170889 -0.0182092 
3.01327 1.95609 1.19983 1.17612 1.81618 2.36898 2.03961 0.90793 -0.165875 -0.450957 -0.144355 -0.012378 
3.17588 2.33726 1.34909 0.838883 1.27063 2.01728 2.00126 0.998597 -0.0938867 -0.423521 -0.110565 -0.0472085 
3.42305 2.44724 1.23576 0.731936 1.40854 2.36186 2.30369 1.05165 -0.254357 -0.564284 -0.113002 -0.0244187 
5.49762 2.48939 0.470518 0.937746 2.66894 3.54171 2.83105 1.03808 -0.377002 -0.506071 -0.233427 0.0226615 
3.48169 2.21957 1.0834 0.979406 1.87397 2.72549 2.51775 1.14764 -0.247925 -0.618084 -0.204512 0.00197546 
3.39759 2.2377 1.06323 0.919844 1.88801 2.78466 2.52529 1.18977 -0.190574 -0.64043 -0.23963 -0.000829385 
3.46265 2.28852 0.894104 0.432459 1.35926 2.54327 2.50623 1.14322 -0.236264 -0.555372 -0.131679 -0.0133757 
7.45984 1.37901 -0.320972 0.660524 2.73779 3.39397 3.20004 1.94432 -0.600261 -0.663262 -0.149173 0.042613 
3.49799 2.21634 0.789407 0.414539 1.34174 2.42082 2.35756 1.08438 -0.230363 -0.546123 -0.115074 -0.00908499 
4.8596 2.53035 0.129986 0.183835 2.0003 3.37159 2.97897 1.0374 -0.429992 -0.333976 -0.26605 0.0172725 
3.56648 2.25056 0.768867 0.380701 1.35011 2.5397 2.56555 1.22444 -0.20787 -0.563691 -0.144429 -0.0135159 
7.34842 1.422 -0.610087 0.648213 2.60126 3.1869 3.38522 2.17418 -0.591041 -0.705481 -0.204097 0.0372519 
3.51115 2.43441 0.965757 0.338443 1.1498 2.3753 2.51365 1.31222 -0.10567 -0.590904 -0.218936 -0.0426447 
3.4943 1.99695 0.724761 0.750345 1.97765 2.99773 2.60865 1.12907 -0.123235 -0.445206 -0.288073 0.0131517 
3.49867 2.09987 0.686071 0.467208 1.60238 2.8028 2.70641 1.34234 -0.0679738 -0.513644 -0.194707 0.00345413 
5.22345 2.28401 -0.0279316 0.391892 2.18482 3.5316 3.32277 1.27818 -0.492705 -0.252118 -0.241414 0.0232699 
3.52686 2.33276 0.919596 0.540226 1.51402 2.64656 2.59317 1.28356 -0.0951999 -0.476139 -0.0756471 0.0107321 
3.31146 1.92714 0.928725 1.05745 2.05089 2.83742 2.52326 1.23554 0.00468206 -0.384852 -0.195315 0.0267495 
3.77223 2.00872 0.650968 0.818501 2.06606 3.08666 2.81517 1.28059 -0.113605 -0.362042 -0.194743 0.0340092 
3.71702 2.15461 0.746798 0.719643 1.95392 3.01309 2.70375 1.25976 -0.0340887 -0.348237 -0.160922 0.030584 
3.47989 2.38659 1.0875 0.612474 1.4382 2.56552 2.56679 1.28903 -0.036549 -0.386363 -0.0512547 0.0126921 
4.76475 2.88701 0.324882 -0.222169 1.3946 3.08976 3.01355 1.36623 -0.0163969 -0.182004 -0.15322 0.0360677 
3.74432 2.49305 0.839478 0.319987 1.54992 3.05104 2.99999 1.45824 0.0718481 -0.324309 -0.174222 0.0179024 
3.33572 2.1669 0.99005 0.723174 1.56943 2.57442 2.59148 1.50408 0.242037 -0.280224 -0.115143 0.000176954 
3.29054 2.19006 1.10434 0.808462 1.53481 2.45395 2.62127 1.64355 0.319307 -0.295813 -0.152112 -0.00661268 
3.94334 2.65151 1.05448 0.57389 1.53979 2.70217 2.75403 1.63754 0.352887 -0.239116 -0.213374 -0.0195776 
3.55121 2.53864 1.29833 0.825545 1.49687 2.41763 2.43378 1.46161 0.332874 -0.158137 -0.112816 -0.0110095 
3.02962 2.35303 1.74567 1.47063 1.59471 1.68227 1.47201 1.06704 0.545553 0.128678 -0.0304669 -0.0196189 
4.01804 2.66806 1.43504 1.40406 1.95533 2.23902 2.11817 1.45524 0.480957 -0.0852647 -0.122174 -0.0158519 
3.11874 2.30249 1.77916 1.69769 1.87926 1.87148 1.41452 0.808326 0.3531 0.167687 0.0743414 0.00622346 
3.38334 2.15079 1.35412 1.51601 1.86962 1.80786 1.55085 1.23424 0.686897 0.153226 -0.00210302 -0.000961267 
3.12527 2.13738 1.34103 1.28815 1.55429 1.60656 1.25079 0.803301 0.295469 0.108205 0.0729751 -0.00477998 
4.29747 1.86383 0.453525 1.11668 2.13592 2.04283 2.11484 1.45496 0.406578 -0.270843 -0.0554817 0.0214983 
3.28316 2.08811 1.36477 1.49654 1.71336 1.75039 1.68114 1.15289 0.274416 -0.115166 0.0706014 0.00941863 
3.38411 2.19673 1.36325 1.40408 1.69426 1.89095 2.05037 1.4262 0.33539 -0.164431 -0.0356143 -0.00105315 
4.83886 1.84731 0.590508 1.4343 2.18519 1.63975 2.05889 1.61677 0.155755 -0.117037 -0.0592574 0.0223118 
3.56156 2.19727 1.39333 1.84688 1.98713 1.45062 1.21358 1.04512 0.620909 0.087022 0.0411153 -0.00482796 
3.06329 2.19699 1.5897 1.61754 1.64243 1.3521 0.997693 0.835605 0.580456 0.161134 0.073352 -0.0194468 
3.23463 2.06415 1.47695 1.7908 1.76801 1.33317 0.884192 0.799699 0.576724 0.254333 0.135497 -0.0074617 
3.83626 2.01308 1.01179 1.69705 2.24098 1.39293 0.843001 0.947542 0.712448 0.270828 0.105718 -0.00795503 
3.46434 2.00921 1.33034 1.9138 2.2196 1.43291 0.793106 0.79261 0.625744 0.254424 0.144285 0.000240633 
3.41305 2.06573 1.13874 1.4746 1.81608 1.26168 0.857652 0.873729 0.655015 0.194268 0.153691 -0.0116754 
4.28507 1.97858 0.829166 1.92595 2.11481 1.33102 0.895181 0.865059 0.666531 -0.0318398 0.102843 0.0148009 
3.28989 2.12068 1.17299 1.20971 1.45697 1.18203 0.942222 0.83927 0.698383 0.289855 0.112813 -0.0305734 
5.63865 1.36336 -0.111615 2.11852 2.28147 0.506004 1.48172 1.28307 0.648459 0.0504897 0.0819507 0.0616624 
3.33298 1.90587 1.20437 1.68112 1.66898 1.15875 1.2273 1.32618 0.741157 0.113423 -0.0143306 -0.0168957 
3.89428 1.57333 0.73642 1.68692 2.08057 1.36969 1.37241 1.12853 0.76754 0.130925 0.0453679 -0.0033504 