-21
-36
-44
-36
-12
0
-4
-10
-9
-2
8
12
11
18
31
36
18
-3
-13
-19
-19
-1
23
37
28
15
6
0
2
11
15
3
-8
-5
1
3
-4
-7
-7
-12
-16
-13
-5
3
3
3
5
7
6
-7
-16
-21
-16
-14
-12
-10
-15
-22
-22
-12
-6
-14
-23
-20
-10
-5
-9
-5
5
5
-3
-2
12
16
5
-7
-12
-12
-10
-16
-23
-19
0
14
21
23
21
18
18
21
13
-2
-10
-5
0
0
-7
-8
7
23
21
4
-4
2
-2
-14
-12
2
7
1
-4
-2
-1
-8
-8
0
6
1
-11
-10
3
14
18
15
8
-10
-22
-18
-6
-3
-9
-6
6
13
7
-2
1
9
13
5
-2
-1
8
10
8
7
3
-6
-18
-17
-6
4
3
-8
-16
-11
-1
4
5
8
15
16
8
4
9
18
21
10
6
4
4
10
18
26
30
32
34
22
16
18
23
21
12
2
-8
-11
1
13
8
-7
-26
-30
-18
-1
5
1
6
16
13
-5
-17
-20
-20
-24
-24
-7
14
23
13
2
2
-6
-24
-36
-31
-14
-4
7
5
-3
-12
-13
-6
5
20
25
22
22
22
14
-2
6
25
38
27
3
-14
-22
-20
-20
-17
-7
5
8
-1
-14
-18
-21
-28
-44
-57
-45
-23
-14
-23
-24
-14
-16
-26
-29
-26
-27
-23
-13
-7
-9
0
8
9
5
3
12
22
33
35
28
17
11
10
11
14
11
6
9
15
6
-6
-4
3
-1
-11
-12
2
6
7
11
25
27
6
-12
-21
-14
-11
-11
-6
-1
8
19
26
27
23
23
15
6
1
-5
-14
-6
14
21
6
4
26
48
43
17
-1
2
12
8
-10
-21
-6
12
18
-1
-17
-12
-1
0
-10
-2
8
3
-10
-7
3
4
-5
-5
6
13
6
-10
-14
-4
0
-10
-30
-38
-26
-10
-8
-17
-13
-1
-4
-20
-27
-17
-2
0
-3
-13
-18
-16
-10
-8
-11
-9
3
8
-10
-43
-61
-49
-20
-8
-21
-38
-28
-12
-8
-12
-12
-1
2
-2
-4
2
4
7
11
25
26
12
5
10
24
29
31
34
28
21
19
26
35
35
29
19
15
13
16
20
19
12
1
2
12
16
7
-5
-9
-11
-2
20
32
22
2
-5
0
1
0
5
10
5
-5
-11
-15
-7
-1
0
-7
-13
-10
-10
-15
-14
-11
-7
-7
4
19
24
24
22
19
5
0
3
13
9
-2
-7
-8
-13
-15
-6
5
5
-3
3
18
24
11
-4
-2
12
16
6
-9
-14
-11
-6
-8
-19
-23
-23
-12
-5
2
-2
-12
-13
-11
-7
-2
1
-6
-24
-31
-21
-20
-22
-13
1
-4
-25
-28
-11
3
5
2
8
14
16
12
4
-1
-15
-23
-19
-6
4
6
5
2
2
8
12
8
9
16
20
15
11
12
11
6
1
-1
-1
1
-3
-15
-20
-13
-6
-8
-14
-12
-6
-4
-8
-15
-14
-11
-5
-3
0
5
-1
-10
-16
-8
1
6
11
14
12
1
-9
-10
-1
11
13
10
12
13
11
9
22
24
4
-10
5
24
14
-6
-10
3
9
12
19
25
17
6
1
-1
-8
-9
-5
-10
-22
-19
-3
1
-11
-10
0
0
-14
-20
-9
0
5
8
15
19
20
22
22
11
-5
-7
5
9
1
-3
0
-3
-6
1
10
-1
-16
-18
-3
16
23
20
12
5
4
4
1
-5
-8
-9
-7
-4
6
18
25
29
18
6
4
18
18
0
-11
-5
4
6
4
0
1
8
10
1
-5
-7
-11
-18
-18
-6
-2
0
6
11
4
-11
-11
-5
-2
-12
-16
-4
7
11
5
-4
-16
-25
-16
-5
-2
0
-2
-5
-16
-16
-2
14
24
16
-16
-48
-53
-28
-6
-2
-2
4
7
-7
-16
-10
1
-5
-7
10
20
14
6
19
26
12
1
11
22
12
-7
-20
-29
-30
-27
-30
-32
-25
-3
9
1
-19
-31
-29
-13
3
8
-5
-20
-18
-8
-6
-4
8
21
18
7
4
8
16
18
18
16
13
6
-5
-8
-6
-6
-10
-15
-12
-3
3
9
14
13
6
-3
0
2
-3
-11
-6
8
14
6
-6
-17
-17
-11
8
25
25
25
27
31
23
19
22
26
22
19
21
26
28
34
40
36
22
17
15
8
0
8
24
23
14
18
31
31
19
11
12
8
-2
-11
-17
-18
-12
-2
-1
-11
-20
-24
-20
-16
-18
-22
-11
11
18
7
-11
-17
-21
-29
-34
-35
-38
-45
-57
-52
-36
-19
-16
-30
-44
-55
-62
-64
-63
-64
-58
-52
-45
-34
-20
-17
-26
-28
-12
-7
-21
-31
-23
-10
-11
-17
-11
3
15
27
39
41
24
10
14
16
10
6
17
26
28
27
29
35
42
53
62
60
53
44
44
43
44
43
44
42
40
41
50
68
78
80
71
65
69
75
78
73
71
67
63
57
51
45
26
6
2
13
30
32
14
-10
-20
-18
-19
-38
-65
-72
-66
-70
-90
-101
-89
-68
-70
-82
-89
-87
-95
-116
-130
-129
-124
-118
-118
-118
-119
-113
-102
-91
-79
-72
-78
-85
-83
-67
-50
-47
-44
-32
-18
-12
-7
0
8
19
25
31
40
52
60
61
65
72
81
89
99
103
100
99
99
102
106
108
108
112
123
125
119
121
131
142
156
168
168
152
141
138
147
159
162
151
137
137
137
128
111
98
91
89
85
83
79
72
61
40
21
-4
-36
-73
-102
-121
-146
-172
-206
-242
-278
-306
-324
-339
-362
-376
-375
-365
-367
-386
-403
-407
-396
-377
-356
-339
-323
-300
-269
-238
-210
-179
-151
-121
-90
-54
-30
-18
-8
15
55
94
126
153
179
196
204
218
236
241
241
258
280
290
284
277
275
265
264
271
274
262
251
256
265
272
266
260
258
261
258
249
246
253
250
234
225
232
239
236
231
228
220
208
203
208
213
203
187
185
191
178
139
99
85
82
73
47
4
-57
-113
-150
-169
-187
-230
-290
-361
-416
-456
-497
-539
-574
-592
-605
-624
-651
-674
-681
-668
-644
-625
-609
-589
-562
-527
-480
-431
-388
-351
-308
-257
-204
-158
-122
-87
-47
-3
35
70
110
149
181
209
234
259
274
287
305
324
344
361
366
356
344
345
347
346
346
355
355
342
319
310
306
294
283
269
256
239
225
218
214
208
194
177
162
149
144
148
158
162
155
140
134
139
144
141
140
143
151
148
142
138
132
124
117
121
127
125
107
84
65
56
37
-4
-52
-94
-129
-170
-223
-290
-359
-413
-449
-487
-529
-562
-583
-608
-632
-647
-651
-650
-646
-637
-622
-599
-574
-544
-517
-478
-426
-365
-298
-234
-179
-135
-87
-28
38
93
140
187
238
289
327
355
383
409
422
430
436
448
460
465
462
447
434
425
418
414
407
392
369
350
319
274
235
224
229
218
189
167
160
146
124
100
82
74
66
57
39
28
24
24
27
26
30
30
35
54
77
85
78
89
123
148
148
135
130
126
118
105
76
33
-13
-55
-94
-136
-171
-222
-295
-367
-427
-480
-540
-587
-617
-646
-684
-713
-729
-726
-715
-697
-681
-677
-665
-645
-605
-554
-493
-427
-370
-308
-230
-152
-93
-46
9
70
130
189
249
298
336
373
412
448
477
505
530
545
555
560
555
536
514
499
486
468
452
440
434
419
388
355
326
304
283
265
244
209
178
156
132
109
87
76
66
49
35
16
0
-6
-1
9
20
33
43
46
49
64
83
98
112
124
131
135
148
168
173
174
179
187
186
161
139
116
72
2
-70
-125
-172
-229
-302
-391
-482
-545
-578
-616
-685
-757
-803
-825
-842
-862
-872
-874
-864
-843
-814
-790
-766
-721
-657
-591
-527
-457
-387
-323
-249
-160
-77
-19
41
115
184
244
304
356
384
406
444
492
524
543
556
574
592
602
594
569
541
525
527
528
518
494
469
444
422
401
389
381
368
345
319
298
286
273
244
212
191
182
170
142
120
115
115
125
143
164
167
159
154
165
167
152
134
135
156
172
168
156
142
135
129
115
88
38
-25
-84
-134
-181
-225
-260
-307
-383
-486
-575
-629
-662
-697
-747
-802
-850
-883
-892
-892
-899
-900
-885
-851
-811
-770
-721
-662
-595
-510
-420
-350
-294
-216
-108
-4
69
128
190
249
308
365
425
476
517
540
553
572
599
614
620
617
611
598
579
565
547
520
485
458
448
448
439
415
384
362
339
307
276
256
235
198
163
144
140
124
101
89
82
64
38
17
7
2
-3
-4
-9
-17
-21
-14
-5
0
2
6
10
18
39
71
91
95
92
87
84
83
74
32
-30
-85
-122
-151
-192
-254
-334
-422
-501
-570
-619
-657
-695
-743
-793
-833
-861
-873
-876
-876
-859
-815
-765
-738
-718
-681
-619
-552
-484
-411
-343
-270
-195
-118
-45
33
125
209
275
334
394
449
488
520
555
588
616
635
655
676
694
693
671
638
617
620
621
612
584
551
517
478
443
411
389
379
378
368
335
286
248
214
173
141
125
107
68
34
26
31
20
-2
-12
-2
4
-2
-8
0
7
0
-9
0
18
36
56
73
82
92
113
132
131
105
65
18
-24
-62
-106
-150
-197
-262
-353
-454
-539
-604
-658
-701
-742
-799
-847
-867
-869
-876
-891
-873
-837
-798
-776
-749
-703
-650
-591
-537
-471
-401
-318
-226
-139
-48
39
123
192
246
315
386
443
476
505
544
575
581
586
604
625
623
608
594
583
568
554
541
532
515
498
477
454
435
405
368
328
307
300
285
258
216
169
137
127
118
87
56
44
50
54
49
47
35
19
16
32
60
64
58
60
62
60
42
41
55
84
116
142
166
192
211
206
177
145
117
77
17
-58
-117
-165
-225
-313
-415
-496
-548
-588
-644
-724
-803
-870
-914
-950
-978
-995
-982
-937
-894
-868
-857
-826
-780
-728
-667
-586
-493
-401
-317
-229
-138
-62
8
88
173
251
315
379
438
482
527
563
592
605
631
661
670
654
646
646
631
611
608
611
596
564
540
519
481
440
414
406
389
358
333
313
285
248
214
186
155
125
103
91
79
59
28
0
-5
10
24
33
43
66
79
82
81
87
95
100
110
118
124
139
167
190
196
192
190
169
136
93
29
-43
-99
-129
-191
-301
-416
-516
-593
-665
-717
-757
-810
-876
-929
-956
-977
-1000
-1006
-971
-938
-924
-909
-870
-816
-773
-727
-655
-556
-451
-353
-261
-160
-54
41
116
185
261
347
432
509
563
608
631
630
616
620
649
679
691
687
672
644
612
582
568
561
548
526
500
467
430
386
353
337
336
335
303
263
236
217
174
123
93
77
51
30
29
31
21
5
4
12
17
21
36
57
79
98
109
117
127
137
145
148
163
184
200
210
211
203
185
168
140
98
50
13
-18
-73
-160
-271
-378
-478
-564
-622
-657
-705
-786
-877
-943
-981
-1006
-1025
-1026
-1006
-975
-934
-891
-847
-806
-755
-689
-617
-539
-454
-358
-260
-168
-76
10
83
153
226
305
373
443
507
555
575
577
577
588
614
640
654
643
614
585
566
548
532
523
514
498
478
456
430
398
365
331
302
286
267
233
197
172
157
131
91
60
50
51
45
36
37
42
40
25
17
32
59
83
99
109
116
128
142
153
162
181
216
247
270
288
304
301
277
238
190
132
68
13
-30
-69
-132
-233
-358
-466
-541
-599
-660
-724
-778
-832
-885
-935
-973
-1004
-1027
-1023
-997
-954
-912
-875
-842
-802
-748
-678
-601
-511
-397
-271
-148
-55
10
63
125
192
263
346
434
503
532
544
548
543
535
546
585
621
632
619
603
575
537
507
497
485
461
439
423
408
384
366
346
327
302
278
265
249
232
207
181
156
136
123
110
92
77
76
89
100
105
107
102
98
108
138
170
183
189
195
212
228
237
254
281
304
320
335
339
318
262
191
130
82
38
-17
-86
-172
-283
-411
-532
-626
-705
-777
-835
-878
-924
-977
-1024
-1073
-1118
-1143
-1128
-1091
-1048
-1001
-933
-862
-802
-739
-674
-599
-511
-388
-241
-105
-14
45
95
154
229
307
384
449
499
546
587
615
613
600
606
626
642
639
630
617
600
582
566
535
499
483
485
477
452
422
402
376
335
288
248
219
195
172
159
151
139
111
71
39
34
46
49
40
23
13
14
20
21
21
33
64
89
104
122
147
165
176
194
221
252
265
271
275
285
267
202
121
56
16
-20
-75
-152
-248
-351
-453
-556
-648
-729
-793
-836
-868
-911
-967
-1011
-1036
-1055
-1073
-1063
-1014
-946
-871
-785
-693
-612
-550
-487
-427
-360
-277
-165
-43
67
154
223
280
340
411
487
548
592
632
671
693
689
674
663
663
662
664
667
672
660
624
566
515
483
459
433
419
412
397
364
318
267
215
170
133
104
79
47
11
-6
-15
-35
-67
-84
-85
-83
-84
-77
-68
-62
-58
-46
-32
-20
-1
34
75
102
121
149
190
232
265
298
342
387
407
393
346
292
244
207
172
130
79
2
-115
-230
-330
-423
-532
-645
-732
-808
-864
-901
-945
-1007
-1078
-1127
-1144
-1134
-1091
-1035
-982
-924
-854
-776
-708
-650
-587
-501
-384
-266
-174
-93
-4
96
174
241
298
352
420
509
609
670
691
702
718
725
713
700
702
710
714
709
696
672
635
596
556
509
464
438
417
397
372
344
292
214
143
98
66
39
10
-23
-50
-69
-86
-108
-128
-139
-143
-139
-128
-115
-101
-80
-42
1
41
72
107
156
206
249
293
339
378
405
432
460
478
475
442
387
333
281
228
181
130
48
-79
-229
-367
-483
-576
-651
-724
-801
-880
-946
-1011
-1080
-1144
-1188
-1201
-1187
-1154
-1100
-1032
-956
-879
-809
-745
-690
-624
-531
-414
-282
-155
-35
74
175
262
330
394
459
515
556
601
665
721
752
762
764
753
724
698
687
681
666
650
644
624
568
503
459
430
398
360
326
295
257
217
173
129
83
41
5
-31
-61
-85
-100
-115
-131
-146
-158
-162
-151
-130
-102
-78
-48
-18
9
35
69
114
166
220
277
329
375
424
476
534
572
585
571
538
485
406
323
240
175
127
77
-18
-178
-371
-542
-668
-756
-822
-880
-929
-977
-1027
-1083
-1133
-1167
-1179
-1169
-1140
-1092
-1028
-948
-849
-752
-674
-622
-576
-512
-423
-310
-192
-78
35
128
202
259
297
317
326
349
388
429
468
503
533
548
541
522
502
492
487
485
499
520
535
524
503
481
465
445
424
406
383
359
332
312
289
264
226
174
113
55
16
-2
7
27
35
32
46
80
122
172
249
330
405
468
521
568
607
660
717
772
809
846
906
971
1001
943
782
529
221
-78
-319
-479
-591
-713
-895
-1149
-1457
-1786
-2064
-2210
-2189
-2045
-1837
-1605
-1396
-1261
-1195
-1134
-1027
-856
-581
-203
214
556
763
852
843
763
684
655
668
694
734
765
690
467
145
-177
-438
-572
-546
-415
-299
-268
-309
-390
-480
-529
-470
-286
-5
310
580
723
725
659
600
580
602
686
799
867
833
703
496
248
30
-76
-76
-37
-6
0
-35
-127
-242
-311
-280
-147
78
340
570
719
800
869
956
1069
1211
1382
1551
1656
1656
1556
1391
1216
1074
989
937
865
746
547
208
-339
-1067
-1821
-2436
-2808
-2934
-2914
-2891
-2967
-3088
-3115
-2972
-2655
-2162
-1474
-678
36
497
666
635
569
636
881
1191
1374
1327
1070
675
224
-172
-399
-417
-268
-67
48
-52
-333
-623
-758
-696
-480
-142
238
550
693
658
523
403
411
579
825
1000
1017
882
645
360
97
-59
-68
22
123
141
8
-263
-559
-718
-654
-403
-81
189
319
310
220
133
129
257
511
784
935
910
748
561
453
491
676
927
1155
1293
1308
1209
1067
974
969
1030
1108
1151
1114
979
800
643
556
555
619
688
551
12
-939
-2069
-3054
-3647
-3749
-3469
-3091
-2893
-2927
-3020
-2989
-2735
-2167
-1247
-117
875
1438
1507
1177
680
351
410
758
1094
1201
1027
602
17
-510
-738
-570
-93
471
858
858
465
-81
-490
-627
-498
-138
330
690
770
579
236
-118
-308
-197
168
562
785
765
554
242
-69
-261
-251
-55
170
225
67
-207
-441
-521
-408
-141
174
426
547
545
456
323
217
264
494
762
914
918
857
805
826
984
1238
1492
1664
1759
1783
1699
1533
1388
1348
1384
1396
1320
1149
943
751
607
525
420
46
-853
-2209
-3611
-4619
-4995
-4756
-4115
-3437
-3030
-2859
-2686
-2406
-1991
-1306
-223
1045
1990
2300
2002
1304
512
-12
-90
169
455
608
582
290
-228
-717
-873
-628
-88
588
1133
1223
815
184
-370
-730
-798
-515
14
507
755
737
500
152
-143
-177
62
393
612
659
569
340
11
-276
-392
-348
-255
-179
-120
-54
52
199
345
441
497
552
607
654
692
715
694
628
560
537
552
608
744
996
1319
1618
1841
1967
2009
1992
1938
1857
1761
1684
1623
1536
1379
1132
839
565
378
144
-473
-1701
-3345
-4872
-5781
-5885
-5292
-4310
-3370
-2736
-2346
-2036
-1733
-1389
-775
338
1682
2644
2805
2201
1188
161
-504
-599
-258
229
664
943
898
438
-228
-668
-570
28
849
1478
1593
1149
393
-368
-949
-1214
-1024
-401
366
916
1067
862
415
-81
-389
-405
-187
118
377
424
137
-377
-863
-1084
-941
-451
237
840
1154
1165
983
693
359
116
76
256
534
714
700
528
322
202
245
488
895
1376
1853
2235
2433
2410
2228
2042
1952
1956
1980
1961
1886
1762
1590
1369
1136
924
562
-368
-2094
-4250
-6084
-7023
-6971
-6114
-4795
-3519
-2665
-2170
-1746
-1318
-928
-332
805
2210
3153
3162
2332
1031
-320
-1242
-1473
-1241
-874
-407
157
526
389
-20
-191
80
676
1398
2031
2238
1845
1101
362
-254
-743
-916
-575
141
869
1353
1469
1210
742
333
57
-209
-433
-410
-125
127
87
-242
-742
-1289
-1648
-1550
-980
-203
512
1042
1314
1244
860
329
-126
-302
-114
301
676
846
811
664
496
428
627
1143
1863
2572
3079
3246
3015
2539
2092
1886
1885
1954
2029
2092
2078
1909
1593
1196
507
-909
-3061
-5300
-6808
-7296
-6960
-5985
-4592
-3265
-2421
-2013
-1708
-1416
-1138
-529
697
2097
2809
2488
1484
214
-1021
-1790
-1802
-1259
-582
142
854
1118
664
-37
-256
142
791
1441
1935
1995
1492
691
-19
-533
-773
-532
216
1103
1741
2025
1959
1549
940
452
142
-177
-544
-715
-602
-486
-622
-918
-1162
-1292
-1281
-1031
-542
22
518
898
1123
1072
681
94
-420
-629
-512
-220
117
443
751
952
1009
1080
1371
1940
2600
3147
3451
3462
3238
2926
2637
2421
2291
2263
2333
2407
2392
2193
1499
-185
-2870
-5730
-7645
-8192
-7725
-6507
-4712
-2864
-1689
-1333
-1300
-1268
-1211
-787
433
2026
2938
2650
1557
97
-1511
-2786
-3163
-2666
-1774
-677
511
1219
960
212
-62
379
1013
1513
1973
2276
2066
1300
364
-408
-829
-671
118
1131
1887
2323
2535
2403
1851
1173
662
287
-48
-253
-321
-516
-951
-1397
-1626
-1680
-1703
-1669
-1394
-761
114
854
1186
1152
958
643
180
-323
-634
-636
-403
-55
277
542
754
978
1267
1647
2109
2581
2952
3144
3203
3164
3017
2779
2537
2395
2387
2507
2669
2773
2648
1715
-609
-4001
-7126
-8767
-8926
-8136
-6484
-4105
-1884
-773
-720
-989
-1234
-1326
-726
817
2500
3186
2661
1384
-383
-2331
-3613
-3611
-2712
-1569
-269
1027
1555
975
108
-51
439
1014
1538
2061
2268
1834
945
11
-682
-844
-291
712
1617
2236
2722
2954
2619
1831
1083
587
140
-268
-399
-320
-370
-701
-1125
-1488
-1812
-2032
-1970
-1482
-567
520
1371
1646
1411
937
350
-319
-847
-882
-426
122
461
618
728
829
984
1333
1915
2602
3238
3675
3791
3576
3198
2875
2717
2697
2768
2899
3012
2743
1395
-1322
-4669
-7356
-8664
-8811
-8028
-6160
-3549
-1314
-348
-382
-657
-897
-985
-516
610
1731
2133
1779
834
-721
-2493
-3586
-3545
-2808
-1783
-458
890
1525
1218
650
472
614
826
1130
1519
1662
1345
735
49
-534
-708
-245
612
1420
2125
2827
3226
2936
2165
1419
776
51
-592
-846
-821
-890
-1105
-1205
-1160
-1122
-1105
-999
-695
-207
436
1033
1303
1260
1084
784
227
-455
-851
-797
-534
-251
95
563
1032
1413
1751
2126
2517
2851
3056
3122
3131
3165
3261
3375
3445
3451
3427
3084
1612
-1352
-4936
-7656
-8879
-9076
-8401
-6425
-3417
-821
247
176
-116
-367
-533
-204
722
1612
1912
1593
622
-1151
-3124
-4170
-3959
-3137
-2106
-660
965
1909
1854
1403
1137
1031
996
1160
1393
1328
876
317
-234
-734
-830
-270
608
1328
1979
2719
3176
2989
2445
1952
1369
515
-253
-556
-526
-471
-413
-360
-642
-1322
-2017
-2401
-2407
-1979
-949
421
1486
1909
1824
1443
840
145
-313
-290
81
515
782
859
856
888
1016
1264
1704
2356
3046
3493
3614
3535
3365
3131
2914
2906
3153
3339
2676
404
-3042
-6295
-8272
-9080
-9116
-7884
-5083
-1840
172
548
211
-135
-471
-612
-215
554
1188
1414
1090
-94
-1966
-3495
-3858
-3383
-2723
-1783
-363
978
1569
1520
1362
1219
1070
1076
1210
1153
819
451
138
-246
-469
-182
414
918
1397
2159
2876
2994
2631
2296
1973
1284
342
-349
-654
-827
-912
-836
-902
-1404
-2056
-2386
-2325
-2012
-1297
-57
1237
2020
2167
1904
1396
703
123
-43
169
503
809
1057
1261
1440
1612
1799
2025
2425
2987
3480
3708
3707
3631
3557
3504
3493
3543
3039
1019
-2493
-6167
-8564
-9621
-9889
-8938
-6179
-2505
158
1039
1014
865
562
240
429
1044
1459
1450
1091
-19
-2090
-4112
-4793
-4282
-3562
-2736
-1305
389
1385
1565
1551
1641
1682
1720
1820
1636
974
212
-314
-725
-980
-694
102
813
1288
1944
2700
2970
2742
2641
2671
2171
1071
110
-321
-477
-493
-293
-128
-413
-1177
-2069
-2820
-3326
-3242
-2313
-805
662
1644
2105
2008
1397
637
171
150
454
911
1375
1684
1752
1666
1599
1691
1970
2419
2929
3387
3693
3863
3929
3930
3953
4116
4016
2452
-1030
-5198
-8197
-9584
-10208
-9908
-7613
-3669
-245
1156
1232
1177
1067
768
772
1260
1683
1670
1333
315
-1803
-4168
-5211
-4700
-3830
-3042
-1788
-145
914
1049
911
920
1003
1248
1741
1971
1478
610
-112
-748
-1274
-1155
-274
675
1326
2127
3093
3404
2877
2406
2465
2382
1671
839
388
162
-31
-118
-223
-624
-1387
-2294
-3209
-3904
-3929
-3039
-1529
29
1263
1997
2051
1486
772
357
320
507
897
1420
1850
2018
1950
1849
1918
2261
2823
3457
4023
4400
4550
4460
4241
4089
4069
3331
738
-3357
-7143
-9242
-10163
-10536
-9408
-5990
-1750
900
1471
1393
1474
1366
1137
1286
1688
1815
1635
1039
-666
-3377
-5402
-5440
-4297
-3234
-2125
-503
1018
1579
1337
855
327
40
395
1021
1037
378
-213
-561
-1010
-1278
-784
194
959
1712
2870
3832
3796
3183
2875
2679
1927
846
147
-86
-117
72
421
389
-420
-1678
-2854
-3777
-4255
-3832
-2436
-654
809
1673
1842
1289
419
-136
-94
346
914
1498
2006
2256
2188
1966
1873
2139
2810
3765
4658
5156
5227
5075
4900
4787
4252
2115
-1831
-6067
-8758
-9879
-10565
-10313
-7712
-3326
211
1395
1350
1472
1675
1647
1747
2053
2157
2016
1687
394
-2350
-5156
-6123
-5298
-4106
-2875
-1102
817
1911
2034
1740
1132
360
84
408
459
-254
-1072
-1512
-1895
-2147
-1638
-490
442
1162
2395
3785
4159
3544
3139
3221
2915
1939
992
454
110
-41
62
-107
-917
-1924
-2592
-2968
-3256
-2936
-1591
207
1582
2133
1958
1156
-43
-953
-1112
-666
38
777
1461
1918
2051
1983
1958
2272
3059
4147
5120
5656
5837
5919
5936
5189
2432
-2183
-6795
-9557
-10549
-10983
-10454
-7709
-3346
194
1494
1580
1776
2081
2287
2622
2978
2880
2358
1596
-42
-2908
-5636
-6486
-5614
-4340
-2920
-973
943
1925
2024
1809
1314
668
577
1098
1267
515
-647
-1777
-2933
-3657
-3236
-1923
-577
788
2596
4157
4410
3626
2986
2762
2299
1540
1021
908
981
1218
1533
1341
266
-1280
-2585
-3404
-3736
-3242
-1804
59
1609
2443
2490
1695
370
-788
-1246
-936
-120
789
1458
1768
1787
1585
1315
1347
2077
3452
4881
5789
6124
6231
6210
5109
1673
-3440
-7827
-9785
-10175
-10402
-9649
-6652
-2470
411
1205
1297
1722
2286
2819
3377
3619
3249
2601
1637
-464
-3659
-6149
-6472
-5315
-3906
-2235
-127
1580
2200
2085
1653
872
181
319
921
819
-99
-1090
-2058
-3284
-4121
-3700
-2441
-1156
379
2492
4204
4506
3879
3286
2712
1749
784
324
205
181
386
487
-303
-1711
-2580
-2409
-1867
-1219
211
2313
3912
4168
3399
2264
935
-390
-1168
-1094
-391
440
1012
1184
1120
1159
1491
2041
2757
3742
4849
5663
5829
5527
4503
1597
-3212
-7978
-10518
-10946
-10686
-9489
-6338
-2135
777
1624
1715
2050
2358
2702
3464
4112
3907
3086
2036
38
-3235
-6092
-6703
-5508
-3963
-2228
-4
1992
2914
2920
2473
1596
718
581
914
670
-269
-1175
-1946
-2919
-3655
-3440
-2626
-1852
-755
1095
2796
3313
3088
3003
2823
1890
626
-110
-286
-257
-131
-218
-972
-2068
-2656
-2388
-1715
-690
1077
3219
4719
4965
4306
3276
2020
846
298
476
988
1421
1609
1516
1220
1015
1192
1878
2935
4074
5005
5572
5813
5368
2906
-2047
-7639
-11211
-12101
-11931
-11123
-8399
-3871
52
1548
1525
1651
2052
2427
3115
4021
4340
3843
2991
1382
-1650
-5049
-6614
-5912
-4396
-2730
-560
1781
3272
3659
3402
2607
1502
938
1153
1133
273
-821
-1731
-2759
-3747
-3802
-2873
-1809
-709
959
2757
3593
3389
2887
2241
1139
-77
-852
-1280
-1525
-1246
-648
-763
-1933
-3162
-3439
-3013
-2346
-1029
1170
3467
4764
4844
4227
3223
2079
1305
1276
1878
2661
3181
3231
2848
2285
1877
1864
2380
3324
4412
5349
5922
6029
4730
801
-5036
-10108
-12341
-12518
-12058
-10230
-6179
-1573
1020
1410
1347
1640
1876
2348
3370
4112
3838
2992
1751
-794
-4487
-7089
-7046
-5461
-3622
-1329
1477
3704
4583
4518
3936
2929
2128
2116
2185
1373
-71
-1457
-2887
-4370
-4934
-4044
-2520
-1038
825
3022
4370
4339
3721
3121
2275
1120
157
-521
-1282
-2082
-2853
-3880
-5170
-5882
-5213
-3554
-1649
432
2784
4667
5172
4486
3542
2825
2244
1870
1921
2369
2877
3146
3056
2730
2521
2695
3323
4211
5154
6053
6721
6753
4799
-6
-6184
-10905
-12614
-12495
-11593
-9169
-5053
-1202
462
447
432
824
1305
2253
3663
4516
4138
2907
901
-2330
-5925
-7844
-7385
-5802
-3858
-1310
1374
3028
3379
3233
2956
2561
2535
3004
3113
2317
1134
-174
-1988
-3829
-4405
-3530
-2283
-988
864
2864
3901
3840
3408
2843
1954
1072
634
407
40
-536
-1408
-2790
-4283
-5020
-4782
-4056
-3003
-1249
911
2430
2798
2545
2226
1801
1330
1207
1662
2464
3229
3690
3773
3629
3537
3661
4007
4497
5260
6242
7024
6626
3534
-2125
-8057
-11618
-12376
-11845
-10288
-6929
-2626
291
965
800
994
1283
1697
2903
4416
4894
3929
1960
-992
-4659
-7498
-8040
-6798
-5027
-2748
28
2142
2623
2094
1689
1580
1627
2098
2740
2713
1813
488
-1072
-2801
-3838
-3418
-2033
-578
998
2852
4182
4266
3505
2577
1591
630
-9
-247
-427
-605
-733
-1179
-2139
-3140
-3401
-2816
-1879
-671
904
2421
3097
2667
1715
818
143
-219
-58
804
2095
3253
3913
4157
4290
4444
4570
4670
4971
5717
6472
5417
1126
-5070
-10066
-12074
-12055
-11032
-8442
-4332
-597
1049
1090
974
1143
1556
2673
4328
5352
5055
3657
1216
-2366
-5941
-7602
-7046
-5583
-3771
-1316
1169
2333
1950
1057
448
341
916
1880
2352
1977
1076
-311
-2232
-3855
-4060
-2965
-1531
59
2039
3732
4219
3682
2935
2157
1140
136
-637
-1383
-2099
-2363
-2208
-2134
-2083
-1469
-334
507
879
1436
2357
2971
2843
2372
2008
1668
1172
689
530
889
1712
2689
3504
4071
4557
5109
5674
6173
6487
5466
1554
-4626
-10154
-12541
-12256
-10808
-8214
-4522
-1359
-123
-117
7
300
568
1801
4243
6189
6178
4495
1789
-1779
-5234
-6756
-5973
-4313
-2486
-193
1923
2567
1706
609
66
107
886
2101
2664
2102
996
-376
-2220
-3911
-4193
-3006
-1448
65
1773
3181
3530
3110
2717
2360
1667
880
342
-293
-1418
-2601
-3356
-3668
-3537
-2755
-1443
-321
429
1311
2381
2944
2680
2225
2256
2531
2502
2202
2044
2172
2309
2383
2664
3293
4092
4819
5521
6362
7152
6279
1898
-5021
-10961
-13227
-12517
-10573
-7493
-3541
-661
-197
-949
-1092
-633
-159
1305
4145
6534
6682
4643
1177
-3188
-6892
-7867
-6171
-3870
-1702
932
3261
3626
2046
321
-423
-296
612
1976
2700
2167
821
-947
-2921
-4239
-3819
-1925
191
2132
3976
4969
4317
2708
1443
838
492
284
245
-187
-1279
-2489
-3331
-3623
-3247
-2028
-379
782
1293
1693
2102
2083
1502
919
803
913
1051
1336
1882
2525
2990
3390
3919
4507
4987
5392
5962
6686
6919
4871
-444
-7238
-12183
-13466
-12214
-9724
-6255
-2731
-838
-750
-854
-183
555
1245
3118
5886
7398
6272
3063
-1152
-5305
-7766
-7505
-5542
-3442
-1150
1448
2985
2446
819
-125
42
870
2124
3144
2932
1332
-967
-3350
-5181
-5519
-3996
-1559
786
3027
4845
5248
4095
2708
2128
2072
2000
1850
1475
304
-1516
-3194
-4131
-4126
-3201
-1537
133
1175
1703
2000
2020
1700
1380
1441
1717
1800
1718
1673
1737
1857
2098
2696
3553
4470
5340
6140
6836
7075
5330
337
-6482
-11686
-12974
-11431
-8840
-5706
-2875
-1879
-2678
-3158
-2095
-563
728
3002
6193
7994
6819
3376
-821
-4605
-6569
-5877
-3795
-2069
-617
996
1762
892
-510
-856
-72
1228
2897
4186
3742
1373
-1715
-4351
-5850
-5667
-3818
-1341
764
2488
3646
3439
2051
964
1189
2179
2985
3330
2916
1213
-1397
-3640
-4589
-4178
-2730
-484
1749
2936
2975
2472
1902
1364
1165
1711
2640
3155
3010
2507
2005
1631
1569
2091
3103
4169
5112
6032
6917
6995
4363
-1487
-8200
-12330
-12445
-10135
-7042
-4036
-2413
-3035
-4539
-4619
-2929
-990
971
4102
7461
8467
6133
1819
-2567
-5628
-6241
-4464
-2105
-574
390
960
488
-805
-1567
-999
462
2417
4683
5864
4490
1124
-2371
-4711
-5628
-5082
-3289
-1054
860
2144
2408
1523
380
66
791
1901
2839
3171
2274
167
-2073
-3256
-3295
-2674
-1592
-122
1230
1928
2135
2152
1989
1799
2058
2809
3401
3364
2949
2690
2783
3110
3518
4006
4609
5293
6027
6749
6614
3696
-2282
-8683
-12107
-11648
-9079
-5931
-3272
-2515
-3952
-5446
-4797
-2574
-654
1202
4157
6766
6527
3364
-642
-3782
-5409
-4881
-2606
-594
-91
-451
-881
-1404
-1746
-1215
168
1725
3304
4653
4386
1847
-1496
-3694
-4227
-3654
-2233
-350
1071
1557
1440
1055
561
437
1055
2065
2736
2726
1827
-135
-2412
-3713
-3514
-2475
-1225
259
1621
2048
1481
909
1032
1555
2183
3005
3721
3627
2768
1918
1729
2145
2830
3657
4548
5368
6020
6558
6846
5435
938
-5274
-9870
-10632
-8549
-5651
-3196
-2493
-4260
-6819
-7112
-4481
-1186
1322
3971
6653
7084
4317
181
-3059
-4647
-4452
-2424
-48
617
-608
-2275
-3269
-3331
-2349
-528
1407
2961
4117
4131
2168
-802
-2881
-3433
-3141
-2380
-1021
231
472
17
-276
-114
344
1044
1864
2329
2132
1343
68
-1374
-2051
-1476
-334
401
689
1070
1321
1152
1136
1842
2826
3263
3199
3071
2797
2274
2053
2693
3868
4780
5153
5292
5322
5187
4761
2624
-2050
-7494
-10450
-9463
-6579
-3922
-2554
-3403
-6169
-8172
-6682
-2542
1044
3234
5442
7041
5912
2269
-1278
-2842
-2714
-1506
213
765
-691
-2952
-4255
-3994
-2721
-770
1433
3128
4007
3872
2321
-151
-1888
-1986
-1368
-1180
-1202
-1127
-1579
-2497
-2747
-1781
-327
856
1931
2808
2571
969
-1021
-2144
-1979
-1024
14
553
467
135
-187
-395
-43
1261
3080
4356
4662
4431
3925
3119
2518
2838
4007
5049
5278
5113
5119
5282
5446
5003
2223
-3178
-8578
-10468
-8449
-5297
-3052
-2724
-4880
-8227
-9372
-6393
-1738
1265
2844
4399
4745
2492
-709
-2050
-1145
430
1969
2886
1799
-1287
-4300
-5192
-3985
-1913
307
2022
2701
2488
1594
259
-683
-311
967
1609
1188
635
160
-739
-1696
-1739
-916
-178
223
716
911
115
-1166
-1910
-1914
-1860
-1853
-1429
-731
-131
219
350
206
51
457
1456
2522
3280
3799
4035
4010
4058
4324
4485
4287
4208
4675
5371
5776
5968
5713
3145
-2164
-7479
-9337
-7418
-4506
-2569
-2590
-5049
-8523
-9620
-6559
-1762
1454
2888
3700
3254
976
-1427
-1893
-538
1095
2296
2589
951
-2136
-4525
-4634
-3041
-1338
-159
397
344
119
-47
-150
82
892
1767
1704
777
52
-177
-280
-93
639
1315
1107
262
-308
-611
-1090
-1366
-869
27
271
-218
-641
-746
-713
-431
266
1043
1421
1468
1556
1825
2265
2818
3407
4017
4618
5041
5193
5149
5187
5516
5934
5885
3698
-1179
-6567
-9290
-8069
-5133
-3054
-3168
-5564
-8522
-9239
-6237
-1488
1829
3098
3657
3542
1979
-72
-691
343
1504
1829
1277
-552
-3258
-4856
-3953
-1509
232
454
-107
-881
-1483
-1562
-1024
60
1241
1785
1112
-395
-1376
-1248
-537
363
1343
1877
1375
253
-386
-350
-353
-434
-157
204
-137
-967
-1144
-429
369
864
1309
1654
1566
1235
1219
1611
2105
2585
3193
3943
4668
5145
5387
5576
5742
5877
5939
5615
3418
-1171
-5974
-7970
-6415
-3834
-2676
-3918
-7106
-10029
-9764
-5475
-177
2597
2712
2127
1437
233
-555
292
2115
3189
2884
1561
-828
-3628
-4807
-3325
-692
664
122
-1180
-2223
-2509
-1993
-1032
75
965
1097
210
-1051
-1477
-805
207
1064
1578
1445
621
-86
129
802
925
480
37
-425
-1151
-1616
-1062
110
801
747
504
338
301
716
1763
2824
3133
2777
2360
2346
2781
3562
4515
5398
5913
6011
5910
5823
4950
1957
-2377
-5482
-5560
-3653
-2264
-2697
-5215
-8690
-10578
-8726
-4020
22
1413
1248
1052
746
346
903
2521
3796
3618
2346
611
-1405
-2746
-2286
-572
515
-170
-1890
-3167
-3329
-2437
-1145
-186
219
-97
-1014
-1888
-1868
-830
255
693
650
274
-428
-1006
-660
517
1231
702
-349
-980
-1122
-947
-199
954
1592
1319
830
733
887
1178
1764
2569
3106
3082
2879
2968
3421
4018
4613
5220
5625
5677
5669
5842
5017
1791
-2731
-5562
-5044
-2776
-1439
-2438
-5762
-9592
-10984
-8304
-3447
-148
282
-546
-961
-845
-231
1288
3206
4252
3896
2712
1334
32
-525
122
1128
1061
-573
-2688
-3680
-2988
-1314
-28
112
-611
-1759
-2804
-2968
-1744
215
1485
1512
760
-272
-1205
-1367
-342
1005
1369
540
-602
-1392
-1807
-1700
-927
-33
210
-201
-498
-298
208
920
1728
2258
2293
2184
2498
3319
4315
5101
5547
5744
5720
5570
5566
5976
5942
3772
-359
-3951
-4728
-3151
-1607
-1866
-4374
-7970
-9976
-8387
-4165
-821
-416
-1703
-2503
-2113
-922
883
2677
3332
2656
1557
861
594
797
1713
2605
2236
273
-2231
-3628
-3221
-1634
-277
-173
-1022
-2080
-2844
-2847
-1763
-55
995
794
37
-527
-689
-414
393
1161
921
-241
-1139
-1030
-401
81
386
480
74
-600
-815
-319
342
803
1248
1666
1781
1648
1819
2544
3542
4477
5206
5574
5586
5552
5851
5639
3393
-463
-3399
-3469
-1651
-387
-1294
-4547
-8526
-10195
-7797
-3100
-30
-215
-1955
-3015
-2642
-1079
1317
3410
3890
2904
1670
977
734
902
1662
2340
1876
163
-1663
-2235
-1347
-13
444
-572
-2299
-3642
-3959
-3130
-1545
-132
158
-489
-1032
-1005
-613
58
1005
1634
1139
-89
-869
-803
-505
-331
29
429
326
-32
143
766
1010
735
570
709
868
1116
1713
2482
2908
3034
3332
3992
4724
5351
6003
6547
5670
2608
-1175
-3007
-2029
-139
311
-1830
-5940
-9585
-9823
-6227
-1948
-713
-2611
-4816
-4987
-3014
45
2981
4315
3405
1563
627
1119
2227
3263
3961
3628
1860
-541
-1955
-1531
-89
793
211
-1480
-3099
-3765
-3216
-1858
-600
-303
-998
-1643
-1412
-651
-40
286
486
410
25
-96
259
456
-34
-724
-901
-750
-708
-441
375
1108
989
385
160
358
704
1267
2102
2761
2882
2863
3253
4014
4716
5119
5354
5365
4244
1715
-879
-1634
-450
759
273
-2384
-6239
-9000
-8402
-4738
-1358
-1265
-3654
-5464
-4929
-2731
-218
1705
2216
1272
253
515
1864
3089
3678
3810
3200
1707
231
-29
861
1538
985
-556
-2161
-3010
-2937
-2258
-1571
-1516
-2183
-2855
-2566
-1306
-109
362
321
86
-369
-774
-372
792
1557
1136
198
-241
-112
267
959
1759
1816
872
2
127
853
1374
1631
1877
2042
2164
2619
3474
4200
4454
4564
4642
3623
1174
-1165
-1415
-15
856
-208
-3146
-6588
-8277
-6554
-2771
-586
-1999
-5015
-6370
-4915
-1937
790
1971
1198
-447
-918
475
2465
3595
3603
2973
1957
936
549
1100
1948
2014
821
-998
-2248
-2275
-1479
-758
-714
-1407
-2397
-2809
-2040
-636
110
-190
-787
-1048
-991
-627
167
925
906
283
7
358
720
783
887
1039
797
367
504
1142
1409
1095
822
952
1210
1617
2432
3309
3638
3484
3586
4228
4571
3365
907
-1064
-1074
159
814
-408
-3577
-7033
-8119
-5649
-1997
-940
-3313
-6121
-6382
-3975
-895
1216
1574
298
-1140
-885
1101
3018
3606
3332
2886
2214
1500
1465
2196
2568
1701
33
-1334
-1818
-1564
-1104
-1051
-1718
-2739
-3238
-2594
-1182
-163
-233
-848
-1105
-827
-372
99
501
400
-273
-705
-167
827
1252
1112
1111
1259
1123
955
1281
1715
1542
1088
1026
1286
1426
1637
2206
2690
2659
2554
3006
3919
4176
2817
446
-1192
-800
685
1327
-154
-3458
-6562
-7008
-4324
-1222
-1067
-3852
-6396
-6217
-3772
-1137
327
195
-1091
-1882
-722
1743
3394
3337
2686
2333
2122
2039
2502
3214
3046
1646
37
-799
-852
-707
-828
-1456
-2549
-3444
-3326
-2165
-988
-814
-1517
-2039
-1745
-913
-141
300
382
85
-250
-95
527
939
739
486
799
1388
1719
1830
1969
1872
1463
1327
1747
2169
2169
2150
2338
2385
2214
2397
3117
3877
3648
1969
-252
-1332
-492
798
690
-1512
-4819
-7085
-6489
-3598
-1488
-2636
-5746
-7401
-5972
-2858
-420
287
-621
-1960
-1899
288
2959
3952
3223
2452
2388
2644
3073
3704
3893
2870
1176
78
-52
219
274
-206
-1321
-2731
-3459
-2974
-1872
-1285
-1726
-2508
-2640
-1908
-958
-461
-510
-849
-1143
-940
-13
1128
1609
1259
861
1073
1653
2139
2458
2504
2043
1400
1393
1981
2312
2158
2129
2421
2591
2663
3052
3606
3859
3387
1920
30
-1033
-408
698
484
-1580
-4536
-6526
-6001
-3410
-1500
-2648
-5743
-7432
-6169
-3326
-1242
-864
-1882
-3125
-2818
-418
2278
3107
2244
1636
2011
2694
3377
4056
4197
3283
2024
1501
1609
1544
1004
99
-1038
-2089
-2434
-1902
-1283
-1397
-2255
-3030
-2959
-2132
-1290
-1026
-1295
-1655
-1637
-1034
-96
552
462
-45
-113
671
1783
2491
2684
2562
2172
1809
1988
2579
2793
2473
2305
2537
2697
2670
2792
3063
3169
3252
3096
2073
466
-401
109
617
-112
-1998
-4127
-5388
-4909
-3184
-2319
-3802
-6219
-6980
-5531
-3433
-2280
-2291
-3013
-3491
-2532
-211
1755
2081
1514
1533
2243
3013
3632
3904
3488
2538
1910
1953
2071
1726
914
-131
-1044
-1407
-1151
-822
-1020
-1778
-2583
-2817
-2280
-1466
-1123
-1514
-2138
-2385
-2033
-1291
-515
-47
-64
-236
8
715
1342
1618
1841
2163
2315
2377
2722
3141
3098
2775
2744
2973
3026
3025
3226
3425
3405
3464
3450
2450
637
-486
133
1198
955
-860
-3384
-5366
-5540
-3793
-2135
-2898
-5566
-7275
-6549
-4453
-2821
-2444
-3176
-4147
-3832
-1614
953
1963
1461
1063
1606
2607
3550
4191
4263
3744
3134
2879
2744
2217
1238
175
-534
-716
-576
-546
-935
-1700
-2491
-2855
-2542
-1885
-1538
-1781
-2222
-2343
-2081
-1641
-1248
-996
-921
-855
-442
361
1091
1400
1504
1703
1894
2048
2429
2894
2949
2655
2643
3024
3351
3491
3623
3682
3597
3660
4083
4105
2860
1043
161
745
1407
772
-1213
-3697
-5328
-4995
-3239
-2404
-4153
-6929
-7796
-6112
-3696
-2565
-3107
-4465
-5130
-3780
-836
1491
1684
620
263
1203
2566
3579
3941
3596
2873
2526
2892
3311
2963
1875
677
-81
-312
-210
-182
-588
-1469
-2396
-2724
-2356
-1933
-2088
-2606
-2806
-2491
-1987
-1553
-1289
-1308
-1454
-1221
-385
541
933
955
1203
1773
2273
2560
2766
2745
2436
2365
2904
3516
3501
3107
2918
2994
3156
3510
4030
4338
3779
2422
1191
981
1615
1746
559
-1734
-4133
-5289
-4467
-2829
-2733
-4954
-7345
-7592
-5811
-3831
-3092
-3597
-4441
-4320
-2470
114
1391
708
-304
176
1797
3039
3301
2922
2319
1894
2182
3034
3379
2633
1473
832
819
919
787
329
-487
-1519
-2284
-2366
-2022
-2016
-2597
-3191
-3249
-2882
-2433
-2014
-1692
-1515
-1236
-549
320
789
678
505
788
1486
2150
2538
2669
2563
2415
2602
3151
3480
3288
3093
3335
3774
4079
4288
4354
4170
3574
2531
1443
938
1270
1418
388
-1684
-3857
-5021
-4552
-3196
-2900
-4694
-6928
-7247
-5559
-3665
-3043
-3672
-4610
-4608
-2920
-403
948
373
-594
-139
1541
2927
3261
2862
2268
1952
2399
3346
3708
2892
1610
818
662
699
610
173
-769
-1890
-2499
-2269
-1660
-1507
-2073
-2807
-3062
-2652
-1974
-1476
-1439
-1748
-1824
-1205
-144
598
626
340
445
1166
2094
2655
2681
2404
2213
2463
3080
3455
3204
2780
2861
3378
3814
3972
3948
3788
3730
3671
2991
1692
731
835
1067
204
-1700
-3738
-4872
-4478
-3191
-2813
-4436
-6617
-7015
-5422
-3481
-2746
-3354
-4386
-4587
-3153
-845
475
25
-926
-650
866
2267
2763
2538
2132
2001
2484
3309
3571
2846
1736
976
646
489
306
-67
-784
-1625
-2105
-2029
-1689
-1634
-2042
-2485
-2411
-1840
-1298
-1206
-1470
-1700
-1491
-771
57
449
285
80
368
1136
1847
2118
2111
2132
2316
2706
3220
3470
3196
2810
2858
3202
3423
3508
3591
3555
3410
3470
3284
2260
903
376
837
1037
163
-1606
-3548
-4576
-3964
-2556
-2349
-4164
-6239
-6476
-4940
-3293
-2893
-3716
-4756
-4722
-3052
-914
-89
-776
-1375
-581
1064
2286
2604
2275
1843
1853
2513
3193
3010
2011
1060
714
738
665
296
-320
-1031
-1523
-1584
-1290
-1040
-1228
-1784
-2135
-1865
-1233
-842
-926
-1288
-1582
-1410
-655
255
606
286
-27
293
1122
1891
2278
2287
2091
2021
2390
2968
3108
2661
2273
2397
2741
2943
3043
3076
2933
2834
3145
3532
2997
1661
705
840
1314
1005
-279
-2122
-3676
-3971
-2942
-2124
-3050
-5237
-6510
-5836
-4250
-3263
-3434
-4250
-4748
-3997
-2142
-635
-614
-1427
-1485
-295
1154
1883
1851
1469
1188
1362
2040
2615
2457
1745
1168
1019
1005
878
607
171
-424
-840
-760
-342
-217
-725
-1497
-1854
-1618
-1171
-949
-1127
-1554
-1776
-1256
-193
570
523
186
312
988
1752
2231
2307
2068
1861
2076
2637
2942
2676
2262
2284
2636
2866
2865
2811
2685
2499
2559
3007
3380
2849
1659
764
746
1108
854
-351
-2196
-3825
-4258
-3476
-2825
-3642
-5555
-6614
-5887
-4354
-3422
-3566
-4263
-4697
-4080
-2435
-1009
-919
-1651
-1705
-557
765
1310
1197
995
1103
1692
2626
3216
2874
2006
1531
1648
1809
1592
1138
641
108
-275
-319
-198
-391
-1041
-1697
-1910
-1687
-1296
-963
-814
-974
-1223
-1040
-296
468
666
453
363
647
1144
1654
1934
1844
1623
1743
2292
2732
2650
2282
2118
2282
2576
2804
2845
2662
2475
2624
3082
3422
3386
2846
1842
865
525
862
911
-96
-1899
-3573
-4208
-3584
-2631
-2806
-4480
-6164
-6232
-4935
-3745
-3676
-4601
-5546
-5389
-3795
-1927
-1328
-1965
-2347
-1463
147
1365
1768
1574
1294
1536
2434
3338
3413
2681
1926
1646
1715
1737
1501
952
197
-398
-525
-314
-215
-521
-1088
-1540
-1548
-1103
-574
-403
-700
-1071
-1020
-419
295
619
479
280
468
1052
1668
1956
1903
1810
1970
2390
2771
2778
2393
2029
2017
2263
2453
2409
2223
2025
2030
2251
2465
2451
2317
2032
1410
727
458
583
335
-717
-2237
-3612
-4214
-3760
-2935
-3042
-4533
-6124
-6330
-5278
-4173
-3901
-4414
-4979
-4652
-3123
-1374
-746
-1290
-1676
-886
705
1944
2258
1913
1508
1578
2179
2827
2856
2231
1609
1455
1537
1450
1123
744
353
3
-77
117
283
88
-396
-792
-872
-661
-367
-210
-279
-457
-435
-61
422
680
645
560
713
1133
1609
1853
1768
1545
1461
1629
1900
1951
1662
1302
1217
1400
1555
1546
1435
1303
1299
1552
1878
1963
1797
1739
1765
1380
591
-25
-63
67
-345
-1481
-2926
-3881
-3741
-2877
-2483
-3381
-4981
-5752
-5075
-3771
-3066
-3384
-4095
-4244
-3327
-1817
-906
-1132
-1698
-1431
-193
1013
1433
1201
864
915
1494
2270
2645
2359
1860
1653
1753
1875
1800
1547
1200
849
639
636
717
676
431
90
-169
-226
-67
165
193
-28
-242
-129
272
553
489
250
168
372
734
1055
1146
974
789
886
1169
1275
1073
807
700
682
666
657
634
527
430
589
936
1188
1228
1270
1451
1681
1647
1200
605
303
457
541
-15
-1219
-2442
-2937
-2527
-1908
-2123
-3461
-4836
-4968
-3923
-2889
-2818
-3592
-4348
-4219
-2977
-1499
-954
-1447
-1852
-1231
52
996
1256
1146
1077
1380
2116
2877
3039
2600
2157
2072
2120
2054
1955
1876
1637
1230
1022
1098
1084
746
339
119
-15
-126
-81
55
-15
-356
-592
-497
-269
-174
-247
-321
-335
-259
-101
57
94
1
-53
81
305
418
347
208
133
195
410
713
927
940
855
894
1128
1455
1777
2062
2248
2337
2342
2065
1454
818
623
690
388
-571
-1863
-2872
-3129
-2655
-2237
-2797
-4215
-5222
-4920
-3798
-2933
-2907
-3450
-3865
-3467
-2247
-1062
-705
-957
-947
-266
671
1333
1586
1551
1536
1829
2434
2971
3054
2749
2388
2175
2100
2084
2067
1926
1551
1063
725
646
651
502
128
-317
-595
-596
-447
-440
-732
-1154
-1372
-1237
-947
-777
-796
-925
-991
-896
-641
-347
-135
-21
63
211
462
767
1011
1103
999
772
613
695
921
1077
1123
1140
1159
1169
1291
1535
1704
1715
1747
1889
1794
1281
654
343
393
416
28
-881
-1905
-2353
-1970
-1377
-1487
-2525
-3713
-4073
-3474
-2581
-2241
-2670
-3337
-3431
-2635
-1537
-936
-968
-1046
-710
-55
584
1076
1407
1582
1748
2062
2443
2665
2663
2557
2362
2038
1688
1489
1479
1391
1001
454
25
-163
-226
-289
-463
-793
-1126
-1214
-1045
-886
-914
-1061
-1118
-1047
-869
-623
-382
-256
-329
-443
-395
-110
258
525
619
538
356
235
295
447
479
321
138
100
269
593
920
1066
1058
1097
1384
1808
2158
2312
2318
2330
2307
2092
1661
1301
1219
1204
850
-10
-1107
-1934
-2065
-1612
-1315
-1845
-3009
-3894
-3933
-3376
-2847
-2786
-3181
-3573
-3331
-2406
-1470
-1136
-1249
-1191
-721
-60
538
975
1224
1344
1479
1611
1644
1668
1841
2046
1957
1555
1168
1056
1176
1301
1220
881
432
155
154
195
23
-340
-641
-747
-775
-851
-955
-1018
-1006
-984
-983
-1020
-1014
-811
-432
-118
-122
-328
-394
-121
335
692
781
659
559
671
952
1174
1179
1062
1019
1147
1338
1483
1572
1647
1689
1672
1685
1797
1997
2220
2436
2496
2199
1594
1043
831
839
681
115
-816
-1755
-2221
-2112
-1901
-2233
-3158
-4050
-4377
-4124
-3645
-3322
-3310
-3485
-3501
-3140
-2579
-2045
-1552
-1014
-492
-125
143
476
953
1519
2035
2317
2288
2081
1973
2063
2154
2017
1597
1105
749
581
468
275
-14
-332
-575
-706
-793
-870
-882
-782
-645
-581
-574
-549
-449
-271
-62
86
99
27
32
226
506
674
679
668
765
911
1019
1048
998
906
841
870
899
793
585
446
462
496
444
368
379
486
639
808
921
951
982
1134
1371
1519
1453
1190
854
602
490
398
166
-206
-594
-928
-1196
-1366
-1454
-1573
-1784
-2007
-2165
-2246
-2262
-2196
-2128
-2124
-2109
-1986
-1806
-1707
-1647
-1511
-1282
-1067
-906
-782
-662
-487
-243
56
312
465
527
556
657
820
964
1009
960
921
937
980
979
918
851
822
852
891
862
793
773
836
900
900
882
880
864
802
747
693
628
569
547
504
349
150
-11
-134
-280
-481
-683
-861
-968
-1042
-1153
-1270
-1308
-1251
-1148
-1004
-783
-538
-311
-58
232
520
806
1112
1436
1740
2018
2238
2375
2466
2547
2578
2509
2349
2090
1739
1358
1048
785
463
37
-458
-964
-1452
-1912
-2323
-2665
-2938
-3156
-3335
-3432
-3461
-3463
-3449
-3393
-3252
-3037
-2774
-2509
-2274
-2020
-1694
-1286
-838
-415
-47
241
525
842
1157
1394
1529
1649
1829
2079
2324
2450
2468
2441
2415
2396
2355
2281
2125
1890
1636
1421
1251
1102
902
594
215
-150
-416
-587
-718
-866
-1046
-1204
-1282
-1268
-1212
-1199
-1252
-1317
-1310
-1200
-1042
-895
-802
-717
-576
-357
-126
74
254
447
626
785
914
1015
1106
1229
1423
1636
1812
1934
2062
2205
2307
2330
2294
2226
2106
1920
1623
1179
638
159
-114
-267
-515
-989
-1583
-2084
-2422
-2653
-2850
-3030
-3209
-3357
-3373
-3238
-3081
-3026
-3003
-2847
-2536
-2163
-1815
-1482
-1133
-798
-495
-208
90
394
639
831
985
1131
1238
1308
1367
1447
1549
1587
1564
1530
1576
1672
1719
1669
1569
1458
1351
1247
1178
1153
1097
991
846
695
539
348
142
-27
-151
-269
-426
-593
-732
-843
-915
-961
-1026
-1101
-1103
-1006
-915
-894
-867
-782
-705
-650
-526
-310
-113
-5
56
126
249
426
627
813
994
1180
1345
1505
1686
1884
2040
2148
2250
2343
2404
2356
2147
1765
1317
929
659
447
208
-98
-503
-1001
-1562
-2090
-2523
-2828
-3039
-3223
-3432
-3603
-3681
-3680
-3657
-3590
-3415
-3176
-2891
-2560
-2178
-1808
-1472
-1089
-628
-155
279
700
1141
1533
1836
2072
2274
2418
2500
2573
2662
2727
2690
2561
2412
2314
2226
2060
1775
1416
1082
848
705
558
339
80
-151
-334
-476
-587
-696
-846
-1011
-1138
-1188
-1189
-1179
-1183
-1203
-1201
-1171
-1121
-1050
-967
-860
-715
-518
-313
-168
-75
47
230
437
615
765
883
958
1021
1093
1169
1216
1271
1340
1377
1375
1411
1503
1591
1636
1660
1688
1665
1576
1399
1076
612
126
-236
-472
-692
-1004
-1424
-1918
-2358
-2630
-2734
-2765
-2828
-2906
-2928
-2840
-2663
-2457
-2260
-2077
-1868
-1592
-1248
-913
-656
-409
-84
327
700
933
1035
1125
1319
1576
1751
1764
1668
1533
1399
1294
1206
1120
1010
879
757
628
487
345
217
131
72
34
0
-58
-120
-162
-152
-113
-83
-63
-55
-47
-29
12
50
30
-45
-132
-216
-280
-305
-299
-338
-409
-430
-394
-386
-421
-428
-397
-353
-286
-192
-110
-78
-61
-4
92
207
319
432
560
705
852
978
1085
1192
1316
1458
1584
1673
1719
1745
1766
1758
1670
1432
1042
589
212
0
-96
-215
-459
-854
-1310
-1704
-1953
-2061
-2132
-2211
-2285
-2303
-2277
-2233
-2184
-2097
-1983
-1849
-1671
-1435
-1168
-930
-712
-479
-243
-47
97
223
349
458
551
650
724
728
684
676
737
795
810
810
828
856
891
909
870
770
691
707
777
814
803
795
797
780
726
651
552
435
336
280
231
129
-39
-227
-377
-452
-464
-476
-517
-564
-580
-553
-502
-438
-409
-431
-470
-493
-465
-396
-286
-201
-161
-132
-83
-26
21
111
275
465
624
749
858
941
1006
1070
1162
1244
1306
1377
1484
1606
1656
1566
1315
950
570
284
121
7
-167
-463
-849
-1230
-1543
-1777
-1950
-2066
-2156
-2218
-2245
-2238
-2214
-2190
-2171
-2151
-2064
-1868
-1602
-1366
-1175
-996
-797
-566
-304
-48
166
354
541
735
913
1046
1119
1123
1128
1183
1274
1338
1352
1368
1401
1404
1348
1288
1267
1241
1175
1118
1108
1092
1023
922
819
705
574
462
350
219
90
-1
-68
-187
-380
-606
-797
-903
-934
-957
-1017
-1107
-1182
-1221
-1234
-1221
-1184
-1157
-1123
-1059
-964
-869
-786
-685
-569
-464
-345
-179
35
245
409
550
719
935
1164
1358
1510
1640
1754
1847
1910
1930
1910
1896
1910
1896
1762
1480
1067
599
198
-35
-140
-239
-427
-735
-1148
-1563
-1870
-2049
-2141
-2175
-2158
-2126
-2103
-2073
-2026
-1960
-1856
-1691
-1443
-1139
-836
-577
-368
-167
16
185
367
555
714
828
924
1003
1024
1008
960
907
867
838
827
789
731
664
601
534
434
307
205
157
159
179
195
208
189
130
73
64
94
113
113
119
127
121
84
3
-101
-177
-211
-232
-271
-316
-363
-435
-533
-622
-658
-648
-649
-707
-790
-830
-796
-712
-627
-566
-530
-461
-338
-176
-15
125
252
378
534
707
871
1036
1222
1408
1544
1661
1795
1918
2008
2087
2192
2289
2298
2185
1974
1705
1388
1042
725
506
358
171
-137
-583
-1069
-1479
-1757
-1914
-2032
-2186
-2392
-2582
-2691
-2748
-2807
-2852
-2836
-2727
-2546
-2305
-2055
-1842
-1668
-1494
-1272
-986
-678
-399
-162
81
360
643
868
1025
1117
1183
1293
1462
1641
1710
1667
1586
1498
1403
1311
1241
1179
1098
994
885
790
704
602
474
357
270
186
69
-68
-177
-221
-220
-241
-313
-414
-513
-579
-580
-514
-446
-424
-422
-396
-384
-418
-457
-434
-366
-314
-266
-189
-105
-57
-38
-1
73
181
318
422
444
427
444
505
538
538
546
584
664
767
868
938
978
1028
1102
1191
1261
1288
1296
1306
1256
1070
761
451
219
58
-60
-160
-304
-572
-937
-1292
-1561
-1737
-1832
-1910
-2011
-2126
-2202
-2230
-2244
-2245
-2210
-2129
-2018
-1839
-1612
-1365
-1136
-940
-742
-546
-331
-106
116
339
567
796
979
1076
1121
1180
1270
1356
1434
1494
1517
1508
1504
1510
1464
1377
1315
1314
1327
1304
1278
1253
1178
1039
876
738
595
424
241
71
-50
-152
-276
-461
-703
-957
-1200
-1377
-1474
-1538
-1632
-1744
-1812
-1829
-1825
-1821
-1799
-1729
-1609
-1426
-1185
-925
-696
-496
-299
-68
188
451
692
900
1109
1313
1506
1666
1771
1834
1884
1970
2062
2115
2127
2113
2056
1950
1815
1682
1559
1443
1334
1207
1029
780
484
132
-277
-692
-1003
-1175
-1283
-1445
-1690
-1980
-2271
-2510
-2655
-2679
-2640
-2591
-2513
-2375
-2184
-1983
-1800
-1608
-1393
-1148
-852
-511
-159
148
419
681
907
1056
1171
1303
1439
1539
1604
1652
1642
1523
1330
1161
1049
974
904
821
683
485
292
141
-5
-156
-290
-399
-482
-522
-495
-473
-499
-570
-629
-635
-602
-556
-545
-532
-467
-356
-261
-227
-247
-296
-342
-331
-227
-85
25
60
64
87
127
187
242
278
297
334
400
459
478
477
480
452
385
305
266
282
330
372
380
350
300
255
223
223
257
315
399
490
577
627
627
615
619
654
715
799
890
938
908
812
634
392
133
-51
-108
-111
-155
-323
-608
-935
-1211
-1376
-1426
-1408
-1406
-1437
-1459
-1435
-1400
-1397
-1374
-1307
-1198
-1059
-882
-668
-483
-370
-293
-216
-125
-29
69
187
276
335
389
446
471
451
428
445
496
553
602
635
633
588
530
479
435
373
322
307
331
333
278
186
115
87
75
59
16
-41
-94
-104
-83
-63
-72
-113
-183
-272
-351
-386
-391
-401
-427
-432
-404
-384
-403
-433
-438
-413
-358
-301
-256
-231
-198
-142
-93
-61
-38
6
68
152
272
420
570
695
786
848
901
953
1015
1080
1145
1183
1186
1193
1206
1216
1193
1182
1206
1227
1226
1177
1098
981
807
567
275
5
-182
-292
-398
-568
-826
-1125
-1388
-1573
-1673
-1730
-1771
-1795
-1808
-1793
-1767
-1747
-1752
-1751
-1685
-1544
-1364
-1204
-1056
-905
-728
-553
-405
-271
-128
51
237
402
542
659
742
772
785
825
871
880
854
849
860
865
856
840
789
696
602
546
507
470
442
409
352
268
195
147
93
14
-69
-118
-130
-132
-141
-166
-231
-338
-447
-525
-565
-581
-563
-498
-423
-371
-359
-359
-335
-248
-121
-34
13
78
192
293
331
349
396
471
553
614
641
625
617
649
687
699
666
608
554
529
544
559
542
502
470
435
397
354
316
294
292
330
370
390
366
288
141
-68
-288
-429
-482
-505
-555
-673
-881
-1158
-1367
-1437
-1404
-1359
-1352
-1373
-1401
-1375
-1297
-1228
-1209
-1188
-1091
-916
-717
-550
-418
-280
-118
62
207
282
318
385
526
718
873
954
965
966
994
1005
967
910
900
919
912
865
796
702
595
498
416
321
220
149
100
41
-20
-71
-127
-226
-368
-517
-618
-651
-619
-577
-555
-563
-603
-641
-672
-676
-667
-633
-558
-456
-374
-314
-255
-185
-122
-80
-22
63
150
210
260
340
433
496
509
493
476
485
533
610
674
708
699
650
586
552
575
599
599
571
533
499
483
478
468
452
481
565
650
681
666
676
705
697
616
453
247
38
-123
-205
-240
-299
-452
-690
-953
-1168
-1307
-1391
-1451
-1481
-1472
-1445
-1430
-1422
-1423
-1423
-1386
-1283
-1136
-971
-785
-596
-425
-257
-58
127
241
297
363
462
583
711
815
864
866
848
789
676
537
433
368
325
283
214
104
-44
-177
-268
-316
-350
-382
-400
-408
-394
-362
-320
-292
-291
-288
-263
-212
-149
-74
16
95
152
203
269
326
365
378
397
441
496
533
545
552
567
566
536
483
425
392
391
398
398
388
360
325
304
300
281
221
161
144
171
185
159
115
89
73
48
39
55
97
132
171
225
251
247
244
257
287
316
371
415
422
419
437
431
333
164
-5
-135
-222
-255
-271
-348
-531
-746
-907
-994
-1039
-1069
-1093
-1126
-1151
-1139
-1093
-1064
-1067
-1053
-997
-926
-869
-797
-688
-558
-409
-255
-138
-89
-65
-8
75
146
205
275
337
372
381
373
354
306
242
175
148
159
170
149
101
69
56
55
39
20
26
66
131
197
257
287
293
279
278
273
262
239
227
242
263
271
241
200
161
113
57
16
12
22
12
-23
-62
-70
-43
-17
-17
-16
8
64
141
233
314
353
394
455
511
531
535
555
593
638
692
724
722
690
634
566
508
462
418
397
411
413
361
282
214
176
147
142
144
132
113
86
56
-16
-146
-300
-447
-541
-601
-640
-680
-741
-851
-1021
-1191
-1310
-1373
-1387
-1348
-1277
-1199
-1114
-1017
-947
-916
-876
-795
-676
-558
-453
-350
-250
-144
-40
48
106
146
203
262
298
327
381
436
446
420
400
379
342
294
245
193
159
162
184
172
135
96
75
53
23
26
70
131
188
253
326
378
402
408
425
455
498
534
548
553
568
599
604
552
462
394
353
322
296
264
221
168
141
132
108
75
56
44
15
-18
-23
-12
-25
-56
-73
-76
-77
-88
-78
-46
-5
14
6
2
18
40
50
49
38
26
17
28
27
3
-29
-48
-58
-62
-40
-14
-3
-7
-18
-66
-189
-335
-434
-463
-452
-443
-472
-554
-675
-791
-859
-865
-831
-804
-785
-753
-698
-631
-576
-546
-521
-482
-404
-305
-206
-109
-13
103
209
272
292
303
329
366
392
398
397
374
344
339
353
355
315
247
191
141
109
80
51
40
27
18
1
-4
-7
-1
49
139
212
234
233
271
331
379
413
443
461
465
466
472
489
502
484
417
345
301
270
237
209
194
175
118
19
-99
-172
-187
-190
-217
-265
-297
-299
-271
-256
-274
-306
-308
-284
-231
-151
-73
-34
-32
-8
33
68
85
92
99
122
164
211
237
245
239
222
212
214
214
196
171
166
173
184
199
218
241
238
190
98
-10
-100
-174
-225
-246
-256
-299
-394
-485
-566
-654
-720
-754
-781
-836
-871
-852
-831
-853
-887
-876
-826
-751
-649
-529
-427
-356
-291
-205
-126
-85
-62
-20
59
135
200
254
296
348
427
500
511
476
446
443
456
480
523
564
581
566
532
513
532
581
624
633
612
565
511
480
484
479
442
393
347
319
297
273
216
143
75
-13
-141
-277
-359
-370
-332
-305
-312
-362
-421
-467
-494
-482
-439
-372
-294
-209
-142
-119
-105
-72
-30
8
60
134
178
190
210
263
320
346
358
361
358
346
349
389
436
443
403
364
357
343
294
220
165
142
128
95
17
-95
-223
-331
-424
-500
-550
-573
-610
-690
-790
-876
-936
-971
-972
-971
-977
-970
-919
-859
-831
-806
-748
-659
-574
-502
-415
-298
-165
-40
61
150
248
331
392
421
455
528
615
676
696
712
735
740
719
676
623
567
531
523
506
460
393
348
314
261
173
86
36
26
26
29
30
35
20
-12
-31
-29
-1
41
87
117
121
108
83
55
40
41
37
30
30
29
-6
-64
-106
-120
-129
-148
-153
-136
-129
-142
-156
-146
-115
-86
-66
-52
-37
-2
55
103
106
71
48
60
78
98
118
147
130
75
19
-10
-19
-34
-50
-65
-95
-138
-166
-155
-119
-106
-123
-129
-87
-19
21
8
-11
4
38
32
-33
-99
-125
-127
-142
-148
-162
-213
-303
-362
-356
-334
-350
-387
-403
-380
-356
-359
-377
-378
-341
-291
-247
-196
-123
-31
48
106
158
215
278
317
335
357
392
441
472
472
459
454
446
409
367
359
360
332
302
286
254
197
157
141
93
16
-35
-60
-90
-137
-182
-219
-228
-182
-118
-76
-84
-118
-160
-186
-187
-172
-152
-131
-101
-79
-82
-107
-106
-73
-44
-41
-41
-15
26
84
144
184
208
228
240
242
260
297
337
379
437
500
535
555
569
561
534
473
360
191
25
-63
-79
-84
-129
-214
-343
-513
-689
-826
-893
-911
-905
-901
-880
-843
-818
-819
-833
-819
-786
-722
-633
-514
-384
-258
-117
45
188
262
295
337
392
430
471
534
577
587
591
603
586
528
471
446
432
401
358
322
287
228
154
101
70
28
-28
-58
-56
-42
-41
-54
-75
-94
-98
-85
-73
-61
-49
-47
-46
-35
-28
-26
-26
-19
-21
-23
10
50
59
43
50
85
115
116
103
89
103
141
160
153
135
131
132
122
110
96
79
79
86
81
51
7
-33
-68
-79
-70
-70
-115
-185
-236
-253
-264
-273
-274
-263
-271
-291
-310
-322
-330
-344
-336
-296
-241
-210
-210
-199
-161
-115
-92
-89
-64
-31
-4
22
59
105
127
134
146
162
175
187
207
221
217
214
218
216
199
183
166
140
127
147
171
156
126
104
72
12
-51
-61
-45
-52
-85
-98
-76
-49
-40
-57
-81
-82
-56
-13
11
17
15
17
50
103
146
175
192
197
186
173
175
187
190
191
185
163
150
167
208
216
185
157
145
138
122
101
72
33
-6
-37
-63
-76
-87
-105
-123
-143
-177
-223
-254
-277
-318
-343
-320
-301
-326
-375
-392
-390
-386
-367
-334
-312
-304
-291
-272
-258
-246
-227
-191
-142
-90
-56
-60
-81
-84
-58
-23
-1
3
12
40
78
111
135
154
161
159
167
176
182
192
207
210
182
145
129
133
134
134
153
170
159
145
168
201
188
142
117
134
152
159
172
202
219
214
197
188
174
160
138
122
117
101
67
40
62
103
104
56
12
-4
-2
-15
-38
-83
-159
-243
-264
-218
-190
-234
-292
-298
-296
-316
-325
-287
-246
-239
-249
-231
-168
-102
-70
-76
-75
-55
-30
-23
-20
-16
-1
25
53
84
96
92
94
105
105
83
53
56
79
100
93
74
61
51
43
41
44
44
45
42
31
27
47
73
82
86
117
161
206
253
294
315
313
309
326
359
389
399
393
370
348
316
269
186
57
-80
-186
-230
-244
-272
-323
-392
-486
-581
-647
-668
-658
-627
-582
-538
-497
-446
-419
-412
-394
-345
-282
-216
-132
-54
3
50
117
186
228
243
238
222
208
206
208
206
211
213
195
169
152
151
145
140
139
128
107
85
78
79
97
127
143
133
111
106
112
130
158
179
176
158
156
174
175
140
88
50
35
21
6
-15
-48
-104
-156
-184
-195
-215
-225
-225
-245
-260
-247
-211
-221
-251
-249
-231
-222
-196
-106
-29
-20
-19
7
45
53
64
107
148
186
201
184
167
171
169
141
103
106
104
73
42
35
46
27
3
-15
-33
-49
-53
-46
-60
-89
-101
-95
-85
-78
-72
-80
-101
-117
-113
-91
-56
-25
-17
-9
16
44
55
49
51
52
47
42
62
88
88
68
58
79
113
139
126
97
82
82
65
29
19
21
5
-22
-21
7
16
6
-2
-15
-51
-90
-88
-46
-20
-32
-60
-82
-99
-115
-123
-122
-122
-109
-83
-48
-22
-10
-4
-2
-7
-8
12
46
65
56
38
33
35
42
60
83
74
30
0
12
24
12
-2
0
4
-28
-60
-76
-78
-82
-88
-77
-68
-56
-46
-33
-35
-43
-48
-51
-35
12
62
79
71
79
92
76
53
54
68
66
50
38
30
28
40
46
42
8
-19
-32
-23
-9
8
38
59
50
28
30
56
73
63
62
73
88
92
97
119
134
134
120
120
142
155
136
90
56
46
52
58
39
13
-25
-53
-62
-65
-81
-104
-126
-142
-164
-178
-181
-197
-218
-239
-246
-252
-264
-284
-302
-300
-274
-236
-212
-202
-187
-162
-143
-125
-94
-49
-6
20
36
64
118
193
248
271
262
244
249
264
276
266
261
256
235
204
190
194
189
178
167
157
141
124
121
117
98
64
41
33
28
28
36
41
30
8
-16
-45
-88
-144
-194
-227
-247
-256
-250
-239
-249
-287
-322
-342
-347
-349
-357
-345
-330
-316
-308
-298
-282
-261
-219
-173
-142
-118
-76
-21
23
41
61
88
119
151
188
223
238
243
266
309
335
326
315
331
342
314
265
243
250
235
195
161
149
146
142
147
133
101
83
96
94
55
21
24
56
84
98
100
102
101
103
102
98
86
72
69
69
75
86
86
62
28
-1
-30
-61
-111
-180
-233
-239
-209
-200
-212
-232
-265
-314
-370
-409
-440
-446
-418
-365
-325
-320
-323
-302
-269
-249
-244
-225
-190
-150
-118
-88
-55
-21
20
63
105
142
162
163
172
193
213
218
218
220
229
246
260
255
239
224
214
205
191
173
155
144
135
109
68
37
32
38
34
27
32
35
20
-7
-33
-44
-44
-38
-41
-52
-44
-24
-29
-59
-84
-84
-74
-63
-41
-11
9
16
14
23
44
70
108
137
148
145
145
147
125
101
98
107
102
77
52
27
-2
-39
-74
-121
-172
-213
-225
-214
-210
-227
-258
-297
-325
-329
-309
-287
-268
-222
-164
-115
-106
-105
-81
-42
11
63
105
124
139
174
198
183
160
160
191
217
216
218
221
229
224
214
214
209
192
158
138
147
155
141
115
101
100
95
87
73
33
-10
-21
1
8
-24
-63
-93
-118
-137
-149
-156
-172
-185
-195
-210
-222
-221
-205
-186
-173
-161
-148
-141
-142
-139
-128
-111
-99
-94
-95
-78
-45
-21
-30
-51
-58
-44
-14
3
12
8
-4
2
31
61
63
60
84
105
101
87
71
32
0
6
40
42
12
0
15
25
11
11
34
55
58
50
51
52
45
29
18
7
-10
-31
-32
-15
-16
-32
-30
-13
-12
-32
-40
-14
37
75
70
32
15
27
37
53
93
138
140
110
100
119
137
131
122
124
120
112
109
124
130
112
95
93
89
66
41
29
13
-19
-37
-39
-55
-97
-135
-126
-99
-91
-103
-101
-89
-108
-142
-165
-162
-139
-114
-106
-118
-126
-97
-79
-83
-85
-72
-71
-105
-130
-120
-97
-93
-98
-101
-90
-69
-54
-54
-68
-79
-80
-80
-80
-68
-56
-45
-34
-11
33
49
43
36
64
101
133
164
178
160
120
102
100
92
81
96
125
138
129
123
129
140
150
158
150
129
129
159
172
142
102
84
81
74
64
58
54
53
47
36
26
18
17
21
14
-17
-70
-115
-137
-154
-170
-176
-153
-122
-120
-160
-205
-205
-198
-205
-219
-209
-166
-128
-116
-127
-124
-90
-53
-26
-2
7
-10
-16
32
103
134
114
92
85
90
86
66
43
43
73
94
83
60
49
32
4
-15
-7
9
10
11
8
-6
-24
-30
-17
-14
-16
1
22
24
6
10
37
53
66
74
64
30
13
40
75
76
55
37
31
30
20
7
-6
-12
-15
-21
-24
-18
-11
-18
-35
-53
-51
-33
-17
-19
-23
-11
10
24
20
10
11
48
101
129
87
-1
-64
-62
-28
-17
-25
-39
-48
-47
-23
0
-8
-40
-58
-48
-32
-23
-23
-25
-26
-27
-17
17
59
72
38
-12
-38
-35
-20
-11
-8
-5
-17
-33
-31
-8
2
-8
-13
2
12
5
-5
-9
-10
-16
-16
-13
-12
-13
-30
-40
-26
4
33
38
45
53
49
35
23
18
4
-4
12
35
35
18
8
-1
-22
-39
-38
-37
-53
-66
-60
-48
-46
-50
-45
-44
-52
-60
-65
-54
-32
-18
-22
-38
-29
3
31
48
53
59
70
97
123
121
95
76
79
84
80
75
68
44
13
-5
-14
-19
-11
11
14
-14
-51
-71
-75
-70
-67
-75
-83
-81
-81
-86
-101
-101
-92
-84
-77
-63
-48
-43
-45
-46
-32
-4
18
22
25
44
51
26
4
14
45
67
65
68
88
119
129
123
114
110
103
94
89
80
68
57
52
47
42
50
67
68
48
23
11
4
1
0
6
21
40
46
27
5
-2
2
-2
-14
-26
-32
-13
8
17
19
18
15
-12
-39
-51
-55
-51
-53
-66
-81
-87
-92
-116
-142
-143
-136
-137
-137
-122
-101
-87
-74
-69
-75
-88
-87
-76
-73
-63
-37
-8
-1
2
25
52
55
49
54
59
60
74
100
99
67
34
28
50
74
70
41
27
41
49
41
47
58
59
54
54
50
24
-3
-16
-13
-4
13
36
67
76
56
25
10
27
41
36
22
29
49
66
59
45
43
45
48
42
25
11
1
-4
-25
-54
-59
-47
-42
-54
-72
-81
-86
-89
-86
-75
-67
-66
-67
-60
-54
-54
-58
-61
-70
-90
-98
-85
-66
-62
-63
-67
-82
-110
-126
-122
-109
-90
-52
-20
-25
-55
-62
-27
11
34
26
-6
-33
-23
14
29
20
20
26
21
15
26
33
34
55
96
114
94
80
97
137
167
185
207
213
202
185
198
219
212
184
169
177
178
165
157
162
167
167
149
119
92
77
64
34
11
2
-16
-53
-100
-124
-130
-132
-136
-145
-162
-199
-254
-309
-351
-347
-297
-249
-234
-246
-245
-237
-236
-238
-218
-175
-130
-108
-116
-124
-103
-55
-23
-18
-11
25
83
131
153
158
163
171
165
133
105
101
116
130
129
114
101
97
93
79
63
57
58
63
72
72
63
55
67
86
80
54
33
20
12
13
9
-18
-60
-80
-61
-44
-43
-45
-42
-40
-38
-19
-3
-9
-22
-33
-45
-61
-53
-18
20
22
1
-19
-21
4
37
46
23
-1
6
28
38
32
36
47
57
47
35
20
13
24
37
31
10
-3
-14
-44
-70
-65
-55
-71
-91
-74
-42
-42
-56
-53
-29
-19
-25
-30
-42
-50
-52
-36
-18
-2
16
31
48
56
51
38
35
43
38
24
21
45
59
40
8
-3
-4
-5
-8
-6
2
12
19
16
2
-11
-11
7
20
5
-5
11
25
8
-14
-4
32
40
1
-39
-39
-22
-29
-45
-40
-22
-17
-27
-30
-30
-32
-40
-35
-26
-27
-43
-44
-25
-12
-19
-27
-22
-16
-8
-2
-5
-18
-31
-32
-15
-7
-15
-27
-24
-10
-8
-12
-18
-16
-7
