-9
-10
1
11
9
1
0
11
21
22
16
11
12
20
16
3
-6
2
15
9
-7
-19
-15
-7
-4
-10
-8
-3
3
7
17
23
13
-8
-15
2
21
17
-2
-7
2
13
11
3
4
9
12
18
20
9
-4
-9
-12
-15
-4
13
29
23
7
-6
0
20
33
23
5
-4
-5
-4
-8
-12
-13
-7
-7
-10
-10
-3
2
4
8
7
3
3
2
-4
-12
-11
-6
-4
-1
1
-5
-11
-14
-5
1
1
-7
-13
-10
-11
-16
-12
0
7
6
2
-6
-15
-13
-5
-6
-19
-24
-14
-5
1
2
0
2
-1
-11
-14
-2
16
16
8
11
21
23
13
6
9
9
-3
-12
-6
3
2
-10
-5
6
9
1
-6
-3
3
4
4
7
10
7
-1
-1
10
13
6
-1
6
18
21
14
9
15
20
9
-3
4
25
34
31
13
-11
-20
0
26
19
-3
-7
4
4
-13
-29
-28
-20
-13
-16
-25
-24
-14
-6
-14
-28
-27
-9
3
-2
-18
-30
-20
-3
7
3
-1
-2
2
12
17
9
-9
-13
-11
-15
-16
4
18
17
2
-3
-3
-1
-5
-8
-8
-12
-13
-8
-1
4
11
16
12
8
10
12
8
6
5
4
-4
-4
6
18
18
7
-6
-10
-7
-3
-3
-10
-12
-7
-2
-8
-16
-9
-1
1
-1
3
10
8
2
-6
-7
1
10
8
4
2
3
5
6
10
14
17
6
0
2
3
-9
-18
-7
2
-1
-4
-2
2
7
16
24
17
3
-7
-6
-3
0
1
-2
-10
-20
-15
-7
-4
-11
-17
-14
-9
-8
-10
-11
-3
6
8
0
-15
-17
-10
-4
4
6
0
-8
-1
20
25
12
-2
-5
6
22
25
10
-4
0
12
20
23
16
-3
-7
12
25
25
21
25
27
15
3
-8
-3
9
7
-4
-7
11
19
3
-17
-22
-10
-4
-13
-22
-28
-21
-9
-6
-12
-22
-23
-14
-13
-14
-7
2
3
-7
-11
0
10
8
-6
-17
-11
0
1
-7
-1
13
13
3
0
3
-2
-2
4
10
11
8
10
12
13
8
-2
-7
1
8
5
-3
-12
-12
0
10
21
29
34
20
-4
-10
2
15
8
-2
-11
-10
-9
-13
-15
-16
-12
-5
0
-1
-13
-21
-19
-8
4
5
-1
1
3
-2
-9
-7
0
-2
-6
-4
-1
-9
-16
-6
15
27
25
22
17
11
6
11
20
23
19
11
6
15
18
5
-12
-19
-13
-19
-28
-19
3
6
-12
-25
-17
-10
-8
-4
3
2
-7
-11
-9
-11
-12
-8
-6
-12
-18
-12
-2
2
-5
-6
-4
1
1
6
15
21
16
16
27
29
15
-1
-2
-3
-8
-12
-10
-13
-18
-11
0
6
7
15
21
14
10
15
22
18
5
2
11
23
20
5
-3
-5
0
3
-4
-19
-30
-24
-15
-17
-15
-1
10
15
15
12
3
-5
-7
-7
-14
-12
-9
-11
-18
-20
-13
-10
-7
-2
5
7
4
3
6
6
0
-6
-10
-14
-19
-25
-27
-23
-11
-1
-6
-5
6
13
12
8
13
18
20
17
10
6
4
-1
-5
-2
-6
-18
-32
-28
-16
-11
-12
-13
-6
14
29
29
12
-4
-5
4
14
18
10
4
4
5
-2
-18
-21
-20
-26
-27
-14
11
21
5
-18
-29
-15
9
21
16
7
4
5
7
10
19
25
19
11
10
18
20
17
17
13
11
2
-2
2
9
13
7
4
8
20
33
27
12
5
9
7
-2
-9
-1
6
8
10
12
19
19
24
39
49
41
24
19
18
12
5
3
7
13
19
26
28
24
10
-6
-15
-16
-28
-43
-44
-26
-10
-8
-13
-10
2
16
15
-10
-30
-31
-14
-7
-20
-34
-35
-22
-14
-13
-14
-24
-37
-50
-53
-53
-42
-29
-25
-37
-49
-42
-33
-38
-48
-45
-37
-39
-36
-22
-9
-11
-14
-8
1
5
10
13
12
17
19
18
8
-1
-3
-5
-3
-1
-2
-8
-7
7
22
20
6
-3
-3
7
19
25
18
4
7
14
15
13
13
14
17
23
30
32
32
36
41
43
35
25
25
34
44
48
44
37
34
45
55
49
31
19
21
30
40
44
38
28
20
10
3
3
10
18
24
35
39
30
13
4
5
6
7
6
7
10
8
1
-15
-26
-30
-33
-40
-45
-46
-47
-47
-39
-39
-57
-75
-73
-65
-71
-83
-90
-88
-89
-93
-93
-93
-94
-100
-106
-102
-87
-71
-66
-67
-73
-78
-69
-45
-22
-19
-24
-24
-19
-17
-20
-28
-27
-7
20
30
21
17
28
45
50
50
53
58
56
51
57
71
81
86
91
95
96
101
109
123
128
126
126
131
143
138
129
137
160
176
176
175
180
171
155
152
156
151
138
143
155
154
139
118
104
103
106
108
91
57
24
5
1
-5
-28
-57
-79
-98
-127
-166
-198
-227
-260
-294
-328
-352
-375
-407
-444
-475
-489
-488
-490
-501
-515
-517
-512
-509
-501
-477
-444
-416
-394
-366
-332
-287
-236
-184
-126
-67
-11
38
89
149
205
249
276
289
298
320
359
397
419
430
446
465
480
493
511
531
548
559
560
555
557
554
544
536
534
529
515
500
480
469
463
451
421
396
387
368
329
294
285
270
233
186
153
136
125
110
90
64
37
14
-15
-52
-113
-200
-296
-374
-417
-449
-501
-593
-711
-824
-912
-976
-1031
-1082
-1126
-1149
-1166
-1192
-1224
-1235
-1199
-1132
-1054
-992
-930
-859
-772
-674
-573
-471
-363
-241
-111
16
136
246
340
422
490
549
593
637
693
748
782
786
769
741
714
683
646
604
577
565
544
509
472
444
419
392
377
376
366
343
332
338
341
317
280
261
265
282
292
293
287
279
276
280
280
268
269
297
331
347
340
328
319
315
313
307
285
260
252
264
278
269
236
205
197
199
172
104
3
-109
-216
-303
-382
-480
-605
-740
-874
-997
-1105
-1195
-1268
-1333
-1385
-1434
-1473
-1484
-1460
-1415
-1369
-1322
-1260
-1166
-1064
-964
-848
-699
-537
-397
-269
-120
50
206
340
465
579
677
760
841
905
961
1016
1055
1067
1040
1003
963
922
888
841
773
695
619
546
472
409
353
302
260
235
223
212
200
185
166
146
118
80
43
26
33
40
38
39
49
53
52
62
98
146
180
197
215
246
274
287
299
314
329
344
369
395
407
407
409
407
392
367
345
332
313
278
211
98
-43
-171
-260
-341
-450
-603
-783
-967
-1127
-1255
-1358
-1435
-1497
-1546
-1579
-1591
-1587
-1578
-1554
-1491
-1389
-1267
-1143
-1019
-878
-722
-572
-435
-296
-145
17
179
348
514
660
779
876
964
1035
1102
1169
1232
1281
1294
1268
1202
1120
1040
961
872
772
676
587
493
393
297
215
145
85
36
-1
-22
-37
-60
-94
-127
-150
-158
-150
-136
-138
-147
-141
-113
-77
-51
-27
-1
43
114
200
270
306
329
360
408
449
481
512
544
566
578
592
615
630
630
621
616
616
611
596
554
467
340
188
44
-79
-185
-311
-479
-670
-861
-1045
-1219
-1382
-1528
-1655
-1742
-1779
-1792
-1799
-1802
-1782
-1739
-1665
-1551
-1417
-1278
-1134
-980
-808
-624
-448
-276
-101
86
275
444
589
712
828
926
991
1034
1079
1133
1174
1191
1192
1171
1120
1043
957
867
769
668
578
503
424
336
238
153
93
45
10
-10
-18
-30
-44
-59
-75
-89
-98
-105
-106
-94
-63
-27
1
26
48
73
113
170
233
278
313
353
393
429
463
502
533
554
572
597
616
616
606
599
584
556
536
533
522
492
457
410
311
153
-23
-175
-311
-446
-595
-761
-941
-1131
-1316
-1475
-1596
-1683
-1750
-1790
-1810
-1811
-1794
-1758
-1700
-1620
-1500
-1347
-1187
-1034
-867
-671
-481
-309
-145
39
224
389
555
712
844
943
1020
1075
1113
1153
1215
1272
1296
1288
1252
1194
1107
1006
904
806
722
654
589
515
420
310
184
72
-4
-47
-75
-99
-113
-130
-149
-164
-168
-158
-144
-128
-129
-134
-125
-110
-87
-66
-40
-15
12
56
117
176
216
240
271
319
363
401
445
499
555
592
603
593
573
558
555
559
563
558
534
501
455
394
299
162
8
-136
-249
-353
-494
-693
-920
-1124
-1297
-1452
-1592
-1703
-1767
-1792
-1798
-1800
-1800
-1774
-1702
-1587
-1455
-1322
-1180
-1017
-845
-680
-515
-343
-164
15
203
400
586
741
855
947
1019
1080
1123
1156
1204
1264
1309
1307
1253
1172
1091
1010
923
832
752
686
621
547
459
350
236
154
112
70
4
-59
-89
-100
-128
-177
-227
-248
-238
-205
-175
-160
-151
-146
-147
-165
-181
-168
-113
-36
31
84
139
204
267
322
385
449
491
519
559
607
635
634
626
629
636
640
647
660
657
632
594
536
423
252
69
-88
-206
-311
-449
-646
-883
-1114
-1312
-1476
-1615
-1721
-1788
-1814
-1819
-1826
-1836
-1822
-1766
-1668
-1557
-1439
-1303
-1137
-947
-744
-542
-366
-216
-67
118
331
532
698
823
924
999
1056
1108
1164
1219
1256
1278
1296
1297
1253
1168
1081
1015
953
876
786
703
615
519
406
287
176
89
28
-22
-67
-118
-183
-251
-310
-366
-427
-458
-440
-404
-378
-367
-362
-350
-331
-299
-253
-189
-111
-27
61
147
220
290
366
445
516
591
676
758
817
859
890
919
951
986
1012
1011
982
941
912
881
810
677
499
306
121
-39
-176
-331
-542
-797
-1062
-1310
-1524
-1696
-1827
-1927
-1997
-2044
-2073
-2097
-2104
-2077
-2006
-1890
-1746
-1576
-1395
-1205
-1006
-813
-636
-468
-289
-91
125
354
574
761
905
1021
1125
1209
1263
1288
1313
1357
1403
1403
1339
1252
1178
1123
1071
1012
948
879
809
718
606
495
391
286
183
102
46
-4
-63
-125
-191
-265
-341
-406
-449
-470
-474
-464
-448
-433
-420
-396
-357
-304
-230
-128
-10
103
194
272
341
403
473
561
659
748
820
877
917
937
939
949
972
993
1008
1012
1015
979
878
705
493
286
101
-58
-203
-375
-606
-879
-1168
-1435
-1667
-1845
-1971
-2073
-2150
-2199
-2222
-2236
-2230
-2184
-2090
-1956
-1796
-1613
-1419
-1211
-992
-776
-573
-379
-179
29
247
474
690
866
980
1056
1108
1151
1189
1233
1285
1331
1349
1331
1294
1253
1220
1183
1133
1072
1015
982
953
895
800
682
546
398
269
182
117
47
-33
-102
-162
-227
-303
-375
-432
-463
-463
-450
-450
-468
-484
-486
-473
-438
-370
-273
-157
-47
43
112
184
269
366
473
583
705
831
947
1031
1080
1100
1108
1125
1157
1191
1197
1172
1126
1034
868
645
411
209
44
-102
-279
-536
-849
-1164
-1433
-1656
-1841
-1980
-2089
-2168
-2213
-2221
-2213
-2206
-2174
-2093
-1968
-1827
-1674
-1496
-1292
-1084
-880
-686
-509
-344
-168
48
287
506
683
814
914
987
1038
1087
1142
1210
1276
1321
1343
1328
1276
1209
1152
1099
1041
986
965
968
967
929
843
728
607
491
369
247
149
84
26
-68
-212
-373
-509
-586
-628
-650
-655
-633
-599
-571
-558
-550
-536
-502
-427
-318
-193
-71
51
169
272
363
462
587
729
877
1013
1134
1224
1281
1316
1332
1346
1360
1374
1363
1306
1199
1025
794
539
310
114
-77
-302
-582
-899
-1198
-1435
-1617
-1770
-1919
-2050
-2147
-2207
-2248
-2277
-2277
-2222
-2115
-1985
-1848
-1699
-1523
-1328
-1116
-907
-719
-552
-371
-162
54
256
446
625
788
919
1014
1076
1126
1174
1218
1258
1282
1279
1253
1226
1204
1176
1134
1082
1040
1015
1006
997
969
904
795
664
532
395
257
136
48
-15
-77
-166
-305
-472
-608
-679
-692
-685
-685
-690
-688
-679
-672
-673
-662
-617
-526
-393
-232
-63
92
222
336
438
544
656
783
917
1053
1175
1263
1334
1397
1454
1481
1481
1460
1401
1275
1074
828
589
396
225
21
-248
-574
-929
-1252
-1493
-1655
-1793
-1933
-2071
-2177
-2239
-2271
-2278
-2260
-2209
-2133
-2014
-1842
-1644
-1455
-1268
-1064
-858
-682
-526
-352
-134
115
356
559
724
860
959
1029
1083
1130
1171
1210
1257
1289
1304
1308
1299
1273
1240
1209
1183
1149
1108
1068
1041
1015
949
827
663
502
353
212
89
-2
-80
-177
-304
-443
-576
-685
-744
-749
-729
-696
-662
-637
-632
-619
-581
-532
-473
-372
-217
-45
117
262
397
518
638
777
923
1054
1165
1278
1392
1496
1569
1600
1575
1489
1334
1101
836
612
488
410
273
17
-356
-788
-1213
-1568
-1816
-1983
-2107
-2218
-2284
-2302
-2313
-2347
-2399
-2404
-2344
-2217
-2030
-1793
-1523
-1248
-1000
-782
-608
-461
-304
-108
138
400
657
886
1071
1204
1277
1281
1240
1214
1232
1268
1285
1275
1258
1228
1174
1099
1024
948
869
793
757
763
772
734
644
532
405
266
135
34
-54
-133
-190
-218
-251
-307
-367
-418
-462
-494
-503
-494
-488
-477
-429
-354
-269
-190
-99
15
147
298
437
565
675
788
905
1014
1117
1212
1301
1375
1447
1503
1505
1408
1199
919
634
403
245
110
-73
-381
-810
-1275
-1669
-1946
-2138
-2269
-2338
-2350
-2316
-2267
-2237
-2248
-2272
-2232
-2114
-1929
-1703
-1451
-1187
-915
-625
-352
-120
72
230
355
479
660
921
1225
1500
1674
1721
1665
1558
1431
1306
1192
1100
1039
1001
976
936
860
707
490
253
54
-93
-206
-274
-293
-270
-236
-199
-193
-224
-258
-232
-120
55
256
461
648
772
792
712
586
468
375
330
354
433
532
602
645
672
695
708
720
765
861
1001
1157
1308
1444
1559
1606
1499
1149
554
-188
-911
-1447
-1736
-1839
-1908
-2081
-2408
-2847
-3327
-3728
-3904
-3742
-3258
-2591
-1898
-1332
-995
-838
-710
-512
-266
24
433
978
1565
2059
2322
2265
1905
1449
1126
991
987
1042
1131
1190
1128
860
326
-358
-925
-1123
-919
-493
-64
222
290
153
-117
-394
-540
-451
-93
396
792
907
693
226
-304
-689
-803
-680
-398
-26
300
430
291
-31
-377
-584
-526
-197
270
655
806
705
446
182
78
260
758
1453
2171
2737
3049
3086
2920
2712
2602
2666
2894
3156
3277
3165
2727
1729
-54
-2446
-4779
-6336
-6740
-6114
-5024
-4209
-4105
-4542
-4995
-5039
-4457
-3128
-1116
1132
2888
3588
3120
1832
422
-342
-94
876
1872
2331
2031
1042
-347
-1671
-2426
-2284
-1249
286
1611
2105
1665
679
-361
-1062
-1088
-270
1118
2458
3205
3158
2388
1232
232
-168
92
764
1559
2144
2124
1317
7
-1244
-1953
-2015
-1622
-1141
-896
-989
-1355
-1891
-2431
-2677
-2370
-1568
-603
201
652
686
432
188
169
414
839
1357
1838
2109
2150
2072
2036
2148
2443
2887
3301
3467
3307
2937
2521
2147
1860
1720
1723
1650
1001
-624
-3068
-5520
-6983
-6976
-5750
-4095
-2829
-2318
-2370
-2563
-2621
-2351
-1473
90
1868
3033
3059
1942
137
-1605
-2549
-2427
-1646
-769
-129
114
-169
-900
-1616
-1736
-1030
296
1778
2875
3182
2632
1576
490
-271
-451
69
1113
2161
2698
2549
1865
970
229
-65
150
718
1361
1726
1507
660
-538
-1666
-2424
-2656
-2361
-1718
-1008
-487
-254
-321
-596
-825
-720
-219
402
830
943
761
371
-74
-377
-414
-142
429
1178
1889
2395
2684
2855
3036
3300
3610
3836
3850
3629
3240
2792
2196
978
-1239
-4115
-6550
-7522
-6890
-5284
-3585
-2425
-1908
-1709
-1463
-1090
-632
117
1398
2847
3531
2811
910
-1325
-3053
-3786
-3530
-2778
-2001
-1335
-793
-567
-826
-1269
-1299
-526
852
2210
2940
2789
1971
858
-283
-1172
-1483
-983
124
1305
2135
2406
2173
1667
1229
1139
1368
1730
2072
2248
2004
1140
-134
-1329
-2037
-2141
-1745
-1101
-576
-414
-551
-708
-707
-569
-328
25
428
699
679
347
-185
-707
-990
-856
-346
334
990
1565
2092
2484
2682
2774
2923
3130
3263
3262
3142
2923
2652
2211
1012
-1476
-4864
-7696
-8562
-7323
-4930
-2533
-853
-73
52
-23
-57
-44
284
1455
3184
4150
3262
846
-1791
-3732
-4688
-4583
-3583
-2157
-803
244
736
348
-688
-1363
-831
617
1949
2491
2243
1423
171
-1257
-2354
-2634
-1882
-294
1509
2793
3146
2764
2160
1686
1443
1443
1624
1878
2052
1971
1409
321
-896
-1706
-1935
-1817
-1504
-1021
-525
-208
-99
-60
-90
-193
-145
222
689
847
600
200
-124
-322
-331
-44
518
1197
1812
2271
2532
2571
2462
2400
2544
2804
2902
2705
2336
2015
1554
221
-2408
-5695
-8171
-8723
-7385
-4884
-2149
-95
843
955
883
747
367
213
1050
2536
3185
2126
-38
-2264
-4033
-4994
-4705
-3321
-1602
-44
1275
2009
1626
423
-455
-317
465
1215
1602
1502
804
-361
-1619
-2594
-2933
-2243
-547
1420
2812
3428
3499
3111
2285
1342
650
318
360
775
1255
1223
502
-505
-1339
-1990
-2487
-2565
-1939
-705
615
1457
1515
850
-50
-638
-640
-145
549
1184
1561
1542
1116
423
-161
-176
612
1923
3181
3973
4233
4058
3546
2931
2486
2332
2356
2446
2034
163
-3358
-7228
-9464
-9398
-7710
-5127
-2234
128
1221
1278
1062
663
-12
-136
1050
2622
2771
1111
-1114
-2955
-4431
-5291
-4860
-3164
-999
996
2515
3048
2264
906
168
302
738
1085
1264
1036
153
-1084
-2158
-2830
-2794
-1628
430
2309
3277
3596
3649
3263
2294
1264
690
533
586
756
869
568
-171
-942
-1469
-1954
-2463
-2605
-2096
-1070
14
774
974
592
-42
-609
-991
-1009
-524
319
1060
1316
1132
684
241
194
818
1944
3088
3924
4396
4523
4272
3774
3283
2983
2882
2934
2744
1230
-2075
-6153
-9010
-9606
-8459
-6203
-3255
-406
1361
1868
1765
1344
403
-389
103
1526
2094
888
-1141
-2841
-4174
-5223
-5346
-4184
-2150
50
1873
2780
2435
1340
473
182
108
121
252
300
-155
-1046
-1915
-2466
-2451
-1468
415
2301
3413
3847
4079
3992
3248
2084
1105
572
402
442
536
462
227
103
67
-391
-1544
-2826
-3426
-2978
-1717
-143
1181
1717
1380
508
-544
-1439
-1874
-1540
-454
783
1524
1517
1000
448
268
667
1606
2823
4075
5096
5568
5348
4543
3540
2851
2677
1978
-578
-4699
-8280
-9508
-8776
-7115
-4635
-1536
1071
2333
2764
3013
2536
1254
678
1568
2344
1245
-1177
-3198
-4416
-5379
-5767
-4980
-3152
-866
1359
2814
2758
1545
547
336
236
-68
-195
-179
-710
-1908
-3033
-3663
-3822
-3055
-981
1583
3312
3966
4199
4162
3495
2416
1554
1048
762
757
995
1005
642
407
482
234
-703
-1723
-2129
-1928
-1320
-378
627
1133
955
519
62
-472
-1008
-1096
-506
327
869
957
768
535
496
837
1561
2543
3603
4558
5146
5146
4621
3924
3465
2466
-273
-4555
-8393
-9928
-9531
-8203
-5914
-2651
345
1917
2539
3141
3209
2283
1639
2387
3288
2444
62
-2219
-3874
-5349
-6198
-5601
-3689
-1174
1380
3288
3676
2619
1444
861
402
-146
-199
196
11
-1268
-2890
-4058
-4643
-4282
-2549
-16
2143
3431
4156
4263
3401
1993
824
157
-103
132
712
969
692
404
241
-443
-1759
-2611
-2170
-787
734
2045
3004
3200
2509
1371
264
-594
-1019
-766
79
930
1268
1040
526
158
249
855
1870
3127
4394
5264
5424
4915
4162
3056
566
-3559
-7933
-10390
-10377
-8986
-6838
-3950
-973
942
1655
2198
2895
3012
2741
3157
4066
3862
1786
-1045
-3413
-5217
-6287
-6000
-4368
-2005
567
2864
4001
3466
2190
1370
971
445
69
263
417
-368
-1923
-3385
-4365
-4688
-3841
-1841
458
2323
3676
4424
4085
2779
1343
194
-749
-1245
-859
-16
417
391
533
697
119
-1063
-1852
-1651
-931
-150
765
1734
2322
2190
1522
750
147
-83
128
610
1082
1355
1319
1034
736
745
1194
1952
2902
3889
4642
4893
4583
4016
3461
1959
-1518
-6256
-9858
-10618
-9528
-7818
-5275
-1868
976
1976
1975
2322
2620
2228
2110
3008
3669
2614
242
-2102
-4164
-5878
-6318
-5067
-2850
-262
2480
4466
4522
3060
1775
1101
247
-593
-535
99
-15
-1247
-2708
-3800
-4323
-3714
-1902
192
1867
3291
4341
4172
2686
1125
188
-640
-1421
-1447
-724
-238
-332
-447
-563
-1241
-2253
-2544
-1716
-212
1403
2800
3651
3671
3068
2130
978
19
-142
587
1473
1889
1903
1717
1322
887
879
1579
2810
4127
5169
5660
5452
4535
2081
-2405
-7657
-11115
-11431
-9911
-7768
-4734
-1149
1260
1591
1212
1494
1830
1689
2166
3625
4381
3052
322
-2384
-4703
-6356
-6437
-4891
-2506
323
3212
4998
4724
3312
2333
1747
817
57
178
450
-206
-1618
-2951
-3988
-4469
-3611
-1520
644
2342
3845
4848
4491
3000
1567
462
-829
-1964
-2128
-1632
-1416
-1439
-1010
-508
-939
-2094
-2843
-2577
-1564
-101
1623
2976
3393
3008
2214
1214
243
-137
400
1416
2316
2798
2799
2357
1799
1552
1828
2570
3659
4831
5617
5648
5165
4246
1625
-3218
-8598
-11598
-11499
-10107
-8115
-4874
-1000
1433
1713
1520
1911
1978
1519
1832
2995
3348
1840
-704
-3249
-5579
-7012
-6666
-4909
-2471
571
3723
5457
4959
3570
2755
2070
1036
500
864
1021
29
-1643
-3225
-4522
-4892
-3542
-1093
1202
3130
4852
5614
4633
2782
1437
461
-712
-1525
-1382
-988
-1206
-1661
-1709
-1852
-2620
-3536
-3846
-3331
-2168
-461
1396
2740
3365
3403
2883
1830
763
457
945
1649
2228
2664
2840
2626
2216
2095
2540
3509
4772
5973
6711
6751
5041
612
-5516
-10517
-12166
-11325
-9468
-6417
-2266
1082
1907
1202
968
1166
1008
1342
2859
4200
3714
1476
-1421
-4525
-7159
-7965
-6782
-4609
-1801
1498
4053
4444
3307
2450
2123
1550
1123
1560
2091
1510
-104
-1936
-3745
-5107
-4867
-2914
-558
1531
3594
5184
5231
3918
2656
1786
675
-404
-598
-137
-55
-597
-1384
-2419
-3826
-4927
-4786
-3416
-1368
848
2688
3538
3119
2049
948
3
-458
-40
1195
2519
3251
3263
2775
2149
1829
2102
2995
4280
5656
6741
7113
5497
999
-5160
-10141
-11932
-11339
-9575
-6477
-2367
852
1703
1186
1050
1209
1143
1729
3405
4691
4057
1734
-1164
-4179
-6692
-7463
-6370
-4325
-1641
1391
3471
3390
2028
1213
993
615
539
1353
2167
1786
334
-1436
-3259
-4588
-4329
-2544
-460
1422
3320
4707
4598
3273
1986
979
-159
-925
-636
238
716
559
-21
-1095
-2666
-4010
-4356
-3545
-1718
653
2764
3750
3395
2335
1046
-251
-1044
-776
549
2186
3366
3854
3742
3321
2940
2884
3313
4174
5312
6498
6479
3447
-2438
-8470
-11713
-12066
-10917
-8279
-4021
161
2104
1970
1619
1486
951
820
2206
4149
4659
3205
689
-2350
-5377
-7066
-6796
-5284
-2887
386
3345
4212
3098
1856
1143
291
-389
-24
862
1017
209
-1022
-2551
-3985
-4096
-2644
-832
734
2504
4182
4597
3623
2494
1612
398
-863
-1326
-1057
-795
-746
-863
-1401
-2422
-3194
-3132
-2424
-1127
787
2825
3935
3689
2828
1869
704
-438
-800
-97
1052
1963
2544
2899
3064
3227
3633
4345
5124
5766
6237
6093
3740
-1367
-7390
-11322
-12025
-10885
-8684
-5209
-1339
999
1217
886
1056
1130
1178
2279
4076
4786
3598
1255
-1503
-4419
-6359
-6336
-4997
-3118
-538
2272
3636
2888
1622
1153
877
451
648
1407
1645
901
-334
-1869
-3560
-4265
-3222
-1438
71
1588
3288
4185
3704
2763
2115
1237
-4
-741
-629
-413
-671
-1265
-2160
-3417
-4469
-4443
-3347
-1633
520
2738
4103
3976
2945
1999
1246
573
355
910
1832
2326
2264
2037
1944
2094
2593
3593
4976
6374
7325
7172
4445
-1165
-7595
-11759
-12433
-10966
-8268
-4480
-796
969
685
150
300
429
735
2339
4615
5403
3823
861
-2388
-5421
-7132
-6656
-4682
-2103
885
3421
4017
2523
723
-124
-502
-539
316
1536
1869
991
-421
-2023
-3546
-3851
-2326
-86
1734
3181
4303
4364
3190
1843
1062
446
-80
-33
348
179
-779
-1838
-2589
-3143
-3265
-2578
-1355
-217
647
1347
1693
1486
1072
914
1017
1237
1604
2132
2571
2708
2642
2616
2768
3170
3886
4749
5566
6173
6372
4845
346
-5892
-10878
-12505
-11617
-9423
-5949
-1938
683
1032
518
584
775
822
1863
4030
5388
4416
1620
-1658
-4709
-6756
-6862
-5298
-2847
152
2925
4043
3064
1431
512
-52
-515
-156
941
1427
590
-980
-2618
-4143
-4759
-3558
-1105
1325
3282
4690
5070
4158
2739
1702
981
445
413
696
514
-726
-2501
-3845
-4382
-3936
-2515
-436
1589
2914
3423
3183
2333
1283
467
170
423
1068
1805
2291
2397
2348
2447
2826
3497
4500
5834
7180
7754
5822
522
-6392
-11591
-13087
-11930
-9331
-5573
-1722
380
317
-260
-194
-114
160
1983
4881
6416
5197
2132
-1384
-4756
-7025
-7201
-5657
-2984
470
3500
4380
2967
1131
214
-217
-221
655
1693
1604
221
-1666
-3641
-5388
-5651
-3797
-938
1665
3708
4946
4865
3680
2411
1512
690
282
690
1196
679
-960
-2790
-4091
-4548
-3700
-1562
986
2965
4053
4302
3667
2357
1153
630
718
1073
1509
1957
2271
2382
2422
2586
3065
3892
5063
6384
7352
6409
2079
-4534
-10281
-12583
-11946
-9752
-6387
-2770
-724
-733
-1176
-828
-473
-219
1517
4646
6535
5419
2263
-1214
-4301
-6337
-6400
-4924
-2737
-19
2587
3563
2496
986
477
629
1180
2489
3703
3298
1183
-1446
-3956
-6155
-6917
-5199
-1975
1073
3144
4082
3784
2649
1561
953
682
965
1797
2135
925
-1637
-4351
-6287
-6735
-5049
-1487
2357
4912
5796
5395
4034
2196
756
486
1364
2742
3805
4123
3792
3094
2467
2385
3178
4728
6488
7671
6472
1708
-5131
-10685
-12533
-11392
-8504
-4575
-1134
42
-861
-1758
-1757
-1941
-1984
27
3615
5771
4724
1653
-1694
-4695
-6570
-6368
-4582
-2078
639
2708
3064
1790
391
-214
-315
358
2024
3317
2828
941
-1048
-2888
-4613
-5057
-3330
-570
1715
3057
3563
3243
2295
1432
937
682
776
1036
594
-919
-2832
-4105
-4411
-3816
-2095
305
2293
3227
3492
3656
3498
2807
2189
2139
2390
2340
1990
1833
2036
2415
3024
3982
5159
6278
7215
7095
3944
-2269
-8639
-11641
-10869
-8268
-4976
-1960
-749
-1771
-3082
-2868
-1911
-1208
603
4121
6861
6232
2787
-1185
-4483
-6538
-6418
-4396
-1953
94
1479
1715
488
-1146
-1797
-1265
225
2524
4309
3963
1749
-804
-3061
-5251
-6290
-4753
-1463
1423
2953
3388
2889
1569
292
26
707
1734
2479
2368
1127
-1047
-3606
-5773
-6514
-5034
-1779
1566
3763
4766
4900
4198
2912
2044
2265
3069
3632
3794
3788
3517
2754
1973
2012
3030
4499
5916
6891
5668
886
-5896
-11002
-11996
-9895
-6361
-2636
-453
-822
-2463
-3120
-2549
-2044
-915
2273
5935
7017
4806
1219
-2201
-4927
-5928
-4591
-2293
-463
599
904
352
-790
-1479
-1187
99
2361
4527
4685
2568
-195
-2483
-4479
-5790
-4956
-2206
329
1423
1544
1217
483
-203
64
1341
2687
3294
2640
635
-2192
-4911
-6431
-6041
-3750
-457
2195
3316
3335
3008
2697
2496
2896
4093
5334
5759
5208
4147
3115
2331
2145
2897
4420
6082
7107
6022
1583
-5147
-10821
-12365
-10113
-6088
-2072
55
-643
-2909
-4167
-3635
-2711
-1488
1386
4839
5965
3764
165
-2866
-4855
-5053
-2953
-92
1598
1871
1275
17
-1800
-3048
-2668
-811
1858
4091
4407
2639
123
-1975
-3432
-3959
-2694
-72
2033
2729
2398
1454
16
-1206
-1119
113
1272
1654
1159
-199
-2376
-4739
-5946
-5220
-2821
149
2387
3211
2722
1622
749
738
1868
3663
5099
5624
5415
4860
4088
3168
2672
3060
4186
5480
6523
5971
2091
-4375
-9992
-11483
-9279
-5551
-1825
255
-487
-2937
-4320
-3619
-2367
-1027
1750
4999
5823
3319
-429
-3338
-5072
-5088
-3005
-335
1016
980
410
-354
-1356
-1995
-1512
-130
1615
2783
2407
763
-925
-2036
-2837
-3063
-1889
249
1666
1948
1812
1511
904
432
893
1863
2189
1479
43
-1786
-3750
-5154
-5066
-3378
-1007
913
1849
2028
1827
1543
1539
2143
3310
4361
4790
4693
4289
3750
3312
3360
3938
4796
5676
6390
5399
1075
-5347
-10355
-11011
-8222
-4386
-1277
-548
-2507
-4933
-5040
-2882
-706
1031
3717
6036
5399
1908
-1863
-4071
-4821
-3747
-1007
1152
913
-708
-1935
-2347
-2332
-1638
192
2262
3517
3192
1216
-1169
-2731
-3241
-3200
-2581
-1130
284
637
431
486
601
679
1334
2796
3768
3102
1366
-506
-2265
-3816
-4443
-3650
-2066
-715
72
525
732
911
1416
2462
3625
4195
4063
3627
3296
3143
3337
3952
4782
5412
5827
6328
6630
5121
419
-5914
-10327
-10352
-7056
-3029
-425
-895
-4099
-7072
-6764
-3620
-285
2385
5157
6765
5144
1072
-2587
-4159
-4031
-2358
300
1827
823
-1431
-2791
-2815
-2220
-1187
542
2332
3100
2257
194
-1783
-2822
-2966
-2618
-1855
-785
-150
-228
-361
-127
87
258
1043
2369
3132
2681
1580
199
-1567
-3369
-4093
-3324
-1947
-760
127
868
1292
1515
1951
2682
3380
3833
4145
4408
4474
4306
4093
3920
3808
3809
4191
5047
5425
3133
-2158
-7779
-10042
-8134
-4515
-1451
-654
-2645
-5790
-6767
-4388
-1036
1141
2875
4716
4647
2047
-983
-2211
-1928
-1070
494
1594
620
-1812
-3153
-2434
-1092
-212
591
1532
1758
952
-373
-1231
-1235
-1016
-1072
-1523
-1988
-2312
-2390
-1693
-353
652
788
716
932
946
354
-144
-114
-284
-1096
-1990
-2324
-2393
-2332
-1524
90
1571
2308
2756
3359
3741
3681
3657
4051
4639
5066
5373
5532
5281
4800
4798
5511
5542
2548
-3146
-8378
-9906
-7534
-3809
-1196
-1505
-4577
-7606
-7214
-3440
580
2749
3838
4279
2742
-187
-2111
-1713
-313
728
1442
937
-1499
-4192
-4403
-1958
736
2159
2673
2505
1197
-703
-1845
-1449
-186
701
733
-162
-1664
-3142
-3610
-2429
-428
1049
1595
1667
1313
215
-1120
-1556
-996
-482
-622
-1168
-1817
-2634
-3071
-2293
-631
704
1113
1187
1527
2091
2828
3747
4631
5124
5154
5113
5146
5102
5065
5381
6102
6065
3119
-2593
-8005
-9639
-7041
-3077
-444
-994
-4497
-8014
-7937
-3903
721
3339
4475
4795
3223
288
-1604
-1072
444
1336
1664
730
-1990
-4834
-5088
-2592
32
1258
1646
1593
742
-445
-810
-13
892
924
113
-1225
-2601
-3310
-2674
-817
898
1412
1021
574
256
-201
-476
-281
-162
-843
-1939
-2605
-2654
-2332
-1631
-501
456
923
1372
2173
2883
3160
3349
3656
3858
3939
4270
4839
5304
5594
5777
5921
5091
1652
-3782
-8167
-8493
-5389
-2124
-1045
-3041
-6832
-9291
-7496
-2256
2537
4428
4356
3377
1300
-659
-636
1438
3190
3314
2279
-18
-3181
-5133
-3987
-1008
949
1115
619
-31
-860
-1130
-252
1155
1777
1246
118
-1156
-2086
-2209
-1423
-361
-39
-505
-770
-220
522
605
251
-21
-458
-1383
-2247
-2445
-2107
-1551
-665
313
491
-149
-346
760
2495
3901
4784
5070
4565
3697
3273
3504
4022
4813
5892
6581
5188
572
-5362
-9146
-8463
-4825
-1666
-1465
-4540
-8339
-9412
-6156
-976
2686
3705
3314
2275
672
-93
1051
3256
4315
3543
1617
-1014
-3282
-3503
-1395
772
942
-348
-1395
-1678
-1354
-242
1398
2445
1981
383
-1306
-2372
-2328
-1116
480
1216
459
-851
-1359
-800
34
470
619
488
-161
-1235
-2250
-2813
-2772
-1894
-382
817
804
-30
-433
172
1428
2779
3951
4601
4689
4668
4827
4996
4970
5079
5510
5712
3949
-422
-5251
-7450
-6069
-3512
-2373
-3902
-7308
-9896
-8852
-4203
570
2617
2238
1369
646
319
1225
3211
4778
4654
3268
1240
-1103
-2525
-1866
-30
719
-293
-1677
-2243
-2029
-1180
189
1363
1562
768
-265
-988
-1195
-709
242
942
686
-311
-947
-534
409
856
456
-396
-1281
-1888
-1954
-1623
-1262
-987
-552
-20
245
332
724
1519
2244
2735
3200
3654
3992
4434
5043
5305
5136
5109
5491
5247
2605
-2024
-6040
-6924
-4872
-2590
-2412
-5178
-9142
-10957
-8512
-3418
542
1671
1039
247
-253
138
1907
4096
5151
4579
3216
1464
-213
-609
540
1457
494
-1505
-2661
-2452
-1588
-400
647
768
-98
-1016
-1179
-923
-577
53
786
799
-174
-1152
-978
147
1088
1189
555
-343
-1070
-1153
-680
-353
-578
-886
-670
-195
44
104
479
1127
1714
2339
3099
3730
4151
4695
5266
5274
4875
4981
5700
5625
2994
-1611
-5428
-6174
-4247
-2304
-2583
-5718
-9674
-11019
-8202
-3506
-660
-500
-1304
-1449
-740
841
3019
4465
4389
3477
2762
2062
1315
1453
2422
2417
441
-1966
-2904
-2256
-984
322
944
213
-1220
-1953
-1531
-843
-402
67
463
270
-395
-672
-126
643
853
521
-61
-632
-914
-709
-417
-722
-1313
-1218
-113
1079
1547
1427
1228
1193
1326
1902
2699
3134
3242
3606
4244
4461
4388
4757
5670
6053
4331
607
-3138
-4621
-3679
-2391
-2798
-5700
-9438
-10923
-8511
-4179
-1666
-1935
-3145
-3346
-2264
-200
2393
4049
3853
2780
2312
2302
2129
2451
3526
3705
1815
-676
-1807
-1568
-990
-338
154
-273
-1368
-1858
-1292
-730
-791
-779
-255
200
162
163
591
926
575
-208
-775
-959
-796
-303
69
-338
-1400
-1922
-1112
382
1513
1974
2114
2156
2203
2578
3228
3644
3667
3772
4169
4493
4708
5109
5494
4377
1216
-2223
-3645
-2625
-1270
-1558
-4321
-8427
-10859
-9427
-5154
-2014
-2086
-3838
-4710
-3677
-1385
1412
3370
3475
2441
1957
2443
2884
3042
3400
3460
2238
398
-555
-440
-318
-700
-1245
-1993
-2730
-2676
-1619
-621
-632
-1045
-988
-540
-145
326
1054
1577
1452
1027
769
601
303
65
-20
-280
-635
-507
181
715
670
528
811
1423
2073
2709
3234
3339
3169
3261
3774
4167
4303
4555
4992
4520
2052
-1258
-3162
-2545
-1005
-757
-2713
-6450
-9554
-9528
-6297
-3056
-2851
-4646
-5740
-4763
-2460
139
2193
2544
1582
1216
2435
3926
4365
4139
3691
2540
990
420
1066
1505
820
-356
-1384
-2327
-2832
-2502
-1888
-2081
-2822
-2885
-2103
-1295
-966
-728
-348
9
418
1044
1576
1490
929
526
440
470
658
1037
1238
1062
940
1254
1788
2241
2570
2897
3132
3267
3520
3901
4143
4057
3926
4033
4032
2743
118
-2326
-2937
-1972
-1438
-2597
-5507
-8630
-9532
-7318
-3842
-2462
-3779
-5335
-5141
-3171
-710
1425
2237
1428
532
1202
3020
4208
4386
4150
3425
2151
1382
1841
2424
1897
598
-461
-1164
-1695
-1806
-1785
-2321
-3342
-3664
-2920
-2079
-1799
-1792
-1589
-1254
-765
18
677
699
330
353
826
1152
1201
1197
1101
936
1196
2046
2820
2972
2772
2760
3065
3591
4243
4879
5132
4970
4832
5028
4537
2082
-1128
-2719
-1938
-843
-1429
-3947
-7511
-9920
-9093
-5710
-3229
-4018
-6168
-6655
-4933
-2339
-119
1180
974
127
485
2327
3961
4318
4190
4098
3529
2766
2875
3613
3429
1921
343
-439
-702
-760
-763
-1347
-2734
-3853
-3540
-2409
-1931
-2412
-2910
-2791
-2234
-1363
-329
287
123
-277
-206
219
667
1224
1753
1753
1285
1216
1977
2925
3349
3300
3232
3309
3575
4116
4657
4686
4202
3929
4268
4673
3631
1067
-1320
-1755
-696
-462
-2257
-5692
-8793
-9267
-6836
-4098
-4039
-6279
-7673
-6639
-4035
-1654
-369
-421
-1216
-979
1000
3241
3975
3553
3246
3090
2839
3138
4039
4291
3179
1784
1159
1016
821
539
-103
-1450
-2765
-2790
-1797
-1431
-2295
-3306
-3525
-3118
-2362
-1312
-524
-653
-1169
-1079
-459
79
619
1366
1737
1389
1095
1495
2292
2874
3143
3223
3223
3446
4050
4732
4900
4463
4078
4145
4513
4321
2739
441
-1113
-852
-130
-865
-3421
-6570
-8242
-7358
-5001
-3874
-5458
-7869
-8266
-6199
-3274
-1299
-709
-1192
-1575
-538
1587
3108
3213
2857
2924
3079
3169
3606
4012
3512
2251
1462
1547
1804
1639
912
-467
-2100
-2878
-2210
-1233
-1385
-2534
-3415
-3327
-2589
-1698
-1096
-1204
-1839
-2053
-1314
-189
541
804
779
694
979
1944
3118
3756
3729
3453
3432
3836
4502
5028
5182
5024
4821
4809
4997
4359
2056
-618
-1669
-672
135
-963
-3839
-7011
-8355
-6798
-3959
-3013
-5058
-7505
-7609
-5529
-3235
-2266
-2578
-3353
-3147
-1149
1546
2893
2565
2108
2573
3410
4093
4674
4758
3862
2530
1885
1855
1629
988
184
-865
-1901
-2037
-1148
-628
-1595
-3148
-3822
-3333
-2359
-1501
-1210
-1784
-2569
-2491
-1637
-948
-732
-321
419
1049
1576
2161
2651
2857
3130
3753
4334
4549
4526
4570
4656
4645
4576
4623
4748
4697
3590
1375
-544
-800
233
282
-1620
-4752
-7224
-7405
-5327
-3346
-4004
-6766
-8332
-7003
-4200
-2236
-1979
-2783
-3425
-2468
-5
2070
2198
1410
1582
2794
3776
4156
4230
3836
2989
2581
3033
3396
2816
1621
346
-948
-1767
-1479
-654
-793
-2228
-3562
-3693
-2999
-2334
-2039
-2147
-2555
-2665
-2010
-1170
-947
-1083
-757
-8
653
1314
2098
2664
2855
3053
3481
3828
4048
4416
4877
5164
5163
5036
4895
4629
4329
3462
1751
32
-567
25
-80
-1852
-4601
-6726
-7002
-5437
-3634
-3791
-6044
-7772
-7012
-4707
-2924
-2553
-2956
-3240
-2393
-436
1230
1349
714
1000
2324
3445
3830
3804
3530
3053
2917
3447
3857
3422
2316
1191
287
-304
-391
-376
-1062
-2485
-3678
-3792
-3228
-2793
-2760
-3045
-3359
-3289
-2570
-1672
-1324
-1267
-890
-140
508
936
1402
1894
2456
3137
3886
4488
4874
5212
5509
5630
5583
5499
5573
5674
5250
3566
1275
-140
58
635
-174
-2558
-5409
-6943
-6342
-4508
-3850
-5527
-7795
-8076
-6261
-4220
-3412
-3646
-4037
-3565
-1726
412
1231
605
339
1465
3099
4025
4200
3962
3509
3220
3619
4239
4120
3190
2123
1265
416
-151
-196
-345
-1262
-2513
-3073
-2837
-2681
-2937
-3347
-3642
-3668
-3222
-2415
-1995
-2134
-1951
-981
165
785
1049
1322
1673
2309
3259
4077
4332
4288
4417
4714
4935
5061
5203
5372
5404
5252
4309
2389
582
115
793
610
-1262
-3945
-5929
-6159
-4782
-3456
-4200
-6709
-8113
-6918
-4707
-3572
-3832
-4421
-4444
-3134
-841
742
576
-139
390
2039
3305
3615
3456
3225
3127
3485
4289
4582
3822
2715
2044
1661
1071
501
159
-573
-1842
-2802
-2805
-2460
-2721
-3407
-3817
-3704
-3150
-2432
-2147
-2680
-3301
-2733
-1015
523
1037
940
1028
1676
2783
3842
4221
3974
3870
4375
5063
5254
4953
4581
4491
4627
4816
4371
2760
965
204
589
402
-1190
-3451
-5300
-5794
-4733
-3339
-3605
-5731
-7237
-6427
-4611
-3600
-3769
-4213
-4260
-3315
-1457
-38
-40
-523
119
1875
3244
3524
3286
3052
3053
3348
3898
4084
3491
2646
2097
1678
1025
344
-39
-496
-1307
-1958
-2039
-2006
-2531
-3282
-3651
-3586
-3264
-2804
-2475
-2633
-2775
-2130
-988
-277
-147
198
1119
2254
3218
3832
4042
4068
4362
5015
5497
5513
5252
5085
5043
5038
4732
3465
1736
725
1014
1295
164
-2121
-4366
-5430
-4939
-3788
-3723
-5472
-7323
-7161
-5549
-4346
-4382
-4838
-4800
-3833
-2005
-463
-321
-932
-619
994
2523
2995
2936
2970
3186
3503
3931
4165
3786
3135
2780
2575
2030
1164
502
-26
-851
-1733
-2122
-2085
-2269
-2815
-3287
-3468
-3415
-3145
-2858
-2893
-2999
-2455
-1235
-266
-81
-215
-2
770
1911
2974
3467
3477
3607
4150
4688
4797
4656
4679
5001
5366
5507
5063
3548
1765
1052
1756
2300
1016
-1620
-4145
-5296
-4738
-3454
-3309
-5178
-7275
-7132
-5285
-3999
-4267
-5087
-5256
-4392
-2545
-774
-414
-1045
-917
629
2270
2788
2710
2811
3155
3595
4118
4447
3993
2962
2232
1969
1691
1134
635
204
-631
-1600
-2000
-1820
-1851
-2446
-2994
-3044
-2764
-2421
-2290
-2556
-2988
-2762
-1535
-227
211
-23
-17
595
1473
2294
2778
2823
2722
2977
3559
3919
3889
3912
4164
4391
4418
4343
4065
3040
1904
1498
1805
1648
296
-1544
-3082
-3752
-3336
-2560
-2894
-4723
-6377
-6054
-4587
-3746
-4050
-4697
-4825
-4040
-2324
-779
-695
-1483
-1333
313
2106
2725
2535
2296
2385
2936
3739
4143
3529
2456
1965
1996
1755
1019
316
-175
-873
-1561
-1705
-1519
-1738
-2427
-2698
-2414
-2180
-2225
-2313
-2380
-2501
-2101
-987
-101
-174
-501
-114
826
1611
2152
2484
2519
2555
3008
3650
3823
3670
3774
4136
4378
4493
4535
3830
2560
1840
2140
2374
1352
-480
-2179
-3080
-2875
-2125
-2286
-4092
-6136
-6301
-4938
-3943
-4160
-4921
-5227
-4658
-3175
-1690
-1482
-2168
-2086
-535
1276
1966
1854
1836
2247
2940
3640
3966
3526
2659
2222
2249
2077
1440
787
412
-67
-680
-1012
-1033
-1235
-1738
-2090
-2046
-1911
-1832
-1824
-2096
-2550
-2491
-1473
-308
-57
-560
-821
-358
550
1408
1841
1724
1572
2004
2853
3326
3137
2873
3069
3583
4057
4240
4101
3606
2736
2204
2332
2690
2275
768
-990
-2196
-2397
-1762
-1324
-2211
-4258
-5696
-5167
-3848
-3445
-4196
-4967
-4828
-3758
-2237
-1398
-1939
-2721
-2093
-91
1517
1635
1159
1151
1784
2609
3115
2955
2132
1449
1592
2019
1844
1047
366
113
-113
-359
-405
-397
-674
-1164
-1362
-1291
-1331
-1406
-1373
-1402
-1671
-1733
-1210
-717
-749
-939
-776
-337
153
777
1267
1175
899
1183
1977
2523
2618
2716
2995
3323
3747
4155
4242
3725
2837
2392
2618
3083
2830
1502
-213
-1434
-1671
-1267
-1191
-2143
-3831
-4873
-4384
-3444
-3429
-4370
-5100
-4846
-3816
-2494
-1766
-2133
-2667
-2098
-525
547
489
274
646
1383
1993
2293
2160
1672
1424
1771
2114
1872
1274
925
865
683
416
286
189
-158
-656
-833
-749
-797
-1042
-1367
-1711
-1998
-1829
-1226
-918
-1212
-1488
-1157
-498
-82
91
205
380
878
1701
2323
2283
2121
2581
3429
3966
4104
4178
4293
4063
3515
3146
3092
3118
2658
1587
181
-1007
-1288
-856
-915
-2260
-4189
-4950
-4186
-3383
-3661
-4709
-5396
-5118
-3959
-2589
-2207
-2974
-3356
-2256
-483
277
-111
-466
-203
578
1494
2131
2125
1704
1711
2221
2419
2018
1585
1577
1615
1337
1043
877
613
115
-301
-469
-644
-837
-916
-1033
-1484
-1985
-1966
-1521
-1311
-1510
-1715
-1593
-1201
-668
-160
-43
-196
-2
786
1626
1988
2080
2278
2646
3179
3781
4204
4258
4215
4178
3827
3313
3123
3256
2888
1643
178
-752
-900
-576
-638
-1776
-3598
-4645
-4149
-3277
-3326
-4182
-4802
-4634
-3921
-3164
-2968
-3381
-3448
-2453
-1017
-341
-583
-796
-389
458
1310
1846
1930
1733
1774
2191
2474
2233
1794
1619
1687
1643
1480
1317
1036
524
-51
-387
-575
-743
-870
-1082
-1544
-2107
-2304
-2070
-1804
-1793
-1936
-1940
-1596
-995
-433
-191
-171
90
765
1570
2139
2487
2807
3194
3597
4014
4365
4591
4780
4624
4048
3511
3434
3531
2953
1627
153
-815
-925
-586
-811
-2161
-3947
-4644
-4012
-3410
-3833
-4890
-5476
-5169
-4276
-3431
-3430
-4115
-4189
-2942
-1197
-444
-702
-892
-369
688
1741
2407
2502
2280
2359
2807
3037
2748
2264
2051
1984
1772
1531
1378
1170
672
59
-339
-571
-774
-977
-1259
-1730
-2193
-2303
-2095
-2020
-2176
-2254
-2039
-1619
-1156
-723
-458
-348
-80
529
1235
1714
1983
2266
2633
3040
3445
3701
3752
3783
4062
4489
4404
3764
3200
3146
3152
2483
1200
-149
-995
-1040
-703
-1010
-2440
-4121
-4603
-3995
-3637
-4243
-5182
-5508
-4996
-3980
-3127
-3115
-3659
-3616
-2510
-1155
-620
-689
-547
75
936
1733
2231
2256
2044
2111
2462
2620
2449
2233
2138
1929
1527
1226
1080
842
353
-128
-404
-637
-937
-1202
-1467
-1909
-2338
-2361
-2017
-1813
-1827
-1756
-1515
-1244
-884
-402
-44
116
476
1193
1823
2089
2231
2516
2847
3227
3754
4174
4184
4077
4273
4389
4030
3528
3369
3174
2391
1214
124
-642
-980
-934
-1224
-2431
-4058
-4741
-4260
-3760
-4112
-4996
-5563
-5384
-4462
-3407
-3094
-3581
-3697
-2736
-1324
-552
-470
-365
139
966
1806
2350
2425
2261
2318
2615
2703
2418
2052
1870
1685
1311
960
836
783
538
146
-191
-449
-683
-869
-1049
-1351
-1710
-1862
-1756
-1701
-1837
-1893
-1641
-1224
-894
-669
-489
-290
105
727
1278
1488
1562
1813
2164
2434
2692
3039
3362
3590
3812
4009
4099
3923
3513
3056
2785
2688
2305
1340
-40
-1132
-1433
-1108
-1071
-1986
-3580
-4686
-4579
-3908
-3691
-4226
-4869
-5020
-4429
-3437
-2840
-3114
-3538
-3084
-1776
-603
-184
-141
72
642
1425
2112
2338
2109
1913
2096
2328
2251
2010
1852
1695
1339
999
960
1076
1000
610
149
-200
-432
-589
-806
-1191
-1579
-1662
-1427
-1308
-1591
-1873
-1714
-1195
-798
-719
-785
-712
-238
587
1261
1326
1069
1146
1710
2307
2599
2673
2747
2984
3441
3939
4105
3928
3576
3220
2928
2800
2754
2287
1170
-253
-1280
-1566
-1319
-1330
-2187
-3740
-4900
-4848
-4096
-3719
-4223
-5010
-5294
-4697
-3562
-2793
-2893
-3219
-2789
-1543
-382
38
4
93
564
1300
1973
2240
2079
1908
2053
2275
2310
2245
2184
1994
1582
1185
1009
940
761
379
-119
-569
-807
-832
-896
-1230
-1724
-1994
-1861
-1561
-1436
-1496
-1476
-1221
-828
-440
-141
68
263
621
1118
1514
1707
1854
2128
2464
2772
3071
3330
3509
3636
3792
3919
3987
3907
3510
2875
2331
2132
1841
998
-340
-1546
-2101
-1974
-1725
-2152
-3481
-4841
-5103
-4411
-3807
-4001
-4633
-5064
-4835
-3888
-2815
-2428
-2670
-2641
-1865
-838
-158
194
389
568
988
1708
2292
2392
2272
2263
2197
1950
1775
1819
1798
1449
939
579
468
492
434
110
-450
-906
-962
-753
-762
-1170
-1639
-1755
-1465
-1151
-1106
-1254
-1302
-1012
-453
78
269
191
311
835
1424
1721
1795
1895
2054
2206
2386
2522
2515
2507
2665
2877
2937
2932
3060
3180
2923
2323
1761
1520
1439
1128
385
-773
-1813
-2163
-1839
-1668
-2283
-3427
-4260
-4311
-3807
-3360
-3468
-4002
-4368
-4017
-3135
-2418
-2248
-2279
-2032
-1444
-813
-341
-13
281
636
1041
1357
1475
1498
1602
1727
1621
1308
1118
1198
1308
1112
675
299
185
318
448
297
-198
-688
-748
-460
-274
-383
-607
-679
-593
-431
-283
-201
-115
87
380
597
654
704
904
1136
1227
1173
1162
1290
1488
1606
1568
1436
1407
1608
1960
2245
2348
2365
2470
2671
2675
2315
1776
1436
1354
1177
618
-316
-1245
-1751
-1677
-1425
-1623
-2512
-3525
-3952
-3720
-3333
-3284
-3561
-3859
-3814
-3345
-2797
-2536
-2492
-2348
-2002
-1613
-1260
-875
-430
26
453
741
825
847
1063
1436
1607
1437
1185
1143
1303
1444
1402
1171
891
802
963
1103
949
572
309
288
327
305
207
96
0
-68
-114
-198
-321
-401
-339
-145
20
26
-59
-57
139
451
670
670
525
500
734
1083
1343
1483
1599
1733
1862
2016
2194
2348
2514
2717
2826
2607
2142
1725
1513
1314
949
345
-455
-1231
-1697
-1768
-1867
-2344
-3125
-3813
-4194
-4267
-4137
-3972
-3955
-4043
-4004
-3723
-3331
-2930
-2498
-2056
-1706
-1402
-989
-461
60
571
1098
1516
1663
1670
1779
1988
2118
2083
1956
1790
1658
1626
1640
1525
1263
1002
836
653
415
226
162
130
55
-30
-118
-212
-225
-103
0
-88
-314
-437
-306
26
381
587
601
524
516
626
788
896
935
999
1098
1153
1118
1085
1145
1287
1434
1532
1525
1455
1436
1527
1653
1623
1356
895
419
82
-166
-488
-996
-1578
-2046
-2320
-2493
-2654
-2849
-3045
-3179
-3239
-3203
-3113
-2986
-2788
-2493
-2106
-1761
-1585
-1523
-1392
-1087
-706
-388
-141
101
352
621
844
978
1030
1112
1248
1291
1149
969
954
1112
1284
1332
1244
1088
1007
1044
1086
1034
954
953
1003
1034
1048
1052
1012
956
936
904
769
534
313
196
184
197
147
21
-131
-252
-337
-378
-380
-380
-435
-544
-668
-789
-842
-792
-640
-501
-417
-323
-165
51
295
531
768
1032
1330
1607
1757
1767
1650
1439
1176
939
737
516
240
-47
-347
-679
-1037
-1372
-1648
-1881
-2109
-2346
-2569
-2735
-2828
-2846
-2780
-2662
-2512
-2357
-2192
-2023
-1813
-1519
-1149
-737
-311
86
389
628
868
1137
1371
1568
1778
1969
2119
2228
2300
2299
2226
2147
2093
2022
1902
1763
1623
1451
1220
977
815
726
635
496
288
32
-267
-567
-846
-1108
-1320
-1436
-1426
-1375
-1374
-1430
-1498
-1536
-1495
-1328
-1104
-913
-775
-625
-428
-197
63
294
459
587
753
972
1186
1359
1506
1606
1668
1756
1925
2114
2156
1994
1695
1334
936
552
263
90
-34
-202
-485
-899
-1383
-1789
-2040
-2143
-2172
-2197
-2235
-2257
-2228
-2137
-2042
-1924
-1728
-1473
-1227
-1009
-768
-494
-211
77
347
553
702
798
865
923
1032
1146
1164
1057
941
890
844
744
606
472
334
202
103
36
-52
-105
-71
32
125
176
233
292
357
443
544
563
447
267
142
107
104
91
19
-122
-285
-425
-505
-552
-587
-611
-627
-636
-666
-734
-803
-850
-835
-738
-561
-345
-113
128
365
594
856
1168
1450
1683
1916
2194
2475
2656
2691
2556
2286
1979
1730
1590
1526
1417
1128
637
46
-463
-776
-975
-1200
-1555
-1942
-2223
-2393
-2516
-2682
-2870
-3010
-3042
-2972
-2853
-2719
-2553
-2313
-2015
-1703
-1415
-1172
-957
-716
-390
-8
316
550
728
903
1059
1178
1262
1348
1442
1503
1498
1441
1411
1380
1308
1192
1110
1072
1016
916
799
696
606
561
528
440
254
30
-173
-369
-547
-689
-792
-875
-921
-919
-940
-1029
-1093
-998
-783
-590
-457
-322
-194
-89
57
269
478
639
818
1051
1295
1504
1685
1850
1989
2096
2160
2192
2229
2290
2370
2374
2196
1848
1384
919
564
403
384
284
-55
-598
-1191
-1687
-2007
-2173
-2290
-2461
-2654
-2782
-2848
-2905
-2957
-2986
-2980
-2947
-2806
-2558
-2307
-2113
-1908
-1641
-1385
-1189
-1018
-806
-577
-308
6
307
478
503
533
669
893
1106
1257
1347
1410
1492
1596
1692
1735
1740
1732
1785
1902
1979
1973
1937
1932
1912
1831
1714
1573
1374
1136
918
710
470
161
-181
-503
-792
-1032
-1224
-1388
-1535
-1681
-1802
-1875
-1912
-1904
-1856
-1769
-1625
-1416
-1164
-888
-591
-273
49
372
717
1048
1335
1605
1906
2230
2510
2695
2807
2902
3021
3102
3032
2766
2364
1911
1472
1095
792
471
37
-538
-1196
-1858
-2443
-2871
-3156
-3362
-3595
-3836
-4022
-4086
-4035
-3952
-3872
-3768
-3570
-3256
-2867
-2456
-2053
-1655
-1212
-731
-245
220
689
1150
1556
1910
2213
2464
2633
2745
2821
2863
2867
2831
2755
2602
2389
2164
1958
1713
1405
1130
949
814
649
462
276
102
-50
-161
-267
-411
-545
-638
-676
-722
-796
-922
-1113
-1295
-1388
-1400
-1403
-1391
-1308
-1186
-1087
-1008
-905
-796
-694
-563
-385
-174
18
187
315
420
528
678
846
990
1114
1283
1502
1686
1755
1762
1799
1894
1993
2049
2080
2081
2043
1899
1641
1280
842
413
84
-80
-172
-364
-752
-1307
-1866
-2282
-2508
-2606
-2696
-2828
-2946
-2987
-2947
-2870
-2799
-2739
-2635
-2412
-2061
-1687
-1370
-1084
-773
-435
-114
158
404
632
852
1065
1280
1484
1612
1626
1579
1567
1601
1606
1533
1405
1275
1166
1066
965
870
789
732
678
610
538
480
440
400
360
333
299
222
103
-14
-83
-112
-151
-282
-503
-714
-792
-761
-746
-818
-934
-1002
-989
-922
-836
-776
-742
-690
-599
-484
-385
-293
-170
-10
177
362
529
665
786
923
1098
1288
1453
1585
1685
1741
1754
1788
1852
1883
1825
1728
1651
1570
1400
1087
668
242
-103
-336
-494
-685
-989
-1388
-1781
-2097
-2309
-2432
-2497
-2520
-2519
-2482
-2417
-2320
-2195
-2071
-1935
-1764
-1530
-1237
-932
-672
-464
-254
-9
214
367
477
596
728
840
939
985
947
852
780
768
813
880
919
886
810
760
728
663
553
458
424
448
501
559
573
525
441
389
407
443
464
447
412
360
296
240
203
170
119
61
7
-38
-104
-215
-337
-431
-498
-557
-629
-718
-819
-880
-874
-849
-855
-874
-868
-848
-811
-739
-622
-495
-365
-207
-29
150
316
485
665
860
1095
1346
1570
1745
1883
2003
2130
2274
2397
2410
2289
2068
1776
1451
1144
923
783
612
286
-204
-732
-1151
-1399
-1531
-1675
-1916
-2217
-2473
-2628
-2709
-2767
-2822
-2866
-2878
-2843
-2734
-2545
-2322
-2110
-1883
-1598
-1246
-895
-584
-312
-52
250
569
865
1083
1230
1384
1580
1796
1954
2021
2025
1993
1952
1897
1848
1791
1707
1592
1459
1331
1176
995
808
647
509
364
218
75
-71
-225
-377
-510
-622
-728
-839
-961
-1073
-1147
-1179
-1211
-1259
-1292
-1291
-1263
-1231
-1171
-1061
-924
-805
-690
-534
-331
-151
-29
76
208
356
488
602
708
818
922
1005
1046
1097
1192
1301
1373
1414
1445
1449
1455
1506
1586
1613
1572
1518
1505
1501
1425
1215
886
524
213
-7
-127
-231
-413
-729
-1126
-1483
-1730
-1844
-1894
-1964
-2093
-2238
-2328
-2311
-2234
-2162
-2130
-2117
-2053
-1913
-1695
-1465
-1269
-1100
-915
-689
-452
-218
-14
169
341
528
705
816
882
964
1092
1245
1384
1478
1526
1528
1510
1480
1474
1487
1464
1369
1247
1178
1158
1113
961
735
535
389
258
109
-38
-186
-342
-464
-542
-622
-755
-890
-958
-956
-947
-963
-999
-1057
-1134
-1191
-1197
-1166
-1099
-1003
-897
-800
-722
-669
-637
-594
-488
-324
-155
7
149
288
419
549
684
814
947
1098
1241
1355
1447
1534
1610
1661
1708
1756
1788
1784
1750
1690
1635
1604
1591
1542
1388
1121
781
459
213
49
-92
-265
-498
-799
-1137
-1478
-1752
-1935
-2033
-2086
-2161
-2262
-2360
-2416
-2415
-2372
-2294
-2179
-2038
-1860
-1663
-1456
-1237
-1014
-788
-565
-326
-71
179
386
552
715
870
989
1050
1075
1116
1199
1307
1378
1366
1293
1218
1171
1143
1104
1043
974
913
867
848
808
715
575
443
344
254
159
69
-21
-105
-172
-242
-364
-538
-692
-787
-841
-907
-966
-998
-1014
-1051
-1115
-1153
-1130
-1060
-958
-846
-738
-634
-516
-368
-219
-73
90
271
441
583
719
859
986
1074
1140
1208
1298
1393
1455
1472
1442
1392
1336
1291
1269
1245
1214
1174
1137
1085
1014
925
830
732
644
550
402
169
-141
-457
-728
-916
-1040
-1126
-1264
-1496
-1803
-2052
-2156
-2147
-2111
-2113
-2121
-2105
-2067
-2001
-1901
-1765
-1605
-1432
-1226
-1003
-786
-586
-424
-281
-117
73
282
485
697
875
956
987
1055
1200
1315
1321
1257
1200
1194
1212
1207
1137
1003
841
694
578
493
431
379
328
254
150
44
-38
-101
-163
-207
-204
-181
-185
-233
-292
-311
-288
-267
-293
-333
-311
-244
-184
-175
-200
-234
-253
-221
-164
-120
-117
-118
-105
-73
-47
-64
-109
-129
-76
4
50
69
104
163
205
231
246
254
291
361
447
497
506
509
524
551
585
618
664
715
760
768
758
762
779
781
781
816
867
863
747
550
318
92
-101
-215
-252
-291
-416
-638
-888
-1105
-1233
-1279
-1288
-1307
-1332
-1338
-1327
-1302
-1242
-1161
-1095
-1051
-976
-846
-707
-601
-516
-407
-290
-193
-113
-32
41
91
133
181
217
200
164
139
134
160
215
291
317
285
234
206
213
258
319
381
431
484
528
525
486
458
453
465
484
521
536
514
463
401
346
276
202
112
15
-93
-196
-259
-307
-390
-522
-643
-722
-788
-853
-892
-877
-837
-820
-827
-833
-814
-765
-653
-492
-337
-200
-53
127
311
479
651
826
971
1076
1151
1260
1411
1553
1620
1618
1610
1614
1621
1623
1626
1583
1502
1425
1373
1299
1166
1012
870
755
637
481
254
-55
-398
-735
-992
-1163
-1289
-1428
-1619
-1847
-2094
-2298
-2409
-2399
-2327
-2277
-2259
-2233
-2156
-2025
-1857
-1668
-1471
-1272
-1035
-766
-492
-241
-18
216
431
609
751
889
1022
1139
1239
1310
1330
1294
1246
1188
1106
1010
935
864
749
579
418
289
163
21
-104
-182
-228
-280
-342
-386
-412
-434
-465
-476
-462
-428
-366
-273
-177
-97
-18
65
129
185
255
320
378
415
453
485
523
530
487
436
421
439
425
376
318
272
221
131
24
-61
-87
-69
-48
-55
-91
-118
-126
-132
-158
-190
-194
-161
-104
-56
-41
-32
1
51
113
170
218
253
292
354
424
485
499
490
500
551
595
590
587
596
577
474
308
143
-18
-150
-238
-291
-358
-481
-647
-825
-969
-1046
-1079
-1097
-1100
-1080
-1065
-1072
-1085
-1057
-985
-893
-790
-681
-564
-437
-305
-169
-42
78
177
245
297
345
391
433
464
455
412
355
306
268
250
254
233
179
127
98
76
6
-77
-120
-94
-34
13
49
79
105
130
165
198
198
201
232
284
313
319
318
297
262
237
235
245
267
304
320
293
236
195
168
119
33
-50
-87
-79
-85
-113
-142
-150
-150
-147
-125
-106
-95
-80
-31
53
118
142
129
121
161
231
292
310
310
342
386
406
387
356
313
242
185
162
167
190
217
219
189
168
177
187
171
160
175
183
134
11
-139
-260
-329
-361
-370
-384
-455
-598
-777
-904
-962
-955
-909
-884
-902
-932
-935
-900
-858
-809
-752
-692
-613
-513
-411
-330
-270
-206
-120
-25
59
99
124
171
250
331
363
367
358
350
340
343
370
377
344
301
293
291
266
228
209
216
243
285
334
360
347
325
319
329
324
315
310
321
352
394
435
456
444
397
344
325
331
309
245
168
116
89
57
-8
-100
-182
-219
-226
-240
-270
-304
-320
-329
-327
-303
-269
-246
-243
-223
-196
-162
-117
-54
21
69
107
148
194
237
285
331
379
410
426
441
453
455
441
431
432
430
418
404
394
380
360
338
307
269
205
99
-47
-186
-284
-363
-438
-483
-503
-565
-698
-848
-961
-1041
-1103
-1125
-1106
-1070
-1042
-1027
-1009
-978
-934
-860
-755
-641
-552
-476
-380
-283
-207
-142
-57
31
91
132
183
254
328
375
382
362
369
417
456
448
418
431
464
462
435
418
423
421
415
416
424
445
467
466
435
403
398
405
400
379
362
353
346
353
352
319
268
244
244
229
192
158
143
135
119
78
21
-20
-42
-56
-68
-81
-92
-97
-96
-82
-69
-52
-39
-50
-59
-56
-57
-77
-102
-90
-73
-83
-116
-148
-168
-189
-207
-206
-178
-135
-104
-112
-135
-149
-129
-97
-78
-58
-35
-8
8
10
5
-3
-21
-57
-109
-137
-122
-96
-100
-140
-202
-264
-314
-366
-418
-465
-485
-480
-476
-486
-513
-534
-547
-549
-522
-454
-376
-325
-288
-233
-175
-140
-108
-46
36
107
169
222
270
312
351
388
425
454
475
501
539
579
609
634
654
665
661
640
604
566
528
493
471
463
460
444
403
342
275
227
198
158
105
67
46
23
-34
-102
-173
-238
-289
-325
-346
-350
-346
-356
-392
-439
-474
-492
-502
-514
-518
-498
-455
-418
-398
-376
-361
-355
-355
-330
-260
-185
-130
-92
-42
23
95
166
227
264
283
290
317
374
435
463
470
503
547
548
497
451
444
443
442
428
403
362
307
254
184
95
10
-47
-98
-173
-275
-356
-407
-455
-524
-607
-670
-714
-742
-757
-753
-741
-727
-712
-702
-681
-642
-584
-525
-456
-369
-285
-237
-196
-132
-54
25
108
198
288
368
435
457
457
476
518
545
534
512
502
520
536
527
484
436
402
381
349
292
226
185
179
172
130
73
15
-32
-78
-123
-141
-134
-111
-99
-109
-107
-75
-36
-25
-19
8
52
92
132
165
165
142
119
119
127
132
126
119
118
121
136
161
191
204
205
212
226
253
273
282
264
206
106
-14
-97
-122
-108
-108
-148
-243
-374
-485
-572
-635
-679
-686
-679
-688
-704
-708
-709
-728
-755
-764
-741
-685
-614
-521
-423
-341
-281
-243
-214
-182
-142
-95
-35
41
123
196
250
288
321
369
425
451
467
518
600
665
674
639
612
610
642
668
665
660
660
669
656
608
539
454
372
311
269
234
178
101
23
-52
-125
-191
-226
-254
-304
-365
-399
-405
-411
-408
-385
-357
-344
-328
-309
-294
-291
-277
-225
-144
-76
-43
-29
2
38
50
44
40
49
59
63
64
63
54
43
23
6
6
24
34
22
8
1
-25
-57
-62
-33
1
3
-8
-8
-1
4
7
21
40
26
-4
-13
-2
-11
-52
-94
-121
-139
-132
-113
-118
-150
-183
-196
-216
-235
-238
-237
-248
-258
-246
-216
-201
-202
-190
-146
-80
-33
17
73
115
129
140
174
211
249
274
276
258
237
221
188
145
136
163
198
185
143
104
89
80
58
29
-7
-46
-82
-110
-132
-141
-137
-130
-131
-137
-143
-156
-175
-184
-163
-120
-81
-52
-2
72
135
163
191
248
309
343
367
416
468
479
443
408
395
386
371
361
359
337
288
247
209
159
87
22
-18
-55
-94
-130
-178
-239
-296
-323
-337
-356
-377
-383
-364
-336
-329
-344
-337
-300
-279
-295
-304
-262
-208
-178
-158
-124
-89
-83
-88
-92
-101
-124
-152
-186
-206
-216
-236
-267
-294
-301
-301
-299
-288
-267
-244
-214
-178
-138
-102
-72
-31
24
82
117
139
182
235
274
302
329
381
445
510
538
528
508
487
472
457
440
409
368
318
264
225
206
203
180
152
127
103
68
34
28
28
28
14
19
45
70
85
82
98
126
159
187
198
176
126
74
46
27
6
-21
-45
-82
-145
-222
-294
-360
-428
-484
-509
-517
-533
-558
-577
-566
-538
-516
-510
-495
-466
-434
-407
-364
-308
-277
-258
-218
-120
-8
66
95
110
144
179
197
201
197
189
177
171
167
166
156
141
133
132
133
104
77
71
72
72
69
79
80
83
97
93
79
69
79
98
126
152
155
137
151
198
252
285
298
293
284
283
283
281
281
272
241
207
201
208
187
132
63
8
-36
-71
-103
-127
-132
-141
-163
-198
-219
-222
-218
-218
-215
-201
-187
-181
-180
-160
-133
-124
-117
-93
-67
-58
-40
5
34
30
32
70
105
115
132
166
194
198
200
220
244
246
222
191
169
147
127
107
79
44
-4
-55
-100
-138
-181
-249
-301
-321
-330
-363
-400
-421
-422
-430
-445
-445
-435
-422
-414
-385
-342
-320
-331
-347
-331
-293
-246
-190
-122
-60
-37
-32
-18
14
41
69
127
190
236
251
258
269
279
301
310
299
283
298
334
349
331
297
262
231
220
219
216
209
204
201
202
212
222
209
184
180
187
196
201
204
201
191
178
162
140
119
87
45
4
-31
-62
-101
-151
-208
-245
-261
-286
-331
-364
-372
-364
-359
-349
-330
-309
-275
-229
-182
-152
-145
-125
-72
-10
26
33
55
113
171
209
218
219
224
237
252
244
215
193
180
171
149
131
114
77
37
29
50
43
8
-33
-72
-96
-94
-67
-50
-48
-45
-38
-33
-27
-17
-17
-33
-52
-65
-62
-51
-49
-63
-89
-106
-106
-84
-70
-78
-105
-109
-104
-117
-149
-174
-183
-185
-183
-168
-142
-120
-103
-96
-81
-61
-41
-31
-16
10
29
50
79
118
128
111
112
133
146
141
151
165
155
139
156
203
234
242
226
210
210
219
207
176
150
133
116
103
99
86
70
43
1
-59
-108
-128
-142
-160
-190
-220
-252
-286
-315
-334
-336
-347
-367
-379
-374
-357
-340
-314
-284
-265
-252
-238
-218
-204
-175
-123
-71
-45
-38
-8
42
89
128
154
179
196
213
225
236
248
269
292
308
300
262
227
221
236
245
242
235
245
265
281
281
287
316
344
350
330
312
291
260
233
222
236
246
238
210
158
82
-23
-130
-209
-253
-288
-334
-393
-459
-534
-608
-654
-677
-686
-683
-653
-597
-531
-485
-493
-521
-506
-430
-342
-280
-223
-141
-42
52
123
175
217
264
317
372
419
460
495
518
520
508
512
513
487
432
380
356
334
311
284
269
247
209
165
128
86
31
-2
1
-2
-34
-69
-93
-113
-148
-177
-192
-194
-169
-144
-131
-134
-137
-142
-152
-157
-151
-139
-145
-176
-202
-200
-180
-169
-155
-133
-143
-172
-179
-143
-109
-107
-108
-98
-82
-64
-45
-37
-41
-38
-11
22
33
29
29
52
97
145
170
172
170
184
184
168
157
163
166
152
137
110
69
35
27
47
55
31
-14
-61
-78
-70
-68
-88
-126
-153
-148
-116
-69
-64
-95
-112
-79
-40
-30
-34
-19
16
56
98
117
105
80
77
106
139
151
140
122
123
132
136
136
136
123
83
50
46
43
13
-35
-57
-51
-57
-78
-100
-111
-130
-161
-191
-213
-224
-221
-216
-209
-207
-209
-208
-185
-142
-122
-139
-157
-132
-90
-54
-35
-18
2
23
52
65
56
49
61
77
71
65
77
94
97
83
92
112
115
99
88
96
114
148
183
196
179
158
145
131
121
132
157
185
194
176
145
121
116
118
117
102
66
22
-3
0
7
-14
-54
-98
-136
-169
-196
-216
-238
-252
-248
-221
-215
-251
-288
-285
-257
-250
-243
-221
-195
-179
-164
-142
-127
-102
-75
-57
-51
-28
25
70
88
92
97
109
120
133
138
132
125
125
131
140
143
130
125
134
150
139
117
116
125
134
141
145
143
136
143
157
159
151
150
167
183
179
156
149
166
165
141
114
104
95
75
67
62
46
26
17
18
13
8
-5
-14
-14
-14
-40
-92
-137
-157
-180
-212
-232
-217
-194
-212
-268
-339
-390
-404
-394
-377
-359
-345
-332
-322
-301
-278
-277
-293
-298
-257
-210
-201
-199
-163
-102
-61
-38
-16
-6
-7
11
45
83
113
132
144
154
178
210
224
225
237
266
286
273
255
243
224
194
189
205
204
178
161
163
168
155
131
104
96
103
103
72
40
31
35
26
-1
-20
-35
-40
-29
-14
-9
-15
-13
-17
-32
-45
-40
-14
8
31
50
75
86
71
70
106
147
147
108
65
50
56
53
19
-23
-45
-36
-20
-28
-66
-113
-139
-147
-161
-174
-175
-171
-173
-169
-145
-114
-86
-52
-28
-20
-10
10
22
2
-18
-16
12
35
35
24
25
40
50
37
25
28
39
46
50
60
61
47
29
18
9
3
-2
-20
-52
-69
-66
-53
-57
-59
-52
-44
-30
-28
-35
-64
-87
-93
-92
-96
-113
-142
-167
-171
-168
-177
-179
-169
-169
-194
-206
-200
-204
-215
-202
-170
-159
-156
-116
-51
-3
12
15
21
37
77
144
214
270
300
307
316
336
363
377
394
427
450
437
406
396
405
401
378
354
325
290
249
223
193
147
101
75
60
22
-32
-85
-113
-129
-154
-187
-215
-232
-254
-279
-306
-322
-324
-314
-299
-299
-309
-304
-279
-261
-281
-313
-335
-337
-312
-269
-228
-205
-202
-196
-198
-190
-166
-144
-123
-102
-66
-36
-19
17
72
117
125
129
148
167
175
170
173
179
174
144
106
89
90
100
114
112
98
100
119
129
117
114
121
129
134
139
125
101
80
68
65
65
71
56
31
11
12
21
16
-1
-14
-12
-9
-6
8
22
22
29
50
57
43
32
41
62
90
115
132
138
152
160
156
156
166
176
185
192
195
196
195
180
151
139
140
127
82
39
7
-24
-61
-91
-101
-122
-150
-182
-223
-265
-289
-293
-300
-324
-344
-352
-358
-357
-352
-353
-371
-389
-403
-417
-426
-408
-361
-323
-287
-249
-223
-222
-237
-233
-194
-132
-71
-35
-25
-14
11
49
77
93
117
149
194
239
270
267
260
277
302
290
262
255
271
287
285
267
248
249
256
252
229
210
191
160
140
144
159
145
106
81
75
77
84
78
58
21
-4
3
23
31
22
25
36
35
21
14
15
9
0
8
22
28
30
18
-5
-24
-19
-12
-10
-28
-55
-78
-92
-82
-69
-74
-110
-136
-129
-119
-140
-174
-186
-182
-172
-162
-151
-163
-187
-179
-157
-152
-153
-134
-101
-93
-94
-83
-68
-48
-17
9
14
17
37
42
12
-8
15
50
57
43
35
28
10
8
32
62
68
57
46
37
19
-8
-14
8
36
51
60
68
70
67
60
33
-3
-22
-18
-18
-18
-3
14
19
21
36
51
58
57
61
66
68
74
88
111
119
99
79
82
116
129
117
110
133
166
170
157
142
142
145
149
145
140
129
106
69
32
13
-10
-39
-76
-102
-114
-102
-85
-85
-115
-157
-184
-195
-201
-225
-248
-256
-245
-246
-263
-264
-247
-230
-228
-209
-180
-170
-168
-156
-123
-96
-84
-70
-72
-66
-32
14
19
-18
-24
3
26
11
-17
-42
-59
-58
-41
-8
23
37
35
28
41
47
56
74
90
80
62
82
124
131
107
88
97
132
171
208
206
198
204
222
225
208
191
180
167
156
158
158
161
154
155
151
153
159
155
135
115
114
105
75
47
57
74
56
28
27
36
14
-29
-48
-33
-14
-22
-48
-67
-68
-70
-104
-162
-213
-220
-184
-165
-176
-197
-205
-201
-198
-196
-210
-223
-222
-210
-210
-204
-179
-149
-150
-172
-179
-168
-143
-125
-109
-88
-64
-48
-50
-57
-57
-46
-37
-22
-6
3
22
41
63
59
61
72
83
86
68
52
47
70
106
128
123
106
111
143
168
158
123
104
102
105
111
114
112
107
117
135
144
129
95
62
52
63
77
80
82
89
89
87
78
55
28
12
13
12
-3
-23
-45
-69
-81
-82
-76
-74
-68
-61
-59
-57
-44
-35
-47
-62
-71
-72
-72
-64
-60
-66
-61
-55
-67
-96
-108
-93
-83
-96
-116
-129
-136
-140
-140
-137
-132
-127
-113
-105
-89
-73
-69
-78
-79
-63
-58
-59
-36
27
78
78
53
46
67
77
74
82
116
137
129
125
142
161
154
134
124
132
143
143
135
130
134
128
121
122
132
130
106
91
84
63
30
15
32
45
39
21
21
34
36
26
13
14
4
-15
-30
-35
-41
-61
-79
-94
-96
-88
-85
-101
-116
-106
-98
-106
-123
-120
-100
-88
-85
-98
-108
-120
-131
-142
-134
-107
-91
-85
-72
-40
-33
-42
-36
-6
28
41
45
35
26
31
53
64
57
57
58
64
74
88
85
69
63
57
45
29
15
12
-3
-27
-52
-58
-42
-33
-37
-47
-57
-49
-29
-1
14
1
-14
-14
-10
-14
-24
-16
5
27
56
78
86
89
93
95
94
93
100
97
75
41
17
29
52
57
46
41
36
25
4
-17
-32
-31
-21
-32
-65
-82
-67
-42
-32
-31
-21
2
24
20
2
-2
7
11
8
