8
12
12
12
13
15
16
14
10
11
7
1
-3
-3
-3
-2
0
2
0
-2
-5
-1
8
11
8
1
-5
-13
-16
-9
-7
-10
-15
-15
-18
-25
-26
-16
-3
-2
-13
-15
-1
10
2
-10
-5
8
15
15
17
13
3
-3
0
6
7
1
-4
-6
-3
-1
5
8
3
-7
-10
-4
-1
-7
-13
-13
-12
-20
-34
-39
-37
-30
-25
-19
-12
-9
-4
3
6
-1
-7
-2
7
13
13
13
6
4
3
7
8
5
0
-8
-6
1
4
1
-1
0
-2
0
5
9
7
8
10
10
10
13
15
9
-2
-12
-14
-9
-9
-10
-9
1
7
8
4
2
5
16
26
18
-2
-12
-1
13
19
14
9
6
8
13
14
11
6
10
21
25
17
14
18
23
17
4
5
6
9
8
10
5
-3
-5
-1
4
4
0
-6
-12
-11
-6
-6
-7
0
6
0
-15
-24
-20
-15
-13
-14
-14
-6
8
16
7
-4
-10
-11
-17
-12
1
12
16
14
7
1
-1
-2
-4
-8
-7
-1
-2
-10
-16
-8
-2
-5
-17
-23
-19
-13
-12
-16
-12
0
11
17
16
8
-2
-11
-16
-17
-18
-16
-14
-13
-14
-8
0
3
0
1
8
16
14
2
-9
-10
-7
0
9
12
13
14
15
17
18
20
15
5
-6
-15
-17
-12
-7
-2
3
3
1
8
15
9
1
7
19
16
3
-5
-3
-3
-3
-1
3
4
-2
-4
3
8
4
-1
6
12
7
-1
-3
-2
-1
5
14
9
0
-4
-2
-1
-1
5
7
0
-4
4
11
5
-5
-12
-10
-6
-8
-8
-6
0
3
1
-4
-3
0
-1
-4
-1
7
1
-10
-11
4
11
12
9
10
4
1
7
8
4
0
4
4
-3
-6
-5
-5
1
12
19
14
6
5
5
-3
-11
-8
-1
-2
-9
-12
-10
-8
-5
2
12
11
4
1
3
-3
-18
-25
-17
-11
-15
-23
-24
-15
-9
-11
-18
-20
-19
-16
-10
1
9
8
4
5
2
-8
-11
-5
4
5
5
10
15
16
12
0
-12
-8
11
24
16
-2
-10
-10
-13
-21
-21
-12
-4
4
14
17
14
12
10
4
-4
-9
0
13
20
19
15
13
14
15
17
20
17
10
0
-11
-17
-12
1
9
7
2
0
0
-3
-8
-13
-14
-10
-2
-1
-3
-7
2
10
8
-3
-10
-6
0
-3
-8
-12
-8
-3
5
12
15
9
3
3
3
-1
-15
-24
-19
-4
-1
-14
-21
-15
-2
2
-7
-14
-8
8
14
9
2
2
1
-6
-10
-5
10
18
16
2
-17
-23
-22
-14
-6
6
19
23
15
3
-5
-4
2
6
3
0
0
2
1
-6
-12
-19
-16
-4
10
17
18
22
23
18
15
10
4
-3
1
11
18
11
3
8
16
12
1
5
19
29
22
12
11
12
12
12
15
16
14
16
20
25
25
27
33
42
43
35
26
21
19
15
14
15
16
12
4
-1
0
3
5
3
0
-5
-15
-33
-47
-46
-41
-49
-58
-63
-58
-64
-81
-100
-114
-121
-123
-120
-116
-114
-109
-103
-96
-88
-70
-45
-23
-6
5
10
16
36
60
64
52
47
49
51
49
41
20
-5
-11
-7
-5
-7
-2
5
8
6
6
14
24
27
24
28
35
45
55
60
68
77
87
85
79
77
76
63
55
61
71
70
66
70
73
65
56
57
57
53
51
60
66
62
51
43
37
44
65
86
89
80
76
75
72
72
74
64
44
28
25
20
-8
-78
-185
-292
-347
-337
-287
-241
-229
-274
-361
-427
-414
-319
-195
-92
-29
2
13
21
41
75
116
158
206
256
273
238
155
62
-6
-25
4
40
30
-46
-156
-249
-297
-291
-242
-166
-96
-58
-53
-58
-47
-11
47
117
196
268
324
343
318
258
204
182
182
175
150
104
25
-74
-156
-199
-220
-232
-233
-219
-201
-194
-189
-177
-139
-80
-15
46
99
142
163
166
170
188
218
245
254
238
202
159
125
101
80
63
39
5
-36
-69
-87
-89
-78
-58
-30
6
38
58
64
78
111
155
198
217
220
217
215
213
212
210
208
194
167
127
82
42
13
-8
-27
-42
-55
-96
-191
-328
-453
-518
-501
-430
-358
-341
-391
-476
-531
-500
-384
-229
-97
-15
22
35
51
75
109
148
200
263
309
299
226
114
0
-82
-116
-109
-93
-108
-178
-286
-379
-413
-385
-312
-225
-148
-105
-91
-80
-48
6
82
172
255
315
341
339
317
286
255
236
220
199
159
92
-7
-126
-226
-276
-280
-266
-252
-251
-255
-258
-233
-176
-92
0
84
155
210
260
301
329
339
346
359
374
385
381
353
301
247
211
186
161
137
110
78
40
14
2
-2
6
26
50
75
99
112
119
133
169
215
252
278
296
293
262
213
144
35
-131
-316
-454
-502
-484
-465
-512
-642
-796
-892
-877
-757
-583
-423
-314
-251
-202
-137
-41
84
223
351
460
548
595
576
481
354
263
233
241
229
158
13
-178
-365
-480
-493
-438
-388
-381
-409
-447
-466
-436
-340
-198
-45
104
245
356
415
424
413
422
462
515
535
499
411
285
133
-29
-171
-267
-315
-337
-362
-404
-459
-510
-541
-534
-476
-366
-226
-100
-7
65
128
181
243
330
442
550
613
624
596
553
499
446
419
412
392
337
261
175
92
14
-39
-58
-51
-32
-27
-37
-49
-43
-17
24
82
155
230
287
320
339
349
361
378
379
311
128
-153
-436
-617
-653
-606
-583
-670
-867
-1097
-1244
-1226
-1045
-795
-588
-477
-426
-364
-263
-127
26
190
362
554
739
847
814
663
500
418
441
507
530
431
191
-119
-392
-545
-580
-540
-486
-466
-507
-595
-681
-717
-670
-533
-334
-112
88
232
306
333
364
441
557
675
751
769
728
633
493
335
200
111
64
30
-26
-135
-285
-442
-560
-617
-605
-530
-424
-326
-258
-207
-153
-76
22
133
254
389
528
628
669
667
662
674
703
728
729
698
638
555
454
357
283
225
167
108
63
31
-8
-59
-115
-151
-150
-108
-40
19
45
44
42
59
79
46
-95
-336
-587
-737
-735
-630
-548
-615
-847
-1130
-1305
-1291
-1118
-879
-673
-554
-506
-462
-378
-266
-161
-58
96
325
577
746
757
643
508
456
514
639
741
729
572
331
102
-56
-117
-97
-58
-67
-145
-271
-412
-539
-608
-600
-527
-408
-270
-157
-108
-117
-130
-105
-19
118
272
397
464
466
412
333
258
211
198
222
264
280
235
146
55
-19
-81
-130
-143
-116
-81
-66
-86
-120
-141
-127
-69
18
116
214
286
323
332
347
381
431
484
538
577
574
517
437
370
317
275
246
248
261
256
215
147
81
47
55
83
101
113
136
167
184
159
69
-100
-322
-512
-573
-485
-349
-317
-480
-790
-1103
-1273
-1245
-1074
-879
-764
-741
-758
-768
-760
-736
-673
-526
-285
10
275
437
460
373
269
264
413
650
853
922
844
670
487
361
306
303
334
363
338
229
56
-134
-308
-418
-431
-363
-268
-205
-211
-284
-381
-436
-431
-385
-301
-183
-59
22
33
-9
-64
-91
-54
40
152
239
286
294
260
197
129
95
116
191
291
364
360
275
153
61
31
67
148
227
256
225
179
152
157
195
268
373
470
525
521
469
397
338
332
390
477
538
526
448
354
284
263
274
301
331
351
340
250
39
-274
-597
-807
-830
-706
-575
-605
-861
-1245
-1565
-1669
-1548
-1323
-1135
-1040
-999
-944
-857
-758
-682
-606
-465
-202
156
493
673
654
532
469
560
775
996
1104
1060
910
739
599
507
447
398
358
323
280
179
0
-226
-425
-517
-489
-396
-315
-289
-325
-413
-515
-574
-550
-454
-305
-137
8
84
63
-21
-100
-95
21
209
379
453
424
351
293
272
262
249
253
302
381
421
369
240
102
28
44
131
224
267
247
188
131
113
157
253
369
483
584
650
654
607
556
550
611
717
801
810
742
645
567
534
538
545
514
401
148
-258
-756
-1193
-1425
-1418
-1299
-1270
-1485
-1910
-2348
-2575
-2491
-2184
-1810
-1482
-1231
-1052
-925
-824
-700
-481
-100
450
1065
1558
1773
1691
1459
1294
1345
1580
1821
1883
1694
1297
793
285
-136
-395
-469
-423
-396
-516
-813
-1215
-1572
-1729
-1609
-1275
-872
-531
-320
-243
-249
-240
-109
181
577
972
1275
1424
1376
1157
866
647
596
691
812
808
598
217
-204
-518
-669
-678
-601
-498
-432
-441
-517
-624
-712
-692
-472
-89
305
563
650
641
632
724
935
1211
1455
1598
1621
1541
1411
1283
1205
1180
1190
1172
1074
887
652
425
253
167
161
139
-53
-551
-1334
-2186
-2773
-2867
-2541
-2137
-2039
-2383
-2982
-3446
-3446
-2924
-2116
-1333
-744
-325
2
281
515
725
1008
1478
2138
2783
3105
2925
2327
1624
1158
1063
1208
1304
1104
521
-327
-1197
-1853
-2177
-2162
-1912
-1619
-1463
-1542
-1785
-2006
-1978
-1561
-795
114
891
1350
1492
1465
1427
1488
1679
1974
2272
2427
2284
1787
1024
211
-414
-729
-784
-777
-926
-1300
-1780
-2153
-2299
-2210
-1920
-1479
-965
-487
-128
91
230
381
663
1124
1680
2154
2381
2326
2127
1982
1994
2119
2231
2219
2019
1655
1235
865
583
384
260
177
80
-71
-274
-476
-592
-546
-366
-238
-425
-1085
-2070
-2944
-3234
-2810
-2033
-1515
-1666
-2386
-3161
-3428
-2944
-1933
-872
-125
264
461
618
750
846
994
1358
1990
2684
3063
2834
2036
1060
373
218
453
703
595
12
-874
-1770
-2413
-2631
-2354
-1706
-996
-563
-547
-829
-1087
-987
-378
585
1558
2206
2385
2165
1778
1496
1447
1573
1707
1700
1438
859
21
-918
-1760
-2316
-2450
-2207
-1849
-1683
-1845
-2205
-2461
-2322
-1678
-698
276
958
1278
1368
1416
1554
1807
2125
2438
2650
2649
2348
1805
1221
836
755
886
1025
979
651
103
-439
-698
-548
-116
347
654
746
670
549
528
712
1053
1297
1077
195
-1090
-2173
-2533
-2162
-1580
-1454
-2097
-3227
-4171
-4375
-3765
-2723
-1733
-1059
-685
-465
-272
-37
309
869
1689
2619
3313
3430
2915
2050
1273
910
989
1243
1265
799
-108
-1207
-2198
-2823
-2898
-2433
-1681
-1037
-809
-1038
-1436
-1534
-1002
116
1412
2391
2773
2592
2131
1743
1643
1805
2033
2121
1898
1259
244
-915
-1908
-2485
-2566
-2288
-1990
-1974
-2301
-2766
-3022
-2783
-1974
-824
268
997
1309
1359
1368
1502
1848
2327
2752
2934
2790
2348
1730
1148
807
781
958
1091
949
481
-122
-554
-605
-280
233
703
964
986
888
852
1038
1431
1768
1619
676
-819
-2139
-2631
-2247
-1575
-1343
-1954
-3194
-4339
-4669
-4000
-2782
-1643
-923
-560
-305
-29
262
563
978
1622
2429
3129
3335
2822
1761
706
207
381
831
956
416
-691
-1953
-2918
-3298
-3020
-2258
-1367
-730
-561
-800
-1123
-1104
-434
826
2217
3171
3389
2984
2338
1854
1734
1896
2060
1941
1382
406
-815
-1991
-2816
-3102
-2899
-2479
-2199
-2289
-2682
-3030
-2896
-2082
-783
527
1428
1807
1833
1773
1838
2117
2538
2907
3009
2730
2095
1300
603
204
133
260
379
285
-106
-679
-1137
-1186
-743
19
767
1233
1356
1296
1299
1537
2001
2351
2076
906
-772
-2095
-2453
-1957
-1318
-1301
-2216
-3669
-4783
-4819
-3782
-2354
-1259
-721
-472
-188
235
731
1249
1825
2513
3231
3700
3580
2777
1607
641
272
430
630
344
-584
-1851
-2985
-3666
-3780
-3321
-2432
-1444
-755
-579
-811
-1029
-704
407
2000
3390
4027
3827
3133
2430
2110
2226
2445
2350
1752
723
-550
-1840
-2893
-3528
-3711
-3538
-3211
-2974
-2997
-3214
-3292
-2843
-1746
-268
1112
2015
2356
2339
2278
2421
2796
3200
3372
3186
2679
1957
1172
536
194
101
79
-33
-319
-775
-1250
-1477
-1271
-672
87
731
1101
1227
1278
1456
1774
1928
1438
178
-1274
-2101
-1970
-1328
-980
-1483
-2777
-4161
-4755
-4175
-2858
-1624
-946
-710
-539
-202
303
884
1499
2177
2928
3606
3883
3466
2457
1405
876
938
1139
953
164
-1044
-2263
-3139
-3525
-3453
-3005
-2306
-1583
-1110
-1050
-1264
-1293
-631
791
2448
3598
3854
3398
2765
2466
2653
3050
3175
2693
1600
191
-1139
-2099
-2615
-2782
-2787
-2859
-3127
-3502
-3743
-3623
-3033
-2011
-771
344
1060
1354
1444
1597
1973
2536
3083
3350
3185
2654
1963
1340
929
789
822
796
500
-78
-726
-1210
-1343
-1047
-410
293
746
837
706
628
793
987
705
-306
-1612
-2398
-2250
-1528
-1037
-1426
-2699
-4122
-4713
-3996
-2435
-1001
-299
-237
-309
-110
442
1217
2026
2730
3264
3588
3565
3060
2193
1403
1087
1162
1178
745
-179
-1342
-2394
-3095
-3407
-3389
-3045
-2386
-1619
-1122
-1120
-1383
-1337
-523
995
2613
3614
3697
3136
2558
2438
2801
3267
3344
2778
1634
219
-1091
-2013
-2447
-2507
-2451
-2570
-2980
-3524
-3876
-3753
-3044
-1864
-547
493
1018
1154
1231
1529
2099
2797
3370
3557
3241
2537
1745
1169
948
1007
1092
938
438
-272
-933
-1304
-1274
-871
-265
278
560
571
460
473
627
561
-111
-1293
-2264
-2419
-1822
-1134
-1125
-2087
-3544
-4536
-4350
-3106
-1627
-686
-467
-584
-553
-159
534
1356
2162
2864
3373
3528
3194
2449
1711
1379
1482
1632
1397
625
-489
-1554
-2289
-2677
-2825
-2738
-2354
-1759
-1262
-1144
-1360
-1476
-982
257
1824
2995
3285
2838
2286
2201
2645
3224
3451
3041
2043
755
-405
-1161
-1510
-1649
-1799
-2097
-2570
-3123
-3521
-3518
-3019
-2136
-1132
-290
228
491
746
1192
1850
2577
3154
3372
3144
2613
2054
1682
1542
1529
1465
1192
650
-30
-618
-943
-960
-751
-417
-94
78
65
-3
100
280
27
-962
-2329
-3195
-3028
-2088
-1194
-1197
-2296
-3812
-4675
-4250
-2825
-1284
-373
-224
-401
-389
17
715
1541
2388
3144
3643
3671
3137
2227
1422
1163
1440
1737
1480
503
-879
-2147
-2915
-3135
-2993
-2642
-2160
-1705
-1513
-1672
-1908
-1746
-839
705
2294
3227
3255
2747
2360
2527
3180
3865
4040
3449
2269
933
-152
-801
-1076
-1226
-1499
-2013
-2728
-3493
-4024
-4005
-3370
-2339
-1287
-530
-192
-129
54
683
1717
2806
3561
3768
3470
2924
2460
2280
2386
2594
2628
2276
1571
734
-5
-457
-543
-330
-92
-49
-276
-623
-847
-796
-795
-1336
-2490
-3636
-3974
-3384
-2412
-1939
-2458
-3659
-4628
-4530
-3297
-1647
-434
50
109
219
571
1102
1731
2455
3232
3862
4058
3645
2739
1761
1218
1290
1643
1655
981
-255
-1600
-2656
-3245
-3424
-3297
-2910
-2381
-2001
-2036
-2403
-2615
-2134
-799
984
2447
3025
2773
2299
2230
2735
3495
4024
4005
3405
2451
1435
573
-102
-590
-885
-1073
-1395
-2042
-2911
-3644
-3870
-3439
-2534
-1591
-1022
-890
-871
-585
118
1079
2045
2819
3273
3368
3176
2906
2756
2807
2994
3133
3008
2520
1811
1138
715
585
609
614
478
195
-150
-513
-1136
-2207
-3561
-4539
-4575
-3824
-2943
-2743
-3564
-4948
-5861
-5474
-3884
-2008
-732
-289
-305
-239
183
930
1852
2862
3852
4608
4834
4370
3399
2412
1976
2217
2672
2627
1724
202
-1359
-2493
-3072
-3252
-3189
-2953
-2682
-2653
-3063
-3739
-4106
-3594
-2094
-155
1349
1873
1600
1273
1536
2452
3587
4424
4695
4393
3695
2820
1967
1298
948
870
762
249
-800
-2111
-3173
-3581
-3311
-2699
-2190
-2019
-2125
-2258
-2122
-1573
-679
333
1242
1900
2246
2318
2295
2430
2860
3475
3943
3965
3544
2952
2497
2292
2277
2260
2067
1655
1127
658
104
-830
-2186
-3614
-4455
-4450
-3882
-3441
-3825
-5036
-6328
-6728
-5852
-4172
-2544
-1576
-1321
-1354
-1115
-392
662
1839
3034
4122
4837
4920
4390
3617
3123
3219
3732
4109
3799
2632
1010
-446
-1380
-1871
-2151
-2307
-2357
-2437
-2819
-3628
-4587
-5075
-4570
-3141
-1487
-435
-320
-740
-943
-411
783
2151
3228
3816
3937
3681
3194
2679
2355
2365
2623
2802
2488
1498
83
-1187
-1782
-1628
-1181
-998
-1321
-1947
-2536
-2819
-2676
-2128
-1309
-447
219
529
504
411
622
1325
2337
3249
3723
3688
3362
3072
3064
3279
3488
3497
3271
2803
1864
397
-1366
-2807
-3374
-3086
-2492
-2493
-3565
-5347
-6846
-7148
-6113
-4431
-3084
-2602
-2792
-3011
-2771
-2024
-900
431
1838
3085
3847
3907
3403
2893
2955
3750
4833
5482
5177
3966
2457
1282
693
499
400
226
-73
-545
-1329
-2483
-3719
-4421
-4128
-3054
-1972
-1657
-2276
-3282
-3810
-3321
-1986
-482
582
1019
987
797
712
864
1302
2012
2886
3589
3691
3044
2020
1235
1083
1482
1973
2073
1565
628
-312
-898
-1032
-858
-618
-467
-479
-676
-1017
-1358
-1435
-1019
-135
900
1620
1791
1584
1389
1528
2052
2785
3405
3433
2642
1211
-330
-1374
-1632
-1204
-684
-797
-1833
-3432
-4862
-5502
-5175
-4256
-3334
-2816
-2712
-2866
-3130
-3247
-2892
-1921
-497
992
2041
2279
1792
1197
1171
1903
3060
4077
4462
4111
3272
2350
1623
1257
1345
1764
2161
2121
1420
169
-1143
-1903
-1806
-1126
-484
-392
-956
-1872
-2653
-2929
-2662
-2060
-1413
-953
-810
-974
-1299
-1562
-1520
-1020
-132
802
1382
1455
1183
897
888
1266
1861
2357
2530
2384
2020
1571
1179
956
923
1034
1198
1232
948
347
-300
-621
-462
39
564
859
850
617
341
238
435
890
1331
1374
845
-172
-1272
-1981
-1999
-1411
-800
-777
-1527
-2713
-3743
-4186
-3947
-3283
-2549
-2009
-1774
-1874
-2218
-2547
-2569
-2043
-929
483
1596
1922
1510
886
654
1091
2047
3065
3665
3652
3134
2359
1590
1079
1038
1460
2051
2369
2058
1083
-174
-1117
-1341
-914
-293
49
-126
-734
-1480
-2027
-2194
-1993
-1594
-1192
-951
-955
-1179
-1505
-1719
-1583
-1031
-246
436
770
745
555
504
759
1232
1716
2055
2209
2179
1994
1714
1425
1224
1168
1199
1152
918
514
55
-302
-422
-304
-102
33
93
122
155
186
238
357
568
796
898
756
344
-200
-637
-764
-606
-436
-534
-1002
-1686
-2311
-2669
-2724
-2584
-2415
-2313
-2281
-2304
-2414
-2588
-2691
-2520
-1983
-1193
-405
94
211
119
121
395
948
1632
2239
2594
2639
2466
2201
1970
1888
1985
2194
2372
2347
1991
1343
658
225
127
207
243
101
-213
-587
-917
-1150
-1311
-1410
-1429
-1369
-1296
-1283
-1336
-1407
-1401
-1261
-983
-611
-248
31
219
382
590
838
1104
1336
1491
1574
1623
1619
1495
1255
989
784
635
512
387
231
26
-184
-349
-455
-500
-491
-407
-264
-101
29
98
139
227
425
750
1074
1206
1031
639
259
59
81
246
367
234
-222
-838
-1379
-1701
-1811
-1795
-1772
-1816
-1909
-2065
-2273
-2461
-2518
-2391
-2097
-1693
-1290
-994
-833
-711
-532
-233
176
629
1038
1347
1538
1605
1581
1538
1536
1610
1749
1895
1921
1760
1471
1163
905
706
586
525
480
394
256
57
-195
-455
-668
-767
-721
-562
-416
-411
-521
-618
-627
-536
-333
-69
158
290
365
417
415
373
354
423
573
722
758
621
369
100
-86
-155
-142
-76
-78
-207
-409
-564
-573
-510
-448
-359
-245
-76
72
140
143
156
278
495
746
951
1059
1083
1059
983
823
617
494
504
561
518
328
10
-365
-709
-931
-1023
-1079
-1175
-1327
-1510
-1685
-1807
-1856
-1842
-1772
-1642
-1471
-1280
-1114
-1005
-950
-870
-684
-411
-127
89
195
218
224
275
376
503
633
730
780
804
819
821
801
795
822
849
809
732
698
728
767
733
635
503
425
452
554
660
698
643
494
320
195
149
160
211
256
234
124
-59
-290
-485
-549
-492
-380
-322
-342
-490
-707
-916
-1014
-964
-782
-524
-292
-154
-150
-212
-248
-197
6
295
599
810
905
887
807
783
879
1059
1246
1368
1391
1300
1098
816
519
337
333
443
498
392
114
-275
-663
-936
-1030
-984
-876
-803
-830
-963
-1151
-1326
-1453
-1473
-1361
-1149
-935
-813
-801
-871
-953
-1004
-971
-855
-717
-620
-577
-556
-550
-567
-579
-531
-400
-216
-1
230
440
583
643
663
687
752
877
1036
1200
1326
1376
1350
1262
1179
1142
1144
1162
1142
1073
936
749
518
274
43
-167
-310
-370
-351
-321
-389
-572
-856
-1096
-1192
-1133
-974
-808
-685
-653
-707
-799
-831
-730
-503
-163
180
434
532
491
426
433
586
847
1087
1201
1191
1049
856
686
644
709
782
819
802
714
561
345
129
-40
-108
-70
10
74
60
-36
-181
-312
-361
-310
-198
-105
-64
-93
-194
-319
-426
-502
-580
-653
-703
-785
-920
-1079
-1208
-1332
-1442
-1486
-1453
-1420
-1435
-1422
-1356
-1241
-1076
-856
-652
-504
-331
-50
290
577
777
905
999
1092
1167
1206
1228
1287
1370
1420
1421
1359
1211
1010
833
713
641
594
540
416
168
-140
-401
-578
-683
-713
-662
-602
-584
-618
-658
-689
-671
-572
-414
-242
-76
30
75
97
144
217
319
410
465
469
472
489
452
388
335
287
269
239
214
161
60
4
-17
20
78
108
159
208
284
392
543
681
737
722
712
719
736
783
852
888
832
683
468
235
35
-109
-243
-418
-646
-888
-1112
-1323
-1532
-1715
-1824
-1850
-1825
-1781
-1711
-1635
-1576
-1512
-1398
-1202
-971
-745
-522
-306
-115
43
181
309
406
477
545
627
731
825
861
823
748
695
644
593
588
595
562
444
318
216
106
30
-1
33
86
116
89
1
-84
-105
-49
50
113
123
95
75
80
101
130
163
195
196
168
126
102
69
41
25
5
-24
-60
-114
-141
-117
-38
33
23
15
43
108
196
292
386
458
513
609
729
796
832
865
927
984
990
967
880
749
596
438
281
149
84
43
-63
-242
-447
-653
-823
-888
-837
-756
-740
-801
-865
-890
-858
-809
-781
-763
-744
-705
-651
-585
-531
-519
-518
-505
-477
-450
-426
-403
-400
-412
-424
-407
-367
-300
-229
-165
-121
-94
-75
-53
-10
61
155
208
209
187
194
237
290
343
380
384
348
336
348
372
343
327
332
318
268
202
166
135
143
177
200
163
108
15
-72
-117
-67
10
33
28
13
4
-22
-26
-16
56
162
302
407
447
456
453
453
497
590
676
719
692
618
501
373
315
314
302
259
175
98
3
-71
-102
-120
-150
-197
-201
-167
-95
2
89
128
95
41
43
107
173
186
151
110
58
-20
-122
-221
-311
-385
-452
-519
-606
-722
-848
-945
-985
-979
-942
-902
-866
-867
-890
-901
-842
-735
-619
-495
-358
-232
-156
-109
-69
-5
105
227
329
389
436
436
410
368
336
293
230
195
190
208
202
178
129
88
55
63
102
146
160
167
167
166
134
112
109
144
206
253
280
227
176
154
181
233
264
293
332
343
327
254
181
120
90
107
138
140
120
99
114
91
41
15
21
69
83
123
168
226
250
263
313
401
490
532
545
544
551
554
547
524
497
464
418
316
183
54
-47
-131
-220
-335
-465
-603
-706
-807
-918
-1034
-1110
-1129
-1104
-1069
-1053
-1066
-1060
-978
-835
-703
-605
-529
-441
-352
-248
-141
-56
-4
42
85
134
166
177
178
174
172
176
170
165
145
95
67
82
167
217
236
213
227
238
282
297
314
295
253
225
211
217
177
125
74
69
73
78
7
-66
-130
-125
-116
-72
-41
-59
-86
-108
-47
-13
7
31
92
182
231
248
270
280
318
341
394
425
443
452
455
467
474
502
538
548
551
543
535
506
463
431
392
384
354
290
190
100
47
3
-69
-186
-347
-475
-542
-564
-599
-661
-713
-737
-747
-754
-745
-730
-704
-663
-580
-503
-485
-502
-495
-431
-357
-299
-263
-246
-228
-199
-151
-108
-74
-83
-101
-94
-35
40
86
92
60
14
45
114
173
185
202
228
249
266
309
304
274
282
304
323
232
151
56
14
-4
6
21
0
-73
-157
-227
-258
-236
-165
-102
-77
-79
-36
-16
-9
22
51
104
146
247
311
319
285
268
304
349
398
415
422
423
404
372
331
326
352
374
351
272
180
140
130
133
104
83
58
21
-17
-51
-46
-15
18
18
-29
-80
-125
-143
-168
-181
-215
-247
-265
-264
-239
-250
-277
-311
-313
-286
-272
-263
-273
-307
-350
-400
-407
-397
-371
-362
-339
-301
-276
-284
-297
-289
-260
-194
-140
-86
-74
-59
-40
-13
30
55
82
123
171
244
285
292
258
195
200
210
252
233
181
125
96
111
122
81
20
-7
27
49
15
-57
-115
-107
-56
-16
-18
-33
-13
16
69
103
152
152
116
117
160
233
241
230
154
123
96
126
146
153
124
64
24
23
15
-18
-14
0
30
69
81
71
93
169
222
203
178
175
192
249
328
371
370
326
266
200
190
190
142
76
26
2
-71
-163
-245
-322
-398
-458
-485
-531
-610
-659
-662
-641
-634
-596
-547
-509
-467
-397
-346
-313
-271
-175
-107
-53
12
79
131
160
207
216
188
165
206
241
258
267
310
308
247
171
107
45
6
36
89
75
1
-45
-55
-75
-103
-51
26
71
41
32
1
-28
-55
-41
25
72
63
29
37
10
-34
-60
-29
-40
-59
-41
-53
-100
-140
-111
-97
-71
-51
-39
-27
-4
15
33
45
114
178
197
210
268
409
493
521
477
444
450
522
598
625
576
461
378
353
342
245
128
37
-14
-65
-135
-260
-431
-547
-583
-595
-624
-634
-615
-606
-607
-574
-514
-466
-428
-358
-276
-215
-180
-143
-106
-55
27
102
151
154
138
130
170
210
202
172
182
191
164
137
96
46
-29
-64
-54
-4
46
36
-21
-62
-100
-83
-51
-25
-43
-75
-80
-96
-45
-16
-50
-140
-166
-111
-102
-88
-124
-160
-193
-146
-99
-93
-115
-129
-127
-150
-98
-22
67
24
-21
-57
-59
-69
-49
66
146
201
227
259
266
318
404
506
579
644
644
594
574
579
584
562
575
564
478
382
283
214
145
64
-27
-164
-273
-365
-415
-464
-514
-543
-534
-507
-501
-494
-463
-431
-422
-379
-302
-216
-169
-130
-82
-52
-32
-6
23
71
140
165
154
134
150
144
106
83
115
132
117
92
42
22
-11
2
-1
2
25
17
-12
-40
-36
-67
-138
-189
-185
-208
-227
-191
-158
-198
-260
-261
-203
-183
-160
-161
-154
-177
-232
-255
-218
-157
-134
-134
-118
-142
-190
-174
-134
-76
-21
70
129
142
164
204
239
309
389
481
553
601
597
585
614
638
622
568
557
554
528
442
319
198
125
92
57
-2
-80
-167
-254
-335
-374
-395
-444
-503
-518
-489
-453
-428
-404
-392
-398
-382
-332
-270
-227
-184
-152
-130
-108
-46
51
124
154
136
113
106
123
150
181
214
240
257
279
289
290
263
232
219
228
237
240
201
123
-21
-137
-147
-80
-26
-66
-138
-192
-241
-276
-255
-183
-167
-215
-250
-289
-332
-354
-312
-274
-225
-203
-212
-245
-253
-266
-225
-120
-24
31
16
35
24
83
194
285
370
434
518
574
587
583
561
542
531
527
577
589
529
408
277
186
95
70
50
-1
-114
-269
-384
-465
-505
-516
-554
-605
-669
-692
-705
-739
-748
-705
-603
-507
-429
-365
-348
-356
-355
-320
-234
-91
74
173
191
175
177
190
256
366
469
542
570
554
503
465
467
506
562
574
550
492
427
354
281
280
306
289
229
169
119
39
-60
-100
-109
-110
-134
-177
-252
-344
-390
-376
-343
-314
-308
-316
-336
-361
-357
-347
-288
-214
-149
-82
-42
-13
16
97
230
327
417
475
510
501
464
461
424
436
495
574
585
468
293
119
-10
-48
-38
-48
-134
-291
-455
-614
-720
-740
-702
-695
-737
-783
-838
-932
-1001
-959
-845
-747
-682
-598
-519
-509
-534
-516
-417
-248
-55
106
170
151
115
124
211
379
565
673
689
657
605
578
633
727
825
853
844
765
606
448
345
362
421
471
482
424
286
115
26
88
190
246
225
125
-11
-138
-175
-128
-24
61
37
-59
-123
-109
-97
-76
8
70
49
34
91
119
93
137
267
365
423
424
317
167
120
224
374
492
476
250
-88
-339
-360
-207
-54
-72
-279
-564
-837
-1015
-1047
-982
-938
-946
-999
-1115
-1300
-1466
-1509
-1407
-1204
-965
-817
-835
-967
-1057
-982
-754
-436
-120
84
115
32
-22
39
214
469
729
921
986
935
842
789
855
1030
1223
1309
1227
1024
809
682
693
768
809
718
511
285
143
119
140
152
125
91
67
45
3
-47
-84
-82
0
164
295
266
100
-26
50
271
524
674
666
574
523
632
825
944
911
732
517
384
398
505
560
467
216
-103
-348
-478
-520
-522
-518
-550
-687
-915
-1164
-1358
-1420
-1342
-1188
-1099
-1181
-1397
-1623
-1718
-1628
-1410
-1173
-1031
-1045
-1161
-1247
-1187
-982
-728
-499
-307
-177
-134
-167
-192
-110
128
470
760
862
772
652
641
774
992
1193
1283
1224
1072
918
823
811
852
896
874
768
595
390
252
248
325
364
318
217
74
-100
-193
-150
-37
9
25
81
109
47
25
169
408
609
770
853
805
756
874
1032
1010
871
801
814
847
899
853
534
55
-217
-187
-56
-73
-276
-648
-1063
-1315
-1324
-1247
-1284
-1429
-1547
-1606
-1644
-1682
-1711
-1706
-1632
-1449
-1232
-1161
-1263
-1364
-1279
-1016
-736
-543
-451
-401
-317
-173
-25
83
168
280
447
644
795
804
702
649
768
1000
1204
1266
1176
1035
968
1026
1096
1083
996
903
815
711
599
511
457
424
403
336
206
38
-83
-72
36
153
172
110
57
61
117
195
287
390
509
624
598
360
79
14
220
526
745
695
304
-234
-540
-459
-175
35
26
-212
-600
-951
-1120
-1103
-983
-850
-778
-868
-1111
-1393
-1555
-1506
-1266
-974
-804
-837
-1012
-1174
-1189
-998
-681
-398
-247
-196
-188
-179
-156
-60
149
411
633
728
674
539
469
577
832
1072
1170
1087
883
701
659
764
903
985
965
852
682
508
403
399
465
537
556
479
323
173
133
219
358
455
441
350
292
334
472
649
814
796
512
146
-26
103
354
565
529
152
-432
-866
-959
-816
-654
-644
-858
-1259
-1651
-1886
-1947
-1888
-1733
-1548
-1483
-1598
-1809
-1955
-1902
-1573
-1074
-666
-544
-638
-730
-689
-499
-185
179
500
711
772
697
549
499
658
966
1257
1368
1228
917
677
718
991
1246
1299
1136
856
629
586
707
854
919
905
815
647
451
334
370
502
617
637
561
451
378
393
482
594
681
736
793
893
1013
1006
720
338
182
400
720
837
646
171
-420
-821
-843
-656
-572
-728
-1070
-1513
-1903
-2084
-2073
-1981
-1894
-1860
-1971
-2220
-2447
-2498
-2342
-2030
-1649
-1393
-1364
-1471
-1479
-1270
-924
-566
-261
-16
187
336
413
460
552
758
1057
1342
1525
1533
1424
1345
1397
1571
1726
1750
1636
1447
1269
1146
1094
1091
1056
953
794
616
421
246
149
141
135
74
-9
-58
-47
28
182
343
459
537
671
873
1080
1062
718
350
379
846
1268
1300
899
211
-461
-699
-424
-52
-32
-423
-1005
-1557
-1906
-2008
-1974
-1893
-1801
-1790
-2000
-2348
-2594
-2585
-2308
-1827
-1329
-1129
-1336
-1635
-1622
-1247
-733
-255
122
363
453
454
459
529
727
1089
1497
1758
1701
1384
1089
1088
1402
1755
1892
1768
1485
1165
959
950
1054
1088
991
840
656
388
107
-7
91
253
317
259
141
44
43
171
392
629
858
1047
1103
816
240
-195
-106
443
957
1061
584
-315
-1157
-1451
-1126
-587
-325
-590
-1271
-2013
-2442
-2473
-2230
-1857
-1540
-1479
-1788
-2246
-2520
-2445
-2000
-1274
-572
-344
-683
-1147
-1232
-875
-334
205
628
819
734
506
371
454
759
1215
1661
1871
1665
1157
758
837
1321
1800
1946
1742
1372
999
810
909
1210
1428
1354
1054
705
414
220
220
439
711
814
680
476
358
372
507
776
1161
1466
1366
703
-91
-374
57
758
1165
997
185
-991
-1881
-1931
-1294
-661
-607
-1162
-2018
-2788
-3187
-3114
-2634
-2043
-1712
-1845
-2343
-2904
-3228
-3065
-2288
-1199
-455
-503
-1101
-1595
-1563
-1021
-185
656
1177
1205
876
540
474
754
1317
1986
2448
2428
1889
1189
847
1117
1757
2275
2348
1977
1345
737
463
633
1062
1379
1350
965
432
-11
-197
-66
300
680
812
656
396
300
484
895
1423
1945
2268
1979
1020
85
-28
733
1664
2149
1823
592
-1029
-2026
-1794
-770
41
-48
-998
-2250
-3199
-3559
-3364
-2751
-2067
-1800
-2173
-2878
-3491
-3796
-3588
-2670
-1340
-451
-565
-1348
-2003
-2016
-1331
-171
1005
1652
1523
886
343
312
823
1650
2465
2951
2790
1991
1068
683
1068
1814
2366
2405
1910
1038
198
-126
209
818
1144
932
303
-401
-872
-949
-647
-113
367
524
341
92
48
269
735
1432
2199
2598
2106
907
-57
4
949
1991
2535
2157
751
-1081
-2153
-1840
-667
267
227
-760
-2149
-3233
-3596
-3214
-2366
-1613
-1484
-2038
-2805
-3340
-3486
-3113
-2130
-870
-86
-199
-948
-1657
-1793
-1170
18
1261
1963
1798
971
118
-114
452
1485
2444
2875
2517
1506
521
268
865
1744
2283
2231
1645
751
-54
-326
71
787
1237
1106
496
-267
-829
-916
-417
449
1157
1310
971
571
489
838
1597
2551
2987
2322
952
35
288
1245
2073
2163
1259
-372
-1896
-2392
-1707
-638
-230
-865
-2097
-3186
-3774
-3854
-3465
-2799
-2284
-2258
-2571
-2906
-3186
-3369
-3078
-2089
-832
-49
-31
-471
-988
-1219
-840
285
1746
2720
2658
1741
720
259
625
1667
2887
3502
2973
1614
388
61
643
1569
2241
2252
1504
322
-676
-964
-534
135
522
420
-80
-763
-1370
-1547
-1109
-247
548
937
927
725
584
768
1465
2556
3414
3252
2102
867
536
1212
2263
2993
2788
1420
-576
-2037
-2086
-993
122
274
-662
-2156
-3490
-4153
-3889
-2922
-2001
-1811
-2341
-2986
-3367
-3483
-3287
-2578
-1488
-570
-219
-402
-843
-1271
-1353
-750
541
1965
2703
2337
1237
207
-88
544
1819
3055
3397
2510
954
-220
-325
500
1569
2179
1943
939
-362
-1297
-1401
-731
137
591
401
-256
-1017
-1489
-1314
-427
796
1775
2166
2019
1675
1537
1855
2342
2469
2128
1714
1618
1805
2029
1935
1158
-202
-1466
-1889
-1340
-490
-253
-1098
-2632
-3957
-4380
-3839
-2744
-1829
-1794
-2670
-3658
-3885
-3235
-2170
-1176
-553
-454
-670
-722
-292
433
996
1203
1287
1564
2078
2571
2770
2534
1952
1378
1300
1887
2686
2933
2267
1017
-119
-571
-232
509
968
634
-457
-1749
-2526
-2436
-1728
-1030
-817
-1126
-1649
-1992
-1869
-1218
-242
696
1338
1694
1970
2305
2704
3188
3816
4268
4013
3043
2024
1673
2009
2591
2851
2245
607
-1498
-3060
-3290
-2372
-1330
-1208
-2267
-3927
-5352
-5901
-5272
-3823
-2506
-2136
-2662
-3348
-3572
-3139
-2108
-759
395
963
1064
1126
1356
1624
1784
1941
2358
3084
3793
4038
3575
2542
1392
765
1077
2066
2905
2830
1640
-201
-1799
-2363
-1774
-661
73
-191
-1457
-3041
-3988
-3793
-2726
-1481
-660
-485
-800
-1196
-1209
-546
669
2010
3058
3689
3998
4158
4378
4776
4938
4420
3374
2549
2417
2725
2988
2717
1523
-534
-2704
-3997
-3905
-2909
-2092
-2338
-3635
-5269
-6477
-6754
-5883
-4272
-2903
-2466
-2728
-3033
-3016
-2565
-1546
-114
1211
2041
2486
2816
3037
3024
2860
2854
3233
3901
4504
4662
4150
3002
1587
549
361
893
1510
1510
598
-979
-2585
-3570
-3676
-3086
-2337
-2035
-2472
-3343
-4010
-4041
-3432
-2413
-1266
-303
259
450
617
1088
1907
2875
3825
4738
5551
6130
6416
6380
5714
4360
2803
1923
2026
2642
3028
2505
731
-1968
-4636
-6132
-5956
-4696
-3506
-3331
-4252
-5793
-7260
-7856
-7073
-5267
-3444
-2305
-1781
-1528
-1353
-1017
-229
944
2122
3077
3994
4940
5587
5538
4806
3910
3411
3557
4168
4791
4878
4069
2414
516
-840
-1259
-967
-621
-810
-1715
-3079
-4386
-5124
-5091
-4535
-4003
-3822
-3822
-3622
-3078
-2351
-1607
-904
-216
477
1285
2346
3553
4541
5040
5200
5424
5932
6644
7287
7213
5981
3831
1779
780
921
1609
1846
824
-1582
-4605
-7035
-7869
-7172
-5886
-5140
-5365
-6242
-7213
-7613
-6982
-5534
-4090
-3133
-2364
-1311
6
1319
2491
3338
3662
3665
3980
4974
6268
7085
6941
5935
4532
3322
2781
2944
3252
2926
1686
-41
-1567
-2518
-2909
-3023
-3310
-4055
-5059
-5772
-5818
-5270
-4554
-4069
-3996
-4050
-3707
-2717
-1254
239
1368
2019
2376
2813
3585
4641
5704
6449
6721
6729
6793
7042
7357
7510
6889
5079
2414
74
-1006
-993
-584
-583
-1559
-3701
-6436
-8677
-9463
-8864
-7726
-6869
-6503
-6384
-6343
-6101
-5307
-4027
-2810
-1925
-887
761
2801
4668
6041
6732
6606
5965
5594
6030
6977
7619
7364
6205
4553
2961
1854
1257
739
-197
-1638
-3167
-4277
-4780
-4885
-5016
-5531
-6421
-7234
-7423
-6771
-5497
-4064
-2906
-2242
-1895
-1418
-481
838
2239
3496
4552
5400
6018
6472
6851
7108
7106
6926
6846
7067
7396
7448
6565
4423
1395
-1445
-3092
-3450
-3017
-2688
-3222
-4905
-7242
-9281
-10180
-9886
-8926
-7881
-6940
-5993
-5005
-3927
-2673
-1385
-431
166
934
2356
4291
6259
7860
8760
8658
7732
6670
6120
6077
6037
5536
4494
3163
1835
702
-226
-1172
-2440
-4145
-5916
-7156
-7507
-7100
-6384
-5838
-5693
-5834
-5941
-5668
-4832
-3511
-1970
-522
745
1928
3062
4020
4694
5112
5420
5717
6053
6481
6966
7325
7285
6834
6265
5891
5648
5309
4400
2585
-20
-2723
-4557
-5213
-4940
-4487
-4603
-5691
-7536
-9385
-10344
-10031
-8798
-7272
-5865
-4563
-3361
-2219
-912
542
1760
2456
2964
3876
5272
6812
8138
8923
8849
7916
6608
5533
4841
4192
3204
1874
523
-622
-1560
-2332
-3062
-4048
-5455
-6982
-8030
-8266
-7773
-6796
-5661
-4669
-3925
-3311
-2587
-1633
-512
643
1728
2792
3969
5228
6363
7088
7230
6909
6419
6030
5910
6059
6299
6345
6060
5692
5429
5098
4039
1862
-1085
-4008
-6101
-7037
-6743
-5779
-5137
-5597
-7025
-8601
-9557
-9667
-9094
-7993
-6475
-4679
-2770
-789
1301
3117
4065
4051
3740
3931
4808
6099
7459
8545
8917
8326
7008
5496
4096
2665
1008
-703
-2049
-2807
-3135
-3310
-3601
-4261
-5423
-6872
-8053
-8488
-8123
-7235
-6075
-4647
-2943
-1195
287
1366
2073
2410
2467
2659
3464
4860
6273
7143
7374
7151
6597
5810
5031
4535
4290
4035
3699
3573
3821
4173
3958
2602
144
-2911
-5695
-7554
-8094
-7478
-6517
-5990
-6141
-6603
-6953
-7057
-6968
-6760
-6340
-5473
-3944
-1768
927
3686
5760
6606
6412
5911
5569
5443
5541
5893
6345
6564
6359
5831
5007
3654
1548
-1035
-3343
-4849
-5586
-5798
-5693
-5476
-5461
-5755
-6079
-6182
-6121
-6085
-6035
-5564
-4290
-2259
104
2358
4212
5380
5620
5153
4661
4604
4875
5144
5338
5573
5827
5938
5881
5747
5533
5037
4201
3365
2921
2594
1577
-340
-2559
-4331
-5600
-6417
-6623
-6404
-6400
-7077
-8010
-8376
-7908
-7009
-6101
-5040
-3642
-2170
-926
412
2187
3974
5096
5630
6173
6777
7080
6965
6712
6414
5913
5184
4406
3696
2813
1403
-559
-2599
-4193
-5196
-5693
-5834
-5810
-5908
-6289
-6761
-6934
-6547
-5696
-4704
-3721
-2603
-1300
71
1428
2881
4342
5357
5624
5426
5302
5393
5462
5400
5363
5376
5190
4746
4354
4289
4336
4121
3697
3428
3252
2429
584
-1862
-4185
-6051
-7328
-7663
-7116
-6415
-6252
-6620
-6912
-6793
-6444
-6111
-5641
-4733
-3377
-1827
-18
2236
4498
6014
6559
6647
6686
6641
6443
6209
5959
5491
4721
3847
3163
2611
1773
340
-1546
-3416
-4964
-6064
-6653
-6747
-6535
-6305
-6139
-5856
-5301
-4576
-3970
-3500
-2806
-1669
-264
1144
2523
3860
4889
5394
5597
5794
5931
5700
5064
4410
4128
4193
4376
4571
4799
4882
4639
4220
3967
3556
2232
-186
-3061
-5566
-7366
-8306
-8293
-7716
-7208
-7093
-7072
-6622
-5835
-5263
-5151
-5084
-4544
-3456
-1878
378
3054
5367
6784
7581
8185
8489
8168
7291
6143
4972
3938
3258
3039
2988
2503
1206
-659
-2463
-3808
-4760
-5534
-6322
-7133
-7760
-7806
-7048
-5712
-4292
-3257
-2740
-2403
-1752
-590
794
2044
3012
3721
4221
4665
5215
5825
6175
5973
5308
4621
4190
3963
3791
3734
3835
3892
3812
3823
3992
3617
2028
-569
-3267
-5436
-7012
-7947
-8177
-8071
-8013
-7993
-7485
-6285
-4987
-4267
-4094
-3879
-3246
-2325
-1098
590
2434
3883
4924
6068
7421
8386
8422
7623
6358
4952
3610
2561
1881
1339
547
-569
-1682
-2470
-3035
-3698
-4564
-5512
-6348
-6883
-6921
-6414
-5564
-4633
-3735
-2782
-1620
-247
1137
2257
3012
3547
4030
4468
4763
4878
4852
4697
4460
4345
4528
4865
5028
4868
4591
4448
4472
4566
4420
3461
1425
-1351
-3991
-5903
-7046
-7666
-8026
-8354
-8520
-8361
-7646
-6513
-5526
-5073
-5004
-4603
-3486
-1927
-206
1587
3261
4592
5700
6900
8099
8703
8393
7454
6366
5409
4518
3617
2654
1504
54
-1440
-2525
-3076
-3474
-4122
-4993
-5829
-6417
-6639
-6509
-6125
-5640
-5134
-4479
-3416
-1831
-26
1498
2535
3269
3888
4374
4655
4779
4767
4567
4183
3831
3756
3941
4111
4076
3972
4053
4297
4476
4499
4414
3874
2429
107
-2377
-4459
-6118
-7489
-8352
-8583
-8332
-7891
-7244
-6202
-5130
-4543
-4460
-4212
-3371
-2275
-1278
-131
1382
3031
4495
5851
7175
8103
8174
7529
6674
5874
4947
3780
2616
1607
518
-755
-1905
-2632
-3090
-3589
-4122
-4526
-4827
-5115
-5353
-5450
-5361
-5106
-4646
-3908
-2821
-1433
98
1563
2867
3958
4733
5067
4935
4506
4041
3635
3257
3014
3124
3629
4249
4768
5249
5769
6141
6181
5602
4175
1864
-961
-3679
-5897
-7494
-8501
-9021
-9126
-8761
-8025
-6909
-5706
-4788
-4382
-4250
-3909
-3304
-2626
-1752
-490
1100
2805
4605
6484
8089
8893
8849
8288
7474
6365
4819
3088
1552
265
-886
-1813
-2346
-2623
-3002
-3460
-3709
-3752
-3892
-4307
-4866
-5317
-5540
-5457
-4986
-4083
-2790
-1236
390
2007
3538
4788
5494
5516
5069
4466
3806
3031
2269
1867
1994
2470
3117
3986
5017
5914
6362
6421
6006
4786
2496
-483
-3371
-5673
-7404
-8569
-9003
-8712
-7965
-7106
-5999
-4718
-3738
-3434
-3509
-3367
-2946
-2627
-2323
-1605
-267
1462
3321
5223
6946
8038
8334
8103
7609
6771
5352
3486
1570
-155
-1568
-2518
-2923
-2938
-2883
-2859
-2792
-2744
-2844
-3137
-3541
-3969
-4407
-4729
-4747
-4339
-3502
-2257
-675
1058
2682
3977
4862
5267
5219
4842
4237
3442
2600
2059
2075
2564
3282
4152
5191
6268
7060
7046
6003
3971
1311
-1616
-4465
-6952
-8844
-10064
-10501
-10048
-8753
-6905
-5085
-3609
-2494
-1625
-1076
-1003
-1273
-1491
-1398
-884
111
1618
3462
5207
6560
7589
8370
8681
8156
6788
4976
3000
890
-1278
-3227
-4671
-5489
-5677
-5171
-4051
-2708
-1649
-1190
-1182
-1374
-1750
-2397
-3205
-3812
-3876
-3308
-2183
-630
1155
2885
4251
5133
5644
5795
5386
4372
3101
2079
1463
1135
1163
1723
2838
4178
5436
6287
6436
5560
3704
1310
-1196
-3673
-6165
-8382
-9864
-10262
-9698
-8378
-6609
-4711
-2984
-1448
-73
949
1271
928
319
-159
-290
14
774
1828
2923
4019
5251
6472
7192
7038
6156
4882
3233
1154
-1130
-3247
-4967
-6146
-6540
-6005
-4881
-3675
-2598
-1516
-359
589
968
694
-56
-983
-1761
-2119
-1894
-1166
-156
959
2124
3308
4329
4872
4809
4340
3823
3421
3078
2759
2651
2898
3475
4045
4171
3740
2775
1490
-90
-1790
-3475
-5091
-6689
-8035
-8770
-8730
-8191
-7407
-6279
-4619
-2620
-810
467
1253
1781
2141
2430
2703
2929
2983
2795
2652
2970
3755
4533
4811
4609
4213
3604
2595
1167
-470
-2141
-3766
-5084
-5710
-5585
-5023
-4303
-3415
-2262
-1003
-22
489
634
683
781
799
696
603
674
875
1073
1370
1889
2475
2808
2853
2871
3005
3039
2816
2569
2644
3055
3540
3812
3666
3043
1924
581
-837
-2285
-3861
-5458
-6747
-7424
-7479
-7100
-6531
-5808
-4860
-3596
-2093
-634
450
984
1237
1526
2036
2561
2844
2848
2663
2598
2872
3426
3830
3682
3134
2605
2161
1468
291
-1167
-2567
-3704
-4446
-4695
-4501
-4133
-3711
-3074
-2044
-800
197
765
1101
1438
1709
1716
1483
1266
1231
1341
1484
1650
1845
1985
2055
2172
2476
2863
3075
3038
3022
3345
3923
4320
4009
2993
1546
65
-1419
-2953
-4487
-5885
-7042
-7780
-7854
-7230
-6310
-5494
-4672
-3495
-1893
-378
635
1166
1585
2054
2453
2691
2836
2996
3115
3176
3351
3710
3973
3778
3197
2667
2247
1526
194
-1465
-2922
-3947
-4638
-5051
-5157
-4962
-4517
-3775
-2662
-1311
-105
652
1095
1560
2162
2559
2467
2085
1833
1842
1876
1817
1788
1848
1892
1934
2118
2493
2772
2772
2659
2778
3165
3494
3392
2717
1712
521
-728
-2139
-3619
-5051
-6274
-7133
-7501
-7364
-6888
-6286
-5469
-4260
-2612
-863
519
1403
1988
2608
3249
3682
3841
3814
3734
3574
3401
3345
3317
3089
2574
2074
1790
1397
467
-939
-2274
-3184
-3855
-4571
-5240
-5562
-5418
-4914
-4064
-2891
-1607
-516
340
1181
2102
2897
3263
3256
3201
3275
3290
3070
2735
2482
2253
1957
1702
1739
2034
2383
2715
3170
3810
4397
4470
3735
2410
799
-910
-2944
-5139
-7042
-8235
-8775
-8873
-8485
-7559
-6390
-5191
-3847
-2109
-220
1193
1921
2336
2909
3519
3812
3759
3656
3680
3715
3748
3893
4111
4108
3702
3127
2654
2063
989
-601
-2215
-3494
-4503
-5432
-6234
-6621
-6456
-5812
-4832
-3584
-2163
-741
548
1692
2717
3457
3640
3358
3068
3089
3207
2978
2472
2129
2145
2260
2236
2198
2300
2425
2472
2577
2951
3418
3636
3397
2754
1842
555
-1104
-3049
-4895
-6383
-7435
-8072
-8270
-7991
-7309
-6422
-5329
-3975
-2388
-850
333
1177
1881
2632
3302
3753
4043
4299
4511
4528
4397
4291
4210
3933
3357
2724
2235
1641
635
-663
-1829
-2750
-3669
-4625
-5368
-5692
-5642
-5343
-4760
-3882
-2822
-1739
-699
380
1480
2403
2965
3259
3501
3673
3572
3177
2738
2458
2275
2083
1966
2098
2432
2736
2967
3293
3809
4277
4379
3892
3003
1805
364
-1412
-3424
-5367
-7070
-8397
-9238
-9451
-9027
-8194
-7100
-5655
-3848
-1849
-92
1203
2066
2691
3224
3625
3851
3904
3879
3818
3773
3857
4065
4230
4142
3839
3525
3115
2339
1111
-308
-1600
-2771
-3911
-4975
-5756
-6116
-6086
-5717
-4995
-3979
-2833
-1687
-528
721
1930
2813
3261
3505
3757
3910
3724
3240
2727
2353
2088
1887
1807
1933
2239
2657
3184
3876
4617
5148
5169
4563
3480
1969
148
-2024
-4282
-6323
-7925
-9016
-9611
-9651
-9130
-8231
-6992
-5402
-3492
-1523
111
1323
2226
3009
3595
3836
3801
3693
3645
3588
3556
3656
3863
3976
3879
3749
3714
3496
2780
1537
86
-1341
-2753
-4154
-5393
-6246
-6624
-6599
-6220
-5461
-4334
-2990
-1574
-137
1292
2527
3300
3648
3819
3939
3871
3458
2912
2505
2287
2105
1901
1844
2022
2316
2590
2921
3497
4213
4764
4903
4543
3702
2305
532
-1480
-3611
-5734
-7643
-9006
-9710
-9789
-9317
-8434
-7137
-5492
-3613
-1683
1
1311
2246
2969
3541
3854
3894
3767
3611
3437
3292
3276
3363
3422
3376
3352
3451
3424
2934
1916
670
-540
-1785
-3165
-4554
-5687
-6386
-6649
-6477
-5858
-4852
-3582
-2166
-654
863
2166
3009
3450
3761
4063
4157
3809
3167
2557
2139
1858
1653
1593
1740
2032
2403
2862
3464
4106
4604
4798
4578
3945
2784
1178
-762
-2815
-4818
-6685
-8209
-9206
-9617
-9454
-8811
-7656
-6025
-4089
-2062
-239
1244
2337
3127
3685
3954
3922
3654
3307
2961
2650
2463
2397
2420
2461
2564
2773
2890
2696
2131
1336
444
-627
-1917
-3342
-4671
-5669
-6221
-6313
-5994
-5355
-4422
-3207
-1701
-3
1643
2976
3900
4525
4874
4865
4419
3674
2910
2288
1819
1423
1131
1083
1325
1834
2512
3308
4120
4807
5237
5183
4595
3414
1783
-226
-2477
-4707
-6719
-8322
-9443
-9999
-9887
-9230
-8107
-6573
-4659
-2482
-425
1277
2561
3586
4376
4750
4661
4276
3835
3385
2908
2477
2157
1950
1827
1864
2152
2478
2512
2113
1430
653
-306
-1504
-2838
-4087
-5098
-5879
-6418
-6603
-6308
-5525
-4344
-2862
-1173
534
2052
3338
4431
5301
5757
5644
5068
4305
3532
2732
1888
1190
866
919
1189
1629
2299
3200
4118
4841
5092
4818
3915
2473
625
-1497
-3683
-5862
-7790
-9251
-10124
-10351
-10006
-9088
-7588
-5621
-3301
-993
1011
2597
3855
4838
5358
5377
5038
4553
3954
3240
2562
2010
1589
1292
1248
1558
1972
2166
2033
1677
1220
545
-453
-1698
-2983
-4114
-5069
-5826
-6303
-6405
-6099
-5348
-4133
-2546
-789
891
2416
3808
4974
5726
5906
5610
5103
4488
3736
2791
1824
1086
680
536
628
1042
1840
2839
3836
4638
5006
4764
3809
2404
654
-1411
-3758
-6095
-7970
-9242
-10003
-10301
-10052
-9100
-7522
-5483
-3175
-872
1192
2852
4209
5302
5961
6018
5571
4934
4203
3342
2403
1560
955
619
626
933
1300
1525
1584
1536
1298
712
-245
-1431
-2634
-3716
-4658
-5495
-6173
-6517
-6357
-5629
-4453
-3021
-1491
46
1621
3185
4549
5491
5946
6019
5806
5292
4455
3359
2260
1413
931
723
740
1037
1654
2491
3391
4084
4371
4116
3375
2260
668
-1347
-3645
-5794
-7499
-8757
-9640
-10112
-10001
-9167
-7710
-5746
-3493
-1229
831
2646
4296
5621
6365
6424
6031
5442
4684
3712
2573
1534
797
415
352
509
745
953
1091
1167
1079
733
103
-719
-1622
-2554
-3567
-4640
-5609
-6179
-6206
-5717
-4857
-3728
-2361
-782
952
2639
4052
5064
5689
6021
6051
5709
4972
3961
2922
2049
1385
912
701
864
1404
2202
3051
3648
3842
3573
2983
2009
509
-1440
-3556
-5456
-7064
-8433
-9505
-10138
-10132
-9427
-8064
-6164
-3969
-1723
435
2524
4466
5966
6777
6955
6770
6310
5497
4356
3071
1890
960
332
-4
-140
-133
18
273
515
561
333
-119
-668
-1245
-1935
-2839
-3893
-4861
-5509
-5791
-5718
-5284
-4441
-3164
-1560
223
1990
3610
4988
6035
6677
6859
6579
5892
4963
3998
3104
2300
1619
1227
1241
1601
2132
2529
2721
2652
2362
1744
617
-936
-2693
-4348
-5860
-7328
-8670
-9695
-10183
-10011
-9190
-7744
-5891
-3831
-1673
613
2918
4877
6234
7024
7471
7561
7129
6195
4938
3618
2343
1233
410
-134
-470
-648
-667
-529
-335
-229
-286
-462
-672
-979
-1533
-2343
-3224
-3982
-4574
-4987
-5157
-4965
-4352
-3345
-2024
-502
1104
2645
3978
5044
5823
6252
6240
5821
5165
4395
3527
2586
1763
1259
1051
1053
1258
1655
2052
2271
2250
2018
1371
225
-1253
-2751
-4142
-5559
-7026
-8266
-9026
-9206
-8922
-8192
-6939
-5217
-3191
-1053
1077
3039
4619
5735
6487
6918
6894
6316
5324
4177
3036
1952
973
197
-351
-654
-753
-716
-602
-441
-251
-94
-51
-179
-505
-1046
-1772
-2605
-3424
-4112
-4621
-4898
-4819
-4286
-3367
-2202
-858
625
2104
3434
4536
5339
5737
5734
5454
4999
4377
3622
2853
2230
1826
1613
1599
1817
2141
2400
2429
2259
1847
1039
-142
-1561
-2986
-4383
-5803
-7165
-8293
-9026
-9315
-9139
-8424
-7189
-5547
-3634
-1526
631
2594
4208
5434
6318
6813
6861
6508
5815
4886
3819
2740
1771
934
255
-208
-468
-576
-584
-473
-289
-136
-102
-226
-554
-1131
-1906
-2763
-3585
-4320
-4925
-5246
-5145
-4612
-3741
-2615
-1231
327
1894
3318
4488
5378
5937
6147
6042
5679
5103
4347
3560
2920
2492
2230
2144
2188
2260
2234
2049
1670
912
-212
-1519
-2790
-3975
-5204
-6495
-7700
-8635
-9145
-9208
-8786
-7888
-6580
-4969
-3100
-1037
1009
2830
4334
5580
6530
7052
7099
6726
6069
5240
4293
3278
2243
1277
493
-58
-414
-654
-782
-772
-659
-524
-452
-528
-852
-1422
-2114
-2826
-3537
-4257
-4863
-5181
-5122
-4721
-4038
-3071
-1815
-361
1147
2604
3926
5013
5742
6082
6061
5751
5191
4475
3730
3070
2528
2110
1905
1972
2170
2343
2367
2207
1771
954
-158
-1435
-2761
-4119
-5496
-6768
-7819
-8578
-8976
-8946
-8410
-7395
-6009
-4396
-2609
-701
1209
2939
4358
5462
6246
6664
6666
6264
5582
4749
3821
2871
2005
1309
776
344
34
-113
-137
-127
-124
-160
-279
-573
-1095
-1803
-2591
-3376
-4143
-4848
-5351
-5541
-5399
-4940
-4136
-2977
-1570
-86
1386
2805
4086
5084
5717
6005
5996
5706
5172
4507
3857
3329
2946
2706
2626
2700
2785
2801
2648
2318
1695
701
-570
-1940
-3270
-4594
-5937
-7198
-8238
-8980
-9368
-9347
-8831
-7827
-6403
-4697
-2809
-864
1030
2772
4281
5521
6411
6890
6947
6660
6145
5446
4605
3714
2878
2167
1591
1112
690
318
34
-159
-295
-436
-680
-1111
-1736
-2468
-3244
-4047
-4830
-5486
-5866
-5938
-5690
-5107
-4165
-2898
-1438
107
1666
3150
4437
5402
6035
6357
6385
6110
5595
4980
4381
3867
3486
3253
3149
3109
3050
2915
2587
2018
1154
30
-1264
-2619
-3956
-5271
-6569
-7771
-8761
-9426
-9692
-9517
-8874
-7810
-6388
-4698
-2808
-828
1120
2879
4353
5564
6499
7098
7289
7127
6717
6102
5318
4442
3566
2760
2019
1350
749
234
-183
-508
-773
-1036
-1342
-1726
-2215
-2826
-3512
-4193
-4811
-5341
-5709
-5842
-5678
-5198
-4403
-3306
-1998
-587
835
2195
3428
4475
5306
5902
6217
6198
5899
5463
5001
4522
4033
3630
3383
3242
3148
3022
2821
2486
1973
1257
239
-1048
-2493
-3916
-5223
-6433
-7551
-8497
-9134
-9381
-9255
-8749
-7845
-6545
-4964
-3193
-1317
556
2323
3899
5244
6303
7016
7370
7373
7081
6562
5864
5034
4126
3244
2458
1751
1048
333
-311
-825
-1210
-1555
-1944
-2422
-2963
-3526
-4078
-4585
-5005
-5309
-5464
-5422
-5175
-4697
-3975
-2998
-1812
-504
817
2063
3197
4205
5041
5672
6084
6251
6184
5982
5718
5395
4996
4579
4207
3868
3543
3161
2678
2027
1169
92
-1170
-2508
-3828
-5076
-6234
-7289
-8165
-8775
-9077
-9079
-8800
-8189
-7217
-5904
-4346
-2624
-832
925
2539
3943
5138
6096
6746
7079
7140
6989
6620
6027
5274
4445
3618
2808
1997
1182
375
-387
-1071
-1641
-2126
-2568
-2987
-3354
-3644
-3900
-4165
-4420
-4590
-4606
-4467
-4233
-3935
-3540
-2957
-2159
-1205
-163
928
2009
3006
3872
4619
5240
5649
5819
5804
5672
5394
4968
4486
4035
3620
3210
2808
2387
1904
1335
661
-125
-1074
-2187
-3376
-4490
-5394
-6132
-6793
-7356
-7677
-7677
-7405
-6926
-6212
-5252
-4079
-2759
-1349
88
1467
2751
3905
4888
5641
6151
6420
6445
6245
5827
5199
4403
3524
2637
1751
858
-25
-881
-1620
-2168
-2527
-2762
-2907
-2974
-3002
-3050
-3120
-3209
-3312
-3400
-3419
-3339
-3193
-2989
-2660
-2111
-1345
-459
461
1375
2279
3144
3927
4588
5074
5362
5435
5330
5070
4688
4248
3773
3265
2714
2184
1719
1264
739
140
-486
-1142
-1930
-2822
-3636
-4231
-4646
-5002
-5338
-5608
-5750
-5718
-5524
-5203
-4749
-4099
-3237
-2230
-1153
-31
1126
2230
3206
4017
4633
5031
5199
5154
4908
4467
3835
3084
2306
1585
906
233
-403
-943
-1346
-1615
-1752
-1786
-1784
-1786
-1792
-1799
-1808
-1853
-1917
-1989
-2028
-2038
-2023
-1956
-1802
-1538
-1169
-709
-170
405
984
1557
2111
2608
2983
3215
3301
3254
3080
2821
2516
2168
1792
1443
1199
1073
1035
1074
1154
1229
1253
1169
952
548
1
-615
-1239
-1832
-2400
-2964
-3518
-3994
-4296
-4432
-4452
-4363
-4089
-3620
-2992
-2280
-1522
-736
27
744
1386
1940
2368
2625
2708
2667
2557
2393
2177
1936
1706
1466
1173
854
579
393
282
207
129
33
-70
-181
-334
-530
-743
-975
-1233
-1497
-1691
-1787
-1813
-1782
-1687
-1521
-1311
-1065
-766
-431
-107
164
389
599
818
1030
1210
1372
1548
1779
2075
2426
2804
3163
3461
3710
3908
4015
3960
3648
3073
2256
1293
320
-585
-1394
-2172
-2944
-3667
-4274
-4738
-5075
-5290
-5365
-5270
-5033
-4697
-4272
-3745
-3097
-2378
-1653
-945
-256
428
1082
1678
2201
2614
2903
3088
3198
3248
3241
3162
2989
2724
2420
2151
1930
1709
1462
1174
861
538
228
-39
-275
-515
-790
-1098
-1455
-1880
-2347
-2796
-3175
-3459
-3632
-3697
-3655
-3470
-3111
-2598
-1974
-1261
-459
415
1293
2120
2861
3494
4011
4420
4744
4989
5125
5133
5028
4825
4542
4185
3773
3302
2727
2028
1179
242
-687
-1525
-2263
-2955
-3641
-4326
-4977
-5555
-6036
-6393
-6583
-6565
-6340
-5928
-5334
-4569
-3630
-2573
-1455
-334
735
1710
2551
3249
3785
4136
4310
4342
4280
4157
3990
3755
3454
3118
2780
2432
2077
1719
1336
892
391
-137
-697
-1287
-1885
-2485
-3074
-3603
-4005
-4248
-4360
-4351
-4192
-3879
-3413
-2833
-2144
-1368
-561
249
1038
1777
2419
2941
3362
3699
3940
4092
4149
4145
4135
4147
4125
4017
3869
3733
3573
3279
2834
2267
1583
749
-244
-1296
-2288
-3140
-3865
-4516
-5105
-5568
-5876
-6026
-6028
-5867
-5532
-5034
-4408
-3684
-2913
-2116
-1311
-543
173
824
1421
1947
2399
2784
3103
3343
3502
3592
3627
3591
3460
3225
2888
2468
1991
1500
1006
499
-28
-556
-1045
-1447
-1743
-1925
-2004
-2004
-1947
-1857
-1746
-1636
-1528
-1417
-1308
-1199
-1082
-949
-802
-642
-465
-264
-26
264
596
929
1245
1551
1866
2166
2413
2593
2709
2773
2782
2730
2620
2462
2280
2060
1804
1536
1273
1001
684
319
-95
-558
-1005
-1379
-1664
-1898
-2154
-2449
-2769
-3080
-3347
-3556
-3675
-3680
-3554
-3323
-3023
-2673
-2228
-1722
-1216
-735
-270
170
530
795
996
1163
1285
1383
1493
1613
1703
1728
1672
1562
1450
1396
1402
1411
1391
1353
1298
1201
1053
880
717
568
420
271
106
-102
-362
-629
-825
-954
-1060
-1162
-1245
-1285
-1277
-1229
-1178
-1121
-1017
-865
-705
-574
-447
-284
-81
160
427
725
1038
1362
1700
2049
2383
2653
2797
2823
2807
2781
2689
2486
2219
1916
1550
1081
543
-3
-499
-924
-1321
-1756
-2242
-2727
-3151
-3503
-3792
-3999
-4099
-4077
-3952
-3758
-3505
-3165
-2735
-2252
-1751
-1226
-697
-210
211
595
953
1252
1496
1708
1901
2058
2146
2167
2157
2178
2254
2331
2372
2364
2308
2191
2023
1830
1619
1367
1071
761
455
145
-166
-464
-769
-1095
-1402
-1652
-1845
-1977
-2023
-2004
-1967
-1915
-1792
-1606
-1391
-1163
-938
-736
-572
-402
-190
54
322
622
953
1304
1650
1983
2283
2526
2686
2745
2722
2621
2445
2193
1921
1682
1491
1306
1062
737
327
-126
-573
-970
-1297
-1561
-1805
-2068
-2364
-2643
-2843
-2977
-3076
-3146
-3162
-3108
-2997
-2804
-2526
-2190
-1803
-1363
-902
-466
-68
299
631
925
1181
1388
1540
1641
1680
1644
1557
1479
1426
1400
1406
1427
1446
1456
1484
1521
1528
1494
1421
1305
1153
984
788
558
291
5
-284
-540
-739
-871
-965
-1041
-1100
-1149
-1184
-1196
-1160
-1073
-974
-890
-845
-823
-807
-801
-786
-721
-557
-335
-115
96
343
634
928
1188
1398
1547
1640
1681
1673
1626
1560
1491
1408
1324
1223
1050
770
412
89
-151
-319
-458
-603
-763
-928
-1084
-1238
-1426
-1655
-1864
-2009
-2108
-2221
-2327
-2350
-2239
-2027
-1780
-1534
-1288
-1027
-752
-478
-222
4
200
395
589
761
887
957
996
1020
1064
1150
1253
1337
1384
1415
1443
1475
1497
1499
1477
1437
1385
1300
1163
989
803
612
387
124
-156
-419
-634
-800
-926
-1008
-1053
-1072
-1092
-1100
-1063
-995
-920
-856
-817
-805
-810
-807
-769
-673
-511
-304
-87
149
393
638
859
1045
1185
1251
1250
1196
1113
1021
934
853
758
657
592
549
461
296
104
-50
-173
-287
-373
-420
-447
-493
-559
-616
-665
-721
-753
-750
-749
-782
-815
-778
-658
-499
-357
-264
-210
-157
-108
-83
-65
-63
-106
-215
-344
-451
-551
-676
-800
-886
-913
-868
-744
-568
-380
-191
5
195
374
564
759
917
1010
1044
1048
1057
1097
1144
1154
1139
1111
1074
1006
920
833
749
666
570
445
277
83
-109
-282
-467
-670
-867
-1024
-1143
-1256
-1356
-1421
-1418
-1359
-1283
-1208
-1132
-1037
-919
-789
-649
-479
-275
-60
149
366
611
874
1152
1463
1811
2154
2438
2637
2734
2724
2609
2393
2097
1760
1424
1084
715
315
-109
-542
-961
-1312
-1555
-1694
-1768
-1807
-1818
-1837
-1860
-1859
-1827
-1797
-1806
-1822
-1813
-1780
-1739
-1685
-1603
-1469
-1266
-997
-704
-430
-175
75
323
570
818
1059
1251
1396
1500
1568
1581
1554
1537
1544
1543
1483
1373
1236
1084
923
768
609
415
192
-30
-252
-486
-729
-949
-1110
-1191
-1191
-1161
-1121
-1048
-913
-739
-572
-418
-253
-57
140
282
357
392
435
483
494
454
398
381
404
441
476
518
580
671
789
907
987
1014
990
936
875
808
731
651
581
517
441
345
216
24
-223
-460
-628
-732
-808
-887
-965
-1042
-1118
-1177
-1202
-1196
-1177
-1161
-1149
-1125
-1083
-1011
-924
-823
-701
-574
-477
-435
-413
-389
-351
-305
-256
-189
-103
9
121
207
282
395
556
722
845
930
991
1016
989
923
835
726
589
425
238
39
-144
-295
-414
-513
-584
-636
-641
-581
-473
-377
-294
-193
-66
60
181
304
412
522
634
749
841
910
960
995
1019
1034
1040
1027
994
936
846
717
558
397
243
81
-93
-262
-393
-481
-550
-635
-740
-832
-893
-915
-930
-964
-1006
-1021
-991
-946
-912
-855
-744
-583
-403
-212
-8
180
307
367
413
504
649
792
890
922
937
954
955
901
798
699
625
531
375
184
-9
-177
-321
-425
-518
-651
-811
-965
-1107
-1247
-1364
-1421
-1420
-1381
-1315
-1248
-1187
-1087
-929
-727
-515
-296
-73
130
312
458
566
642
724
829
918
953
950
948
945
928
887
851
828
803
746
645
541
463
382
270
127
0
-91
-161
-227
-284
-299
-263
-206
-157
-128
-121
-126
-135
-142
-150
-161
-167
-181
-210
-249
-273
-273
-249
-207
-150
-96
-58
-47
-48
-39
-27
-8
-4
-24
-59
-97
-118
-128
-134
-129
-113
-85
-40
24
110
200
312
447
583
676
720
755
798
837
862
911
974
998
953
862
756
644
538
440
319
166
-1
-192
-409
-629
-804
-953
-1112
-1285
-1454
-1604
-1718
-1777
-1796
-1781
-1722
-1621
-1487
-1328
-1138
-940
-744
-535
-311
-101
52
169
294
436
561
638
696
771
859
936
987
1016
1039
1067
1112
1147
1133
1078
1009
936
831
685
537
409
289
148
-26
-224
-410
-537
-617
-681
-729
-737
-700
-641
-565
-471
-374
-293
-220
-142
-48
55
146
212
270
348
435
493
512
516
508
473
420
366
308
227
130
51
-12
-80
-163
-219
-227
-233
-267
-316
-308
-252
-202
-171
-129
-55
29
101
174
267
356
410
410
386
388
407
427
443
458
452
401
328
271
225
169
89
1
-84
-194
-337
-487
-622
-737
-837
-926
-1008
-1096
-1172
-1213
-1217
-1195
-1165
-1107
-1011
-879
-741
-608
-467
-299
-112
58
196
308
394
445
462
462
460
469
490
512
514
498
474
464
478
511
525
509
498
517
545
548
536
502
448
379
310
226
112
2
-81
-124
-136
-126
-119
-134
-149
-140
-108
-72
-46
-15
14
21
-5
-38
-53
-72
-97
-115
-117
-135
-174
-193
-190
-198
-228
-238
-217
-189
-173
-155
-124
-103
-71
9
140
262
343
424
537
668
779
862
937
1016
1067
1077
1048
1028
996
921
797
624
417
189
-10
-155
-262
-370
-491
-612
-714
-793
-864
-937
-1013
-1072
-1125
-1176
-1223
-1254
-1256
-1236
-1185
-1106
-1023
-960
-890
-785
-656
-537
-415
-262
-105
21
118
198
280
366
463
553
590
580
545
517
492
444
379
312
266
236
193
121
45
0
-6
-9
-40
-80
-87
-43
20
70
126
202
296
402
510
597
628
626
624
623
587
509
421
360
334
310
264
175
90
31
7
-7
-35
-91
-170
-238
-287
-342
-417
-481
-522
-566
-626
-666
-668
-633
-572
-491
-403
-317
-216
-68
109
277
422
551
677
775
843
899
945
963
942
900
849
793
735
682
633
575
500
417
322
202
37
-148
-327
-480
-595
-681
-736
-771
-780
-770
-755
-725
-675
-601
-537
-504
-489
-456
-412
-389
-383
-366
-343
-341
-351
-356
-359
-375
-393
-395
-383
-354
-308
-269
-257
-255
-231
-203
-202
-226
-246
-253
-275
-336
-403
-427
-403
-363
-296
-197
-79
37
171
332
490
641
801
935
1022
1083
1154
1209
1207
1172
1127
1073
994
891
776
646
508
369
237
111
-11
-125
-234
-342
-456
-565
-648
-702
-733
-752
-760
-753
-714
-649
-585
-534
-470
-380
-297
-240
-185
-97
0
66
109
171
271
371
444
508
567
626
668
703
727
733
724
708
684
648
597
540
475
386
274
161
50
-65
-172
-238
-262
-284
-328
-397
-483
-559
-591
-563
-514
-470
-433
-392
-356
-355
-376
-375
-327
-266
-224
-201
-178
-166
-153
-131
-98
-79
-99
-134
-163
-173
-192
-235
-275
-272
-241
-229
-252
-274
-281
-288
-301
-307
-306
-321
-350
-369
-367
-352
-313
-240
-159
-98
-48
28
117
182
236
298
374
436
467
469
472
505
564
613
648
660
646
604
560
525
489
461
442
410
357
307
274
229
161
97
59
21
-37
-99
-142
-171
-208
-248
-278
-284
-281
-267
-245
-221
-206
-201
-179
-144
-103
-59
-9
41
76
110
164
230
289
324
349
374
388
388
375
354
310
245
188
147
125
110
95
69
43
41
67
97
99
92
102
119
104
54
-13
-92
-181
-254
-296
-328
-363
-393
-405
-434
-488
-542
-564
-565
-566
-580
-601
-623
-628
-628
-640
-665
-689
-694
-692
-701
-736
-773
-781
-750
-698
-626
-524
-408
-298
-206
-104
3
98
188
287
405
503
563
607
677
775
882
976
1052
1110
1147
1168
1169
1152
1125
1089
1030
942
836
710
590
488
400
300
191
90
-8
-118
-233
-333
-430
-521
-595
-646
-665
-670
-662
-634
-586
-542
-517
-476
-408
-323
-242
-178
-122
-60
16
99
146
165
178
214
251
256
219
158
99
43
-14
-76
-135
-179
-195
-186
-168
-161
-160
-150
-130
-106
-96
-105
-112
-103
-76
-35
31
107
168
205
254
325
399
461
504
534
545
561
583
590
571
530
470
384
300
227
157
93
42
-24
-144
-298
-428
-525
-598
-659
-707
-763
-836
-906
-957
-968
-954
-925
-877
-822
-774
-734
-681
-615
-554
-490
-402
-288
-175
-69
14
74
119
166
222
283
349
404
431
441
473
516
548
555
558
565
556
537
523
525
544
560
563
556
530
495
470
451
432
400
360
308
251
202
158
92
9
-52
-73
-82
-107
-138
-156
-174
-201
-226
-245
-260
-294
-327
-343
-350
-352
-363
-379
-385
-368
-346
-348
-354
-323
-268
-218
-153
-62
32
96
154
224
301
358
382
373
346
329
304
265
218
175
123
66
22
-3
-26
-55
-73
-66
-40
-24
-26
-38
-37
-18
12
27
28
30
35
50
79
133
183
208
206
187
163
136
111
79
48
16
-10
-37
-78
-147
-215
-251
-260
-276
-316
-362
-415
-477
-532
-564
-581
-597
-618
-627
-624
-619
-614
-597
-560
-498
-404
-301
-204
-115
-23
69
169
301
444
561
642
710
770
791
779
755
725
695
659
620
573
518
473
421
358
296
242
183
108
43
-6
-46
-97
-151
-189
-220
-244
-256
-256
-252
-257
-255
-238
-226
-228
-224
-195
-165
-146
-137
-126
-117
-114
-112
-107
-109
-117
-133
-142
-141
-134
-134
-139
-158
-190
-232
-275
-307
-331
-346
-337
-303
-266
-248
-232
-199
-150
-92
-25
49
119
192
274
346
410
472
541
605
643
655
661
675
695
696
674
650
627
596
560
521
482
449
419
368
275
169
85
21
-49
-126
-200
-263
-342
-418
-471
-487
-479
-466
-437
-394
-350
-321
-303
-286
-276
-274
-276
-263
-239
-219
-213
-219
-222
-226
-234
-240
-238
-248
-273
-304
-328
-348
-364
-369
-367
-368
-372
-374
-359
-328
-300
-279
-266
-245
-206
-149
-91
-59
-32
13
67
111
140
160
175
203
267
347
400
429
459
507
536
554
576
601
611
604
586
552
503
449
387
312
229
149
75
-5
-91
-173
-243
-297
-347
-385
-396
-383
-373
-381
-386
-371
-349
-324
-294
-266
-250
-232
-209
-180
-138
-75
-5
35
57
79
104
120
132
152
180
219
254
289
313
336
370
405
430
450
484
515
529
525
523
518
509
487
444
387
337
308
283
243
195
157
130
102
70
45
31
15
-2
-22
-47
-68
-86
-111
-168
-234
-304
-373
-451
-538
-615
-666
-678
-677
-682
-687
-682
-673
-679
-680
-661
-628
-600
-586
-574
-557
-533
-496
-456
-417
-377
-339
-303
-264
-219
-181
-150
-120
-82
-46
-13
19
47
68
96
141
188
225
252
279
312
339
361
382
407
431
450
457
457
461
457
447
448
460
477
485
478
473
483
506
526
520
504
483
450
401
333
261
176
83
6
-45
-94
-158
-226
-277
-322
-380
-433
-450
-439
-422
-403
-378
-343
-317
-280
-232
-175
-129
-91
-54
-20
9
35
85
146
195
230
266
294
290
271
284
330
354
339
307
288
277
260
247
229
203
167
117
62
0
-52
-96
-136
-180
-229
-276
-314
-356
-391
-399
-377
-347
-320
-295
-265
-219
-155
-80
-13
33
62
100
154
203
207
170
135
112
73
0
-69
-111
-134
-166
-209
-250
-291
-326
-343
-355
-390
-443
-472
-460
-441
-442
-460
-464
-446
-425
-400
-366
-329
-296
-261
-203
-128
-58
12
92
183
263
331
393
451
505
541
566
587
604
609
599
589
577
547
487
409
333
261
187
116
48
-13
-59
-89
-119
-166
-216
-241
-241
-226
-210
-200
-191
-178
-151
-112
-80
-52
-24
-6
-3
-2
26
73
117
146
163
170
172
186
209
237
251
255
261
262
254
237
227
216
185
142
96
56
17
-5
-15
-24
-35
-38
-39
-43
-44
-46
-35
-35
-43
-54
-54
-44
-50
-72
-90
-95
-93
-100
-113
-122
-124
-133
-161
-194
-223
-239
-248
-257
-266
-274
-270
-253
-236
-226
-220
-195
-152
-113
-88
-61
-20
19
50
74
84
73
54
47
59
79
93
93
83
76
77
85
85
70
54
54
68
67
37
0
-21
-25
-31
-51
-91
-142
-184
-198
-190
-186
-199
-200
-174
-137
-124
-129
-127
-96
-45
3
32
55
76
94
103
117
130
140
154
171
189
192
190
196
211
222
207
171
131
97
74
58
39
12
-17
-37
-50
-57
-58
-60
-60
-51
-26
-9
-15
-26
-11
16
23
10
12
34
47
51
57
81
109
135
162
193
223
243
261
281
296
285
252
210
161
107
55
28
8
-18
-55
-90
-128
-165
-187
-179
-162
-163
-183
-208
-215
-205
-180
-178
-207
-241
-238
-197
-153
-127
-108
-88
-68
-45
-18
24
67
92
83
63
59
83
120
144
145
123
104
93
93
90
69
40
14
1
-4
-15
-27
-41
-65
-102
-142
-177
-205
-225
-236
-233
-224
-213
-200
-186
-169
-149
-120
-85
-64
-61
-52
-27
0
12
6
4
14
39
48
40
43
73
103
108
104
113
131
134
125
97
58
20
-6
-28
-56
-65
-48
-33
-25
-20
-14
-23
-17
19
58
63
49
52
75
92
100
97
85
71
65
64
54
50
56
59
55
53
68
86
102
108
102
85
77
73
57
24
2
2
10
6
-2
-1
16
51
80
101
100
79
56
40
47
65
89
115
135
146
146
137
129
123
121
116
109
105
103
98
84
69
46
12
-24
-58
-90
-130
-162
-176
-185
-200
-214
-222
-216
-202
-189
-188
-194
-191
-189
-198
-213
-223
-229
-239
-245
-239
-227
-205
-182
-164
-160
-153
-141
-133
-119
-95
-71
-62
-63
-60
-49
-42
-44
-48
-40
-18
-8
-7
7
46
82
100
107
109
111
121
138
136
118
98
79
66
64
70
71
69
64
62
76
109
139
147
134
137
165
190
186
164
154
160
163
157
147
149
153
154
142
120
101
91
97
99
86
59
30
12
1
-13
-36
-63
-83
-91
-99
-105
-109
-110
-110
-112
-109
-101
-101
-105
-111
-102
-77
-50
-29
-4
32
64
74
75
78
89
110
147
182
190
176
172
188
198
193
168
138
112
92
63
27
6
-1
-20
-54
-86
-120
-161
-200
-225
-257
-302
-340
-360
-363
-366
-380
-394
-397
-378
-354
-333
-310
-273
-235
-203
-174
-138
-103
-80
-54
-15
26
44
46
55
79
103
128
159
188
199
190
181
174
157
120
79
70
90
108
101
77
54
34
14
5
-6
-22
-42
-40
-17
6
16
12
9
21
51
89
123
153
178
196
207
215
217
212
211
215
212
193
176
171
173
166
145
123
109
98
86
59
14
-38
-69
-54
-27
-26
-46
-56
-66
-94
-111
-83
-52
-61
-77
-61
-21
-4
0
10
34
66
100
137
157
156
159
173
172
149
122
108
82
35
-8
-29
-42
-71
-106
-132
-151
-170
-191
-212
-236
-269
-299
-311
-319
-345
-368
-370
-350
-327
-315
-310
-303
-287
-262
-230
-205
-190
-182
-173
-153
-123
-80
-38
-15
2
29
65
92
106
122
147
183
209
206
183
161
166
172
160
133
111
110
120
126
117
96
86
82
72
51
49
73
86
81
85
121
154
157
138
132
139
140
126
107
103
94
62
30
24
44
57
43
15
-6
-10
-7
-11
-13
-7
3
5
-15
-36
-44
-34
-19
-10
-8
-6
-6
-6
-6
4
19
26
18
10
14
22
22
17
18
24
24
29
40
54
57
59
66
65
44
11
-8
1
12
4
-16
-27
-39
-65
-98
-115
-122
-121
-112
-105
-105
-116
-129
-140
-143
-137
-128
-122
-120
-122
-124
-136
-156
-170
-170
-160
-147
-123
-107
-118
-140
-153
-147
-134
-112
-89
-64
-39
-7
23
40
54
72
100
121
129
135
151
172
179
168
161
163
177
189
186
170
152
152
168
191
198
181
160
150
149
138
117
88
55
25
13
5
-14
-41
-54
-55
-64
-85
-98
-85
-55
-45
-56
-67
-59
-45
-39
-34
-27
-20
-5
16
32
36
35
37
37
37
30
25
22
15
12
11
16
12
-2
-20
-24
-21
-20
-27
-19
8
17
9
-4
-4
-16
-39
-47
-43
-42
-55
-70
-83
-95
-101
-102
-98
-91
-81
-64
-41
-21
-17
-19
-30
-40
-38
-31
-40
-75
-103
-104
-98
-100
-107
-108
-108
-113
-119
-108
-82
-58
-46
-39
-22
-3
13
31
49
55
47
40
35
41
67
102
128
123
110
102
109
113
108
101
96
91
82
73
64
63
78
99
103
92
82
82
88
88
91
93
82
74
67
63
50
32
18
6
2
-3
-16
-37
-46
-41
-39
-41
-38
-32
-44
-70
-87
-88
-83
-82
-77
-76
-88
-103
-105
-92
-77
-60
-36
-14
-4
-3
2
13
24
36
46
54
64
78
105
122
103
65
31
22
30
25
9
-7
-4
-10
-38
-80
-118
-145
-166
-175
-174
-166
-156
-158
-161
-146
-114
-89
-88
-92
-83
-58
-35
-27
-22
-7
26
66
103
128
137
137
127
121
116
118
121
128
142
144
127
101
87
80
62
36
13
-6
-30
-50
-56
-48
-43
-42
-44
-38
-25
-16
-17
-25
-17
2
18
33
51
68
77
87
97
95
94
95
104
106
98
79
55
45
32
8
-33
-70
-97
-118
-130
-135
-132
-125
-116
-102
-90
-86
-89
-86
-71
-64
-57
-42
-22
-6
7
31
59
76
92
120
153
170
171
168
157
146
143
146
144
127
103
62
4
-48
-81
-89
-101
-124
-153
-176
-189
-203
-204
-191
-177
-179
-182
-175
-167
-156
-145
-136
-130
-120
-102
-70
-21
33
61
60
55
64
83
99
103
99
93
87
74
54
37
24
5
-11
-7
12
24
12
-7
-21
-18
-5
4
7
13
14
2
-15
-17
-2
22
41
57
75
94
114
129
139
149
156
149
139
130
124
110
95
90
82
63
36
15
-7
-28
-41
-55
-81
-114
-127
-122
-111
-105
-105
-108
-104
-84
-56
-35
-18
5
21
24
20
33
61
73
62
47
49
56
48
27
13
8
3
-3
-14
-19
-27
-37
-55
-73
-74
-65
-58
-54
-53
-61
-80
-90
-78
-63
-61
-70
-64
-37
-9
14
28
36
38
40
46
45
41
34
30
32
38
39
26
11
6
0
-8
