-80
-66
-61
-55
-38
-12
10
19
24
32
55
81
94
81
74
93
124
143
140
128
120
119
112
119
140
166
167
154
151
151
140
121
106
85
68
55
45
22
-8
-27
-34
-29
-21
-24
-51
-78
-80
-55
-29
-29
-50
-70
-71
-58
-50
-49
-58
-79
-89
-71
-36
-17
-24
-41
-41
-22
7
38
60
70
64
61
58
54
60
72
90
90
88
107
143
162
141
117
120
128
113
88
71
66
52
29
3
-13
-22
-36
-65
-87
-95
-101
-122
-148
-154
-160
-181
-200
-196
-175
-161
-158
-158
-157
-144
-118
-99
-107
-118
-114
-98
-96
-106
-95
-68
-48
-49
-47
-28
-3
15
22
14
4
9
29
55
67
65
51
42
40
49
51
48
49
57
66
65
68
71
77
86
98
92
79
69
81
93
89
77
61
54
39
23
13
19
25
21
7
6
8
10
16
21
26
28
40
47
44
51
61
64
53
42
49
66
77
82
84
87
90
86
91
117
150
157
145
139
146
136
116
111
114
103
79
59
45
32
21
-1
-44
-97
-131
-144
-147
-152
-173
-203
-218
-213
-217
-246
-270
-265
-247
-238
-248
-257
-259
-245
-222
-205
-196
-185
-165
-137
-116
-104
-99
-89
-81
-84
-78
-59
-26
-4
4
15
28
50
69
85
90
88
98
115
132
142
157
174
174
155
139
143
150
148
129
98
74
61
55
50
49
49
38
23
7
-5
-7
1
7
-15
-39
-34
-9
-5
-29
-53
-52
-34
-12
0
0
0
10
34
55
49
32
35
58
81
97
121
144
142
127
134
160
176
171
170
173
173
167
163
151
127
111
117
119
95
64
59
67
47
4
-40
-62
-78
-101
-125
-146
-166
-181
-187
-184
-188
-197
-196
-195
-194
-205
-216
-212
-199
-183
-179
-168
-153
-147
-153
-168
-167
-149
-122
-101
-95
-97
-81
-51
-23
-17
-16
-5
12
35
51
53
48
45
55
72
71
50
32
50
80
88
68
58
60
57
49
36
34
33
37
24
8
12
19
8
-5
-2
9
8
2
-7
-22
-33
-43
-44
-35
-10
19
30
30
31
39
48
53
61
75
88
94
97
99
101
112
133
147
151
161
178
186
183
184
191
195
195
203
210
192
167
148
153
164
168
156
125
96
78
65
36
1
-34
-62
-85
-113
-137
-162
-177
-191
-206
-215
-228
-255
-283
-288
-277
-269
-269
-263
-252
-240
-229
-224
-225
-224
-218
-214
-211
-204
-191
-175
-155
-124
-107
-110
-114
-83
-34
-9
-19
-21
10
46
64
77
106
141
160
156
146
147
153
149
133
134
147
149
130
102
74
55
54
60
58
54
46
28
9
4
15
17
8
1
-3
-1
0
-5
-10
-18
-17
-11
-12
-13
-12
5
27
41
42
44
41
34
38
58
83
85
82
91
108
124
133
135
128
130
145
165
183
185
182
177
173
155
134
137
148
130
86
56
48
44
30
18
5
-16
-47
-82
-115
-143
-164
-186
-199
-189
-171
-185
-223
-245
-236
-231
-237
-236
-224
-212
-214
-212
-214
-210
-195
-178
-175
-182
-175
-148
-116
-80
-55
-54
-67
-82
-76
-47
-12
20
44
63
80
88
89
93
109
129
134
127
114
110
121
138
155
157
154
146
132
118
101
86
73
55
35
29
40
51
38
18
5
-3
-18
-34
-37
-21
-9
-5
-6
5
26
36
38
43
49
55
70
96
115
118
130
153
164
156
146
155
165
161
149
134
124
113
107
104
112
132
139
127
110
101
92
65
40
22
11
-12
-50
-81
-91
-90
-106
-129
-145
-159
-180
-200
-210
-237
-274
-284
-252
-229
-253
-310
-329
-286
-233
-219
-240
-253
-252
-254
-253
-231
-186
-153
-152
-154
-130
-88
-73
-90
-109
-113
-95
-78
-64
-44
-11
23
44
52
55
68
104
141
144
108
82
106
159
200
208
215
220
202
155
125
125
132
136
130
119
94
70
64
64
58
50
34
21
22
33
33
14
1
11
29
41
47
53
62
72
85
94
95
96
108
124
142
165
177
182
194
216
222
209
198
198
199
200
208
213
198
174
171
180
167
118
76
62
57
40
0
-41
-71
-98
-124
-149
-164
-180
-199
-218
-233
-247
-270
-288
-300
-309
-318
-323
-324
-325
-314
-290
-270
-263
-268
-275
-277
-259
-226
-201
-199
-200
-189
-164
-141
-122
-101
-81
-57
-38
-18
-6
-8
-9
9
40
60
65
80
109
141
157
159
153
142
141
149
164
173
162
141
116
100
100
111
118
114
107
94
78
63
46
24
6
2
2
4
9
12
15
25
36
32
16
14
35
53
62
73
102
142
156
151
129
123
130
151
176
188
190
206
241
266
270
261
259
255
256
251
237
217
204
185
144
96
66
49
25
-17
-69
-110
-137
-152
-168
-194
-229
-261
-291
-318
-339
-343
-342
-347
-352
-363
-374
-379
-367
-349
-346
-346
-340
-329
-327
-324
-307
-287
-267
-253
-241
-226
-207
-187
-169
-137
-88
-50
-35
-30
-11
14
26
31
49
83
108
124
138
159
174
180
183
204
227
236
228
213
201
193
191
195
196
185
159
134
115
108
113
115
111
98
84
67
53
46
43
44
59
78
73
49
45
75
103
105
96
99
113
130
149
173
194
200
194
201
222
242
245
248
260
258
238
219
223
240
238
220
194
169
145
135
131
103
37
-24
-39
-35
-63
-113
-151
-178
-219
-270
-302
-317
-333
-362
-384
-400
-415
-438
-462
-460
-441
-417
-410
-401
-379
-366
-361
-348
-320
-301
-289
-273
-250
-236
-225
-181
-123
-89
-89
-87
-60
-22
4
28
47
69
93
114
137
152
161
159
158
169
188
216
243
259
253
227
203
196
203
210
210
202
178
148
129
121
122
115
97
72
56
47
24
-6
-15
-13
-17
-36
-37
-23
-14
-11
-4
15
39
73
99
113
117
129
162
187
205
225
251
277
283
295
316
344
352
347
338
325
313
291
266
230
194
159
128
100
60
15
-33
-84
-136
-182
-212
-246
-296
-354
-394
-415
-440
-470
-494
-505
-520
-532
-519
-480
-444
-440
-455
-468
-451
-415
-387
-366
-345
-300
-250
-221
-216
-211
-187
-149
-112
-85
-54
-29
8
54
94
119
138
168
191
186
181
199
236
269
287
300
316
330
329
312
297
295
300
283
245
216
193
167
132
111
94
63
28
22
38
36
4
-33
-35
-19
-10
-25
-40
-39
-25
-14
-3
14
21
25
44
92
130
145
157
196
245
281
306
329
351
361
368
377
389
398
398
393
379
354
314
274
239
210
182
143
88
20
-38
-79
-125
-182
-240
-289
-341
-395
-431
-456
-490
-529
-566
-597
-625
-633
-617
-600
-601
-618
-632
-635
-616
-580
-541
-498
-454
-418
-402
-394
-364
-325
-286
-249
-200
-145
-100
-58
-6
55
103
128
149
185
231
271
304
330
360
383
395
399
408
437
470
485
476
467
466
455
426
391
355
303
242
195
161
127
93
69
40
-6
-47
-62
-51
-62
-102
-141
-140
-119
-103
-94
-79
-47
-4
38
65
93
140
195
239
275
318
359
400
449
498
516
514
532
543
535
518
526
531
484
387
298
252
219
163
81
4
-53
-117
-184
-241
-304
-384
-478
-545
-585
-614
-666
-735
-781
-781
-780
-807
-831
-821
-806
-812
-805
-761
-709
-681
-672
-648
-604
-544
-479
-429
-376
-315
-261
-204
-140
-67
-6
33
73
121
176
233
293
355
408
435
445
469
511
550
553
551
570
579
557
517
500
506
494
470
437
390
308
221
176
161
127
74
36
12
-28
-80
-107
-112
-134
-179
-198
-178
-165
-173
-172
-142
-109
-79
-23
40
71
88
139
232
321
384
444
503
540
567
603
646
676
684
679
660
619
570
527
500
468
399
290
188
109
32
-34
-89
-146
-240
-356
-444
-506
-568
-649
-732
-796
-832
-856
-882
-901
-908
-919
-931
-920
-890
-864
-833
-780
-720
-682
-665
-626
-556
-483
-433
-399
-346
-279
-209
-145
-76
3
72
118
161
231
315
379
409
439
485
526
544
559
582
593
580
565
568
553
510
452
421
397
340
255
190
154
102
36
-20
-54
-97
-144
-176
-214
-259
-287
-288
-269
-235
-200
-176
-155
-118
-57
24
121
218
288
352
425
509
569
584
600
650
724
788
821
836
821
766
711
689
685
648
555
441
354
281
198
102
-2
-109
-230
-341
-416
-471
-535
-618
-704
-772
-814
-844
-872
-893
-921
-957
-991
-988
-958
-930
-891
-833
-769
-725
-691
-645
-581
-504
-422
-360
-304
-244
-164
-87
-25
33
98
171
237
309
397
486
545
577
595
605
614
637
669
667
623
578
551
518
457
403
376
332
246
155
95
53
-9
-75
-122
-174
-242
-316
-354
-356
-352
-344
-313
-270
-239
-224
-183
-116
-53
11
93
189
263
327
382
435
496
560
629
675
704
710
681
644
619
616
605
547
445
349
287
215
140
66
-14
-143
-288
-378
-418
-465
-552
-646
-723
-774
-817
-830
-804
-794
-834
-890
-892
-849
-806
-760
-712
-667
-634
-595
-522
-422
-317
-244
-194
-129
-53
15
89
194
299
369
409
468
544
621
676
698
716
726
715
693
693
708
680
614
564
539
496
419
331
249
166
79
7
-36
-95
-187
-274
-319
-330
-342
-354
-367
-393
-413
-395
-339
-284
-234
-164
-82
-18
45
148
271
325
320
367
457
532
560
580
584
523
455
433
453
437
336
201
118
61
-52
-171
-242
-297
-429
-582
-664
-695
-736
-788
-821
-845
-884
-922
-920
-865
-823
-829
-839
-799
-732
-666
-584
-478
-384
-329
-278
-197
-75
48
127
172
243
362
470
530
594
692
789
839
862
904
961
985
971
957
931
867
786
743
714
648
558
480
396
272
149
60
-8
-102
-209
-277
-316
-376
-459
-514
-527
-533
-546
-521
-471
-422
-386
-333
-234
-128
-12
109
239
311
312
360
479
604
661
646
604
530
468
444
436
398
276
84
-91
-199
-311
-428
-510
-602
-777
-996
-1118
-1138
-1160
-1221
-1304
-1371
-1399
-1394
-1334
-1214
-1111
-1085
-1102
-1046
-892
-713
-549
-419
-305
-185
-44
131
338
529
654
738
844
970
1080
1183
1292
1362
1363
1353
1394
1458
1469
1412
1336
1270
1198
1109
1033
965
850
685
535
428
320
181
45
-75
-206
-344
-430
-463
-487
-542
-603
-631
-630
-600
-544
-462
-383
-305
-198
-47
110
271
356
363
411
549
721
795
788
738
628
497
409
398
380
243
-18
-252
-405
-540
-668
-789
-952
-1239
-1509
-1615
-1615
-1655
-1756
-1835
-1886
-1934
-1954
-1853
-1657
-1516
-1485
-1447
-1295
-1075
-861
-637
-414
-231
-88
71
299
557
762
900
1040
1196
1325
1429
1564
1692
1738
1735
1748
1787
1781
1716
1626
1534
1425
1290
1161
1056
929
746
541
366
194
15
-141
-261
-391
-556
-685
-738
-731
-739
-747
-728
-658
-558
-437
-297
-145
39
248
512
726
759
750
824
999
1180
1284
1294
1131
903
760
740
756
638
304
-91
-352
-560
-757
-919
-1077
-1376
-1793
-2091
-2157
-2112
-2108
-2196
-2334
-2430
-2450
-2327
-2059
-1790
-1678
-1657
-1545
-1278
-957
-644
-353
-90
127
314
549
866
1172
1362
1487
1619
1736
1805
1898
2025
2062
1964
1838
1793
1760
1636
1449
1274
1093
858
618
441
267
17
-227
-409
-558
-709
-810
-848
-903
-973
-968
-872
-774
-696
-602
-445
-247
-10
277
570
850
1146
1421
1491
1431
1485
1722
1935
1932
1782
1508
1157
851
709
644
421
-52
-607
-1060
-1434
-1680
-1782
-1893
-2240
-2756
-3092
-3103
-2946
-2799
-2706
-2650
-2640
-2617
-2372
-1848
-1277
-925
-752
-571
-275
158
689
1188
1509
1658
1779
1966
2194
2390
2533
2618
2562
2370
2181
2116
2066
1884
1619
1356
1067
706
351
66
-229
-600
-971
-1236
-1427
-1628
-1807
-1885
-1897
-1900
-1875
-1754
-1541
-1294
-1025
-735
-408
-41
374
817
1236
1642
2075
2548
2974
3280
3312
3095
2897
2865
2989
2937
2574
1907
1105
416
-80
-410
-777
-1367
-2178
-2969
-3594
-3949
-4042
-4041
-4246
-4680
-5005
-4948
-4570
-4077
-3553
-3107
-2806
-2559
-2052
-1167
-163
617
1158
1607
2077
2595
3187
3788
4230
4420
4486
4552
4561
4411
4174
3969
3700
3239
2632
2046
1514
1017
509
-6
-587
-1272
-1977
-2554
-2932
-3200
-3444
-3652
-3842
-3987
-3959
-3677
-3202
-2731
-2287
-1809
-1252
-615
73
799
1510
2129
2654
3167
3731
4335
4881
5281
5525
5481
4939
4227
3688
3512
3366
2851
1927
589
-799
-1898
-2474
-2784
-3348
-4354
-5445
-6318
-6872
-6968
-6612
-6217
-6255
-6527
-6464
-5791
-4768
-3667
-2649
-1815
-1197
-532
514
1927
3251
4174
4697
4999
5276
5657
6146
6509
6515
6138
5597
5041
4494
3916
3331
2691
1860
766
-392
-1384
-2123
-2733
-3337
-3982
-4694
-5313
-5672
-5677
-5460
-5151
-4757
-4344
-3891
-3266
-2322
-1192
-152
724
1522
2283
3043
3863
4674
5322
5741
6084
6387
6606
6744
6858
6916
6679
5621
4015
2558
1706
1349
752
-313
-2042
-4072
-5733
-6492
-6445
-6354
-6816
-7707
-8655
-9224
-8879
-7539
-5952
-5141
-5106
-4961
-3982
-2267
-226
1646
2921
3450
3755
4496
5802
7179
8147
8381
7849
6916
6186
5965
5954
5580
4589
3163
1606
164
-1015
-1810
-2419
-3224
-4474
-5884
-6931
-7350
-7247
-6837
-6439
-6357
-6473
-6224
-5233
-3784
-2274
-850
366
1256
2049
3153
4548
5768
6557
6901
6877
6735
6826
7138
7244
6950
6441
5894
5313
4771
4317
3805
2408
241
-1840
-3014
-3193
-3375
-4024
-5555
-7640
-9391
-9899
-9043
-7699
-6923
-6934
-7442
-7708
-6813
-4528
-1743
210
903
1006
1491
2855
5028
7222
8508
8495
7741
7100
7050
7464
7908
7759
6572
4466
2174
459
-373
-725
-1239
-2405
-4234
-6299
-7950
-8508
-7894
-6859
-6383
-6764
-7407
-7478
-6461
-4305
-1692
241
942
966
1330
2572
4536
6646
7933
7821
6752
5826
5720
6288
6908
6906
5927
4272
2823
2141
2137
2288
2204
1633
559
-692
-2318
-3886
-4961
-5016
-4536
-4695
-5620
-7034
-8276
-8763
-8068
-6463
-5005
-4446
-4398
-4284
-3545
-1867
572
2753
3632
3414
3291
4022
5387
6744
7556
7473
6586
5503
4843
4649
4446
3834
2694
1119
-678
-2308
-3467
-4132
-4581
-5014
-5501
-6114
-6839
-7327
-7010
-5847
-4401
-3248
-2490
-1908
-1174
57
1876
3769
4972
5328
5257
5238
5472
6004
6635
6752
5974
4636
3415
2657
2336
2264
2070
1439
487
-280
-463
-103
443
985
1197
208
-1876
-3908
-4351
-3225
-2020
-1719
-2806
-4905
-6898
-7389
-5930
-3688
-2251
-2186
-3243
-4438
-4466
-2636
263
2474
2922
2078
1171
1112
2210
3981
5448
5690
4599
2979
1803
1526
2014
2660
2620
1333
-904
-3004
-4059
-3934
-3110
-2259
-2190
-3348
-5078
-5905
-4923
-2672
-498
594
452
-402
-861
66
2256
4393
5256
4728
3506
2385
2093
2965
4226
4591
3562
1841
419
-131
341
1468
2302
2157
1282
565
585
1482
3016
4577
4725
2499
-850
-3151
-2859
-1090
339
37
-2441
-6008
-8619
-8576
-6217
-3502
-2159
-2749
-4660
-6207
-5673
-2737
942
3277
3527
2499
1490
1513
2925
5180
6971
7144
5647
3473
1758
1112
1589
2460
2489
775
-2231
-5034
-6402
-6028
-4450
-2853
-2645
-4260
-6422
-7171
-5597
-2507
581
2310
2095
676
-167
948
3568
6046
7054
6275
4221
2074
1269
2192
3648
4037
2804
604
-1482
-2436
-1761
-34
1424
1721
1078
321
180
1081
3033
5148
5504
3299
-248
-2648
-2639
-1089
451
396
-1877
-5495
-8326
-8649
-6654
-4003
-2294
-2385
-3973
-5577
-5444
-3059
344
2990
3986
3521
2372
1672
2378
4395
6390
6954
5782
3579
1328
-27
2
880
1271
153
-2306
-5036
-6814
-6785
-4984
-2646
-1503
-2269
-3924
-4675
-3603
-1063
1883
4031
4479
3380
2079
1974
3231
4919
5940
5526
3600
1074
-575
-616
390
1295
1314
374
-989
-1824
-1371
279
2248
3633
4128
4160
4244
4000
2930
1190
-161
-447
-207
-205
-1209
-3439
-6192
-7993
-7798
-6128
-4490
-3843
-4199
-4860
-4897
-3672
-1285
1281
2973
3534
3454
3279
3349
3917
4895
5569
5156
3706
1990
490
-673
-1365
-1539
-1711
-2622
-4300
-6022
-7034
-6835
-5291
-3016
-1349
-1179
-1864
-1883
-444
1945
4324
5860
6116
5165
3914
3434
3878
4433
4243
3096
1145
-1135
-2808
-3159
-2501
-1903
-1976
-2464
-2877
-2762
-1767
50
2074
3601
4490
5151
6055
7326
7865
6593
3725
931
-217
34
491
-266
-2859
-6546
-9540
-10263
-8700
-6301
-4470
-3760
-3962
-4341
-3818
-1594
1831
4904
6515
6692
5962
4893
4309
4803
5760
5719
4036
1376
-1364
-3645
-4956
-5013
-4476
-4549
-5723
-7330
-8409
-8101
-5932
-2461
638
1877
1521
1186
2078
4129
6446
8010
8065
6518
4236
2461
1727
1572
1211
126
-1809
-4173
-5992
-6381
-5358
-3849
-2659
-1985
-1584
-1057
63
1984
4273
6183
7298
7876
8308
8860
8735
6821
3250
-354
-2149
-2280
-2022
-2834
-5398
-9079
-12031
-12446
-10251
-7090
-4536
-3032
-2269
-1727
-681
1604
4915
7938
9543
9682
8795
7242
5655
4851
4713
4074
2104
-775
-3770
-6456
-8324
-8756
-7884
-6916
-6847
-7491
-7922
-7190
-4656
-522
3744
6241
6412
5548
5324
6278
7753
8707
8329
6290
3057
-69
-2018
-2779
-3159
-3856
-5052
-6546
-7712
-7661
-5980
-3336
-866
692
1487
2096
3060
4619
6606
8437
9661
10216
10188
8845
5424
815
-2822
-3936
-3332
-2781
-3830
-6950
-11117
-13985
-13547
-10041
-5632
-2303
-628
-181
-63
906
3551
7281
10380
11562
10828
8791
6178
3946
2863
2587
1809
-394
-3742
-7210
-9811
-10807
-9969
-7943
-6083
-5394
-5700
-5830
-4492
-1170
3436
7590
9590
9076
7293
6049
6206
7185
7596
6362
3367
-677
-4439
-6691
-7091
-6452
-6066
-6440
-7202
-7529
-6640
-4234
-828
2348
4236
4827
4894
5211
6095
7578
9312
10634
10864
9971
7962
4348
-449
-4724
-6506
-6090
-5340
-5861
-8166
-11525
-14115
-13788
-10081
-4876
-587
1849
2880
3268
3879
5631
8534
11208
12123
11046
8578
5307
1999
-272
-1202
-1905
-3611
-6286
-9040
-11083
-11716
-10383
-7447
-4350
-2399
-1690
-1374
-329
2254
6123
9781
11445
10538
8057
5589
4239
3945
3678
2286
-584
-4291
-7705
-9773
-9998
-8717
-7041
-5924
-5453
-4941
-3709
-1499
1520
4660
6856
7474
7024
6611
6854
7689
8784
9742
9960
8975
6692
2831
-2168
-6732
-8787
-8093
-6536
-6185
-7872
-10881
-13344
-13028
-9183
-3450
1561
4475
5538
5567
5525
6471
8653
10880
11500
9998
6924
3007
-866
-3519
-4480
-4788
-5814
-7750
-9738
-11000
-10936
-8978
-5374
-1524
1070
2112
2365
2906
4580
7413
10192
11201
9737
6630
3383
1111
9
-537
-1523
-3505
-6189
-8713
-10101
-9763
-7761
-5004
-2696
-1426
-833
-109
1321
3536
5994
7704
7992
7218
6334
5967
6262
7102
8113
8530
7493
4076
-1507
-7312
-10441
-9739
-6927
-4811
-5318
-8347
-11927
-13060
-10096
-4216
1704
5635
7210
6895
5690
5222
6605
9063
10604
10002
7301
3049
-1729
-5310
-6446
-5849
-5366
-6035
-7529
-9102
-9891
-8766
-5312
-737
2912
4483
4303
3595
3794
5668
8435
10107
9185
5883
1754
-1480
-2980
-3183
-3298
-4242
-5998
-7909
-9116
-8857
-6865
-3859
-1096
593
1338
1757
2435
3781
5660
7236
7554
6548
5105
4168
4137
4968
6237
7056
6516
4339
572
-4072
-8085
-9602
-8284
-5916
-4738
-5775
-8342
-10586
-10345
-6766
-1227
3705
6500
7304
6863
6001
5778
6856
8455
8906
7388
4324
457
-3374
-5947
-6517
-5846
-5428
-5852
-6664
-7296
-7172
-5539
-2310
1378
4039
5061
4819
4186
4179
5267
6726
7073
5471
2348
-1066
-3616
-4756
-4848
-4851
-5362
-6167
-6682
-6516
-5457
-3450
-912
1342
2746
3402
3721
4031
4548
5291
5914
5922
5307
4550
4078
4019
4380
4959
5225
3976
306
-5042
-9618
-11038
-9244
-6179
-4307
-5018
-7809
-10200
-9535
-5365
265
4908
7601
8387
7567
6151
5636
6567
7826
7973
6557
3639
-543
-4858
-7487
-7683
-6522
-5557
-5331
-5646
-6127
-5927
-4120
-724
3028
5663
6539
5989
5049
4832
5577
6387
6056
3995
632
-2757
-4908
-5530
-5490
-5638
-5966
-6166
-6102
-5543
-4015
-1589
862
2527
3437
3934
4129
4206
4542
5134
5358
4856
4063
3509
3296
3365
3872
4646
5086
4150
914
-4138
-8858
-10662
-9124
-6088
-4043
-4447
-7109
-9922
-10066
-6438
-732
4227
7049
7776
6871
5299
4568
5460
6989
7513
6370
3657
-359
-4660
-7424
-7623
-6181
-4835
-4385
-4645
-5166
-5178
-3740
-639
3115
5923
6820
6003
4661
4194
4907
5852
5758
3969
739
-2897
-5421
-6047
-5509
-5056
-5088
-5294
-5435
-5215
-3969
-1538
1109
2857
3580
3780
3706
3539
3743
4514
5152
4905
3937
3052
2695
2913
3710
4821
5482
4974
2605
-1614
-6363
-9328
-9151
-6827
-4512
-3892
-5449
-8262
-9858
-8162
-3463
1735
5327
6994
6959
5643
4307
4365
5713
6700
6225
4377
1304
-2705
-6244
-7645
-6837
-5332
-4369
-4099
-4336
-4583
-3865
-1590
1673
4618
6260
6373
5405
4421
4279
4736
4815
3764
1472
-1595
-4416
-5852
-5760
-5212
-5015
-5030
-4859
-4457
-3642
-1953
371
2334
3320
3637
3686
3519
3382
3728
4401
4632
4182
3574
3278
3304
3643
4343
5057
4970
2882
-1465
-6585
-9852
-9797
-7333
-4732
-3844
-5314
-8082
-9577
-7761
-2960
2353
6103
7866
7796
6305
4632
4201
5112
5976
5696
4088
1064
-3129
-7027
-8772
-8006
-6117
-4559
-3818
-3834
-4054
-3506
-1487
1735
4982
7009
7208
6007
4714
4312
4616
4722
3817
1669
-1410
-4393
-6024
-6063
-5428
-4942
-4607
-4278
-4018
-3499
-1946
515
2776
4012
4341
4134
3535
2958
2999
3586
3949
3609
2892
2308
2081
2348
3255
4555
5591
5379
2741
-2208
-7340
-9800
-8728
-5765
-3328
-3078
-5433
-8758
-9994
-7346
-1990
3172
6462
7720
7061
5168
3659
3829
5141
5983
5590
3855
564
-3787
-7365
-8509
-7402
-5588
-4205
-3619
-3831
-4215
-3664
-1488
1832
4944
6612
6393
4961
3719
3504
3980
4183
3366
1295
-1620
-4247
-5466
-5329
-4775
-4285
-3777
-3315
-3107
-2675
-1258
889
2734
3707
4000
3823
3241
2672
2589
2836
2817
2358
1812
1493
1512
2015
3030
4260
5094
5158
3928
802
-3596
-7204
-8136
-6651
-4574
-3545
-4252
-6616
-8913
-8783
-5355
-309
3865
6330
7206
6559
5066
4196
4767
5864
6070
5033
2789
-720
-4635
-7228
-7533
-6316
-4968
-4111
-3886
-4159
-4136
-2923
-417
2515
4754
5637
5069
3870
3169
3224
3475
3257
2217
197
-2398
-4392
-4987
-4675
-4302
-3951
-3393
-2902
-2696
-2075
-421
1632
3020
3553
3679
3466
2929
2594
2803
3099
2978
2611
2426
2381
2339
2479
3084
4062
5026
5269
3409
-997
-6221
-9302
-8939
-6360
-3778
-2882
-4677
-8196
-10341
-8670
-3732
1620
5547
7675
7660
5891
4144
4070
5316
6212
6027
4744
1940
-2187
-5936
-7544
-6962
-5517
-4155
-3318
-3366
-3887
-3703
-1979
942
3890
5732
5808
4490
3182
2836
3198
3446
2966
1411
-1135
-3636
-4884
-4949
-4711
-4391
-3719
-2965
-2695
-2450
-1352
399
1837
2663
3295
3731
3560
2939
2452
2187
1895
1619
1580
1629
1512
1459
1852
2754
3862
4824
5315
5207
4063
1392
-2338
-5547
-6775
-6120
-4946
-4531
-5561
-7884
-9817
-9333
-5862
-1165
2564
4802
5814
5733
5066
4804
5434
6143
6014
4981
3042
123
-3029
-5143
-5702
-5386
-4968
-4550
-4249
-4134
-3842
-2847
-1009
1216
3114
4114
4047
3575
3506
3865
4104
3685
2446
461
-1672
-2980
-3162
-2942
-3094
-3571
-3973
-4206
-4107
-3217
-1521
235
1363
1918
2161
2112
2009
2352
3133
3686
3531
2961
2495
2309
2420
2904
3774
4725
5401
5746
5874
4784
1398
-3506
-7318
-8240
-6947
-5289
-4593
-5737
-8565
-10739
-9768
-5515
-514
3324
6001
7346
6922
5569
4922
5392
5860
5769
5276
3630
126
-4116
-6979
-7617
-6817
-5477
-4217
-3812
-4266
-4485
-3480
-1165
1747
4346
5626
5256
4333
4057
4416
4706
4479
3484
1450
-1069
-2754
-3359
-3901
-4767
-5204
-4840
-4337
-3927
-2979
-1556
-447
209
1073
2184
2854
2998
3139
3248
2849
2129
1700
1642
1494
1288
1488
2193
3019
3719
4303
4765
4953
5055
4892
3228
-491
-4966
-7869
-8362
-7373
-6166
-5759
-6944
-8896
-9373
-6992
-2790
1128
4155
6285
6925
6182
5411
5609
6099
5927
5345
4335
2007
-1551
-4759
-6315
-6474
-6035
-5231
-4576
-4662
-5020
-4545
-2738
-179
2324
4154
4814
4597
4494
4919
5460
5503
4732
2919
240
-2136
-3279
-3637
-4026
-4452
-4683
-5013
-5470
-5200
-3826
-2113
-687
643
1974
2770
2947
3226
3926
4488
4540
4333
3950
3173
2282
1970
2419
3126
3702
4010
4031
3790
3719
3508
1631
-2372
-6782
-9041
-8517
-6520
-4694
-4328
-6221
-8839
-9443
-6727
-2164
2029
5297
7302
7335
5955
4894
5019
5488
5461
5147
4067
1250
-2671
-5743
-6927
-6867
-6270
-5207
-4319
-4258
-4440
-3812
-2063
334
2834
4836
5577
5266
4925
4994
5090
4634
3430
1499
-773
-2486
-3253
-3750
-4447
-5024
-5089
-4806
-4305
-3208
-1712
-539
231
1060
2033
2697
3088
3644
4068
3745
2829
2043
1553
1068
702
733
931
942
998
1428
2024
2553
3222
4260
5275
5798
5298
2910
-1349
-5757
-7994
-7586
-6019
-4932
-5160
-7006
-9210
-9543
-6916
-2695
1027
3858
5866
6461
5726
5027
5338
5986
6088
5833
4912
2360
-1387
-4354
-5356
-5180
-4823
-4328
-4036
-4522
-5290
-5079
-3404
-1027
1175
2723
3178
2723
2349
2860
4062
4941
4662
3155
1089
-522
-1296
-1736
-2241
-2691
-3041
-3517
-4044
-4003
-3279
-2393
-1460
-217
1098
1859
2094
2414
2838
2906
2753
2858
3114
2945
2414
2074
2112
2283
2538
2945
3174
3007
2696
2787
3202
3628
3129
600
-3706
-7722
-9198
-8002
-5825
-4318
-4517
-6631
-8760
-8525
-5232
-783
2905
5675
7194
6757
5069
3968
4279
5020
5479
5736
4904
1984
-1981
-4771
-5521
-5225
-4665
-3962
-3871
-4862
-6057
-6062
-4414
-1836
831
2830
3501
3161
2811
3161
4089
4821
4781
3810
2325
990
-112
-1230
-2171
-2518
-2397
-2342
-2472
-2491
-2508
-2557
-2115
-975
150
567
670
1082
1640
2006
2447
3041
3177
2488
1569
1109
1047
1144
1416
1704
1563
1037
720
906
1414
2077
2970
3751
3967
3464
1669
-1536
-5017
-6764
-6040
-4161
-2843
-2964
-4879
-7459
-8466
-6575
-2756
758
3175
4588
4629
3580
2800
3279
4465
5203
5374
4703
2422
-927
-3575
-4493
-4386
-4211
-3974
-3948
-4655
-5563
-5581
-4316
-2412
-509
1160
2128
2359
2584
3400
4649
5585
5737
5061
3819
2581
1654
877
101
-596
-1277
-2170
-3131
-3609
-3573
-3445
-3273
-2839
-2292
-1932
-1435
-432
700
1429
1947
2591
3067
3088
2981
3030
2991
2717
2540
2613
2408
1816
1359
1413
1732
2056
2491
3018
3176
3102
2633
784
-2555
-5857
-7133
-6257
-4763
-3784
-4069
-5986
-8146
-8581
-6368
-2837
303
2813
4357
4337
3344
2746
3292
4209
4881
5378
4815
2396
-968
-3449
-4243
-4058
-3456
-2687
-2621
-3595
-4682
-4801
-3706
-1920
168
1951
2561
2251
2094
2731
3878
4797
5108
4653
3566
2376
1365
481
-236
-726
-1117
-1692
-2476
-3239
-3865
-4161
-3775
-2908
-2237
-2046
-1823
-1098
-137
838
1989
3160
3784
3775
3675
3662
3473
3243
3281
3241
2535
1463
717
369
125
61
356
617
604
737
1345
2062
2676
2686
1192
-1913
-5122
-6317
-5300
-3614
-2609
-3194
-5441
-7866
-8538
-6539
-3278
-310
2127
3573
3516
2482
1898
2575
3775
5009
6094
5897
3668
406
-2004
-2823
-2761
-2207
-1527
-1723
-3082
-4640
-5194
-4601
-3397
-1684
75
974
948
885
1612
2828
3789
4354
4545
4321
3749
2989
2191
1318
448
-175
-546
-931
-1548
-2363
-3118
-3589
-3709
-3450
-2825
-1969
-1164
-572
-16
695
1461
2111
2706
3218
3315
2949
2529
2406
2345
2077
1730
1379
940
480
313
436
454
232
193
582
1215
1816
2481
2426
641
-2402
-4837
-5283
-4106
-2568
-1694
-2442
-4755
-6850
-7120
-5360
-2958
-863
821
1615
1287
588
527
1411
2699
4120
5307
5246
3593
1304
-348
-853
-614
-79
184
-510
-2051
-3649
-4449
-4153
-3110
-1793
-779
-450
-454
-192
785
2270
3567
4304
4471
4290
3915
3405
2999
2762
2503
2088
1395
314
-1134
-2610
-3582
-3962
-4047
-4037
-4023
-4002
-3899
-3490
-2548
-1207
109
1164
1939
2373
2461
2493
2882
3484
3757
3506
2929
2255
1638
1261
1156
1084
811
483
265
187
154
304
790
1436
1935
2328
2015
274
-2531
-4877
-5366
-4309
-2972
-2445
-3578
-5984
-8060
-8426
-6731
-4102
-1509
599
1754
2002
1858
1988
2922
4493
6375
7786
7770
6245
3898
1785
647
383
475
159
-947
-2598
-4480
-5987
-6491
-5858
-4515
-3243
-2428
-2012
-1684
-824
679
2274
3491
4437
5319
5852
5687
5026
4159
3207
2420
1907
1322
47
-1966
-4003
-5413
-5927
-5488
-4426
-3427
-3023
-3031
-2802
-2019
-705
956
2635
3848
4323
4174
3700
3182
2842
2784
2761
2381
1540
437
-651
-1474
-1830
-1686
-1318
-1075
-1055
-1127
-1031
-553
380
1620
2702
3462
3563
2548
560
-1500
-2467
-2077
-1062
-305
-789
-2769
-5094
-6440
-6074
-4493
-2426
-400
779
737
-44
-742
-551
770
2999
5266
6199
5395
3461
1408
91
-122
610
1360
1120
-193
-2143
-4103
-5305
-5252
-4134
-2885
-2203
-2044
-2136
-1962
-1131
268
1763
2942
3768
4243
4329
4237
4187
4213
4259
4164
3683
2610
1078
-584
-2272
-3801
-4779
-5140
-5049
-4678
-4264
-4207
-4585
-4609
-3593
-1733
253
1730
2507
2658
2537
2595
2920
3317
3561
3682
3697
3366
2736
2142
1784
1571
1426
1362
1183
761
376
355
613
887
1082
1424
1532
709
-1034
-2933
-3943
-3672
-2464
-1174
-1115
-2618
-4520
-5652
-5529
-4511
-2917
-1171
-58
252
35
-469
-807
-319
1362
3405
4544
4417
3368
1952
865
652
1225
1848
1972
1554
423
-1352
-3070
-3940
-3781
-3149
-2600
-2463
-2807
-3099
-2822
-2016
-978
149
1396
2575
3442
3935
3948
3633
3500
3811
4159
3867
2868
1369
-340
-1844
-2790
-3136
-3222
-3213
-3179
-3444
-3995
-4305
-3740
-2307
-669
684
1504
1790
1812
1989
2516
3076
3358
3514
3609
3439
2830
2051
1444
1046
864
866
850
537
-2
-400
-460
-258
101
516
934
1304
1681
1934
1500
267
-1252
-2285
-2365
-1761
-1168
-1566
-3184
-4945
-5868
-5662
-4749
-3627
-2699
-2242
-1987
-1573
-1119
-685
-20
1074
2250
2870
2814
2284
1649
1370
1627
2086
2137
1644
986
376
-182
-625
-864
-882
-783
-739
-895
-1250
-1404
-1125
-647
-253
-3
211
435
752
1173
1461
1438
1275
1269
1490
1783
1908
1749
1360
855
301
-299
-886
-1345
-1622
-1714
-1696
-1721
-1839
-1906
-1733
-1310
-800
-347
50
428
837
1240
1578
1890
2228
2526
2668
2615
2481
2378
2374
2512
2675
2648
2338
1830
1284
778
396
187
44
-217
-541
-838
-1236
-1868
-2794
-3826
-4584
-4736
-4082
-3155
-2677
-2833
-3463
-3936
-3860
-3074
-1759
-516
398
856
766
311
-147
-38
767
1886
2864
3218
2884
2166
1460
1121
1213
1675
2242
2438
2054
1125
-79
-1141
-1756
-1796
-1566
-1493
-1675
-2040
-2468
-2755
-2729
-2285
-1569
-719
223
984
1356
1428
1550
1958
2625
3346
3862
3866
3271
2355
1454
788
373
118
-147
-613
-1333
-2138
-2815
-3127
-2939
-2342
-1649
-1216
-1107
-1100
-905
-426
214
812
1244
1507
1632
1627
1573
1548
1621
1788
1961
2041
1929
1678
1455
1344
1305
1219
1051
842
620
418
266
173
124
-100
-620
-1330
-2029
-2489
-2620
-2462
-2300
-2399
-2664
-2963
-3248
-3457
-3441
-3187
-2786
-2245
-1561
-890
-427
-191
-26
254
769
1439
2094
2663
3125
3409
3444
3268
2960
2620
2358
2233
2087
1645
837
-198
-1232
-2068
-2550
-2635
-2496
-2372
-2371
-2446
-2481
-2384
-2063
-1519
-799
-36
559
874
946
945
976
1085
1329
1674
1947
1988
1761
1360
951
675
599
688
830
898
799
498
81
-288
-451
-382
-189
-52
-95
-334
-653
-879
-893
-702
-407
-129
129
405
623
719
751
862
1033
1131
1159
1113
944
622
287
87
10
-34
-83
-113
-110
-157
-353
-612
-778
-686
-370
-82
-16
-273
-752
-1282
-1692
-1804
-1705
-1594
-1556
-1619
-1717
-1855
-1940
-1804
-1409
-781
-110
428
777
952
1068
1190
1345
1515
1621
1624
1495
1252
942
582
233
-10
-101
-120
-220
-427
-656
-794
-783
-639
-473
-457
-636
-857
-914
-728
-399
-56
182
206
96
42
183
458
706
939
1124
1196
1144
1064
1056
1073
1059
1041
969
723
295
-168
-473
-606
-611
-564
-566
-638
-725
-783
-788
-705
-446
-74
254
448
532
550
563
616
713
823
898
924
819
585
303
125
98
173
249
257
215
146
119
136
220
303
283
157
-2
-82
-86
-71
-88
-219
-459
-759
-1014
-1130
-1120
-1054
-1027
-1053
-1097
-1155
-1175
-1126
-984
-798
-632
-514
-457
-450
-502
-592
-608
-473
-198
74
247
275
163
45
64
223
357
406
479
636
736
682
539
392
302
316
473
643
633
486
361
317
262
185
206
319
401
369
215
30
-105
-173
-172
-174
-190
-249
-336
-372
-386
-371
-335
-290
-263
-243
-207
-131
-17
198
460
634
676
594
464
316
271
351
448
415
279
129
-1
-62
-52
23
72
61
5
-32
6
90
154
206
277
327
262
90
-64
-146
-132
-25
94
133
42
-80
-160
-183
-98
88
315
459
429
284
114
25
61
160
245
208
56
-165
-413
-631
-749
-781
-783
-795
-797
-821
-943
-1078
-1050
-854
-647
-526
-401
-268
-190
-107
62
291
453
547
642
759
867
896
825
727
624
493
321
139
-49
-265
-464
-555
-515
-418
-352
-322
-302
-295
-308
-285
-143
82
233
243
111
-76
-251
-300
-197
-61
2
9
-29
-71
-77
32
233
385
486
514
534
518
479
454
475
511
491
296
56
-163
-268
-335
-416
-445
-440
-379
-339
-292
-259
-232
-195
-64
123
293
378
415
470
511
574
661
741
795
779
713
578
414
311
303
366
353
164
-132
-394
-570
-667
-705
-710
-738
-811
-852
-830
-750
-629
-503
-321
-83
165
324
421
510
567
585
560
534
473
392
302
170
-14
-261
-519
-692
-769
-775
-776
-732
-683
-666
-693
-636
-459
-234
-21
96
135
124
179
330
474
514
482
399
284
169
102
51
-48
-160
-201
-189
-182
-223
-291
-289
-212
-104
-25
-1
-14
-32
17
107
117
32
-79
-106
-77
-49
-26
-14
16
106
167
201
196
229
360
514
652
686
684
724
787
807
776
713
638
532
385
164
-109
-359
-488
-485
-424
-400
-497
-670
-772
-742
-565
-329
-124
-47
-126
-201
-149
12
197
328
396
447
445
361
183
72
70
149
166
126
-4
-215
-401
-464
-361
-245
-204
-228
-292
-360
-370
-291
-137
-38
37
45
-5
-82
-117
-44
72
158
174
134
76
78
106
185
237
288
337
258
68
-139
-172
-56
33
1
-142
-322
-518
-660
-671
-551
-406
-343
-364
-437
-459
-375
-159
127
326
415
411
452
510
550
617
693
726
675
551
425
266
148
76
7
-110
-291
-505
-674
-720
-682
-601
-588
-575
-610
-639
-595
-447
-167
108
281
318
248
191
210
372
658
883
914
741
516
328
226
172
193
191
100
-96
-340
-500
-516
-430
-262
-126
-8
55
63
92
145
270
417
542
587
540
419
314
219
155
156
184
205
151
64
3
-30
3
80
114
83
32
-46
-82
-167
-177
-172
-192
-252
-409
-529
-608
-608
-536
-460
-427
-390
-321
-225
-181
-168
-44
127
292
397
481
483
390
272
237
259
224
193
141
100
11
-93
-157
-211
-260
-301
-339
-372
-452
-556
-644
-661
-621
-575
-507
-448
-411
-407
-404
-338
-226
-29
203
392
497
477
427
371
335
369
453
539
535
410
275
150
65
48
123
223
271
233
196
187
193
239
260
235
202
152
134
108
77
50
-38
-87
-63
-10
22
6
-21
-94
-183
-157
-61
6
-30
-37
0
28
11
-53
-166
-214
-197
-88
-44
-31
-33
-82
-145
-199
-193
-151
-115
-75
-40
-96
-163
-265
-274
-194
-100
-22
-8
10
59
130
256
380
395
358
287
268
224
172
93
-25
-163
-242
-271
-324
-458
-661
-765
-734
-569
-458
-388
-360
-257
-150
7
180
344
438
504
602
696
725
667
581
544
544
531
379
161
11
-55
-68
-114
-76
-76
-107
-165
-158
-97
-57
-30
9
71
147
211
218
165
59
-34
-99
-160
-240
-297
-316
-336
-399
-474
-479
-467
-409
-369
-317
-300
-283
-183
12
237
415
441
403
302
312
375
409
387
336
323
280
229
137
31
-112
-153
-185
-160
-211
-245
-303
-347
-329
-310
-253
-218
-169
-93
-24
54
126
183
229
249
310
311
258
177
152
158
134
87
-12
-82
-132
-156
-163
-156
-150
-171
-231
-252
-236
-152
-51
15
62
60
2
-71
-47
47
134
113
68
-40
-157
-177
-101
4
-18
-75
-131
-153
-146
-87
-13
22
93
157
191
140
130
180
198
191
187
194
158
90
-8
-90
-118
-70
-48
-153
-279
-319
-274
-218
-150
-53
33
52
55
85
101
137
172
293
390
420
395
336
331
288
229
180
169
136
108
107
155
174
142
133
114
46
-35
-90
-85
-79
-134
-235
-345
-411
-406
-370
-329
-294
-273
-210
-156
-95
-77
-36
-12
21
35
27
50
35
19
21
63
145
127
67
34
41
72
51
-4
-43
-74
-99
-92
-65
1
-16
-56
-101
-176
-272
-319
-277
-196
-167
-152
-121
-118
-118
-67
24
125
122
81
-11
-65
-92
-44
-1
37
47
28
-28
-149
-198
-129
107
318
433
379
252
136
133
212
324
391
366
211
1
-130
-191
-245
-246
-180
-146
-164
-253
-189
-135
-12
110
265
400
417
360
270
239
215
244
199
203
144
34
-140
-314
-336
-286
-231
-193
-208
-218
-237
-262
-179
-84
76
208
219
232
164
128
82
67
118
163
153
127
80
36
-18
-33
22
83
78
23
-19
-75
-97
-157
-144
-131
-154
-212
-277
-287
-265
-226
-206
-198
-180
-123
-108
-72
-67
-43
-34
4
65
66
38
-17
15
13
-3
-34
24
116
103
8
-83
-87
-13
66
114
155
162
170
185
173
154
78
80
61
18
-52
-118
-168
-225
-209
-168
-138
-189
-184
-139
-75
-61
-32
33
95
108
127
139
207
220
283
258
290
293
280
307
262
276
241
271
286
238
199
199
231
246
236
196
140
52
-8
-1
10
31
-29
-78
-126
-187
-243
-297
-307
-292
-299
-355
-415
-443
-396
-333
-299
-273
-254
-209
-213
-222
-170
-72
10
-18
-55
-43
-4
43
19
21
18
1
-6
-36
-49
-92
-149
-168
-139
-89
-28
-9
-24
-42
-69
-65
-72
-97
-60
-36
7
24
-45
-67
-85
-31
4
-28
-53
-85
-18
87
128
160
130
157
197
281
380
377
309
221
206
199
221
237
257
225
227
230
231
190
205
239
259
277
240
218
119
84
43
-30
-56
-56
-24
-64
-134
-88
-58
-68
-161
-168
-60
29
15
5
49
111
74
39
28
34
-14
-41
-50
-101
-115
-162
-170
-226
-230
-226
-275
-341
-328
-256
-213
-191
-216
-255
-308
-313
-275
-251
-156
-34
58
60
29
-23
11
124
223
273
215
203
128
80
35
1
-17
-75
-71
-120
-165
-266
-285
-264
-194
-75
7
118
130
124
67
49
70
101
116
133
134
63
16
-22
-40
-78
-81
-43
0
9
64
72
117
144
165
168
143
160
164
165
103
34
-8
11
27
-16
-61
-114
-115
-64
7
11
-48
-59
27
130
202
212
209
171
169
186
188
177
168
199
165
98
4
-75
-110
-143
-78
-46
-75
-152
-215
-164
-92
0
-4
-9
-67
-79
-97
-72
-15
-29
16
3
60
52
4
-64
-96
-8
60
15
-86
-128
-92
-90
-109
-133
-79
-33
-30
-64
-141
-101
-43
18
-9
-31
-4
-18
-95
-127
-128
-75
-34
23
77
58
42
29
8
29
41
81
89
92
47
-45
-117
-108
-79
-106
-122
-75
-17
-87
-154
-179
-132
-59
48
153
169
108
99
164
223
284
324
399
412
358
289
229
188
174
223
246
208
85
-13
-133
-196
-198
-127
-114
-186
-246
-315
-266
-231
-92
-42
-24
-41
-69
-72
-100
-95
-118
-99
-78
-61
-102
-165
-110
-65
16
22
27
52
9
1
-48
-29
10
52
39
7
-7
-33
-49
-75
-42
-1
-6
-24
-77
-85
-82
-82
-85
-43
12
86
73
25
6
58
115
100
29
38
59
77
82
92
149
146
194
160
154
92
79
96
127
188
208
146
42
-57
-111
-136
-187
-155
-140
-76
-9
51
55
37
26
57
105
151
193
133
43
-32
-45
-29
-27
-41
-73
-109
-139
-171
-219
-199
-146
-63
-81
-150
-193
-194
-99
-20
12
-40
-95
-145
-188
-219
-174
-125
-111
-110
-81
-61
-101
-104
-80
10
