SAMPLES:	17547
BITSPERSAMPLE:	16
CHANNELS:	1
SAMPLERATE:	16000
NORMALIZED:	FALSE
0
0
0
0
0
-1
0
-1
1
0
1
0
0
1
0
0
1
0
0
0
1
-1
-1
1
0
0
0
-1
0
0
1
0
0
0
0
0
0
-1
0
0
0
-1
0
0
1
1
-1
0
0
0
0
0
0
0
0
0
-1
1
0
0
1
0
0
0
0
1
-1
0
0
0
0
-1
1
0
0
-1
0
0
0
0
0
-1
0
-1
1
0
0
1
0
0
0
0
0
0
0
0
-1
0
0
0
1
0
1
0
0
0
0
-1
0
0
1
1
0
0
0
-1
-1
0
0
0
-1
0
0
1
0
1
0
0
1
0
0
1
0
0
0
0
0
0
0
0
0
0
0
-1
1
0
0
0
0
0
0
0
0
0
0
-1
0
-1
0
0
0
0
0
-1
0
0
0
1
0
0
0
0
0
0
0
0
0
-1
1
1
-1
0
0
0
0
0
0
0
0
0
0
0
0
0
-1
0
0
0
0
0
0
0
0
-1
0
0
0
0
-1
0
-1
0
0
0
0
0
-1
0
0
-1
0
0
0
1
0
0
0
0
0
0
1
0
0
0
0
0
1
0
0
0
1
1
0
0
0
0
0
0
0
0
1
1
1
0
0
-1
0
0
0
-1
-1
0
0
0
0
0
0
0
0
0
0
0
0
0
0
0
0
0
0
0
0
0
1
1
1
0
-1
0
0
0
0
0
0
1
-1
-1
0
0
0
0
0
1
0
-1
0
0
0
0
0
0
0
0
-1
0
0
0
0
1
0
0
0
0
0
-1
1
1
0
0
0
0
1
0
0
0
0
0
0
0
0
0
0
0
0
1
0
0
0
0
0
0
1
0
0
0
0
0
0
0
0
0
0
1
0
-1
0
0
0
0
-1
0
0
0
0
0
0
-1
0
0
-1
0
0
0
-1
1
0
0
0
0
0
0
0
0
0
0
0
0
0
-1
0
-1
0
0
0
0
0
0
0
0
0
1
0
0
0
0
0
0
0
0
0
0
0
1
0
0
0
0
0
0
0
0
0
-1
0
0
1
0
0
0
0
0
0
0
1
0
0
0
0
0
0
-1
0
1
0
0
0
0
0
0
0
0
-1
0
0
0
0
0
0
0
0
1
0
-1
0
1
0
0
-1
0
0
0
0
-1
0
0
0
0
1
0
0
0
0
0
0
0
0
-1
0
0
0
0
0
0
0
0
0
1
0
0
0
0
0
1
0
0
1
0
1
-1
0
0
0
0
0
0
0
0
-1
0
-1
-1
0
0
0
0
0
0
0
0
0
0
-1
0
-1
0
0
0
0
0
0
-1
0
0
0
0
0
0
0
0
0
0
0
0
0
0
0
0
0
1
1
0
-1
0
0
0
0
0
0
0
0
0
0
0
0
0
0
0
0
1
0
0
0
0
0
1
0
0
0
0
0
0
0
-1
-1
0
0
0
0
0
-1
-1
0
0
0
-1
1
0
0
-1
0
0
0
0
0
0
0
0
0
0
0
0
0
0
0
0
1
0
0
-1
0
0
0
0
0
0
1
0
0
-1
-1
0
0
0
0
-1
0
0
0
0
0
1
0
0
1
0
1
0
0
0
0
0
0
-1
0
0
0
0
0
0
1
0
0
0
0
0
0
-1
-1
0
-1
0
0
0
0
0
0
0
0
0
0
0
0
0
0
-1
0
0
0
0
1
0
0
0
0
0
0
0
0
0
0
-1
1
-1
0
0
0
0
0
0
0
0
1
0
1
0
0
0
1
-1
0
0
0
0
0
0
0
0
0
0
-1
0
0
0
0
1
1
0
1
0
0
0
0
0
0
0
0
0
0
-1
-1
-1
-1
0
0
0
0
0
-1
0
0
0
0
0
-1
0
-1
0
1
0
0
1
0
0
-1
0
-1
0
0
0
-1
0
1
-1
0
0
0
0
-1
0
1
0
-1
1
1
0
1
-1
0
0
1
0
0
-1
1
0
0
1
0
0
0
0
1
0
0
0
0
1
0
-1
0
-1
0
1
0
1
-1
0
1
0
0
0
0
0
-1
0
0
0
0
0
0
0
0
0
0
-1
0
1
0
1
0
-1
0
0
1
0
0
0
0
0
0
-1
0
-1
0
0
0
0
0
0
0
1
0
1
0
0
0
0
0
-1
0
0
0
0
0
-1
0
0
0
0
0
0
1
0
0
0
0
1
0
0
0
0
0
0
0
0
0
-1
0
1
0
0
0
0
0
0
0
0
0
0
0
0
0
0
0
-1
1
0
0
0
-1
0
0
0
1
0
0
0
-1
0
0
0
0
1
1
0
1
0
0
-1
0
-1
0
0
0
0
0
0
0
0
0
0
0
0
0
1
0
0
0
0
0
0
0
0
0
0
0
0
0
0
0
0
0
0
1
0
0
0
1
0
0
0
0
0
0
0
0
1
1
0
0
1
0
0
0
0
0
1
0
0
-1
1
0
-1
-1
0
0
0
0
0
1
0
1
0
0
0
1
0
-1
0
-1
0
0
-1
0
0
0
-1
0
0
0
0
0
0
0
0
1
-1
0
0
0
0
-1
0
0
0
0
0
1
0
0
0
0
0
0
0
0
1
1
0
0
0
0
0
0
0
0
0
1
0
-1
0
0
0
0
0
0
0
0
0
0
1
0
1
1
1
0
0
0
0
0
0
0
0
0
0
0
0
-1
0
0
0
-1
0
-1
0
0
0
0
0
0
0
-1
1
0
1
0
0
0
0
1
1
0
-1
0
1
-1
0
0
0
0
0
0
0
0
0
0
0
0
0
1
-1
0
0
0
0
0
0
0
-1
0
-1
0
0
0
0
0
-1
0
1
0
0
0
1
0
0
0
0
0
0
0
0
0
0
0
0
0
0
1
0
1
0
-1
-1
-1
0
0
0
0
0
0
0
-1
0
0
1
-1
0
1
0
0
0
0
0
0
0
-1
0
0
0
0
0
0
0
0
0
0
0
0
0
0
0
0
0
0
0
0
0
0
1
0
1
0
0
0
1
0
0
-1
1
0
-1
0
0
-1
0
0
0
0
-1
0
0
0
0
1
0
0
0
1
0
0
1
-1
0
0
0
0
0
0
-1
0
1
0
0
0
1
-1
0
0
0
-1
0
0
0
-1
0
1
0
-1
0
0
-1
-1
0
0
0
0
-1
-1
-1
0
0
0
0
0
0
0
0
0
1
0
-1
0
1
0
1
0
0
0
-1
0
0
0
0
0
0
-1
1
0
0
0
0
1
0
0
0
-1
0
1
0
0
0
0
0
0
0
0
0
0
-1
1
-1
0
1
0
0
0
0
0
0
0
0
0
0
0
0
0
0
0
1
0
0
0
0
-1
1
0
0
0
-1
0
0
0
0
0
0
0
0
-1
0
0
0
-1
0
0
1
0
0
0
0
0
-1
0
1
0
-1
0
0
0
0
-1
0
0
0
0
0
0
-1
0
0
0
0
1
1
1
0
-1
-2
0
2
1
3
0
-3
-21
-55
-67
-70
-68
-69
-74
-79
-81
-74
-64
-53
-48
-46
-43
-39
-34
-30
-29
-21
-8
4
10
7
-2
-4
3
9
15
17
17
25
33
30
27
31
37
43
48
55
55
51
47
52
59
64
62
56
60
68
68
60
55
50
47
40
30
24
24
24
19
11
6
7
4
-1
-1
-2
-2
-9
-18
-24
-31
-34
-32
-28
-27
-26
-27
-32
-34
-33
-33
-32
-34
-33
-37
-42
-45
-44
-40
-37
-35
-27
-19
-16
-22
-28
-28
-24
-25
-29
-25
-11
5
13
10
3
-4
-14
-15
-8
6
24
41
44
36
22
13
11
18
27
28
28
30
27
26
32
37
38
37
39
44
47
41
30
19
24
34
38
36
31
37
44
42
30
11
6
6
7
4
3
-1
-6
-8
-14
-22
-26
-28
-35
-46
-49
-47
-42
-39
-41
-42
-46
-41
-37
-35
-33
-34
-32
-32
-37
-40
-39
-35
-32
-31
-29
-30
-31
-27
-22
-11
-6
-7
-10
-7
-1
-1
-4
-5
-6
-7
-1
6
12
13
16
21
27
32
32
33
35
39
47
55
61
66
72
74
72
71
74
79
79
76
71
62
56
50
46
41
41
37
31
25
24
20
15
12
9
5
-1
-9
-14
-14
-13
-15
-21
-25
-27
-34
-44
-54
-56
-58
-61
-69
-75
-75
-77
-81
-90
-102
-108
-105
-94
-89
-91
-92
-89
-85
-83
-77
-65
-57
-52
-47
-36
-23
-16
-11
-4
7
21
37
45
48
49
49
50
47
41
44
54
64
68
69
73
75
69
64
70
83
92
100
103
101
89
76
74
73
68
58
47
42
36
23
17
17
15
9
3
-3
-7
-10
-2
5
0
-6
-6
-4
-6
-6
-11
-17
-20
-21
-26
-35
-46
-51
-53
-51
-53
-60
-64
-65
-67
-71
-71
-63
-57
-51
-46
-45
-50
-47
-39
-34
-35
-36
-30
-25
-24
-25
-25
-22
-20
-23
-24
-19
-11
-6
-9
-14
-8
-1
-2
-5
0
12
21
26
23
19
22
35
40
39
43
46
45
41
41
41
40
46
52
50
46
49
52
52
50
50
50
50
49
44
34
24
17
21
24
24
21
15
12
12
7
-4
-14
-23
-27
-30
-32
-35
-41
-47
-43
-40
-46
-51
-49
-46
-47
-41
-37
-35
-30
-27
-29
-38
-43
-42
-39
-33
-29
-28
-31
-31
-32
-31
-28
-18
-6
0
5
11
21
28
28
30
33
37
41
41
39
36
38
44
46
41
34
26
24
30
35
36
34
37
40
33
22
12
5
6
15
19
13
3
-2
-6
-9
-16
-24
-27
-29
-31
-38
-45
-43
-34
-25
-24
-27
-26
-23
-24
-29
-30
-26
-19
-12
-11
-20
-31
-35
-31
-21
-11
-9
-13
-14
-18
-26
-32
-37
-39
-41
-43
-43
-43
-37
-30
-26
-21
-17
-13
-11
-12
-6
0
5
7
10
13
14
19
30
39
42
51
58
56
61
65
66
62
68
78
75
70
69
66
67
70
68
61
61
61
57
48
43
37
33
34
29
18
9
6
3
-3
-6
-13
-25
-33
-28
-22
-26
-37
-37
-31
-34
-37
-44
-48
-42
-28
-23
-32
-38
-41
-45
-48
-50
-55
-65
-72
-69
-60
-53
-51
-55
-53
-39
-23
-28
-42
-40
-28
-17
-19
-26
-26
-18
-6
-7
-18
-14
4
17
19
19
24
33
42
36
21
22
35
43
42
42
46
51
50
45
37
36
41
49
49
43
39
33
27
21
15
11
9
10
10
13
13
9
8
9
13
15
12
14
14
9
5
9
15
18
19
14
8
7
6
0
-9
-9
-7
-10
-16
-24
-36
-42
-38
-40
-44
-47
-42
-37
-36
-38
-40
-38
-29
-25
-32
-38
-36
-31
-29
-28
-29
-26
-20
-16
-18
-28
-33
-27
-17
-10
-7
-2
7
16
17
17
20
32
47
58
58
54
58
66
74
78
84
92
94
91
83
71
60
62
63
58
51
39
30
30
35
29
11
-6
-11
-11
-15
-22
-31
-36
-38
-37
-37
-35
-34
-35
-35
-35
-41
-48
-55
-57
-56
-53
-53
-55
-63
-62
-55
-54
-57
-55
-54
-54
-55
-52
-49
-48
-42
-36
-29
-29
-26
-21
-14
-7
-1
-1
-3
4
15
19
15
15
25
36
44
40
34
38
48
56
52
46
46
50
53
56
57
56
54
52
54
61
66
61
52
50
50
47
41
36
28
16
7
3
4
4
2
1
-3
-2
-1
-3
-12
-25
-27
-20
-12
-12
-22
-25
-20
-20
-22
-27
-29
-30
-34
-30
-30
-33
-32
-32
-35
-40
-40
-36
-40
-50
-54
-51
-46
-50
-55
-60
-58
-47
-38
-33
-30
-27
-26
-30
-23
-17
-16
-12
-8
-8
-8
1
12
12
7
8
11
10
10
11
17
24
36
44
38
37
38
35
33
42
56
65
60
48
39
41
45
42
39
39
43
48
45
32
22
16
16
14
11
12
9
4
3
3
0
-7
-17
-14
-7
-6
-12
-22
-30
-34
-31
-23
-18
-21
-16
-12
-15
-15
-15
-18
-23
-23
-16
-16
-15
-14
-15
-22
-29
-36
-41
-36
-25
-22
-30
-36
-36
-37
-41
-39
-33
-27
-19
-16
-12
-8
-6
-1
5
8
7
3
8
17
26
30
36
40
38
29
23
31
42
53
58
56
53
51
51
50
48
49
43
36
37
37
31
26
26
19
9
6
2
-7
-17
-21
-25
-28
-29
-25
-25
-30
-34
-32
-28
-22
-20
-25
-33
-37
-33
-38
-42
-43
-47
-51
-54
-58
-63
-57
-55
-56
-54
-47
-42
-40
-35
-29
-30
-27
-14
-8
-12
-7
2
6
6
12
21
28
36
42
39
40
37
31
32
35
36
35
33
30
30
32
34
33
33
40
44
52
59
62
58
51
53
56
59
63
63
60
58
52
45
36
30
26
22
25
21
7
-4
-7
-19
-29
-27
-18
-20
-21
-20
-26
-32
-32
-37
-51
-57
-48
-40
-40
-45
-57
-60
-48
-42
-53
-67
-65
-59
-59
-60
-60
-62
-66
-58
-51
-51
-50
-50
-43
-35
-28
-24
-24
-25
-22
-19
-20
-24
-16
0
13
15
15
23
32
38
45
51
55
61
63
57
52
51
62
74
74
66
59
59
64
70
74
70
63
64
67
69
61
49
33
25
25
22
8
-5
-13
-14
-9
-4
-12
-23
-23
-20
-19
-16
-14
-25
-41
-37
-28
-33
-45
-47
-47
-49
-43
-34
-25
-26
-30
-36
-36
-37
-42
-48
-56
-54
-43
-32
-27
-31
-34
-30
-23
-22
-24
-22
-17
-8
-4
-2
5
16
25
33
35
30
21
21
31
34
38
45
51
55
56
58
57
52
49
49
56
62
58
48
42
43
43
40
38
36
29
27
28
24
18
12
5
-5
-12
-17
-16
-16
-20
-33
-42
-40
-35
-38
-47
-50
-44
-29
-25
-36
-48
-46
-36
-26
-25
-24
-24
-25
-23
-26
-28
-37
-47
-49
-44
-39
-46
-46
-42
-39
-35
-31
-30
-26
-17
-13
-16
-14
2
20
33
43
38
30
30
32
36
40
40
34
29
23
27
36
36
31
31
40
46
47
44
38
30
29
35
40
40
42
40
30
25
34
38
36
38
38
31
30
28
24
25
35
37
24
15
9
5
3
2
-5
-9
-8
-6
-2
-7
-17
-35
-41
-36
-36
-42
-52
-64
-71
-74
-85
-101
-114
-122
-126
-127
-123
-125
-132
-131
-126
-118
-107
-95
-89
-87
-76
-51
-28
-11
-1
9
23
44
63
72
73
81
96
114
129
135
129
127
142
158
161
157
153
149
152
158
155
134
119
112
97
84
78
62
42
29
23
11
-7
-31
-64
-90
-94
-96
-109
-125
-138
-147
-152
-149
-148
-149
-149
-148
-145
-138
-126
-125
-124
-107
-79
-62
-52
-42
-28
-10
13
24
20
27
55
81
93
94
91
80
76
79
87
98
101
90
73
64
66
73
75
58
33
19
26
33
31
19
0
-19
-19
-20
-37
-56
-65
-68
-73
-77
-87
-101
-105
-100
-100
-99
-88
-75
-73
-74
-75
-81
-81
-67
-44
-16
11
23
29
37
54
71
84
101
108
106
115
132
145
147
141
133
128
129
133
129
116
108
106
102
88
65
37
15
-3
-17
-33
-55
-87
-123
-138
-133
-134
-149
-166
-182
-194
-193
-181
-179
-191
-202
-211
-208
-194
-178
-166
-155
-142
-131
-116
-91
-69
-60
-51
-28
5
30
53
70
87
113
149
180
199
208
211
220
239
263
276
276
272
268
267
268
262
244
226
203
189
182
165
120
75
50
35
15
-9
-45
-87
-123
-142
-163
-193
-215
-226
-233
-242
-250
-262
-273
-281
-282
-279
-279
-286
-285
-275
-256
-234
-205
-178
-161
-143
-121
-93
-58
-22
4
18
32
60
97
134
167
189
209
241
267
278
281
286
290
296
307
314
311
301
289
268
240
214
181
141
103
70
35
7
-39
-72
-117
-172
-227
-268
-344
-444
-499
-518
-568
-652
-680
-676
-720
-807
-815
-780
-774
-804
-757
-683
-643
-622
-526
-417
-324
-244
-135
-28
95
233
359
458
584
741
876
988
1126
1286
1394
1467
1582
1732
1789
1787
1826
1907
1883
1807
1769
1753
1625
1456
1327
1202
983
732
482
218
-54
-315
-583
-882
-1168
-1424
-1645
-1851
-2060
-2269
-2443
-2569
-2666
-2747
-2811
-2864
-2892
-2875
-2818
-2738
-2643
-2528
-2393
-2233
-2036
-1816
-1587
-1354
-1099
-827
-541
-245
57
363
667
977
1290
1602
1907
2205
2489
2753
3002
3241
3460
3642
3792
3915
4007
4064
4079
4037
3947
3818
3658
3453
3193
2888
2539
2153
1736
1296
837
371
-105
-593
-1079
-1554
-2009
-2441
-2832
-3188
-3515
-3809
-4068
-4295
-4481
-4620
-4714
-4764
-4775
-4757
-4701
-4604
-4475
-4330
-4158
-3937
-3673
-3370
-3031
-2668
-2281
-1858
-1405
-940
-459
41
548
1059
1571
2073
2561
3049
3523
3955
4349
4721
5054
5326
5558
5746
5865
5928
5944
5887
5744
5533
5256
4908
4500
4048
3540
2988
2412
1818
1202
575
-38
-639
-1215
-1762
-2281
-2755
-3177
-3563
-3920
-4228
-4473
-4666
-4821
-4940
-5029
-5091
-5103
-5076
-5025
-4948
-4833
-4663
-4444
-4201
-3938
-3648
-3323
-2961
-2556
-2112
-1652
-1179
-681
-168
356
898
1446
1976
2484
2989
3481
3944
4373
4749
5066
5336
5562
5729
5820
5831
5755
5599
5394
5137
4804
4394
3938
3445
2920
2373
1796
1188
573
-25
-606
-1165
-1694
-2202
-2687
-3125
-3501
-3823
-4091
-4302
-4475
-4619
-4718
-4765
-4778
-4765
-4716
-4635
-4538
-4420
-4266
-4078
-3859
-3606
-3321
-3018
-2692
-2332
-1928
-1487
-1015
-530
-39
465
990
1533
2082
2621
3139
3631
4102
4549
4957
5300
5573
5788
5948
6042
6058
5996
5863
5648
5350
4985
4561
4079
3544
2961
2337
1679
1007
336
-328
-975
-1587
-2157
-2692
-3186
-3642
-4050
-4406
-4695
-4916
-5092
-5232
-5334
-5389
-5383
-5319
-5226
-5116
-4966
-4769
-4533
-4264
-3960
-3636
-3290
-2899
-2472
-2035
-1568
-1076
-582
-67
488
1053
1607
2170
2732
3270
3804
4335
4813
5213
5578
5893
6126
6295
6412
6440
6363
6218
6009
5720
5351
4899
4370
3786
3181
2542
1862
1161
442
-284
-984
-1634
-2239
-2810
-3333
-3815
-4254
-4620
-4913
-5160
-5374
-5528
-5606
-5631
-5612
-5556
-5463
-5321
-5124
-4873
-4606
-4336
-4034
-3672
-3255
-2823
-2404
-1980
-1503
-971
-416
115
610
1112
1665
2283
2895
3437
3910
4351
4813
5288
5711
5991
6142
6253
6368
6436
6379
6179
5864
5483
5095
4684
4180
3522
2769
2008
1298
639
-56
-839
-1668
-2423
-3034
-3542
-4027
-4535
-5046
-5437
-5639
-5719
-5776
-5865
-5934
-5905
-5728
-5450
-5171
-4927
-4675
-4329
-3872
-3363
-2872
-2425
-1971
-1456
-880
-295
257
772
1283
1825
2402
2965
3493
3989
4474
4950
5415
5832
6179
6464
6699
6878
6982
7008
6951
6797
6547
6221
5816
5305
4691
4015
3277
2465
1587
677
-263
-1227
-2197
-3140
-4065
-4962
-5806
-6560
-7221
-7794
-8283
-8670
-8954
-9133
-9205
-9190
-9077
-8884
-8604
-8242
-7808
-7330
-6803
-6199
-5539
-4869
-4191
-3453
-2654
-1853
-1059
-238
601
1415
2226
3078
3936
4762
5587
6452
7312
8112
8855
9563
10212
10784
11265
11674
11989
12179
12217
12143
11964
11647
11174
10599
9922
9134
8232
7246
6167
5002
3776
2505
1178
-173
-1532
-2919
-4303
-5615
-6832
-7990
-9064
-10011
-10819
-11564
-12184
-12675
-13040
-13278
-13427
-13477
-13398
-13154
-12808
-12395
-11928
-11415
-10800
-10089
-9348
-8674
-8064
-7474
-6865
-6162
-5424
-4734
-4107
-3454
-2643
-1662
-543
663
1872
3055
4230
5438
6767
8241
9783
11191
12311
13198
14056
15084
16199
17132
17664
17787
17803
17905
18027
17894
17287
16317
15277
14360
13465
12411
11148
9771
8381
6910
5225
3418
1834
673
-263
-1462
-3204
-5180
-6737
-7517
-7884
-8571
-9916
-11537
-12728
-13161
-13212
-13564
-14488
-15553
-16099
-15911
-15420
-15225
-15548
-16038
-16133
-15594
-14696
-13914
-13471
-13174
-12657
-11730
-10559
-9447
-8511
-7575
-6388
-4948
-3526
-2361
-1383
-196
1493
3476
5144
6120
6686
7491
8878
10474
11548
11718
11392
11381
12082
13024
13346
12709
11602
10827
10730
10864
10454
9193
7601
6407
5843
5511
4833
3648
2376
1594
1351
1150
528
-449
-1286
-1586
-1433
-1371
-1859
-2745
-3421
-3435
-2887
-2319
-2238
-2614
-2884
-2524
-1566
-547
34
102
85
535
1580
2788
3591
3821
3823
4122
4939
5955
6597
6580
6166
5899
6087
6529
6693
6215
5267
4408
4016
3919
3566
2604
1232
-1
-728
-1123
-1727
-2894
-4394
-5666
-6400
-6853
-7587
-8861
-10364
-11518
-12064
-12314
-12793
-13700
-14697
-15237
-15142
-14775
-14659
-14914
-15165
-14956
-14212
-13294
-12628
-12256
-11834
-11004
-9790
-8591
-7758
-7196
-6525
-5507
-4282
-3203
-2456
-1852
-1002
239
1609
2756
3682
4703
6121
7865
9530
10752
11589
12495
13841
15505
16972
17822
18155
18472
19193
20261
21180
21499
21197
20682
20394
20399
20327
19741
18549
17112
15914
15111
14412
13360
11796
10057
8692
7976
7572
6823
5398
3670
2390
1883
1648
777
-1119
-3406
-5029
-5616
-5880
-6888
-8954
-11328
-12923
-13410
-13599
-14560
-16502
-18617
-19931
-20294
-20497
-21390
-22962
-24351
-24783
-24357
-23860
-23966
-24550
-24824
-24147
-22734
-21412
-20735
-20466
-19881
-18518
-16667
-15015
-13966
-13239
-12193
-10567
-8611
-6841
-5613
-4725
-3726
-2221
3
2848
5922
8485
9944
10706
11929
14477
17994
21080
22647
22874
23091
24580
27455
30222
31599
31452
30829
30996
31969
32708
32108
30140
27829
26276
25618
25027
23511
20781
17483
14642
12659
11007
8939
6297
3505
1076
-792
-2386
-4221
-6467
-8671
-10287
-11349
-12404
-13887
-15580
-16770
-16957
-16473
-16285
-16999
-18060
-18187
-16803
-14808
-13762
-14310
-15527
-15764
-14234
-11866
-10463
-10863
-12145
-12650
-11617
-9837
-8803
-9177
-10122
-10298
-9353
-8206
-7982
-8900
-10080
-10375
-9562
-8569
-8408
-9059
-9622
-9371
-8431
-7591
-7421
-7613
-7359
-6384
-5283
-4781
-4912
-4951
-4167
-2604
-992
107
967
2175
3760
5109
5774
6060
6642
7839
9354
10685
11560
12167
13045
14578
16474
17950
18575
18648
18746
19113
19569
19730
19270
18230
17223
17113
18177
19496
19589
17926
15540
13865
13403
13588
13413
12063
9690
7480
6455
6235
5619
4072
2106
550
-121
-34
141
-372
-1731
-3178
-3752
-3371
-2893
-3145
-4263
-5922
-7591
-8711
-9181
-9517
-10143
-10901
-11524
-12155
-13094
-14382
-15764
-16915
-17683
-18242
-18947
-20002
-21249
-22221
-22524
-22274
-21964
-21836
-21665
-21178
-20401
-19570
-19011
-18858
-18737
-18051
-16672
-15161
-14129
-13712
-13515
-13048
-12026
-10585
-9050
-7608
-6109
-4363
-2329
-95
2414
5305
8218
10648
12433
14559
17276
20800
22018
22916
24383
25324
27131
29456
31805
32717
32291
31386
31071
31187
31128
30242
28482
26311
24427
23052
21734
19812
17142
14276
11942
10275
8716
6704
4227
1714
-372
-1867
-3106
-4691
-6749
-8660
-9749
-10071
-10309
-11031
-12125
-12879
-12719
-11953
-11531
-12069
-13269
-14245
-14371
-13909
-13772
-14508
-15654
-16325
-16172
-15660
-15593
-16351
-17448
-17966
-17617
-17007
-16891
-17414
-18054
-18107
-17323
-16220
-15507
-15266
-14951
-14062
-12628
-11141
-10119
-9551
-8866
-7616
-6025
-4732
-4112
-3977
-3723
-2872
-1572
-461
76
344
926
2059
3410
4424
4972
5644
7220
9758
12348
13884
14162
14290
15696
18572
21499
22898
22612
21905
22276
24174
26550
27699
26928
25315
24500
24946
25553
24885
22626
19845
17942
17285
16946
15710
13195
10144
7738
6443
5582
4323
2794
1703
1066
101
-1561
-3316
-4307
-4387
-4287
-5073
-7151
-9586
-10869
-10602
-10020
-10595
-12477
-14492
-15409
-15223
-15158
-16368
-18680
-20858
-21897
-21869
-21724
-22393
-23889
-25251
-25616
-25123
-24514
-24240
-24167
-23880
-23098
-22006
-21083
-20404
-19466
-17889
-16008
-14477
-13573
-12900
-11716
-9677
-7321
-5615
-4861
-4351
-3173
-1202
854
2174
2564
2579
3103
4767
7659
11108
14039
15605
16000
16368
17972
21241
25099
27728
27806
26560
26111
28492
30422
32053
32665
30905
29200
28604
29430
29727
28234
25044
21915
20145
19744
19264
17337
13834
10014
7214
5784
4905
3403
944
-1560
-2977
-3297
-3516
-4488
-6177
-7790
-8489
-8264
-8165
-9205
-11149
-12730
-13049
-12422
-11927
-12382
-13635
-14795
-15228
-15277
-15820
-17193
-18788
-19680
-19624
-19339
-19777
-21047
-22268
-22482
-21642
-20647
-20420
-21001
-21490
-21004
-19602
-18176
-17405
-17053
-16304
-14703
-12664
-11101
-10509
-10425
-9874
-8364
-6353
-4775
-4131
-4067
-3776
-2797
-1399
-246
277
474
1102
2758
5346
8115
10213
11393
12268
13841
16639
20060
22800
24012
24210
24740
26586
29201
31570
32713
32481
31916
31918
32433
32474
31297
29124
26937
25428
24430
23108
20831
17758
14676
12229
10354
8466
6100
3411
966
-915
-2452
-4046
-5798
-7464
-8738
-9583
-10293
-11221
-12364
-13383
-14017
-14261
-14260
-14232
-14417
-14819
-15203
-15431
-15616
-15917
-16344
-16802
-17142
-17291
-17379
-17596
-17991
-18411
-18637
-18504
-18162
-18023
-18226
-18440
-18312
-17848
-17187
-16451
-15773
-15097
-14146
-12896
-11761
-11024
-10451
-9663
-8547
-7235
-6001
-5151
-4686
-4169
-3166
-1772
-528
186
567
1159
2239
3613
4983
6290
7656
9272
11172
12820
13386
12913
12720
13841
15750
17254
17930
18114
18237
18770
19976
21329
21857
21295
20346
19711
19395
19069
18634
18250
17958
17596
17156
16801
16369
15421
13997
12692
11768
10927
10087
9596
9401
8907
7887
6751
5783
4830
3828
2954
2042
633
-1203
-2767
-3681
-4369
-5329
-6589
-8012
-9550
-11074
-12440
-13835
-15518
-17267
-18552
-19241
-19804
-20664
-21719
-22602
-23116
-23349
-23399
-23335
-23284
-23196
-22740
-21835
-20920
-20201
-19275
-17918
-16518
-15349
-14245
-13159
-12225
-11261
-9945
-8394
-7017
-5962
-5040
-4104
-3191
-2269
-1229
-247
291
440
684
1141
1488
1777
2365
3050
3228
2875
2585
2755
3602
5665
8884
11480
11703
10909
12071
15166
17581
18812
20211
21068
20451
20815
23902
26634
26530
26021
27068
27727
27153
26792
26306
24456
22220
20887
20044
19328
18416
16261
13433
11924
11313
9970
8806
8350
6226
2575
1177
1925
751
-2315
-4232
-5723
-8294
-9647
-9080
-10197
-13753
-16084
-16253
-16713
-17923
-18963
-20446
-22418
-23390
-23372
-23831
-24920
-25887
-26363
-25936
-24901
-24720
-25415
-25071
-23408
-22040
-21090
-19781
-18893
-18662
-17247
-14450
-12671
-12357
-11337
-9145
-7232
-5649
-3826
-2687
-2701
-2272
-508
1168
1654
1666
1922
2080
2006
2270
2963
3330
2959
2443
2476
2949
3493
4365
6077
8263
9818
10467
11356
13478
16194
18281
19539
20374
21032
22131
24387
27005
28127
27506
26869
27378
28433
28891
28190
26453
24436
23023
22320
21575
20033
17679
15209
13335
12004
10609
8937
7375
6162
5010
3512
1593
-370
-1788
-2542
-3391
-5225
-7926
-10384
-11654
-11869
-12130
-13504
-15910
-18106
-19026
-18929
-19061
-20299
-22360
-24089
-24638
-24332
-24207
-24822
-25782
-26330
-26068
-25235
-24488
-24216
-24027
-23238
-21852
-20500
-19504
-18608
-17453
-15855
-13870
-11941
-10528
-9380
-7830
-5790
-3821
-2335
-1258
-314
803
2187
3476
4206
4411
4547
4950
5528
5910
5787
5301
4938
4984
5270
5478
5451
5346
5699
6959
8851
10527
11477
12037
12982
14789
17174
19224
20227
20473
20963
22298
24084
25456
25987
25940
25892
26116
26308
25987
24997
23607
22219
21046
20015
18848
17299
15399
13401
11709
10718
10332
9625
7624
4655
2290
1522
1571
815
-1568
-4927
-7688
-8696
-8494
-8977
-11255
-14358
-16483
-16969
-16790
-17454
-19533
-22039
-23465
-23497
-23261
-23895
-25440
-26969
-27428
-26625
-25608
-25497
-26046
-26036
-24935
-23306
-21932
-21173
-20732
-19738
-17670
-15245
-13635
-12955
-12228
-10695
-8482
-6334
-5042
-4672
-4263
-2876
-837
697
1051
550
104
483
1576
2389
2153
1175
414
569
1564
2657
3197
3432
4157
5636
7479
9356
11196
12995
14906
17003
18927
20459
22019
23916
25706
27006
28026
28931
29665
30493
31493
31918
31181
29783
28498
27458
26477
25272
23465
21154
19029
17391
15851
14150
12275
10270
8701
8064
7137
4349
788
-1099
-1282
-1772
-3493
-6221
-9620
-12295
-12566
-11616
-12549
-15780
-18695
-19684
-19454
-19304
-20328
-22810
-25244
-25808
-24918
-24534
-25536
-27225
-28297
-27690
-25817
-24646
-25101
-25644
-24672
-22603
-20644
-19486
-19363
-19493
-18138
-15040
-12395
-11805
-12114
-11459
-9447
-6745
-4450
-3754
-4403
-4385
-2595
-453
200
-605
-1539
-1449
-168
1216
1285
151
-609
3
1433
2637
3155
3499
4791
7387
10049
11547
12370
13904
16668
20013
22761
23847
23831
24282
26651
29790
31656
31884
31262
30920
31830
32660
32507
30772
28023
26201
25535
25308
24171
21627
18413
15965
14637
13663
12255
10353
8327
6597
5049
3057
591
-1389
-2389
-3281
-5053
-7667
-10428
-12483
-13237
-13296
-14267
-16666
-19084
-20127
-20108
-20268
-21393
-23352
-25179
-25761
-25107
-24558
-25236
-26714
-27589
-27035
-25593
-24500
-24334
-24540
-24257
-23195
-21705
-20447
-19864
-19543
-18520
-16635
-14885
-13975
-13372
-12311
-10788
-9148
-7643
-6602
-6086
-5413
-4034
-2539
-1856
-1906
-1914
-1447
-515
580
1169
863
343
788
2509
4974
7384
9074
9895
11056
13911
17840
20527
21142
21592
23645
26921
29489
31100
31565
32424
30226
30041
32371
32573
31339
29132
28296
28026
27313
25431
23371
21314
19294
17548
16476
15235
12754
9443
7015
6209
6038
5169
3013
-176
-3240
-4672
-4470
-4654
-6842
-10143
-12553
-13424
-13513
-13802
-15004
-17115
-18908
-19097
-18359
-18659
-20578
-22659
-23480
-23148
-22651
-22825
-23851
-25032
-25209
-24101
-22864
-22708
-23295
-23253
-22004
-20321
-19236
-19000
-19041
-18444
-16612
-13989
-11928
-11250
-11173
-10252
-8148
-5842
-4295
-3631
-3366
-2826
-1532
218
1417
1559
1347
1709
2657
3512
3839
3700
3467
3663
4610
6209
8131
10065
11556
12342
13171
15227
18313
20684
21375
21445
22296
23993
25872
27531
28572
28646
28285
28571
29498
29761
28583
26708
25229
24270
23248
21819
20046
18006
15800
13816
12310
10797
8615
6253
4934
4601
3683
1307
-1501
-3401
-4233
-4637
-5458
-7509
-10642
-13164
-13659
-13025
-13345
-15197
-17342
-18554
-18632
-18289
-18658
-20283
-22286
-23157
-22602
-21829
-22021
-23119
-24122
-24140
-23196
-22113
-21614
-21572
-21321
-20483
-19316
-18386
-17902
-17397
-16238
-14494
-12918
-12008
-11501
-10816
-9601
-7971
-6486
-5642
-5224
-4469
-3172
-2009
-1526
-1447
-1189
-561
331
1238
1674
1384
995
1536
3064
4604
5708
7085
9229
11388
12802
14094
16216
18720
20467
21597
23087
24825
25912
26572
27776
29253
29913
29940
30340
30844
30313
28849
27583
26693
25416
23723
22271
20992
19135
16723
14639
13135
11450
9289
7569
6876
6138
4019
922
-1590
-2856
-3429
-4093
-5651
-8597
-11901
-13475
-12998
-12710
-14355
-16981
-18720
-19124
-18946
-19117
-20383
-22550
-24133
-23949
-22852
-22649
-23781
-25038
-25219
-24305
-23159
-22600
-22675
-22706
-22030
-20633
-19233
-18630
-18711
-18288
-16537
-14245
-12834
-12459
-12029
-10779
-8873
-6892
-5539
-5239
-5315
-4377
-2191
-330
-192
-1159
-1434
-238
1527
2515
2254
1427
1190
2197
3995
5410
5890
6441
8526
11854
14432
15227
15566
17089
19620
22019
23766
24778
25016
25241
26696
29150
30708
30408
29476
29225
29362
29047
28142
26706
24664
22537
21272
20777
19688
17226
14331
12296
11108
10039
8918
7701
5726
2852
411
-566
-1060
-2460
-4561
-6603
-8718
-10776
-11788
-11882
-12727
-14875
-16835
-17618
-18039
-18882
-19871
-20818
-21999
-23133
-23583
-23586
-23991
-24817
-25214
-24894
-24550
-24613
-24541
-23829
-22873
-22194
-21601
-20799
-20019
-19286
-18067
-16340
-14959
-14187
-13172
-11485
-9756
-8392
-7064
-5829
-5148
-4623
-3377
-1693
-731
-660
-534
118
946
1757
2563
3002
2826
2766
3743
5376
6484
7024
8268
10755
13321
14859
15857
17331
19225
20973
22630
24315
25489
25937
26593
28168
29774
30254
29943
29858
29942
29464
28452
27385
26081
24129
22025
20589
19576
17998
15673
13364
11504
9894
8512
7476
6200
3869
934
-1182
-2051
-2733
-4117
-6064
-8241
-10448
-12066
-12589
-12786
-13954
-16059
-17860
-18742
-19228
-19853
-20679
-21726
-22881
-23637
-23713
-23655
-24148
-24993
-25419
-25181
-24715
-24370
-24061
-23635
-23050
-22222
-21153
-20151
-19472
-18751
-17433
-15675
-14209
-13253
-12298
-10943
-9298
-7587
-5989
-4824
-4114
-3264
-1809
-262
507
551
708
1460
2476
3233
3557
3577
3544
3793
4600
5868
7201
8482
10180
12515
14690
15875
16605
18146
20584
22798
24185
25061
25653
26107
27104
28979
30653
30864
29973
29317
29253
28995
27943
26210
24158
22139
20543
19466
18365
16482
13773
11129
9364
8286
7216
5960
4516
2504
-137
-2450
-3600
-4127
-5116
-6844
-8991
-11251
-13022
-13695
-13737
-14451
-16236
-18112
-19228
-19736
-20160
-20836
-21917
-23169
-23952
-23999
-23847
-24086
-24615
-24948
-24851
-24415
-23865
-23377
-22911
-22295
-21504
-20684
-19942
-19175
-18153
-16709
-15003
-13494
-12432
-11482
-10115
-8321
-6582
-5339
-4604
-3926
-2784
-1221
-5
260
2
202
1220
2506
3287
3256
2790
2672
3370
4551
5673
6983
9183
12026
14171
14927
15306
16843
19782
22944
24981
25422
24984
25179
27094
30046
31995
31789
30430
29665
29905
30201
29568
27695
24961
22422
21139
20891
20127
17759
14449
11635
9906
8841
7794
6306
4298
2289
898
-168
-1888
-4384
-6479
-7315
-7603
-8688
-10919
-13452
-15204
-15633
-15199
-15236
-16745
-19068
-20508
-20456
-20124
-20850
-22495
-23910
-24292
-23713
-22943
-22936
-23976
-25084
-24916
-23418
-21916
-21438
-21610
-21482
-20657
-19362
-18016
-17009
-16344
-15423
-13693
-11586
-10117
-9516
-8954
-7684
-5870
-4156
-2993
-2421
-2017
-1225
-69
750
911
1031
1646
2415
2902
3286
3732
3897
3828
4308
5791
7974
10604
13440
15326
15318
14902
16802
21087
24693
25522
24747
24476
25421
27469
30171
31974
31311
29193
28466
29830
30747
29184
26142
23599
21978
20875
20191
19305
16978
13381
10556
9544
8838
6942
4600
3033
1855
350
-1148
-2527
-4625
-7286
-8813
-8735
-8983
-10984
-13620
-15299
-16012
-16312
-16347
-16744
-18367
-20458
-21158
-20458
-20424
-21971
-23634
-24063
-23660
-23254
-23074
-23365
-24270
-24858
-23977
-22199
-21266
-21511
-21549
-20518
-19029
-17762
-16701
-15809
-15038
-13734
-11436
-9136
-8193
-8213
-7549
-5733
-3791
-2394
-1345
-613
-358
-108
704
1652
1971
1937
2381
3232
3759
3865
4068
4488
4917
5645
7323
9982
12696
14321
14645
14868
16576
19836
22908
24224
24095
24001
24901
26823
29110
30543
30181
28794
28371
29446
30188
28915
26323
24098
22666
21574
20679
19617
17405
14089
11430
10402
9578
7545
5199
3796
2694
904
-993
-2367
-4026
-6391
-8196
-8690
-9234
-11037
-13219
-14570
-15410
-16350
-16934
-17054
-17851
-19732
-21183
-21125
-20822
-21741
-23165
-23714
-23652
-23823
-23900
-23530
-23539
-24262
-24363
-23060
-21703
-21470
-21430
-20476
-19198
-18372
-17451
-15971
-14649
-13800
-12461
-10272
-8429
-7722
-7206
-5850
-4072
-2678
-1616
-648
-66
109
603
1689
2564
2641
2450
2705
3371
4099
4734
4965
4581
4312
5452
8296
11663
14018
14631
14108
14279
16855
21224
24437
24512
23005
23002
25276
28044
29734
30147
29433
28135
27849
29350
30501
28697
24934
22480
22079
21742
20487
18879
16682
13440
10567
9519
9022
7139
4653
3384
2756
1016
-1627
-3689
-4968
-6185
-7363
-8362
-9839
-12121
-14119
-14767
-14747
-15508
-17124
-18433
-19011
-19569
-20419
-21123
-21825
-23143
-24486
-24530
-23640
-23572
-24600
-25272
-25062
-24740
-24337
-23284
-22212
-22058
-22012
-20755
-18888
-17845
-17371
-16238
-14475
-12903
-11462
-9766
-8266
-7395
-6474
-4773
-2844
-1640
-1068
-396
504
1240
1754
2301
2824
3096
3306
3766
4262
4330
4136
4316
5005
5892
7125
9273
12170
14628
15668
15601
15863
17822
21432
24844
25964
24846
23842
25019
27941
30533
31332
30390
28807
27968
28500
29264
28307
25286
22095
20525
20255
19756
18133
15439
12196
9348
7843
7435
6690
4729
2274
442
-753
-2080
-3897
-5882
-7556
-8697
-9548
-10704
-12525
-14519
-15736
-15898
-15818
-16538
-18150
-19706
-20337
-20255
-20478
-21655
-23408
-24695
-24730
-23746
-22947
-23389
-24735
-25538
-24865
-23258
-21967
-21638
-21856
-21622
-20316
-18352
-16791
-16129
-15716
-14532
-12342
-9941
-8332
-7770
-7484
-6457
-4527
-2518
-1232
-663
-236
452
1241
1727
1754
1693
2081
2952
3681
3732
3358
3296
3880
4812
5887
7510
10018
12838
14778
15323
15362
16454
19311
22959
25464
25820
25038
25066
26754
29228
30993
31218
30229
29195
29079
29550
29228
27289
24424
22005
20712
20122
19251
17342
14460
11489
9359
8213
7332
5895
3828
1857
528
-527
-2077
-4258
-6478
-8191
-9312
-10126
-11150
-12784
-14715
-16072
-16494
-16583
-17100
-18136
-19306
-20264
-20904
-21370
-22014
-23022
-24028
-24421
-24094
-23615
-23612
-24081
-24424
-24108
-23185
-22181
-21535
-21198
-20693
-19627
-18158
-16850
-15995
-15201
-13862
-11953
-10066
-8725
-7865
-6980
-5653
-3926
-2296
-1311
-952
-616
169
1144
1660
1516
1220
1458
2333
3265
3569
3152
2626
2677
3581
5214
7457
10186
12838
14424
14542
14314
15652
19248
23562
26135
25925
24396
24194
26617
30277
32473
31974
30055
28889
29468
30802
30875
28617
24891
21740
20532
20745
20566
18607
15076
11475
9190
8309
7795
6501
4152
1500
-417
-1289
-1877
-3388
-6101
-8880
-10512
-10984
-11272
-12352
-14378
-16350
-17147
-16826
-16901
-18307
-20234
-21307
-21266
-21170
-22020
-23665
-24907
-24989
-24362
-24048
-24453
-25044
-25250
-24618
-23419
-22201
-21586
-21462
-20818
-19847
-18113
-16374
-14361
-14390
-14822
-14285
-16302
-4460
7577
-10916
-18658
-1995
7085
7424
-5567
-10871
1616
8903
4340
-3798
-3931
3240
7050
2997
-1236
-608
4412
6476
3426
2599
6845
13597
17241
15072
11779
13268
19605
25615
26760
25323
24577
24755
27016
29346
31900
32490
29338
26457
26642
29479
31030
29197
24562
19946
18317
19395
20253
18876
14956
10685
8286
8144
8658
7136
3742
774
-699
-851
-934
-2443
-5494
-8822
-10342
-10074
-10331
-12015
-14446
-16203
-16604
-15988
-15159
-16102
-19116
-21453
-20859
-18702
-18512
-20910
-23438
-24089
-22649
-20929
-20917
-22607
-24277
-23824
-21133
-18622
-18270
-19569
-20428
-19186
-16313
-13820
-12996
-13516
-13647
-11818
-8613
-6088
-5518
-6213
-6286
-4622
-1852
158
244
-755
-1115
-177
1044
1676
1164
-453
-778
1223
3231
3200
1450
273
953
2763
5228
8003
10015
10822
11386
12787
14879
16921
18882
21029
22870
23691
23979
25035
27138
29146
29711
28980
28162
27879
28375
28943
28288
26217
23511
21367
20148
19218
17836
15473
12955
11230
9946
8365
6303
4525
3124
1233
-877
-2381
-3696
-5356
-6595
-7157
-8480
-11068
-13438
-14564
-14843
-14798
-14737
-15390
-17005
-18268
-18453
-18721
-19728
-20799
-21826
-22732
-22869
-22177
-21534
-22036
-23048
-23473
-23240
-22358
-21014
-19973
-19913
-19703
-18763
-17508
-16485
-15570
-14217
-13276
-12042
-10080
-8474
-6728
-6800
-5530
-4939
-4294
-1707
-12042
-7848
10992
11910
706
-13802
-10950
8214
13705
4474
-6293
-9931
1083
11083
9570
2784
-1300
3858
15344
20860
16719
10098
9056
16653
24069
27060
25803
21560
19450
22427
28857
32703
30875
26109
23620
25208
28708
30475
28140
23012
18765
17303
17998
19382
18785
15094
10280
7242
7421
8113
6844
4274
1263
-1370
-2701
-2563
-2618
-4524
-6651
-7767
-9355
-11751
-13657
-14272
-14049
-13832
-13840
-14829
-16776
-17966
-18070
-18096
-18557
-19570
-21021
-22116
-21669
-20227
-19764
-20551
-21586
-22384
-22482
-21202
-19046
-17832
-18124
-18253
-17231
-15880
-14570
-13314
-12469
-11712
-10753
-9307
-7285
-5781
-5045
-4466
-4017
-3165
-1804
-1024
-895
-691
-393
-293
-9
566
461
-194
-108
493
696
269
-38
496
2550
6813
12504
14939
10483
4458
5107
13644
22890
27532
22651
18579
20259
24938
31042
32435
27521
20910
17575
21207
28837
32637
30384
23317
16131
12442
12637
12750
10051
5422
3303
6290
11124
11786
5873
-2923
-9195
-10799
-9069
-6668
-5148
-4367
-3191
-1617
-2119
-6824
-13982
-18267
-16785
-12197
-8290
-6959
-7907
-9216
-9485
-9601
-12485
-18267
-22653
-22408
-17502
-10671
-4837
-5653
-14315
-21184
-28296
-31647
-17151
-2521
-5538
-18170
-28729
-24308
-7147
2712
-4186
-19866
-27671
-19754
-8023
-3571
-5563
-7162
-6750
-9339
-13188
-17227
-22528
-20241
-10316
-5891
-12999
-20918
-14272
-2585
-2313
-19071
-19544
-5761
11463
28941
32307
27332
20133
19343
19530
20952
23370
26700
30800
32160
31016
31606
32730
27562
15372
6270
7955
13595
13834
10403
9509
8729
2554
-6397
-11715
-13134
-14609
-15699
-13166
-8326
-6095
-7651
-9138
-8067
-7213
-9187
-10929
-9103
-4717
-245
3749
6963
6934
3455
-26
-1748
-3000
-3601
-1682
746
0
-2436
-2754
-2963
-7406
-13554
-16397
-16964
-18211
-18115
-14774
-12476
-14832
-18495
-19447
-19107
-19697
-19599
-17196
-14096
-11660
-8974
-6074
-4918
-5863
-6492
-5394
-4175
-3939
-3029
-355
2145
3054
3538
3492
940
-3328
-5831
-5451
-5076
-5938
-5392
-3134
-2223
-3656
-3850
-1895
-589
-1682
3043
15257
28630
32121
22695
16889
22727
29431
26132
21630
26278
32595
30141
26166
29501
30629
20156
8869
8272
11057
6467
358
2572
6813
2616
-5622
-8529
-8292
-11820
-17335
-17844
-12402
-6492
-4431
-5510
-6539
-6197
-6029
-7187
-8070
-7222
-5746
-4684
-2330
1900
3956
800
-4200
-6053
-5615
-6832
-9416
-9921
-8116
-7086
-7460
-7583
-8083
-11321
-16207
-18463
-17070
-15298
-15289
-15199
-13505
-11550
-10758
-10730
-10659
-11124
-12020
-11686
-9096
-5447
-3130
-2570
-2307
-1513
-1019
-1606
-2451
-3012
-3553
-3564
-2215
-290
-144
-1937
-3193
-2873
-2587
-3956
-5490
-5024
-3073
-892
1038
3120
6173
12123
22351
31454
31646
25236
22772
28520
31915
27026
23416
27973
32706
29069
24161
25165
25780
18838
9571
5795
4662
1611
-990
-1044
-1321
-3668
-5370
-5968
-8556
-12337
-13154
-10554
-8766
-9412
-9002
-6104
-3666
-3713
-4411
-3774
-3265
-4064
-4578
-3378
-1227
11
-520
-2118
-3429
-3717
-4528
-7570
-10611
-11074
-9714
-9398
-10143
-9483
-8808
-9766
-11918
-13266
-13597
-14577
-15121
-14881
-13551
-11681
-9659
-7877
-7582
-7551
-7245
-6463
-6467
-6950
-6259
-4739
-3266
-3644
-3897
-3256
-2394
-2683
-4204
-4312
-4659
-5812
-7937
-8594
-6833
-5539
-4545
-4676
-3890
-2697
-1720
453
2994
9224
18492
28906
30953
26751
25755
29020
32767
28989
22128
21668
25275
25272
21378
20623
23165
21046
14281
7989
4747
1324
-3185
-6230
-8059
-8717
-7636
-5622
-5733
-7488
-6834
-4438
-4994
-8727
-10218
-8198
-6394
-6298
-4552
-337
2441
1923
197
412
1306
437
-2607
-5664
-6253
-5355
-4730
-5492
-6111
-5932
-5990
-7141
-9133
-10351
-11231
-12288
-13785
-14331
-12871
-11035
-10129
-10321
-9669
-8025
-7196
-7399
-7937
-7389
-6340
-5742
-4975
-3894
-2102
-1120
-1328
-1455
-1246
-953
-2077
-3847
-4945
-5446
-5807
-7064
-8151
-7852
-6656
-6040
-6587
-6502
-5414
-4660
-4455
-2625
2058
11981
20315
24568
23620
21982
27645
32707
28325
19055
18533
23335
21169
14266
14076
20337
20782
14255
9589
8607
6407
576
-5128
-8979
-10368
-9290
-8774
-10086
-10261
-5967
-1457
-2238
-5292
-5108
-2981
-4687
-8582
-7992
-3255
-940
-2516
-1858
3131
6853
5770
2738
1173
63
-1952
-4454
-6637
-7882
-8123
-7993
-8274
-7808
-5903
-5192
-7184
-10144
-10627
-10007
-10897
-12838
-13483
-11448
-9397
-8203
-7103
-4937
-2549
-2296
-2879
-3012
-2392
-2567
-4170
-4791
-4110
-2415
-1787
-2098
-1589
-576
-199
-1812
-3890
-4737
-5425
-6145
-7212
-7391
-6839
-6202
-4929
-3870
-2185
573
6924
16498
23546
23731
21222
24857
31226
29748
21040
17551
21793
22026
15149
11550
16091
19327
15296
10071
8821
8513
4505
-1692
-6678
-8469
-8306
-9472
-12299
-12976
-8420
-3146
-2392
-4122
-3013
223
-347
-4307
-5911
-3600
-2771
-5381
-5977
-2045
2015
2558
2085
2848
3005
1470
-939
-3697
-6776
-9051
-10502
-12052
-12505
-10486
-8063
-8048
-8369
-6693
-4676
-5556
-7887
-8777
-8732
-9485
-11157
-11095
-9131
-6787
-5490
-4655
-2667
-616
403
-359
-1391
-1693
-2117
-3166
-4814
-4906
-4058
-3883
-5036
-5803
-4837
-3845
-3814
-4499
-4707
-4496
-4293
-4218
-4335
-3463
1255
9707
17576
19772
19847
24754
31666
31480
24174
20619
22670
20636
11963
6335
9377
12747
9933
6131
7198
10381
8680
3168
-731
-1370
-2679
-7871
-13097
-13785
-10614
-8510
-8724
-6951
-2241
1649
1628
519
1771
3204
1296
-3170
-5170
-3526
-2390
-3883
-4972
-2516
633
875
-628
-588
412
-1304
-5869
-9415
-9647
-9321
-11310
-13670
-12831
-9611
-7729
-7729
-6808
-4267
-2891
-4248
-6190
-6382
-5772
-6814
-8954
-9347
-7335
-5451
-5211
-4570
-2166
251
439
-787
-1109
-933
-2048
-4905
-7124
-7330
-7161
-7837
-8348
-6623
-4079
-2972
-2476
-627
3366
8641
14876
19874
20714
20736
24331
28745
26617
20493
20097
23232
20440
11984
9262
13661
14229
8492
4427
6543
7719
3282
-1603
-2494
-1262
-3578
-8527
-11075
-9412
-6723
-7043
-7790
-5667
-1661
196
-768
-308
2309
3722
1097
-2374
-2307
-383
-804
-3638
-4478
-2497
-1401
-2532
-3426
-2471
-1705
-3280
-5883
-7279
-7075
-7730
-10379
-12334
-11676
-9825
-9958
-10680
-9257
-6464
-5106
-5873
-5579
-3966
-3047
-4296
-5614
-5004
-4367
-5182
-6549
-5746
-3786
-2981
-3422
-3074
-1422
-715
-1909
-3585
-3937
-3983
-5247
-7085
-7459
-6496
-6165
-6488
-5437
-2400
2234
8542
16234
20598
21237
23922
29948
32712
27215
22409
23747
23651
15569
7118
7582
10313
7447
2103
2152
5869
5574
2001
65
1682
1740
-2722
-7788
-9393
-7612
-7964
-10881
-11564
-7634
-3177
-3060
-2637
1966
7038
6457
2876
3479
5952
4686
-708
-4031
-3714
-3855
-6008
-8212
-7135
-4984
-4813
-6419
-6304
-3370
-2497
-5204
-8360
-7981
-6994
-9139
-12368
-12869
-10558
-10030
-11043
-10673
-7523
-4805
-4690
-4776
-3362
-1301
-1817
-3851
-4486
-3279
-2839
-5040
-6593
-5842
-4321
-4644
-5981
-5533
-4286
-3553
-3844
-3664
-2494
-2126
-2011
-2054
585
6089
12170
15843
16457
20108
26007
29547
27124
24651
26787
26583
20446
12259
10293
10929
7480
1990
-692
1170
1212
-1013
-1965
74
2368
220
-2973
-3980
-2351
-2456
-5691
-7589
-6908
-5119
-5499
-5632
-3330
-252
1242
796
1856
4038
5295
3856
1618
818
160
-1621
-4587
-6222
-6785
-7459
-8646
-9238
-8135
-7126
-6975
-7505
-6870
-5784
-6152
-7487
-8395
-7835
-8039
-9162
-10020
-9548
-8295
-7955
-7461
-6505
-4866
-4032
-3924
-3163
-2103
-1338
-2360
-3439
-3665
-3398
-4180
-6219
-6986
-6889
-6582
-7231
-6977
-6044
-5158
-3893
-1784
3251
9825
16313
18301
19439
25032
31668
31529
25332
25460
29180
25543
14287
8506
11646
10634
3360
-2091
-302
1569
-1382
-3398
-2012
1368
897
-2335
-4191
-3096
-1072
-3471
-7245
-8378
-6230
-4998
-6068
-5024
-2129
392
682
1307
4082
6468
6886
4922
3532
2975
1767
-648
-3371
-4563
-5554
-6937
-8623
-9430
-8971
-8346
-8030
-8384
-8436
-8249
-8271
-8648
-8980
-8881
-9315
-10233
-11000
-10471
-9231
-8394
-8209
-8055
-6898
-5358
-3943
-3348
-2794
-2088
-1663
-2062
-3022
-3355
-3738
-4731
-6376
-6754
-6126
-5800
-6203
-5824
-3513
704
6607
12002
15064
17904
24444
30985
31077
27192
28175
31601
27577
17186
11613
12593
10222
2454
-2888
-2110
-1184
-3695
-5505
-3526
-26
591
-1313
-2119
-124
1842
-109
-3836
-5106
-3579
-3393
-5164
-5538
-3316
-976
-453
7
2217
5546
7075
6051
4748
5035
5106
2410
-1524
-3869
-4698
-6726
-10121
-12295
-12058
-11052
-11368
-11961
-10982
-8840
-7932
-8531
-8206
-6510
-6015
-8017
-9871
-9295
-8196
-9107
-11047
-11147
-9318
-7952
-7746
-7103
-5011
-3045
-2575
-2627
-1922
-944
-1641
-3404
-4667
-4763
-5085
-6552
-7184
-6446
-2419
3780
10381
13570
13590
19242
27690
29812
25042
26083
32146
29985
18106
10419
13279
11887
2248
-5720
-5185
-3386
-7095
-9723
-7827
-2785
-697
-2115
-2493
428
5238
4464
-128
-2320
-97
740
-3328
-5906
-4405
-1923
-2655
-4010
-1427
2839
4990
3641
3681
6281
7425
4788
915
-118
-845
-3782
-8360
-11192
-11268
-11122
-12263
-13757
-12588
-9649
-8324
-8651
-7360
-3901
-2628
-4435
-5683
-4513
-3674
-5451
-7948
-8804
-8174
-7832
-8577
-8575
-6789
-4630
-4102
-4108
-2153
124
400
-1183
-1418
-505
-761
-2555
-4103
-3665
-2268
277
3915
7979
10801
13700
19156
24459
25634
24457
26597
29375
25707
17569
13058
12848
9370
1716
-4044
-5433
-6033
-8444
-9851
-8325
-4916
-3016
-3064
-1894
1998
5657
5068
2504
2111
3495
2724
-791
-3281
-3431
-3440
-5076
-6148
-4477
-1941
-1102
-1174
397
2739
3413
2576
1897
1647
658
-1520
-4668
-7459
-8588
-9043
-10702
-12771
-12614
-10951
-10065
-9697
-7848
-5338
-4257
-4189
-3694
-2529
-2094
-2992
-4816
-6166
-6362
-6632
-7809
-8911
-8632
-7729
-7320
-6898
-5782
-4308
-3240
-2496
-1791
-1028
-617
-523
-299
1294
4773
8538
10757
11473
14498
19705
22843
21646
21250
25219
26873
21881
15344
14485
15165
10725
3639
-820
-1758
-3508
-6558
-8767
-8404
-6070
-5551
-6348
-5426
-983
2222
981
-394
1324
4209
3384
437
-904
-302
-193
-2586
-4269
-3535
-1687
-1821
-3073
-1866
437
1436
288
127
1371
1833
402
-2615
-4334
-4634
-5079
-7521
-10248
-10519
-9963
-10346
-11217
-10252
-8422
-7863
-7867
-7142
-5252
-4204
-4615
-5542
-5429
-4292
-4345
-5775
-7065
-6661
-6133
-6558
-7151
-6840
-5918
-5532
-5168
-4622
-3565
-2681
-1711
779
5458
10811
13161
13950
17568
23850
26531
23548
22858
26664
27526
20244
12881
12690
13420
8336
154
-3364
-3150
-4192
-7149
-9184
-7676
-5318
-4737
-5757
-4392
273
2839
1205
-887
1197
4015
3102
-95
-1476
-208
-18
-1815
-3458
-2550
-497
-322
-1350
-1039
1276
2417
1119
-190
478
1532
-276
-4009
-6095
-5424
-5426
-8402
-11442
-11486
-9815
-9651
-10609
-10233
-8287
-6844
-6862
-6706
-5120
-3487
-3983
-5661
-5703
-4115
-3769
-5617
-7087
-6537
-5372
-5479
-6439
-6505
-5344
-4341
-4746
-5446
-4854
-3328
-2610
-1522
2632
8826
11822
11422
14565
22777
27467
23928
21977
27603
31004
23574
14377
14269
16628
11351
1486
-3427
-3194
-4172
-7990
-11285
-10398
-7239
-6181
-7668
-6559
-817
3102
1453
-797
1741
5585
5161
1730
-165
911
1638
-415
-3302
-3329
-858
-282
-1967
-2290
64
1775
1000
-66
456
1830
1094
-2120
-4859
-4638
-4277
-7336
-11172
-11796
-10229
-10526
-11917
-11764
-9978
-8471
-8112
-7759
-6495
-4364
-3839
-5123
-5521
-3723
-2724
-4610
-6333
-5926
-4901
-5537
-6663
-6829
-6090
-5255
-5343
-5621
-5190
-3523
-2614
-1885
1551
7778
12118
11865
13548
20525
26726
24689
21163
25311
30590
26135
15507
12682
16057
14047
4827
-2425
-2915
-2784
-5558
-9486
-10002
-7023
-5375
-6756
-7570
-2927
2184
1658
-1662
-901
3608
4637
1677
-919
-157
1611
781
-1981
-3440
-1196
907
7
-1288
248
2847
2434
685
568
2143
2027
-1267
-4786
-5539
-4511
-6242
-10513
-12746
-11482
-10326
-11511
-12316
-10982
-8855
-7974
-7996
-7096
-4981
-3658
-4783
-6044
-4893
-3211
-4280
-6831
-7248
-5839
-5527
-6745
-7465
-6646
-5367
-4733
-4822
-4553
-3366
-1975
-89
3695
8963
12091
12822
15817
21990
25365
23153
22406
26604
28238
21774
14451
14173
15506
10714
2364
-1894
-2079
-3500
-7054
-9670
-9092
-7280
-6957
-7924
-6869
-2474
748
-113
-1575
835
4703
4995
2476
1169
2548
3503
1753
-1038
-1470
663
1210
-821
-2128
-398
1445
672
-858
-876
397
-19
-2705
-5204
-5090
-4304
-6672
-10369
-11311
-9630
-9573
-11297
-11489
-9838
-8560
-8715
-8759
-7752
-6058
-5317
-6316
-7077
-5765
-4230
-5194
-7079
-6953
-5406
-5272
-6248
-6478
-5546
-4403
-4285
-4534
-4449
-2693
209
3812
8223
11439
13753
16875
22325
25414
24076
24416
28032
28865
21863
15338
14937
14902
9609
1445
-2613
-4026
-5702
-8756
-11030
-10158
-8499
-7769
-8210
-5699
-857
1697
1294
1200
4323
6588
6018
3876
2639
2772
1992
170
-2299
-2892
-2203
-2313
-3138
-3154
-1445
-816
-1219
-1075
340
1196
-235
-2345
-3518
-3154
-3659
-6326
-9389
-10433
-9778
-10076
-11153
-11300
-10053
-9001
-8709
-7965
-6351
-4813
-4704
-5173
-4719
-3398
-3171
-4818
-6221
-6044
-5369
-6192
-7784
-8059
-7022
-6154
-6609
-6835
-5732
-3736
-954
3059
8546
12372
14573
18171
23681
27120
26149
26335
28552
28226
22339
16333
14715
13075
8103
911
-3433
-4983
-6517
-8950
-11037
-9935
-7995
-7160
-7035
-4597
-223
1766
1614
1751
3990
5319
4339
2660
1551
1341
286
-1431
-3132
-3489
-2706
-2628
-2860
-2605
-1037
90
252
434
1197
2010
1134
-774
-2363
-2819
-3753
-6459
-9326
-10605
-10413
-10797
-11639
-11728
-10652
-9327
-8600
-7703
-6386
-4870
-4389
-4515
-4226
-3375
-3279
-4524
-5640
-5853
-5850
-6888
-8344
-9224
-9026
-8420
-8176
-8129
-7557
-4652
551
6629
10207
12542
16973
23767
27476
25481
26098
31058
32115
24513
16985
16550
16330
10117
1306
-3397
-4601
-6696
-10286
-13219
-12170
-9295
-8536
-9551
-7465
-1508
1574
455
82
3417
6089
4982
2936
1970
2330
1994
481
-1772
-2513
-994
-243
-964
-1343
409
1713
1383
1147
2026
2755
1245
-1373
-3237
-3497
-4279
-7298
-10764
-12112
-11469
-11702
-12852
-12966
-11222
-9343
-8549
-7759
-6077
-4028
-3298
-3525
-3245
-2184
-1945
-3348
-4757
-5130
-4995
-5748
-7192
-8312
-8347
-7573
-7250
-7275
-6730
-3903
905
6199
9611
11687
16286
22983
26496
24333
24321
29154
30351
22707
14782
14874
15494
9317
52
-4120
-3932
-5296
-9003
-12190
-10863
-7337
-6139
-7365
-5775
421
4003
2486
1046
4076
7243
5698
2136
348
1180
1053
-1761
-5183
-5692
-3232
-2472
-4097
-4766
-2210
630
933
331
1178
3352
3531
851
-1497
-1193
-834
-4111
-8562
-10041
-9109
-9482
-11687
-12520
-10957
-8595
-7950
-8132
-6777
-3829
-2272
-3416
-3849
-2326
-1291
-3049
-5057
-5318
-5216
-6182
-7977
-8865
-8946
-8293
-8410
-8931
-8379
-5705
-1342
3237
7744
10644
14305
20173
25763
26131
24555
28107
31943
27661
17958
14890
17157
13992
4303
-3306
-4138
-4256
-7512
-11840
-12693
-9514
-7547
-8415
-8609
-3711
1688
1648
-629
709
5203
5694
2263
-310
509
1918
66
-3381
-5283
-3093
-592
-841
-2417
-1586
1862
3349
2533
2113
4406
5645
2947
-782
-1630
-765
-3311
-8483
-11860
-11668
-11226
-13021
-14872
-14277
-11318
-9342
-9304
-8581
-5445
-2242
-2161
-2935
-1811
-49
-637
-2990
-4197
-4436
-5162
-7045
-9169
-9985
-9772
-9277
-9953
-10056
-6633
-212
6071
8185
10598
17441
25814
28386
24448
26245
31915
31134
21728
14902
15625
14948
8085
-1918
-6807
-7470
-7749
-10981
-14879
-13393
-9230
-7430
-8589
-5456
1513
4387
2992
2677
6510
8774
7136
3526
922
1617
1828
-1137
-6258
-6870
-3630
-2927
-4847
-5394
-2344
-103
882
1413
2304
3773
3885
2141
-209
234
372
-3602
-8567
-9721
-8363
-9660
-12382
-13218
-11540
-9365
-8237
-7868
-6705
-3642
-1209
-1194
-1534
-76
969
-345
-1929
-2258
-2676
-4490
-6543
-7738
-8089
-7861
-8454
-9606
-9709
-7599
-4124
-437
4133
7578
10546
15232
21334
24182
22823
24733
28870
28379
20908
15318
15583
14584
8834
573
-3861
-5153
-6232
-9109
-12179
-11199
-8891
-8213
-8726
-5689
-359
1370
386
716
4206
6203
4910
2398
959
1683
1696
-394
-3630
-4192
-2113
-1407
-2475
-3058
-1203
527
823
865
1873
3284
2424
-70
-1488
-691
-976
-4760
-8753
-9768
-8897
-9546
-11683
-12674
-11476
-9281
-8271
-8116
-6998
-4540
-2801
-2743
-2419
-1207
-733
-1845
-2894
-3066
-3504
-4885
-6676
-7973
-8207
-7888
-8109
-9183
-8586
-4304
1732
5943
7299
10822
17756
24003
24347
23447
27535
31631
28062
18832
15356
16803
14274
4968
-3646
-5695
-5795
-8577
-13548
-14822
-11370
-8758
-9280
-9126
-3663
2083
3117
2045
3985
8204
9119
6762
4035
3629
4130
2421
-1421
-4492
-3736
-2397
-3155
-4791
-4453
-2093
-542
-128
-382
711
2148
1470
-1053
-2386
-1519
-2771
-6823
-9935
-9968
-9644
-11368
-12878
-12592
-10534
-8909
-8171
-7273
-4970
-2080
-1081
-1136
-540
846
711
-759
-1915
-2552
-3459
-5191
-6993
-8425
-8637
-8502
-9051
-10049
-8886
-4278
1555
5426
6848
10853
18383
24325
23484
22449
27622
32095
27066
17215
14673
16859
14002
4568
-3560
-5395
-5011
-7111
-12001
-13701
-9921
-6710
-7741
-8234
-2441
3603
3652
1461
3227
7419
7726
4480
1059
425
1358
16
-4437
-8217
-6718
-3797
-4034
-6206
-5549
-1819
786
1200
1073
3046
5381
4774
1722
432
1748
482
-4621
-8724
-8775
-8242
-10388
-13234
-13479
-10948
-8606
-8361
-8394
-5816
-1981
-459
-1106
-537
1251
1511
-144
-1539
-2058
-2896
-4693
-7024
-8472
-8481
-8254
-9640
-11155
-10047
-7366
-5170
-2776
2563
8191
11173
14179
19724
24790
24594
24330
27440
29236
24176
16565
14227
14056
10738
3116
-3373
-5796
-6350
-7779
-11094
-11822
-9502
-7488
-7587
-6276
-1202
2130
1666
913
3346
5756
4953
2785
756
28
-158
-1010
-3821
-6253
-5123
-3037
-2995
-4163
-3203
-944
422
1251
2174
3322
3460
2494
1146
897
1015
-1338
-5593
-8086
-7687
-7809
-10020
-11896
-11491
-9763
-8383
-7810
-7191
-5497
-3257
-1977
-1815
-1216
-355
-443
-1305
-1828
-2183
-3485
-5228
-6656
-7213
-7479
-8122
-9463
-10105
-8869
-6931
-4797
-1328
4234
8290
10852
15369
21716
24415
23006
25006
29430
28685
21048
15459
15304
14045
8319
563
-4313
-6288
-7462
-9877
-12586
-11800
-9247
-8371
-8508
-4985
839
2594
1390
2225
5813
7132
5358
3340
1802
1164
477
-1210
-4530
-6323
-4946
-3612
-3992
-4567
-3124
-1129
251
1371
2346
3282
3266
2348
1285
938
261
-2696
-6222
-8047
-8114
-8857
-10765
-12050
-11487
-9391
-7854
-7232
-6280
-3906
-1711
-808
-230
601
823
46
-545
-1185
-2264
-3853
-5460
-7006
-7879
-7725
-8311
-9622
-10167
-8562
-7188
-6397
-3440
2351
7643
9493
12473
18320
23228
22819
21999
25738
28466
24428
16513
13462
14048
12114
5443
-2077
-5316
-5408
-6092
-9739
-11845
-9483
-7066
-7455
-7164
-2339
1842
1572
660
2497
5172
5078
3410
1253
61
550
388
-2208
-5475
-4936
-2642
-2127
-3280
-3314
-1505
158
1375
1657
2015
2334
2001
732
-285
-341
-1792
-5118
-8103
-8523
-8031
-9067
-11105
-11667
-9613
-7338
-6856
-6845
-4935
-2086
-717
-554
-22
604
445
-158
-845
-1751
-2783
-4012
-5757
-7137
-7013
-6767
-8132
-9610
-9091
-7045
-6247
-5679
-2957
2683
8076
10153
12344
17044
22594
22953
21580
24138
27249
24177
15843
12377
13290
12046
5069
-2920
-5766
-5117
-5286
-9554
-12394
-9831
-6317
-6107
-6729
-2738
1581
2309
1752
3077
5458
5702
4529
2010
361
937
1066
-1808
-5866
-5690
-3141
-2391
-3911
-4751
-2902
-409
1175
670
481
1926
2543
944
-974
-573
-1140
-4496
-7744
-8193
-7395
-8724
-10817
-11513
-9632
-7301
-6576
-6640
-5393
-2285
-282
-148
-440
193
840
283
-912
-2186
-2926
-3867
-5378
-6763
-7144
-6768
-7346
-8223
-7890
-5968
-4157
-3656
-2493
1087
6651
10465
11787
13881
18073
21262
20624
19928
21301
21627
17701
12485
10482
10069
7635
2083
-2859
-4193
-3360
-4260
-7647
-8866
-6399
-3945
-4106
-3989
-1258
1206
1613
1430
2349
3275
3133
2128
593
-165
3
-422
-2723
-4580
-3609
-1706
-1761
-3356
-3392
-1345
671
758
-317
-299
932
1423
72
-1414
-1877
-2597
-4437
-6235
-6690
-6766
-7707
-8973
-9014
-7428
-6020
-5995
-6235
-4996
-2839
-1823
-2166
-2622
-2372
-1759
-1614
-2393
-3724
-4279
-4237
-4807
-6103
-6657
-6398
-6666
-7138
-6755
-5505
-5112
-4112
-527
5228
9277
10407
12825
17665
21736
21324
21107
23980
25412
20863
13754
11774
12697
10501
2968
-4112
-5652
-4580
-5891
-10456
-11895
-8709
-5940
-6189
-5904
-1730
1797
2299
2073
3520
5230
4858
3553
1635
847
1030
235
-2801
-5717
-4770
-2704
-2570
-4173
-4088
-1741
426
1427
1222
1758
2680
2800
1587
288
-143
-1692
-4496
-6995
-7623
-7854
-9422
-11209
-11363
-9333
-7674
-7534
-7384
-5226
-1992
-367
-234
-173
752
1456
1179
26
-1361
-2102
-2964
-4278
-5701
-6033
-5876
-6486
-7079
-6628
-5012
-4152
-4044
-3504
-1404
2053
5091
7245
8644
11167
14525
16754
16801
16286
17764
18886
17041
12853
10400
10435
9345
5680
1075
-1023
-1228
-2027
-4408
-6232
-5131
-3666
-3905
-4564
-2701
116
602
-58
381
2109
2679
1997
1009
443
702
490
-933
-2903
-2857
-1470
-1356
-2724
-3373
-2134
-974
-801
-1160
-750
47
15
-933
-1495
-921
-1156
-3099
-5223
-5538
-5188
-6039
-7688
-8413
-7600
-6675
-6527
-6727
-5881
-4162
-2967
-2815
-2713
-1898
-1185
-1160
-1527
-1595
-1554
-1996
-2993
-3869
-3882
-3763
-4477
-5750
-6106
-5316
-4904
-5299
-5792
-4498
-1186
3031
5982
7427
10332
14691
17820
17559
17998
21141
22867
19791
14353
12398
12682
11217
5712
-534
-3068
-2980
-4028
-7969
-9906
-7951
-5899
-6068
-5679
-2012
1167
1917
2192
3803
5523
5659
4913
3374
2376
2264
1464
-1267
-4038
-4056
-3169
-3572
-4727
-4621
-3240
-1910
-971
-427
482
1560
1758
860
230
258
-965
-3784
-6138
-6892
-7554
-9264
-11015
-11336
-10258
-9078
-8663
-8194
-6354
-3757
-1830
-901
65
1130
1852
2035
1624
954
309
-370
-1931
-3680
-4528
-4810
-5926
-7286
-7359
-6408
-5807
-5748
-5215
-4130
-1979
1169
4749
7192
9257
12384
15477
16798
16652
18223
20424
20094
16216
12317
11413
11293
8920
3509
-730
-1444
-1232
-3593
-7175
-7083
-4613
-4008
-5404
-4626
-1187
686
385
228
1660
2876
2551
1289
222
558
890
-532
-3124
-3963
-2540
-1722
-2553
-3356
-2614
-1104
-63
337
574
1206
1739
1276
255
-209
-404
-1866
-4387
-6117
-6590
-7088
-8444
-9598
-9414
-8362
-7635
-7410
-6587
-4748
-2797
-1425
-581
175
904
1465
1589
1055
455
-106
-1035
-2399
-3446
-3911
-4665
-5650
-6180
-5980
-5607
-5283
-4853
-4316
-3552
-2397
-687
1665
4584
7201
9227
10971
12788
14112
15040
16309
17013
16065
13583
11679
10835
9916
7677
4062
1150
-98
-626
-2415
-4496
-4836
-4227
-4128
-4274
-3169
-1810
-1200
-648
207
909
917
893
681
484
742
770
-181
-1561
-1662
-951
-653
-976
-1281
-1016
-338
438
524
290
468
692
176
-762
-1167
-1650
-2938
-4586
-5711
-6305
-6963
-7762
-8438
-8358
-7605
-7004
-6842
-6324
-4823
-3199
-2168
-1609
-1108
-541
-60
186
-136
-602
-927
-1412
-2258
-3067
-3474
-4015
-4679
-5017
-4923
-4756
-4640
-4401
-4059
-3590
-2471
-492
2242
4952
7105
9163
11289
13248
14155
15150
16661
17368
15847
12844
11063
10478
9628
6494
2160
-552
-1004
-1446
-3877
-5761
-5368
-4224
-3968
-3484
-1664
-208
546
1510
2693
3162
3041
3029
2419
1704
1517
971
-1063
-3096
-3132
-2459
-2759
-3685
-4019
-3609
-2536
-1214
-723
-961
-571
410
604
-10
-376
-813
-2168
-3677
-4456
-5080
-6291
-7466
-7715
-7275
-6946
-6936
-6625
-5360
-3635
-2342
-1681
-1026
-57
864
1460
1367
828
250
-138
-712
-1713
-2622
-3462
-4250
-4980
-5284
-5373
-5536
-5452
-5114
-4350
-3446
-2587
-2237
-1577
596
3559
5680
6772
8664
11057
12460
12639
13297
14930
15851
14702
11827
9862
10003
10121
7135
2619
851
1382
258
-2964
-4438
-3596
-3344
-4161
-4070
-2816
-1924
-1279
-446
117
494
1150
1419
709
530
1430
1368
-494
-1899
-1408
-623
-926
-1735
-2234
-2099
-1352
-710
-873
-1115
-549
-134
-716
-1332
-1191
-1396
-2733
-4070
-4562
-4882
-5813
-6921
-7334
-6947
-6415
-6377
-6476
-5781
-4201
-2669
-1938
-1564
-755
457
1248
1160
807
746
614
-89
-1062
-1728
-2289
-3078
-3909
-4373
-4441
-4498
-4640
-4695
-4234
-3405
-2754
-2465
-1971
-435
1918
4302
5994
7462
9285
11076
12059
12361
13085
13892
13578
11804
9946
9068
8429
6802
4017
1745
889
315
-1353
-3133
-3244
-2488
-2416
-2674
-1978
-860
-322
55
620
1008
1062
1169
997
485
398
582
-65
-1411
-1879
-1443
-1357
-1827
-2021
-1826
-1639
-1345
-972
-708
-496
-237
-328
-823
-1200
-1489
-2210
-3305
-4107
-4575
-5143
-5871
-6389
-6445
-6169
-5810
-5495
-5036
-4286
-3381
-2492
-1670
-892
-245
205
364
275
188
46
-451
-1303
-1919
-2209
-2644
-3298
-3696
-3609
-3489
-3463
-3375
-2925
-2162
-1382
-855
-546
-22
618
1261
2024
3237
4636
5710
6517
7205
7962
8661
9332
9782
9864
9595
8987
8373
7874
7319
6212
4794
3661
2717
1636
540
-149
-752
-1402
-1667
-1453
-1302
-1350
-1002
-397
-132
-193
-43
252
348
406
425
120
-479
-855
-999
-1173
-1331
-1451
-1739
-2088
-2010
-1685
-1587
-1702
-1705
-1708
-1881
-2017
-2140
-2444
-2953
-3414
-3839
-4220
-4450
-4646
-4922
-5100
-4889
-4561
-4359
-4144
-3638
-2886
-2185
-1664
-1279
-795
-287
-14
-34
-126
-230
-535
-911
-1180
-1391
-1704
-2001
-2135
-2194
-2200
-2137
-1988
-1797
-1549
-1309
-1142
-943
-648
-387
-303
-198
274
1323
2743
4067
5052
5936
7017
8144
9141
10069
10857
10948
10186
9365
9155
8961
7658
5487
3757
2914
1955
271
-1358
-2165
-2419
-2659
-2848
-2825
-2576
-2019
-1250
-647
-329
10
393
587
722
941
832
132
-611
-899
-1030
-1378
-1837
-2208
-2427
-2391
-2170
-2057
-2056
-1901
-1640
-1564
-1654
-1731
-1882
-2246
-2724
-3165
-3573
-4007
-4467
-4853
-5014
-4957
-4858
-4730
-4385
-3786
-3080
-2347
-1644
-1068
-530
103
638
809
743
670
459
25
-414
-759
-1203
-1775
-2209
-2412
-2477
-2488
-2463
-2389
-2180
-1776
-1368
-1062
-763
-379
40
389
755
1214
1992
3121
4330
5317
6067
6838
7536
8170
8777
9266
9262
8676
8122
7823
7412
6320
4828
3583
2656
1697
434
-730
-1544
-1992
-2225
-2365
-2369
-2272
-1913
-1438
-1039
-737
-396
1
231
407
610
703
467
49
-226
-386
-582
-933
-1328
-1582
-1614
-1628
-1863
-2071
-1944
-1728
-1889
-2253
-2333
-2218
-2367
-2781
-3115
-3299
-3510
-3775
-3978
-4071
-4049
-3941
-3808
-3639
-3318
-2833
-2367
-2035
-1706
-1232
-727
-428
-321
-218
-97
-149
-395
-632
-792
-987
-1273
-1515
-1640
-1695
-1724
-1756
-1764
-1669
-1405
-1121
-1020
-973
-658
-35
501
743
935
1406
2209
3203
4274
5207
5889
6411
6942
7552
8201
8699
8620
7973
7398
7194
6668
5344
3949
3120
2353
1098
-160
-917
-1477
-2048
-2333
-2308
-2339
-2327
-1938
-1375
-1004
-710
-348
-132
-55
192
524
541
262
-6
-209
-414
-625
-919
-1237
-1265
-1076
-1214
-1654
-1707
-1287
-1129
-1446
-1700
-1697
-1790
-2073
-2322
-2553
-2923
-3333
-3564
-3623
-3695
-3857
-3967
-3858
-3563
-3221
-2866
-2463
-2003
-1464
-883
-454
-230
34
427
639
501
275
136
-78
-420
-722
-953
-1238
-1549
-1743
-1799
-1798
-1781
-1739
-1625
-1403
-1116
-840
-589
-319
-17
259
488
786
1301
1995
2708
3410
4134
4796
5318
5799
6329
6787
7031
6971
6621
6206
5974
5699
4918
3815
2995
2446
1621
560
-172
-545
-958
-1388
-1537
-1484
-1434
-1309
-1050
-802
-602
-375
-182
-42
204
506
581
405
210
50
-134
-268
-365
-575
-826
-950
-1085
-1350
-1499
-1436
-1501
-1797
-2001
-2040
-2185
-2461
-2661
-2813
-3017
-3189
-3286
-3412
-3541
-3538
-3408
-3233
-3025
-2776
-2458
-2042
-1604
-1244
-899
-523
-263
-140
59
308
293
17
-187
-279
-505
-838
-1052
-1187
-1405
-1628
-1718
-1722
-1708
-1649
-1549
-1458
-1329
-1065
-715
-413
-199
15
301
671
1107
1634
2262
2924
3512
4018
4572
5211
5790
6179
6412
6499
6353
6073
5888
5688
5057
4006
3121
2648
2113
1168
200
-358
-666
-1041
-1398
-1513
-1404
-1210
-1015
-836
-647
-379
-57
211
414
608
763
780
665
537
472
352
46
-317
-482
-540
-810
-1231
-1428
-1411
-1553
-1855
-1997
-1993
-2121
-2365
-2521
-2594
-2692
-2801
-2909
-3027
-3074
-3023
-3003
-3016
-2902
-2673
-2508
-2384
-2136
-1804
-1521
-1259
-973
-775
-682
-573
-445
-429
-531
-643
-752
-896
-1024
-1116
-1225
-1349
-1411
-1424
-1447
-1436
-1306
-1089
-859
-619
-367
-118
179
566
948
1227
1490
1859
2304
2757
3204
3581
3814
4034
4397
4776
4952
4955
4926
4852
4709
4550
4318
3880
3353
2923
2510
1954
1354
862
422
19
-241
-416
-699
-962
-918
-673
-581
-641
-551
-261
43
275
455
555
572
580
575
486
334
182
-9
-270
-513
-699
-919
-1225
-1495
-1639
-1760
-2009
-2322
-2487
-2480
-2530
-2767
-2999
-3030
-2953
-2955
-3014
-3019
-2950
-2827
-2640
-2407
-2180
-1956
-1708
-1434
-1158
-923
-754
-619
-478
-368
-333
-346
-394
-502
-626
-692
-756
-908
-1047
-1051
-1011
-1049
-1076
-977
-821
-686
-519
-285
-65
113
303
520
729
938
1159
1361
1529
1751
2121
2562
2883
3043
3230
3542
3831
3988
4104
4194
4148
4039
4025
3951
3569
3057
2758
2551
2113
1520
1071
766
443
155
-36
-237
-453
-514
-424
-395
-446
-397
-229
-68
73
212
251
189
198
279
232
31
-154
-318
-563
-823
-1017
-1274
-1641
-1892
-1930
-2006
-2264
-2489
-2506
-2435
-2427
-2443
-2431
-2402
-2338
-2217
-2118
-2094
-2045
-1880
-1709
-1656
-1648
-1565
-1442
-1350
-1242
-1096
-994
-968
-918
-797
-679
-627
-633
-658
-648
-574
-503
-528
-608
-627
-596
-610
-674
-698
-652
-585
-519
-423
-279
-107
79
269
476
713
961
1201
1457
1797
2205
2552
2764
2944
3194
3440
3575
3631
3649
3584
3462
3395
3344
3151
2824
2530
2321
2106
1838
1526
1198
937
793
660
438
232
154
106
-23
-139
-149
-126
-135
-137
-123
-158
-232
-293
-337
-371
-397
-476
-635
-769
-818
-913
-1136
-1328
-1367
-1393
-1531
-1679
-1738
-1774
-1836
-1878
-1912
-1993
-2065
-2052
-2004
-2007
-2020
-1985
-1915
-1823
-1697
-1575
-1496
-1411
-1265
-1106
-990
-894
-793
-715
-676
-639
-601
-596
-637
-692
-739
-768
-788
-809
-831
-825
-771
-703
-648
-574
-436
-253
-86
63
230
404
559
710
882
1039
1143
1214
1303
1428
1574
1729
1889
2061
2246
2423
2564
2666
2732
2762
2771
2781
2755
2636
2454
2289
2154
1987
1766
1524
1298
1110
969
858
734
598
498
460
450
417
346
256
184
135
84
-9
-146
-292
-411
-493
-582
-732
-926
-1064
-1098
-1108
-1188
-1310
-1359
-1305
-1242
-1253
-1315
-1353
-1353
-1371
-1439
-1516
-1567
-1611
-1679
-1734
-1738
-1717
-1719
-1722
-1659
-1530
-1417
-1368
-1325
-1224
-1094
-994
-929
-854
-769
-708
-684
-674
-661
-655
-666
-683
-685
-675
-672
-683
-675
-613
-521
-448
-383
-265
-75
117
263
400
587
823
1046
1205
1311
1420
1562
1694
1756
1752
1749
1786
1835
1858
1851
1827
1798
1788
1802
1805
1757
1671
1608
1578
1540
1453
1341
1253
1201
1135
1017
875
782
755
717
621
528
517
547
512
418
366
383
368
263
153
116
91
-11
-167
-293
-383
-504
-667
-813
-915
-1017
-1148
-1265
-1327
-1366
-1430
-1503
-1539
-1551
-1580
-1609
-1612
-1602
-1587
-1553
-1518
-1512
-1496
-1410
-1312
-1291
-1306
-1252
-1153
-1096
-1077
-1046
-1013
-986
-924
-829
-771
-758
-732
-679
-627
-578
-526
-496
-458
-362
-251
-202
-180
-102
1
59
105
198
303
391
508
668
801
890
1018
1193
1316
1358
1405
1499
1577
1593
1582
1583
1592
1586
1539
1445
1332
1254
1215
1164
1065
948
884
895
931
923
870
837
875
951
983
942
891
894
948
990
968
889
798
735
694
630
508
347
201
102
26
-74
-220
-390
-533
-646
-760
-901
-1038
-1139
-1213
-1285
-1345
-1374
-1387
-1421
-1459
-1455
-1412
-1381
-1384
-1381
-1328
-1241
-1171
-1138
-1110
-1051
-972
-913
-898
-902
-900
-888
-874
-869
-873
-898
-934
-963
-975
-982
-997
-1008
-987
-929
-854
-778
-686
-562
-418
-277
-142
6
172
335
472
583
686
791
894
981
1046
1095
1130
1159
1180
1189
1186
1176
1171
1170
1168
1149
1110
1072
1056
1059
1054
1021
976
943
930
924
911
892
880
893
922
947
941
912
887
884
886
873
838
794
749
706
655
584
497
410
337
271
193
96
-2
-84
-152
-215
-290
-376
-457
-524
-584
-648
-724
-802
-871
-926
-970
-1013
-1063
-1121
-1170
-1189
-1187
-1187
-1204
-1220
-1216
-1192
-1175
-1174
-1181
-1179
-1158
-1130
-1104
-1096
-1098
-1090
-1060
-1017
-985
-972
-955
-913
-845
-773
-708
-645
-569
-468
-348
-227
-120
-25
70
169
275
378
468
539
598
662
738
817
869
885
883
894
925
952
958
940
923
927
952
970
953
902
844
810
801
787
745
687
651
657
681
681
650
617
618
648
674
677
671
691
742
801
831
821
794
781
780
764
704
610
519
456
405
329
212
86
-10
-81
-155
-248
-346
-431
-500
-557
-600
-640
-690
-747
-791
-814
-835
-877
-935
-982
-1008
-1034
-1072
-1114
-1140
-1151
-1169
-1191
-1202
-1186
-1160
-1146
-1137
-1106
-1046
-977
-919
-866
-797
-718
-647
-584
-513
-439
-380
-333
-274
-200
-134
-93
-61
-13
49
103
141
183
239
302
356
401
449
498
542
575
607
636
655
657
658
670
685
689
682
680
696
717
732
744
763
788
815
839
857
867
869
860
841
817
788
747
694
636
584
538
487
430
379
337
300
262
230
204
178
148
123
109
96
70
37
8
-18
-44
-83
-130
-179
-224
-270
-322
-380
-435
-482
-525
-570
-615
-655
-688
-716
-742
-765
-785
-803
-815
-818
-815
-815
-814
-804
-783
-755
-725
-693
-660
-620
-575
-526
-480
-442
-404
-365
-328
-297
-267
-242
-219
-195
-166
-140
-120
-101
-75
-43
-12
15
44
73
105
139
176
210
243
281
321
362
397
429
458
489
519
542
559
572
585
596
600
602
598
592
581
569
553
530
500
466
434
403
370
340
316
296
279
268
265
264
269
275
278
281
280
275
267
256
239
217
191
161
126
88
48
9
-32
-71
-108
-141
-172
-201
-223
-242
-260
-276
-292
-308
-327
-347
-367
-391
-414
-436
-454
-472
-493
-509
-517
-518
-516
-508
-493
-474
-451
-421
-392
-363
-340
-315
-293
-277
-266
-258
-253
-252
-253
-251
-249
-243
-234
-218
-196
-170
-135
-96
-52
-8
36
81
123
159
190
215
233
246
251
253
251
247
242
240
241
244
252
267
288
306
325
347
368
384
391
395
393
383
368
349
326
295
267
240
217
196
177
161
151
142
139
138
139
140
140
137
129
118
104
87
65
45
24
2
-18
-39
-56
-71
-84
-95
-104
-111
-115
-115
-117
-118
-121
-127
-136
-147
-162
-177
-195
-211
-225
-239
-250
-260
-266
-265
-260
-251
-240
-227
-211
-192
-176
-160
-140
-122
-107
-96
-86
-79
-77
-75
-73
-76
-84
-92
-97
-103
-108
-108
-104
-98
-88
-73
-54
-33
-11
17
47
75
100
123
147
165
179
188
193
195
193
188
181
173
162
151
141
132
125
113
102
90
82
75
66
58
49
42
33
26
22
21
21
22
25
31
36
42
51
61
70
77
83
89
90
88
83
75
62
44
25
10
-10
-31
-49
-59
-66
-75
-83
-87
-87
-88
-84
-79
-74
-69
-60
-50
-39
-28
-18
-8
4
15
24
27
27
27
25
21
14
3
-9
-21
-33
-44
-57
-68
-72
-74
-72
-68
-60
-49
-38
-27
-16
-8
-2
4
7
7
4
0
-3
-6
-9
-14
-17
-20
-23
-27
-28
-29
-30
-32
-32
-31
-32
-32
-34
-37
-40
-40
-41
-38
-37
-34
-29
-21
-12
-2
10
21
32
42
52
61
66
66
65
63
58
48
36
26
15
5
-3
-10
-10
-7
-2
5
14
24
34
43
52
62
71
76
81
84
83
79
76
75
71
63
55
51
47
42
40
41
42
43
47
48
50
49
45
39
34
24
11
-2
-16
-33
-49
-64
-79
-89
-98
-102
-107
-110
-110
-109
-107
-104
-99
-93
-88
-83
-77
-72
-67
-64
-60
-57
-53
-50
-48
-46
-42
-40
-36
-32
-26
-18
-10
-4
2
10
15
17
19
21
20
18
13
9
4
-1
-7
-11
-17
-19
-19
-15
-7
2
13
28
44
60
76
89
99
106
112
117
120
116
111
105
97
88
76
65
56
47
40
33
30
29
28
29
31
32
33
32
33
32
29
27
24
21
17
12
4
-3
-10
-19
-27
-38
-48
-58
-68
-77
-88
-99
-110
-120
-129
-135
-138
-140
-140
-139
-134
-126
-119
-113
-103
-92
-81
-68
-57
-44
-32
-18
-8
2
10
17
23
26
28
30
31
31
33
36
35
33
32
32
29
25
20
16
13
12
12
10
9
11
18
27
35
45
57
72
88
101
113
122
129
136
139
139
137
132
125
115
105
95
83
70
60
50
41
31
24
18
15
13
12
10
9
8
8
5
1
-5
-12
-22
-35
-49
-64
-81
-97
-112
-127
-140
-148
-153
-155
-152
-147
-139
-129
-117
-106
-94
-83
-76
-72
-69
-68
-71
-74
-78
-80
-81
-81
-79
-80
-81
-78
-70
-60
-49
-38
-27
-16
-7
2
12
19
25
31
39
45
51
56
62
65
70
74
80
86
93
101
107
115
121
125
129
128
127
125
122
119
115
110
105
97
89
80
71
63
55
51
50
48
46
43
41
40
37
33
31
29
29
24
19
15
9
1
-6
-15
-26
-38
-49
-61
-72
-85
-97
-107
-118
-126
-133
-138
-140
-139
-137
-132
-124
-113
-104
-91
-75
-61
-48
-38
-27
-19
-16
-14
-13
-16
-22
-32
-43
-53
-66
-78
-89
-96
-101
-105
-103
-100
-91
-78
-62
-43
-22
-1
21
44
67
86
104
119
130
138
142
141
138
132
125
115
103
89
76
65
55
47
41
37
35
34
36
40
43
46
50
54
58
60
61
61
61
59
55
48
40
31
22
12
0
-12
-23
-32
-42
-50
-61
-67
-73
-81
-88
-94
-99
-102
-106
-108
-107
-106
-102
-96
-89
-78
-65
-49
-33
-14
4
21
35
49
60
65
68
67
61
51
37
21
3
-18
-39
-57
-74
-89
-98
-105
-104
-99
-87
-71
-54
-34
-10
13
35
55
71
85
96
102
102
97
90
80
69
57
44
33
25
17
14
13
13
14
16
21
24
24
22
19
16
11
5
-2
-11
-18
-23
-28
-32
-34
-34
-32
-28
-22
-16
-10
-6
-2
-1
-4
-9
-18
-28
-41
-54
-69
-84
-95
-102
-107
-108
-107
-100
-90
-75
-57
-37
-16
5
28
48
67
79
90
98
102
100
96
91
84
75
64
54
44
35
26
20
14
10
7
6
5
6
8
10
14
17
20
21
21
18
15
13
10
6
2
0
-1
-5
-8
-10
-10
-9
-10
-9
-8
-8
-8
-7
-5
-4
-3
-4
-6
-6
-8
-11
-13
-18
-21
-27
-32
-37
-45
-54
-59
-65
-70
-76
-80
-84
-86
-88
-90
-89
-88
-85
-80
-73
-67
-58
-47
-37
-25
-13
0
12
24
34
44
53
62
69
76
80
86
90
93
95
97
98
98
97
96
94
90
85
80
75
68
62
59
57
53
49
49
50
49
48
48
49
48
48
45
40
35
28
18
7
-1
-12
-22
-31
-40
-46
-51
-56
-59
-61
-59
-57
-54
-50
-46
-41
-36
-34
-32
-30
-31
-34
-40
-43
-49
-57
-68
-79
-89
-100
-111
-120
-127
-132
-136
-139
-140
-137
-133
-127
-119
-109
-99
-89
-77
-63
-51
-35
-20
-3
14
31
51
72
92
111
128
146
159
170
178
183
183
178
172
164
152
138
124
110
96
82
71
62
55
50
47
47
47
47
49
50
51
51
49
47
45
39
32
24
15
5
-6
-16
-27
-37
-46
-52
-56
-59
-60
-60
-58
-55
-52
-48
-44
-42
-41
-41
-41
-45
-50
-56
-61
-66
-72
-78
-82
-87
-89
-92
-91
-92
-91
-89
-87
-83
-80
-76
-74
-72
-72
-69
-67
-67
-66
-64
-60
-55
-50
-44
-35
-23
-10
2
17
31
46
61
73
87
98
108
116
122
124
125
125
125
120
116
111
104
97
91
85
82
79
77
77
76
77
75
74
73
70
67
63
60
55
49
40
32
22
15
7
1
-5
-8
-12
-13
-12
-11
-7
-5
-1
2
3
5
4
1
-1
-5
-12
-23
-32
-39
-49
-61
-72
-79
-85
-91
-95
-96
-96
-94
-91
-85
-80
-75
-72
-68
-63
-59
-56
-54
-53
-52
-50
-49
-47
-45
-43
-40
-35
-31
-26
-20
-13
-7
-1
5
12
16
19
21
26
27
28
31
33
35
37
38
39
40
40
41
41
42
43
44
43
44
45
46
47
47
48
47
47
47
46
44
43
40
36
33
31
27
24
20
18
15
14
13
12
12
13
13
14
15
15
15
14
14
13
10
7
4
2
-2
-7
-12
-19
-25
-29
-34
-38
-41
-44
-46
-47
-47
-46
-44
-41
-39
-36
-31
-28
-25
-22
-19
-17
-17
-16
-15
-14
-14
-12
-12
-12
-10
-6
-4
-3
-2
0
4
7
8
9
8
8
9
7
6
4
3
2
2
1
3
5
7
9
12
14
16
19
21
22
23
23
21
20
19
17
15
11
8
4
1
-1
-3
-4
-8
-11
-11
-10
-8
-5
-2
1
6
10
14
17
19
20
22
22
21
20
18
16
12
8
4
1
-2
-4
-6
-8
-9
-10
-12
-12
-11
-11
-13
-15
-13
-12
-12
-11
-11
-9
-9
-8
-7
-6
-5
-3
-1
1
2
2
5
5
5
5
5
5
5
5
4
3
3
4
4
4
5
5
3
2
1
0
2
0
-1
0
0
0
0
-2
-2
-2
-3
-4
-5
-6
-7
-9
-10
-11
-12
-14
-14
-14
-13
-13
-12
-12
-10
-7
-4
-2
-1
3
5
6
7
9
10
10
11
12
12
12
10
8
8
5
4
2
0
0
-1
-1
-2
-2
-2
-2
-2
-3
-2
-3
-1
-1
-1
-1
1
1
1
2
3
2
2
3
2
2
1
0
-1
0
-1
0
0
-1
0
2
3
3
4
6
6
7
8
10
9
8
8
7
6
5
5
4
3
2
0
0
-2
-4
-5
-7
-9
-13
-17
-21
-23
-25
-27
-29
-29
-29
-28
-25
-22
-18
-13
-6
-1
4
8
13
15
18
18
17
16
12
9
4
-2
-6
-11
-15
-19
-20
-23
-22
-21
-20
-17
-12
-8
-3
3
9
14
17
19
21
24
24
26
27
28
27
25
25
24
23
21
19
19
18
16
14
13
11
9
6
4
3
1
-1
-3
-4
-3
-3
-3
-4
-4
-3
-2
0
0
0
0
1
-1
-2
-4
-7
-10
-14
-18
-20
-23
-27
-30
-33
-34
-36
-38
-37
-33
-30
-28
-24
-21
-15
-12
-8
-4
1
3
5
5
5
3
0
-3
-6
-10
-14
-18
-22
-26
-30
-31
-32
-33
-30
-27
-24
-21
-16
-13
-7
-3
2
8
13
18
21
25
31
34
37
40
44
45
49
49
50
50
49
49
49
48
45
43
39
37
34
29
25
22
19
16
14
10
8
9
8
6
5
4
3
1
3
2
-1
-2
-4
-6
-8
-12
-16
-19
-20
-24
-27
-31
-32
-32
-32
-32
-30
-28
-26
-24
-21
-18
-16
-14
-12
-11
-9
-9
-8
-7
-8
-8
-9
-9
-13
-13
-13
-14
-14
-15
-15
-13
-14
-13
-12
-12
-11
-10
-8
-6
-6
-4
-3
-1
0
0
0
2
3
3
4
6
8
9
11
14
16
18
20
21
23
26
28
28
29
29
29
28
26
26
25
22
19
17
16
15
12
12
11
11
11
10
9
8
8
7
8
8
7
7
4
2
0
-1
-4
-8
-11
-13
-15
-17
-18
-19
-21
-21
-19
-17
-14
-10
-6
-3
-2
1
4
5
3
3
6
4
-4
-10
-11
-15
-24
-31
-36
-39
-46
-49
-51
-53
-56
-58
-57
-55
-54
-54
-53
-53
-51
-45
-40
-37
-35
-29
-18
-9
-3
2
10
20
28
37
44
50
55
61
67
68
72
72
72
72
73
72
69
66
64
61
58
55
52
51
50
47
44
42
40
38
36
33
30
27
23
18
14
8
3
-3
-10
-15
-20
-25
-28
-32
-34
-36
-37
-38
-40
-40
-40
-40
-40
-41
-42
-43
-44
-48
-49
-51
-51
-53
-55
-55
-54
-51
-49
-48
-43
-37
-33
-28
-21
-16
-10
-6
-1
5
9
12
14
14
14
13
11
10
11
11
12
11
12
13
13
15
16
17
18
19
20
19
18
17
15
14
15
13
11
8
8
9
10
8
8
7
7
8
7
8
7
8
8
7
6
3
3
1
0
-2
-4
-6
-8
-9
-9
-9
-11
-13
-12
-10
-10
-10
-11
-8
-6
-6
-5
-3
-2
-1
-2
-3
-2
-1
-2
-4
-5
-5
-5
-4
-4
-4
-3
-1
0
1
1
4
5
6
6
6
7
7
8
6
7
7
6
6
5
3
3
4
3
3
3
4
5
4
5
4
4
5
5
4
2
2
2
0
-1
-1
-2
-4
-5
-4
-4
-5
-7
-6
-6
-6
-6
-6
-6
-7
-8
-7
-7
-7
-7
-7
-6
-5
-6
-8
-7
-6
-6
-7
-9
-10
-9
-10
-13
-13
-14
-11
-11
-9
-9
-8
-7
-5
-5
-3
-2
-2
-2
-1
1
2
1
2
3
3
3
3
5
6
6
7
8
10
12
12
13
14
15
15
15
16
16
14
13
13
11
11
8
7
8
7
6
6
6
7
8
8
6
6
5
4
4
3
2
1
-2
-3
-4
-6
-8
-9
-9
-11
-10
-11
-8
-7
-6
-6
-7
-7
-6
-5
-3
-4
-4
-5
-4
-4
-5
-5
-6
-7
-6
-7
-6
-7
-7
-6
-5
-3
-3
-3
-4
-2
-3
-3
-4
-3
-3
-3
-3
-3
-3
-3
-3
-3
-3
-1
0
0
1
2
4
3
3
4
6
6
7
9
10
10
9
10
9
9
9
8
8
7
7
5
4
4
5
4
3
2
2
2
2
0
0
-1
-1
-2
-3
-3
-4
-5
-6
-7
-7
-8
-9
-8
-9
-9
-8
-9
-7
-8
-9
-8
-6
-6
-7
-8
-7
-7
-7
-8
-8
-7
-7
-4
-3
-3
-2
0
1
2
2
3
4
6
7
6
7
8
8
7
7
7
7
7
7
6
5
7
7
7
6
5
6
6
7
7
6
4
4
4
5
5
4
3
4
4
3
3
3
4
3
3
2
3
3
2
0
0
-1
0
-1
-2
-3
-3
-3
-5
-5
-5
-5
-4
-5
-6
-6
-5
-5
-6
-7
-7
-7
-8
-8
-7
-7
-6
-7
-7
-7
-6
-7
-7
-6
-5
-4
-3
-3
-3
-2
-1
-1
-1
1
1
1
2
1
3
4
5
6
5
5
6
7
8
7
8
7
8
8
8
8
7
8
7
8
7
7
7
7
6
6
5
4
3
3
2
1
0
0
0
0
-1
-1
-4
-3
-3
-4
-5
-5
-6
-6
-6
-6
-6
-6
-7
-5
-6
-6
-6
-6
-5
-6
-7
-7
-6
-6
-7
-7
-7
-7
-9
-7
-8
-7
-7
-7
-5
-4
-3
-3
-1
-1
0
1
1
2
2
3
3
5
5
5
6
7
6
7
9
8
8
8
8
8
8
9
8
9
8
8
8
7
7
8
8
7
7
7
6
6
5
4
5
4
3
2
2
1
1
1
1
0
-1
-1
-2
-2
-4
-5
-6
-6
-8
-8
-9
-9
-10
-9
-9
-9
-10
-10
-9
-9
-9
-9
-9
-8
-6
-8
-8
-7
-7
-8
-7
-6
-5
-6
-6
-6
-5
-5
-6
-5
-5
-3
-1
0
2
2
3
4
4
6
6
6
5
6
7
6
5
4
4
4
5
5
5
6
7
6
6
6
6
7
6
6
6
4
4
4
3
1
2
1
2
1
1
0
0
1
1
0
0
-1
-1
-1
0
-1
-2
-2
-2
-1
-1
-3
-4
-4
-5
-6
-7
-7
-8
-7
-7
-8
-9
-7
-8
-7
-7
-7
-7
-6
-5
-5
-6
-5
-4
-3
-2
-1
-1
-1
0
0
1
1
3
3
4
5
5
5
6
6
7
8
8
8
9
9
8
9
9
9
8
8
8
8
7
6
6
6
6
6
5
5
6
5
5
6
4
3
3
2
1
0
-2
-2
-3
-4
-5
-5
-6
-6
-7
-7
-7
-8
-8
-8
-8
-9
-9
-10
-9
-9
-8
-8
-7
-8
-9
-9
-9
-9
-10
-11
-9
-10
-10
-10
-8
-8
-7
-7
-6
-5
-4
-4
-2
-2
0
2
3
3
3
4
4
5
6
7
8
8
9
9
11
10
11
13
12
12
12
12
12
12
12
12
11
10
10
10
11
9
9
8
8
8
7
6
6
5
5
4
3
3
1
1
1
0
-2
-2
-3
-4
-3
-5
-4
-5
-5
-6
-6
-6
-6
-6
-5
-6
-6
-6
-7
-7
-7
-8
-6
-7
-7
-9
-9
-10
-10
-9
-9
-8
-8
-7
-7
-7
-7
-6
-6
-6
-6
-5
-5
-3
-3
-3
-2
-2
-1
-1
0
1
2
4
5
5
7
9
9
9
10
10
11
12
12
12
13
12
11
11
12
10
10
8
8
8
8
8
7
6
6
7
7
6
5
5
5
3
1
1
0
-2
-2
-3
-4
-5
-5
-6
-7
-6
-7
-7
-7
-8
-8
-8
-7
-7
-7
-7
-6
-6
-7
-6
-6
-5
-5
-5
-6
-4
-6
-6
-5
-6
-5
-5
-3
-4
-2
-2
0
0
0
0
0
2
1
1
1
1
2
2
2
2
3
3
3
4
4
5
5
4
4
5
5
5
5
4
5
5
5
5
5
4
5
4
4
4
3
3
3
3
4
3
3
3
2
2
2
3
3
3
2
2
-2
-2
-4
-6
-6
-7
-7
-6
-8
-9
-10
-10
-9
-8
-8
-7
-7
-7
-6
-5
-4
-3
-3
-3
-2
-2
-2
-1
-1
-2
-1
-3
-1
-2
-1
-1
0
2
1
2
4
5
5
5
6
7
7
7
6
5
6
5
5
4
4
3
3
3
3
3
2
2
1
1
2
1
1
1
1
2
1
0
-3
-2
-3
-3
-3
-3
-2
-2
-3
-3
-3
-3
-4
-3
-2
-3
-4
-4
-3
-4
-4
-5
-4
-4
-5
-4
-4
-4
-4
-6
-6
-6
-6
-5
-4
-3
-2
-2
-2
-2
-2
-1
0
0
2
3
3
4
4
3
1
2
2
3
3
2
3
2
3
3
3
3
4
4
6
5
4
5
5
5
5
5
5
5
4
5
5
5
3
3
3
3
3
2
2
2
2
1
1
-1
-1
-1
0
0
-1
-1
0
-1
-1
0
0
0
-1
-2
-2
-1
-2
-3
-5
-5
-5
-5
-7
-7
-7
-8
-8
-7
-6
-7
-7
-7
-6
-4
-4
-4
-3
-3
-2
-1
1
1
2
4
4
5
5
6
6
6
6
7
6
5
5
3
5
5
4
4
4
3
3
2
2
1
1
2
2
2
2
3
2
2
2
1
1
1
1
0
0
0
0
0
-2
-2
-2
-2
-1
-2
-2
-1
-1
-1
0
0
1
2
2
1
1
0
0
-1
-1
-2
-2
-3
-4
-3
-4
-4
-4
-5
-5
-5
-5
-5
-5
-6
-5
-5
-4
-5
-4
-3
-2
-2
-1
-1
0
0
2
3
4
4
4
6
6
7
7
8
8
8
8
7
7
7
7
7
7
7
7
6
5
3
3
3
3
2
2
2
2
3
1
1
1
0
-1
-2
-2
-2
-3
-4
-4
-4
-5
-6
-6
-6
-7
-7
-6
-6
-5
-5
-5
-4
-4
-5
-4
-4
-5
-4
-3
-4
-4
-3
-3
-4
-4
-3
-3
-3
-3
-1
0
0
-2
-3
-2
0
0
-1
-1
0
1
2
3
2
1
1
2
2
3
4
5
6
6
6
5
6
5
5
5
6
5
5
4
3
2
2
2
4
3
4
3
3
3
2
2
3
4
4
4
1
1
0
0
-1
-2
-1
-1
-1
-2
-4
-4
-5
-6
-4
-4
-4
-3
-3
-3
-4
-4
-3
-3
-3
-2
-2
-2
-2
-2
-3
-2
-2
-2
-3
-2
-1
-2
-2
-2
-2
-2
-3
-2
-2
0
0
-1
-1
1
2
2
1
2
3
3
4
3
4
2
2
2
1
2
2
3
2
2
3
2
2
2
3
3
1
1
1
-1
-1
-1
-2
-1
-1
0
-2
-1
0
-2
-2
-1
-1
-2
-1
-2
-2
0
-1
-2
-2
-2
-2
-3
-4
-4
-5
-4
-4
-4
-4
-4
-5
-4
-4
-3
-3
-2
-2
-2
-1
0
0
0
0
1
2
2
2
1
2
2
2
1
1
1
2
2
2
3
3
3
4
3
5
5
4
3
4
5
4
3
3
2
2
2
1
1
1
1
2
2
3
1
1
0
0
1
1
1
2
0
0
0
-2
-3
-3
-3
-4
-4
-5
-5
-5
-6
-6
-5
-5
-5
-3
-4
-3
-3
-3
-3
-2
-3
-3
-3
-3
-3
-3
-4
-4
-5
-4
-5
-4
-4
-3
-3
-2
-2
-2
-2
-2
-1
-1
0
1
1
1
1
2
3
3
3
3
4
5
5
5
5
5
5
5
5
5
6
6
6
6
4
4
4
4
3
3
2
2
1
1
0
0
0
0
-1
-1
-2
-2
-2
-2
-3
-3
-3
-4
-3
-3
-4
-4
-4
-4
-5
-5
-4
-4
-4
-5
-5
-4
-4
-4
-4
-4
-3
-3
-3
-3
-2
-2
-3
-3
-2
-3
-1
-1
-2
-2
-2
-2
-2
-2
-1
1
0
0
-1
-1
-1
-1
1
1
2
2
2
2
3
2
4
4
4
3
4
4
5
5
5
5
6
5
5
5
6
6
7
6
5
5
5
4
4
4
4
4
2
2
2
1
0
-1
-1
-3
-2
-3
-5
-5
-5
-6
-6
-6
-7
-8
-9
-7
-7
-7
-7
-5
-5
-5
-6
-7
-7
-6
-5
-4
-5
-4
-4
-4
-3
-3
-2
-1
-2
-1
0
-1
-1
-1
-2
-1
1
1
0
1
1
2
2
2
3
3
3
2
4
4
4
5
4
4
4
5
4
5
4
4
4
4
5
3
4
3
4
5
5
5
6
6
5
4
5
4
4
4
3
2
2
2
1
1
1
1
0
0
-1
-1
-1
-1
-2
-2
-3
-3
-3
-3
-3
-4
-4
-5
-5
-6
-5
-5
-6
-6
-6
-6
-6
-7
-6
-5
-6
-4
-5
-5
-5
-5
-4
-4
-3
-2
-3
-3
-3
-2
-1
0
-1
0
0
1
2
1
1
2
2
3
3
4
4
4
4
4
4
3
4
4
4
4
4
4
4
4
4
4
3
3
5
4
4
4
3
3
3
3
2
2
2
2
2
2
1
0
1
0
1
1
0
0
0
0
0
-1
-1
-2
-3
-3
-3
-4
-4
-4
-4
-4
-3
-3
-4
-3
-1
-1
-2
-3
-2
-2
-3
-3
-3
-1
-1
0
0
-2
0
-1
-1
-2
0
0
1
1
1
0
1
1
-1
-1
0
0
0
0
0
0
0
-1
0
0
1
0
0
1
1
2
1
2
2
1
2
1
0
2
1
1
0
1
2
1
1
1
1
1
1
2
1
1
1
1
0
-2
-3
-3
-5
-5
-6
-5
-4
-4
-5
-5
-3
-4
-3
-3
-2
0
0
0
1
2
1
2
1
2
3
3
3
3
3
2
3
3
3
4
5
5
3
4
4
4
5
4
4
4
4
3
2
2
0
0
1
1
0
-1
0
-1
0
-1
-2
-3
-2
-2
-4
-4
-3
-5
-4
-3
-2
-4
-5
-3
-3
-3
-2
-3
-2
-1
0
1
2
2
1
1
1
0
2
1
1
0
1
2
1
0
-2
-1
-1
-2
-1
-1
-1
-2
-2
-1
-2
1
1
1
2
2
2
2
2
2
2
3
2
1
1
0
1
0
1
1
2
2
2
2
1
0
1
2
4
4
4
4
3
3
3
3
4
3
3
2
0
1
1
0
1
0
0
-2
-3
-4
-4
-5
-5
-4
-4
-4
-4
-4
-5
-5
-5
-4
-4
-4
-3
-2
-1
0
-1
0
0
0
1
0
0
2
2
1
1
1
2
2
2
2
3
3
3
2
4
4
4
4
3
4
4
3
2
2
3
2
4
3
3
3
2
2
2
1
1
0
0
0
0
-1
-1
-1
0
0
0
0
1
0
1
1
-1
-1
-1
-1
-1
-1
-1
-2
-2
-2
-2
-1
-1
-1
-2
-2
-2
-2
-4
-4
-4
-5
-5
-6
-5
-4
-3
-4
-4
-2
-2
-1
0
0
0
0
-1
-1
-1
-1
-1
-1
-1
0
-1
-1
-2
-1
0
0
1
1
3
3
4
4
5
5
6
5
7
8
7
8
8
7
7
7
8
7
6
5
5
4
2
0
-1
-2
-1
-2
-2
-1
-1
-1
-1
0
0
1
0
0
0
0
-1
-2
-2
-3
-3
-3
-4
-5
-6
-6
-5
-6
-6
-6
-7
-7
-6
-5
-5
-5
-4
-3
-3
-3
-3
-3
-2
-1
-1
0
0
-1
1
1
2
2
2
3
2
2
2
2
2
1
1
2
1
2
1
2
2
0
2
3
3
3
3
3
4
3
3
3
3
4
3
4
3
3
2
3
3
3
1
1
1
1
1
0
2
1
0
0
0
0
-1
-2
-2
-1
-2
-2
-3
-6
-6
-6
-6
-6
-7
-7
-6
-6
-5
-6
-5
-6
-4
-5
-5
-4
-3
-3
-3
-1
-2
-2
-1
0
0
1
1
0
1
2
2
3
3
3
4
3
4
4
4
5
5
6
6
5
5
5
4
4
3
4
3
4
3
3
4
3
3
4
3
3
3
2
1
0
0
-1
0
-1
-1
-2
-1
-1
-1
-2
-3
-3
-2
-2
-1
-2
-2
-2
-3
-3
-4
-5
-5
-4
-5
-5
-5
-6
-7
-7
-7
-7
-8
-8
-7
-7
-6
-5
-5
-4
-4
-3
-3
-3
-2
-1
-1
-1
0
2
2
3
2
2
3
3
4
4
4
4
4
5
5
6
6
6
6
6
6
5
6
6
6
6
6
6
5
5
4
3
3
3
3
4
4
4
5
4
4
3
5
5
5
5
4
4
3
2
1
1
0
0
0
-1
-1
-2
-2
-3
-3
-4
-4
-5
-7
-7
-8
-8
-9
-9
-10
-10
-10
-10
-9
-8
-7
-7
-6
-5
-4
-4
-3
-3
-3
-2
-2
-2
-1
-2
-1
-1
-1
-1
-1
0
0
1
2
4
6
6
7
8
7
7
7
7
8
8
8
9
8
8
8
8
7
7
6
6
5
5
4
4
4
3
2
2
1
1
0
0
-2
-2
-1
-1
-1
-2
0
0
0
0
1
1
0
0
0
-1
-2
-2
-2
-4
-4
-5
-5
-5
-6
-6
-5
-6
-6
-7
-6
-6
-5
-4
-4
-3
-2
-3
-2
-3
-3
-2
-2
-1
-2
-3
-1
-2
-1
-1
-1
1
1
2
4
5
6
6
6
7
7
7
7
6
7
6
6
6
6
6
6
6
6
7
7
6
6
5
5
5
4
4
3
3
1
1
0
0
0
-1
-3
-3
-2
-3
-2
-3
-3
-3
-4
-4
-3
-4
-4
-3
-4
-4
-6
-6
-6
-6
-6
-7
-6
-7
-7
-7
-7
-8
-7
-7
-7
-7
-6
-5
-3
-4
-3
-2
-1
-2
-1
0
2
3
4
4
4
4
4
4
4
5
5
5
5
6
7
6
7
6
6
7
7
6
6
6
6
4
4
4
5
5
5
5
5
5
4
5
3
3
3
1
0
0
-1
0
-2
-2
-1
-2
-3
-2
-3
-4
-4
-3
-4
-4
-4
-4
-5
-4
-4
-5
-4
-4
-5
-5
-6
-7
-6
-7
-7
-6
-5
-5
-5
-6
-5
-5
-3
-3
-4
-4
-3
-5
-9
-10
-3
2
0
-4
-3
2
4
2
1
3
5
5
3
3
5
7
6
7
6
7
8
8
7
6
7
6
5
5
5
4
4
4
3
3
4
3
3
2
3
3
2
2
1
0
1
1
1
-1
-2
-2
-3
-3
-3
-4
-3
-4
-3
-3
-4
-4
-5
-5
-5
-5
-7
-6
-8
-8
-8
-7
-7
-7
-6
-7
-6
-6
-5
-5
-4
-2
-2
-3
-3
-2
-1
-2
-1
0
0
2
0
1
1
3
3
4
4
4
5
5
5
5
4
4
4
5
5
4
4
3
3
3
2
3
3
3
3
2
3
3
3
3
3
4
4
5
6
6
5
5
3
4
2
2
1
1
1
-1
-2
-3
-4
-5
-4
-5
-5
-6
-6
-6
-6
-5
-6
-6
-6
-6
-6
-7
-7
-6
-7
-7
-7
-7
-6
-6
-5
-4
-4
-3
-3
-3
-2
-3
-3
-3
-2
-2
-1
-1
-2
-1
0
0
0
1
3
3
4
4
4
6
6
6
5
6
5
5
6
6
7
7
6
7
6
6
5
5
5
6
6
6
5
6
6
4
5
3
4
3
4
3
2
2
1
1
0
-1
-1
-2
-3
-5
-5
-5
-6
-6
-7
-8
-8
-8
-7
-8
-7
-8
-7
-8
-8
-8
-7
-7
-6
-6
-5
-5
-5
-4
-4
-2
-2
-2
-1
0
0
0
1
0
1
1
2
3
3
3
4
3
3
3
4
4
5
5
4
5
4
5
4
5
4
4
5
5
4
3
4
4
3
2
2
2
2
2
2
2
1
1
0
0
0
0
-1
0
0
0
0
0
-1
0
-1
0
0
0
-1
-2
-2
-3
-3
-4
-4
-6
-6
-6
-8
-8
-8
-7
-7
-6
-6
-6
-5
