SAMPLES:	17048
BITSPERSAMPLE:	16
CHANNELS:	1
SAMPLERATE:	16000
NORMALIZED:	FALSE
48
52
49
46
40
34
28
23
21
24
25
22
20
21
18
12
0
-6
-7
-7
-7
-13
-19
-20
-18
-19
-18
-21
-25
-26
-31
-35
-36
-37
-36
-38
-36
-30
-30
-35
-42
-39
-31
-28
-32
-35
-35
-28
-30
-37
-36
-32
-25
-21
-22
-25
-32
-38
-40
-35
-27
-18
-7
3
10
8
3
0
-2
2
9
13
10
11
14
16
15
13
11
8
9
17
25
30
32
36
38
41
46
49
51
52
49
44
39
33
28
24
19
12
7
6
9
7
3
6
11
14
16
15
14
14
14
14
14
8
-2
-9
-14
-17
-27
-37
-41
-37
-31
-27
-28
-29
-26
-22
-24
-31
-33
-28
-26
-27
-30
-24
-15
-11
-13
-18
-22
-27
-28
-25
-22
-15
-7
-1
2
3
3
-1
-5
-6
-1
6
11
14
15
17
20
22
23
20
22
25
27
32
38
47
49
51
49
46
42
38
35
29
26
26
27
27
22
19
17
17
13
6
-2
-4
-3
-4
-6
-6
-11
-15
-16
-20
-26
-30
-30
-32
-40
-51
-56
-54
-53
-52
-52
-51
-49
-50
-56
-56
-50
-40
-30
-25
-24
-23
-22
-19
-18
-15
-9
-1
2
0
-2
0
5
13
23
28
34
40
46
52
53
54
57
60
64
65
67
66
69
67
62
61
60
63
61
58
54
48
49
48
46
38
32
30
27
24
22
19
16
8
0
-2
-3
1
3
-1
-7
-15
-25
-31
-41
-51
-54
-51
-47
-44
-45
-46
-48
-50
-45
-42
-39
-35
-33
-33
-36
-35
-36
-34
-34
-36
-35
-32
-30
-25
-21
-19
-18
-20
-22
-21
-17
-7
4
9
12
17
21
20
18
20
24
27
29
31
33
32
30
31
36
40
42
42
41
41
37
32
27
26
23
24
28
28
29
30
25
19
16
20
20
19
22
30
32
25
14
9
10
7
3
1
0
0
-3
-3
-1
1
-1
-3
-6
-8
-10
-11
-10
-8
-11
-17
-21
-18
-15
-14
-16
-16
-15
-10
-5
-4
-4
-5
-5
-5
-5
-7
-8
-11
-11
-11
-13
-16
-17
-13
-6
-3
-2
-1
-1
0
4
9
12
13
15
20
22
23
23
24
25
21
17
16
16
13
9
3
-1
-5
-6
-1
13
21
24
25
28
32
27
15
1
3
6
4
4
1
1
4
9
11
4
-2
-1
1
1
-3
-9
-16
-17
-17
-21
-25
-26
-26
-26
-24
-19
-16
-24
-34
-35
-30
-23
-18
-17
-13
-14
-17
-20
-20
-20
-19
-18
-15
-10
-10
-12
-13
-9
-4
-2
3
5
4
-1
-5
0
4
9
12
12
14
16
21
28
32
33
36
36
33
31
33
39
49
53
55
55
52
45
41
40
40
45
47
48
47
43
39
35
31
30
30
26
21
15
10
7
7
9
10
7
0
-10
-17
-24
-30
-35
-41
-51
-67
-81
-86
-90
-92
-91
-86
-82
-85
-90
-90
-83
-73
-64
-58
-53
-42
-33
-27
-23
-19
-14
-7
4
10
8
2
0
4
8
13
20
30
40
49
56
58
54
47
41
42
46
52
60
62
62
59
47
39
36
35
34
32
33
32
26
19
11
9
11
13
11
9
4
-4
-13
-18
-21
-21
-18
-20
-23
-26
-32
-36
-37
-38
-38
-37
-35
-32
-28
-22
-15
-16
-22
-29
-32
-30
-30
-29
-26
-25
-20
-20
-25
-28
-24
-14
-4
-4
-8
-7
-4
0
5
3
7
12
18
24
23
24
26
32
35
37
38
36
35
37
35
36
37
36
33
29
27
24
20
18
13
2
-6
-3
4
7
5
-2
-9
-8
-4
-2
-6
-12
-9
-6
-9
-16
-22
-24
-27
-29
-34
-39
-39
-39
-42
-43
-42
-37
-34
-33
-36
-42
-43
-43
-40
-32
-29
-26
-23
-21
-19
-15
-10
-10
-11
-11
-12
-15
-16
-9
-4
-2
5
12
18
16
11
13
17
23
26
27
31
27
18
12
17
28
29
24
14
10
10
5
2
3
9
13
15
18
21
25
29
29
24
17
13
13
14
20
20
14
11
5
2
1
2
7
10
10
5
0
0
-1
0
-1
-5
-8
-10
-8
-9
-8
-10
-17
-16
-14
-12
-16
-24
-29
-31
-32
-33
-37
-38
-38
-37
-36
-34
-33
-28
-23
-25
-30
-37
-40
-37
-35
-36
-34
-31
-25
-24
-29
-31
-31
-24
-20
-18
-16
-13
-10
-11
-16
-19
-10
0
4
4
1
-3
-5
-3
4
10
13
18
26
34
34
31
34
42
46
45
43
42
45
53
58
58
54
44
28
21
25
35
39
38
32
27
19
15
14
14
16
16
16
11
9
7
-4
-18
-26
-28
-30
-35
-37
-41
-44
-41
-38
-36
-38
-44
-52
-57
-57
-53
-51
-54
-58
-61
-63
-63
-56
-46
-34
-23
-17
-16
-16
-8
-1
3
2
-1
1
-1
-7
-7
2
13
22
24
21
19
20
24
29
38
50
58
57
51
51
52
50
48
47
47
42
35
27
16
9
7
12
18
22
20
9
-3
-12
-20
-19
-17
-16
-11
-12
-15
-14
-14
-15
-11
-10
-13
-22
-35
-49
-50
-42
-33
-23
-22
-20
-24
-32
-37
-40
-43
-45
-45
-41
-35
-30
-29
-29
-29
-32
-34
-29
-15
1
10
11
7
4
7
15
20
27
32
32
30
29
32
37
42
43
40
38
35
33
32
35
40
41
41
42
42
37
36
37
37
33
25
15
10
7
12
24
29
25
12
-5
-11
-18
-24
-25
-23
-22
-21
-22
-29
-36
-43
-46
-41
-32
-29
-33
-38
-36
-33
-26
-17
-10
-5
-6
-10
-12
-8
-2
4
10
14
14
11
7
4
2
2
3
7
2
-5
-13
-22
-25
-23
-14
-12
-15
-11
-5
-2
4
6
5
-2
-6
-3
3
4
-3
-10
-16
-22
-22
-14
0
11
14
12
7
9
15
23
32
40
43
39
28
21
19
21
24
26
24
14
8
7
13
20
23
22
17
11
8
7
9
15
15
6
-1
-3
3
8
6
6
10
12
3
-5
-11
-15
-20
-20
-22
-25
-28
-26
-23
-27
-30
-31
-30
-24
-17
-15
-20
-23
-22
-20
-14
-13
-15
-20
-14
-2
8
12
12
12
10
9
11
16
20
18
12
10
9
14
20
23
18
7
-2
-6
-3
3
8
14
25
31
32
28
22
19
20
29
45
60
66
62
46
27
20
22
27
35
38
34
21
13
11
5
-7
-23
-28
-26
-17
-10
-13
-21
-32
-38
-36
-31
-26
-27
-30
-35
-38
-44
-47
-44
-36
-27
-24
-30
-41
-49
-50
-44
-36
-31
-31
-36
-42
-49
-49
-46
-38
-24
-11
-2
1
-1
-8
-12
-12
-12
-2
13
27
41
43
45
50
52
55
55
56
60
63
64
64
64
65
65
64
58
49
41
46
55
54
42
22
14
12
15
24
33
38
35
28
19
7
-4
-5
12
36
43
29
15
-2
-19
-32
-33
-34
-38
-41
-42
-43
-48
-55
-59
-63
-64
-64
-58
-57
-62
-62
-61
-55
-45
-38
-38
-35
-29
-27
-29
-28
-21
-13
-9
-6
-5
-4
-9
-14
-17
-14
-5
1
-1
-4
-7
-9
-11
-8
-4
1
6
7
4
0
-3
2
11
20
27
32
35
37
37
36
43
58
67
66
60
54
47
43
44
45
49
51
48
47
45
47
46
49
56
53
45
33
18
7
6
18
25
22
13
-3
-19
-32
-32
-23
-18
-23
-34
-42
-48
-56
-63
-64
-59
-56
-58
-65
-81
-93
-95
-83
-66
-52
-38
-32
-34
-40
-52
-60
-59
-49
-32
-15
-5
1
3
2
-2
0
13
26
24
16
13
14
17
26
39
45
40
38
43
47
45
42
43
42
37
30
33
36
36
36
35
41
44
42
41
36
26
18
24
36
35
27
17
10
1
-1
3
11
13
5
-5
-14
-27
-42
-48
-38
-30
-27
-31
-31
-28
-30
-30
-25
-24
-30
-38
-40
-38
-39
-39
-32
-24
-25
-31
-34
-34
-37
-41
-34
-25
-22
-22
-20
-18
-20
-18
-15
-10
-2
0
-2
-12
-18
-11
0
13
25
26
24
28
40
54
64
67
63
55
53
56
56
57
61
66
68
62
50
34
22
25
39
49
54
51
36
23
16
12
13
18
16
2
-20
-35
-36
-33
-28
-25
-24
-29
-42
-53
-54
-52
-52
-54
-51
-44
-42
-50
-62
-70
-69
-61
-44
-29
-23
-29
-36
-40
-40
-37
-30
-23
-24
-29
-23
-13
-13
-14
-14
-13
-14
-6
3
15
30
40
46
48
50
52
48
40
33
35
47
61
63
61
57
45
38
43
54
60
58
61
63
55
44
35
22
8
-3
-1
11
17
14
4
-12
-31
-45
-46
-39
-31
-31
-33
-33
-39
-48
-52
-50
-40
-31
-27
-20
-17
-14
-14
-17
-20
-19
-18
-21
-20
-10
1
0
-6
-6
-4
-3
2
3
5
7
10
9
4
-1
-6
-8
-11
-8
1
4
2
-1
-7
-10
-6
3
12
17
24
28
20
10
5
9
22
31
35
31
21
8
-3
3
16
24
31
39
35
14
-3
-3
15
36
48
50
39
15
-1
0
8
12
16
18
15
12
6
-4
-13
-15
-14
-13
-13
-13
-13
-12
-15
-23
-27
-25
-21
-15
-11
-16
-23
-31
-40
-47
-45
-39
-31
-28
-29
-30
-34
-36
-38
-38
-36
-30
-23
-18
-14
-16
-20
-17
-9
-2
0
-2
-5
0
7
15
19
19
16
10
9
7
10
19
29
37
39
38
39
40
41
41
45
53
60
62
60
51
42
32
30
38
51
56
47
30
12
-3
-3
9
20
19
8
-1
-2
7
12
3
-12
-28
-35
-32
-22
-17
-21
-25
-30
-33
-34
-39
-41
-42
-48
-50
-50
-46
-39
-39
-40
-40
-43
-48
-55
-55
-50
-48
-50
-43
-33
-29
-30
-25
-17
-15
-15
-12
1
12
10
2
0
9
22
29
32
34
30
26
28
34
34
26
25
25
24
28
37
42
39
33
38
53
66
69
65
59
49
43
40
43
48
50
50
49
43
35
27
17
6
-2
-1
-1
0
-3
-8
-15
-18
-20
-25
-30
-31
-26
-18
-19
-27
-39
-53
-65
-67
-63
-59
-62
-66
-68
-66
-66
-69
-65
-52
-40
-36
-34
-30
-36
-42
-41
-33
-24
-24
-23
-14
-9
-14
-17
-16
-6
8
25
41
52
42
31
41
58
68
66
65
61
46
34
31
26
19
23
33
45
47
45
36
24
20
22
35
48
53
47
39
33
25
16
17
20
9
-6
-19
-27
-39
-41
-25
-12
-11
-18
-27
-36
-40
-38
-33
-33
-42
-54
-64
-61
-50
-36
-28
-26
-30
-36
-43
-49
-59
-65
-48
-22
-7
-6
-9
-19
-27
-22
-4
10
14
22
35
44
46
44
35
24
23
32
40
45
42
31
24
21
23
26
29
28
20
10
9
15
22
27
26
28
27
20
10
2
2
15
28
34
27
14
6
5
1
3
11
13
7
5
4
-1
-10
-13
-8
-5
-10
-22
-33
-43
-45
-41
-32
-29
-28
-22
-15
-12
-12
-12
-13
-19
-28
-33
-33
-32
-38
-39
-30
-20
-17
-23
-30
-36
-39
-39
-34
-34
-34
-33
-35
-31
-27
-23
-13
-2
7
11
10
6
8
17
24
29
36
33
27
27
34
41
43
39
32
31
29
35
43
43
37
32
30
31
39
46
41
33
25
28
36
41
35
25
18
19
24
31
31
20
9
9
13
15
15
15
12
7
0
-12
-25
-36
-46
-48
-42
-39
-39
-48
-57
-62
-56
-48
-40
-34
-38
-49
-56
-53
-37
-22
-17
-19
-26
-33
-34
-29
-23
-14
-8
-9
-15
-26
-38
-42
-39
-32
-27
-13
1
5
-3
-7
-7
-9
-4
16
43
58
57
52
43
36
37
51
62
56
43
32
33
41
58
74
72
56
36
26
27
34
40
41
39
37
31
22
21
26
22
9
-2
-7
-14
-22
-21
-20
-25
-35
-37
-34
-33
-26
-15
-13
-24
-39
-43
-37
-33
-30
-28
-23
-23
-36
-44
-49
-58
-68
-66
-44
-33
-34
-36
-43
-56
-63
-49
-23
-9
-7
-2
3
7
3
2
7
10
13
23
35
39
33
35
45
51
45
30
24
30
38
47
48
41
28
23
27
30
24
23
28
30
25
12
0
-3
2
13
25
31
21
1
-6
9
24
21
12
5
-6
-18
-25
-32
-36
-34
-28
-20
-14
-20
-38
-55
-49
-33
-25
-15
-3
-4
-22
-30
-20
-8
0
8
14
17
19
23
19
10
8
14
20
20
14
13
21
29
29
22
19
20
19
20
20
15
9
1
-8
-16
-24
-24
-12
5
27
43
41
20
-7
-18
-9
4
10
16
23
17
10
7
7
0
-11
-15
-8
-8
-12
-22
-32
-34
-36
-34
-30
-28
-25
-14
-3
-7
-28
-46
-35
-13
1
9
8
-12
-38
-50
-42
-31
-27
-26
-18
-9
-7
-10
-19
-20
-6
10
17
14
6
0
-6
-4
3
11
21
36
47
42
33
24
14
6
12
29
50
61
50
30
17
16
23
33
41
44
34
24
18
4
-18
-39
-52
-44
-29
-21
-18
-29
-37
-34
-25
-24
-30
-25
-16
-6
1
7
15
16
15
19
28
38
40
40
42
43
44
40
35
30
24
22
29
36
42
43
40
26
7
-6
-6
3
11
12
5
-11
-22
-28
-31
-30
-28
-30
-40
-51
-60
-63
-50
-26
-7
-12
-33
-47
-45
-29
-11
-3
-6
-16
-27
-29
-25
-21
-19
-18
-13
-10
-12
-2
9
14
9
3
1
-1
4
19
37
42
24
8
7
11
14
14
17
16
14
19
29
34
24
11
6
12
28
38
32
14
-11
-30
-32
-23
-17
-21
-28
-31
-31
-34
-37
-38
-38
-38
-37
-26
-13
-2
-3
-7
-7
-9
-10
-5
7
17
27
35
35
24
12
8
17
25
24
21
19
16
8
8
10
3
-10
-17
-15
-10
-8
-8
-1
8
15
17
11
5
1
6
15
22
17
2
-9
-12
-7
7
26
32
17
-4
-13
-9
-12
-12
-3
3
2
2
5
4
-2
-6
-4
-4
-10
-13
-13
-12
-9
3
21
39
48
35
3
-22
-30
-18
6
25
24
-6
-45
-65
-54
-30
-14
-5
-3
-11
-20
-16
-12
-17
-25
-15
4
14
14
4
-8
-20
-18
-5
7
8
4
-8
-15
-16
-9
-6
-16
-26
-32
-42
-46
-43
-40
-36
-28
-19
-19
-25
-26
-25
-28
-35
-28
-13
-2
1
7
18
19
20
33
43
40
39
49
64
67
61
61
59
47
41
50
58
57
54
57
56
47
44
42
31
18
16
22
29
22
1
-23
-36
-34
-27
-24
-25
-34
-45
-46
-40
-45
-63
-79
-82
-71
-54
-37
-32
-37
-43
-43
-30
-12
-2
2
8
17
20
14
1
-12
-23
-21
0
19
19
12
0
-13
-21
-21
-9
6
14
23
37
43
27
-2
-14
-3
14
26
40
50
42
26
6
-9
-23
-18
9
31
35
18
-16
-50
-66
-59
-30
-2
1
-23
-58
-83
-97
-95
-67
-35
-21
-28
-40
-45
-53
-50
-20
20
58
82
84
65
46
58
101
154
195
217
208
191
189
201
210
214
207
190
160
129
94
65
47
38
28
14
-4
-41
-102
-177
-236
-275
-307
-334
-366
-412
-465
-502
-496
-476
-471
-488
-501
-506
-497
-464
-402
-346
-309
-280
-237
-178
-104
-24
49
102
134
158
185
238
332
449
537
573
570
567
581
642
745
835
844
793
745
724
721
726
733
724
695
674
669
644
574
493
426
380
338
285
203
86
-37
-140
-229
-312
-392
-473
-574
-693
-792
-867
-922
-964
-998
-1035
-1095
-1166
-1210
-1217
-1208
-1197
-1181
-1164
-1152
-1128
-1062
-972
-887
-818
-737
-640
-530
-418
-308
-219
-137
-30
102
236
347
439
512
584
671
773
855
909
936
963
1012
1066
1105
1121
1131
1148
1168
1177
1173
1156
1144
1151
1166
1158
1105
1029
978
969
972
941
845
692
531
430
410
400
332
190
15
-135
-228
-277
-328
-435
-585
-720
-795
-821
-844
-899
-988
-1088
-1176
-1235
-1270
-1302
-1340
-1360
-1338
-1306
-1303
-1330
-1366
-1380
-1345
-1259
-1165
-1110
-1082
-1042
-969
-857
-731
-616
-502
-374
-233
-93
38
139
218
324
511
718
863
929
937
928
951
1044
1169
1241
1239
1203
1155
1106
1075
1059
1048
1033
1019
998
945
868
774
683
629
615
624
617
560
447
301
175
97
53
11
-45
-106
-171
-229
-288
-373
-482
-581
-612
-548
-440
-361
-362
-430
-481
-447
-323
-151
11
122
164
184
240
342
472
588
666
684
672
693
750
791
762
650
505
388
345
368
359
229
-20
-305
-500
-565
-558
-607
-789
-1077
-1357
-1512
-1522
-1482
-1524
-1702
-1907
-2007
-1966
-1876
-1880
-2010
-2177
-2227
-2089
-1890
-1820
-1970
-2195
-2279
-2124
-1814
-1577
-1553
-1681
-1753
-1591
-1231
-859
-659
-617
-556
-297
179
668
993
1153
1299
1622
2152
2724
3139
3354
3526
3848
4337
4854
5218
5367
5417
5541
5793
6032
6092
5953
5746
5621
5603
5579
5382
4954
4410
3936
3616
3372
3032
2498
1809
1093
456
-96
-614
-1156
-1745
-2360
-2967
-3548
-4104
-4632
-5128
-5583
-6006
-6396
-6745
-7035
-7267
-7472
-7693
-7942
-8167
-8287
-8222
-7986
-7709
-7533
-7506
-7536
-7454
-7145
-6666
-6193
-5859
-5650
-5443
-5084
-4512
-3817
-3227
-2883
-2681
-2386
-1825
-1021
-150
524
878
1110
1584
2447
3510
4447
5031
5311
5616
6311
7413
8535
9277
9597
9771
10126
10805
11633
12250
12440
12317
12185
12241
12417
12479
12253
11761
11165
10621
10140
9627
8962
8135
7245
6385
5565
4715
3780
2766
1737
770
-115
-951
-1785
-2632
-3503
-4396
-5304
-6174
-6927
-7521
-8007
-8536
-9205
-9957
-10646
-11153
-11460
-11669
-11922
-12237
-12510
-12669
-12752
-12841
-12966
-13077
-13060
-12802
-12369
-11996
-11841
-11823
-11718
-11343
-10676
-9898
-9254
-8819
-8396
-7708
-6714
-5659
-4829
-4225
-3577
-2636
-1400
-135
829
1406
1912
2823
4237
5761
6908
7565
7988
8539
9466
10688
11776
12368
12561
12768
13263
13954
14556
14840
14797
14668
14733
15070
15454
15479
14940
14133
13628
13573
13521
13086
12290
11246
10102
9270
8954
8607
7644
6351
5328
4533
3654
2759
1875
746
-540
-1494
-2079
-2812
-3874
-4876
-5548
-6048
-6552
-7056
-7509
-7953
-8466
-9008
-9407
-9641
-9850
-9973
-9860
-9822
-10301
-10997
-11215
-10922
-10648
-10558
-10614
-11003
-11613
-11827
-11479
-11139
-11167
-11315
-11343
-11217
-10936
-10617
-10472
-10478
-10382
-10037
-9434
-8688
-8124
-7907
-7729
-7304
-6786
-6289
-5589
-4727
-4080
-3638
-3046
-2333
-1768
-1217
-391
548
1265
1824
2480
3290
4252
5436
6780
8074
9232
10276
11275
12453
13919
15260
16078
16742
17660
18432
18807
19362
20182
20463
20223
20307
20498
19936
19004
18433
17734
16466
15349
14643
13547
11949
10536
9246
7657
6088
4824
3516
2121
945
-216
-1554
-2695
-3598
-4724
-5910
-6698
-7406
-8386
-9191
-9594
-10110
-10837
-11131
-10671
-9842
-9437
-10116
-11438
-12074
-11525
-10538
-9728
-9470
-10406
-11963
-12084
-10362
-8949
-9026
-9495
-9665
-9766
-9305
-8126
-7707
-8785
-9681
-8943
-7431
-6531
-6504
-7036
-7655
-7656
-6790
-5616
-4855
-4844
-5242
-5158
-4321
-3696
-3886
-4058
-3563
-3051
-2900
-2566
-2179
-2392
-2606
-1854
-828
-718
-1072
-811
63
995
1596
1328
295
10
1514
3634
4619
4192
3252
2974
4190
6346
7697
7563
7234
8161
10337
12586
13633
13203
12498
12995
14996
17478
18837
18169
16537
16038
17061
18175
18487
18064
16773
15049
14317
14643
14225
12399
10542
9350
8256
7245
6531
5366
3379
1610
720
84
-838
-1945
-3262
-4662
-5598
-6151
-7008
-8105
-8913
-9639
-10454
-10785
-10547
-10430
-10318
-9649
-9343
-10543
-11928
-11505
-9958
-9066
-8977
-9398
-10646
-11799
-11049
-8956
-7974
-8535
-9067
-9235
-9484
-9262
-8583
-8654
-9405
-9440
-8665
-8207
-8282
-8415
-8703
-8983
-8502
-7564
-7236
-7369
-7229
-6976
-6841
-6518
-6101
-6004
-5957
-5481
-4982
-4982
-5049
-4721
-4239
-3726
-3093
-2619
-2529
-2458
-2017
-1358
-787
-375
-91
217
872
1920
3224
4972
6932
8076
8241
8873
10915
13464
15442
16787
17388
17194
17537
19584
22045
23019
22816
22687
22739
22882
23469
23754
22492
20419
19253
18955
18358
17178
15590
13486
11270
9782
8882
7683
6034
4319
2605
1043
-81
-1106
-2483
-3952
-5221
-6472
-7728
-8725
-9510
-10324
-11050
-11502
-11839
-12039
-11928
-11711
-11469
-11333
-12020
-13333
-13695
-12610
-11453
-11162
-11349
-11886
-12872
-12974
-11237
-9678
-10099
-11128
-11405
-11428
-11216
-10259
-9345
-9618
-10450
-10394
-9603
-9033
-8660
-8454
-8665
-8727
-8238
-7590
-6852
-6065
-5774
-5999
-6022
-5563
-5240
-5166
-4588
-3772
-3706
-3934
-3556
-3026
-2864
-2603
-1936
-1438
-1554
-1624
-1036
-420
-355
-385
-49
430
804
1348
2453
4041
5800
7296
8114
8709
10044
12094
14149
16069
17615
18019
17809
18774
20991
22656
23280
23730
23829
23291
23255
23954
23550
21563
19884
19212
18384
17247
16349
14845
12181
9737
8494
7604
6397
5073
3482
1582
79
-859
-1904
-3144
-4311
-5746
-7418
-8491
-8949
-9671
-10658
-11299
-11699
-12052
-12112
-12227
-12792
-12919
-12082
-11641
-12447
-13237
-13122
-12689
-12008
-10955
-10824
-12204
-13047
-11956
-10526
-10165
-10243
-10451
-11078
-11150
-9941
-9004
-9640
-10580
-10400
-9569
-8885
-8495
-8662
-9301
-9488
-8792
-7885
-7335
-7248
-7589
-7750
-7067
-6164
-6194
-6748
-6596
-5975
-5692
-5402
-4863
-4751
-4957
-4373
-3156
-2681
-2982
-2758
-1788
-975
-594
-240
245
820
2072
4641
7620
9055
8793
9175
11574
14635
16896
18426
19245
19108
19479
21925
24948
26120
25817
25613
25738
26116
26789
26861
25381
23360
22148
21513
20793
19750
18089
15533
13104
11737
10550
8939
7288
5546
3548
1856
970
-43
-2031
-4101
-5493
-6669
-7943
-8841
-9380
-10203
-11377
-12366
-12781
-13060
-13412
-13384
-13282
-13875
-14662
-14417
-13933
-14330
-14988
-14750
-14165
-13989
-13528
-12934
-13186
-14643
-13393
-13133
-13746
-11120
-11715
-12841
-12403
-11369
-10848
-11242
-10603
-10760
-10557
-9626
-8872
-8584
-8761
-8749
-8522
-7674
-6723
-6354
-6277
-6231
-5981
-5613
-5085
-4889
-4877
-4251
-3567
-3262
-3138
-2921
-2706
-2459
-1891
-1196
-867
-622
96
713
887
1015
1609
3123
6078
9301
10526
9861
9731
11720
14732
17782
20220
20825
19978
20009
22315
25202
26585
26733
26517
26101
26178
27011
27046
25372
23099
21586
20814
20128
19187
17455
14824
12178
10319
9023
7712
6210
4400
2419
763
-642
-2157
-3726
-5170
-6468
-7930
-9307
-10261
-11265
-12239
-12484
-12263
-12664
-13486
-13815
-14006
-14528
-14491
-13469
-12995
-13988
-14966
-14829
-14363
-13815
-12767
-12131
-12995
-14050
-13758
-12910
-12492
-12152
-11787
-12006
-12194
-11544
-10873
-11188
-11532
-11056
-10499
-9997
-9293
-8874
-9113
-9292
-8745
-8113
-7814
-7528
-7237
-7007
-6575
-6002
-5989
-6420
-6320
-5559
-4725
-3944
-3461
-3782
-4202
-3777
-2766
-2030
-1639
-1067
-623
-284
397
1163
1920
3607
6913
9883
10527
10342
11483
13641
16012
18956
21485
21712
20685
21493
24246
26435
27447
28003
27699
26697
26879
28017
27642
25545
23576
22292
21123
20329
19682
17733
14583
12026
10506
9131
7700
6292
4409
2161
450
-865
-2450
-4091
-5530
-7104
-8791
-9919
-10762
-12019
-13197
-13678
-13797
-14047
-14326
-14706
-15391
-15776
-15167
-14050
-13676
-14318
-15080
-15083
-14267
-13232
-12554
-12509
-12953
-13242
-12810
-11831
-11088
-11074
-11321
-11205
-10656
-10089
-9856
-9831
-9860
-9739
-9291
-8811
-8717
-8907
-8840
-8410
-7940
-7652
-7611
-7693
-7590
-7085
-6583
-6613
-6975
-7099
-6724
-6061
-5341
-4882
-5026
-5435
-5383
-4648
-3690
-2924
-2466
-2355
-2297
-1770
-820
-106
487
2153
5474
8845
10041
9558
10009
12336
15314
18296
21094
22186
21145
20946
23706
26981
28175
28334
28561
28038
27388
28203
29032
27466
24734
23294
22667
21543
20380
19066
16372
13033
11081
10275
9023
7260
5486
3386
1153
-460
-1750
-3363
-4962
-6254
-7665
-9127
-10184
-11066
-11925
-12387
-12760
-13652
-14378
-14150
-13867
-14427
-15064
-15132
-15154
-15136
-14626
-14252
-14618
-14857
-14239
-13457
-13125
-13112
-13472
-14077
-13979
-12837
-11715
-11379
-11472
-11709
-12020
-11848
-11013
-10342
-10274
-10205
-9827
-9500
-9224
-8798
-8548
-8639
-8600
-8221
-7848
-7582
-7277
-7018
-6815
-6475
-6113
-5985
-5866
-5470
-5055
-4820
-4595
-4399
-4332
-3990
-3004
-1871
-1309
-1267
-1189
-708
606
3501
7617
10522
10429
9324
10480
13829
17237
20168
22368
22304
20883
21965
25960
28772
28934
28859
29015
28337
28307
29755
29695
26804
24209
23544
22930
21753
20791
18914
15472
12681
11628
10473
8498
6788
5055
2688
888
34
-1477
-3742
-5199
-6248
-8165
-9944
-10638
-11513
-12779
-12848
-12328
-13216
-14582
-14659
-14742
-15794
-15742
-14314
-14392
-16159
-16709
-15778
-15364
-15096
-13930
-13502
-14686
-15178
-14021
-13115
-12999
-12582
-12081
-12146
-11964
-11038
-10501
-10738
-10638
-10183
-10100
-9791
-8979
-8656
-8751
-8331
-7754
-7822
-8030
-7669
-7323
-7374
-7031
-6496
-6762
-7127
-6569
-5796
-5476
-5235
-5046
-5276
-5459
-4748
-3613
-3082
-2867
-2486
-2272
-1874
-689
445
718
1393
4296
8521
10925
10761
10583
12045
14655
18087
21883
23805
22572
21312
23489
27238
29124
29656
30061
29316
28011
28596
29985
28783
25739
24050
23362
21967
20819
20128
17749
14003
11709
10834
9238
7161
5706
3957
1502
-249
-1326
-3221
-5493
-6829
-7898
-9511
-10812
-11446
-12249
-13166
-13453
-13439
-13965
-14936
-15733
-16045
-15687
-14882
-14515
-14944
-15638
-16169
-16032
-14823
-13546
-13558
-14368
-14635
-14349
-14033
-13317
-12232
-11946
-12476
-12355
-11461
-10949
-10793
-10460
-10350
-10573
-10365
-9603
-9083
-8977
-8729
-8413
-8427
-8424
-8161
-8033
-7943
-7477
-6987
-6937
-7086
-7054
-6820
-6420
-5860
-5468
-5549
-5704
-5387
-4714
-3926
-3014
-2256
-1954
-1761
-1179
-318
825
3329
7476
10658
10639
9700
11232
14629
17803
20908
23529
23374
21571
22737
27138
30195
30532
30516
30306
29208
29207
30796
30610
27598
25046
24312
23482
22269
21434
19499
15792
12787
11618
10342
8295
6644
5010
2540
405
-690
-2141
-4273
-5744
-6827
-8640
-10216
-10626
-11281
-12756
-13339
-12921
-13567
-15144
-15527
-14981
-15186
-15552
-15096
-15200
-16636
-17387
-16316
-15133
-14950
-14935
-14997
-15720
-16161
-15246
-13951
-13489
-13451
-13305
-13263
-13030
-12164
-11325
-11152
-11109
-10767
-10420
-9932
-9096
-8638
-8948
-9124
-8681
-8337
-8284
-7875
-7274
-7196
-7359
-7184
-7067
-7277
-7046
-6039
-5174
-5149
-5531
-5700
-5468
-4778
-3851
-3185
-2810
-2319
-1612
-802
18
649
1774
4997
9646
12049
11071
10464
12716
15999
19198
22930
25100
23547
21910
24601
29081
30955
31157
31464
30557
29114
29990
31570
29973
26486
24631
23818
22503
21742
21182
18403
14206
11631
10490
8916
7277
6019
3980
1365
-411
-1884
-4062
-5853
-6650
-7935
-9986
-11388
-12193
-13162
-13504
-12933
-13142
-14768
-16186
-16303
-15536
-14518
-14169
-15425
-17376
-17947
-16769
-15117
-13978
-14038
-15467
-16720
-16119
-14406
-13401
-13437
-13940
-14489
-14267
-12805
-11340
-11229
-11841
-11930
-11481
-10783
-9751
-8904
-8872
-9079
-8755
-8331
-8329
-8346
-8072
-7750
-7392
-6999
-7064
-7604
-7736
-7063
-6277
-5937
-5939
-6082
-6195
-5914
-5175
-4496
-4261
-4086
-3468
-2611
-1891
-1186
-280
1224
4413
8958
11600
10476
9167
11497
15936
19581
22660
24700
23682
21931
24283
29525
32020
31666
31261
30547
29696
30811
32707
31412
27594
25034
24003
23197
23172
22825
19396
14501
12139
11720
10345
8584
7379
5102
1836
108
-504
-2498
-5163
-6545
-7665
-9571
-10817
-11140
-12049
-13132
-13195
-13571
-15240
-16313
-15830
-15384
-15416
-15179
-15629
-17367
-18194
-16921
-15586
-15479
-15571
-15645
-16232
-16340
-15225
-14262
-14380
-14582
-14230
-13790
-13231
-12358
-11886
-12093
-12078
-11486
-10910
-10335
-9523
-9017
-9049
-8933
-8459
-8187
-8179
-8041
-7875
-7820
-7616
-7329
-7279
-7270
-7001
-6714
-6390
-5751
-5418
-5914
-6132
-5317
-4484
-4177
-3740
-3190
-2830
-2192
-1248
-439
593
2729
6498
10764
12302
10562
10081
13556
18076
21310
24066
25262
23480
22643
26521
31459
32733
31803
31169
30455
30139
31477
32537
30498
26651
24459
24051
23353
22303
21048
17976
13670
11270
10887
9648
7489
5998
3765
570
-1177
-1683
-3737
-5598
-7062
-8519
-11019
-10793
-6652
-17640
-20803
-2301
-10123
-29202
-15028
-4311
-20059
-22226
-10581
-14698
-22807
-18093
-12952
-15877
-18519
-16454
-14779
-16655
-17276
-14199
-13705
-16450
-15803
-13496
-13702
-13596
-12376
-12390
-13068
-12327
-10743
-10247
-10109
-9384
-9194
-9373
-8729
-8031
-8139
-8248
-8062
-7585
-7011
-6994
-6831
-6701
-7027
-6762
-6027
-5454
-5441
-5713
-5474
-5226
-5141
-4316
-3196
-2848
-2866
-2716
-2045
-826
271
1347
3532
7780
11849
12379
10739
11522
15616
19163
22051
24718
24851
22920
23118
27492
31851
32618
31436
30553
29843
30083
31640
31902
28934
24998
23058
22732
22544
21838
19706
15821
12033
10357
9678
8313
6448
4342
1849
-432
-1767
-2797
-4602
-6644
-8257
-9904
-11315
-11971
-12240
-12627
-13349
-14363
-15200
-15690
-15857
-15560
-15481
-15991
-16704
-17378
-17596
-17148
-16478
-16166
-16164
-16302
-16380
-16160
-15672
-15094
-14813
-14765
-14565
-14030
-13212
-12283
-11723
-11640
-11334
-10728
-10279
-9642
-8598
-7814
-7744
-7706
-7187
-6752
-6619
-6429
-6148
-6153
-6315
-6202
-5838
-5782
-5949
-5700
-5303
-5089
-5057
-5043
-4924
-4624
-4201
-3866
-3499
-3124
-2854
-2410
-1518
-632
-194
280
2122
6225
10890
12657
11009
10135
12891
17471
21669
24926
25873
23696
22240
25382
30617
32767
31983
30867
29782
29364
30583
31697
29780
25741
22993
22225
21872
21403
20212
16981
12760
10220
9389
8235
6382
4617
2564
18
-1944
-2917
-4274
-6406
-8167
-9529
-10909
-12002
-12705
-13329
-13729
-13866
-14624
-16026
-16588
-15937
-15501
-15810
-16089
-16477
-17451
-17757
-16445
-15320
-15809
-16532
-16412
-15960
-15323
-14284
-13726
-14456
-15207
-14487
-13012
-12095
-11583
-11267
-11488
-11517
-10577
-9439
-8820
-8493
-8240
-8169
-8072
-7467
-6864
-6922
-6961
-6505
-6182
-6184
-6111
-5955
-5926
-5945
-5674
-5218
-4840
-4506
-4444
-4718
-4912
-4644
-3973
-3280
-2650
-2100
-1820
-1634
-1037
78
1739
5259
10433
13281
11687
9644
11692
16708
21358
24613
26035
24502
22210
23810
29610
32767
32056
30380
29059
28618
29473
31160
30447
26590
22840
21677
21710
21418
20410
17698
13338
9955
8897
8412
6955
4970
3001
695
-1559
-2893
-3997
-5879
-7975
-9529
-10745
-11862
-12584
-12906
-13501
-14316
-14602
-14563
-14904
-15591
-16076
-16047
-15771
-15570
-15683
-16250
-16709
-16466
-15759
-15052
-14765
-15056
-15330
-14958
-13990
-13080
-13060
-13677
-13696
-12865
-11850
-10959
-10328
-10124
-10247
-10164
-9392
-8520
-8314
-8224
-7662
-7030
-6765
-6905
-7118
-7078
-6907
-6519
-5981
-5935
-6363
-6527
-6100
-5464
-5214
-5415
-5677
-5660
-5068
-4075
-3422
-3391
-3545
-3366
-2627
-1565
-682
-72
860
3799
9324
13634
12624
9367
10112
15273
20804
24633
26465
24859
21590
22235
28732
32718
32122
29966
27777
27005
27986
30464
30524
26664
22170
20472
20646
20913
20469
18092
13446
9378
8291
8584
7659
5577
3312
725
-1642
-2623
-3007
-4396
-6572
-8450
-9691
-10571
-11392
-12094
-12486
-12716
-13184
-14044
-14873
-15166
-15152
-15257
-15280
-15297
-15944
-16811
-16670
-15574
-14749
-14826
-15358
-15647
-15412
-14664
-13694
-13247
-13786
-14475
-14084
-12672
-11309
-10719
-10774
-10880
-10575
-9761
-8649
-7800
-7735
-8067
-7825
-6914
-6229
-6259
-6642
-6874
-6699
-6195
-5708
-5485
-5636
-5953
-5820
-5177
-4767
-4895
-5164
-5157
-4709
-4055
-3588
-3308
-2997
-2586
-2082
-1454
-586
468
1816
4681
9364
12659
11813
9613
10723
15281
20014
23210
24730
23887
21865
22778
27448
31489
31926
30238
28633
27922
28705
30151
29600
26221
22746
21171
20680
20422
19784
17436
13337
9892
8677
8260
6905
4969
2957
524
-1686
-2762
-3372
-4876
-7103
-9026
-10199
-10909
-11648
-12223
-12515
-12875
-13594
-14378
-14717
-14826
-15281
-15775
-15574
-15271
-15738
-16446
-16548
-16075
-15667
-15508
-15458
-15572
-15764
-15513
-14598
-13871
-13906
-14407
-14265
-13629
-12103
-11889
-11197
-9428
-10482
-11121
-9442
-7366
-7868
-8492
-7665
-6802
-6770
-6583
-5993
-6243
-6770
-6388
-5380
-5048
-5192
-5438
-5535
-5537
-5005
-4245
-4031
-4385
-4473
-3830
-2994
-2517
-2366
-2061
-1757
-1111
-8
1647
3185
6036
11199
13688
11573
9364
12048
17494
21631
24207
25229
23506
21046
22961
29108
32767
31664
29230
27589
27143
28333
30133
29207
25147
21358
20080
20127
20042
19325
16611
12010
8705
7996
7705
6287
4194
2030
-499
-2642
-3346
-3767
-5488
-7858
-9520
-10472
-11118
-11640
-12102
-12514
-12941
-13354
-13783
-14277
-14809
-15454
-15881
-15582
-15276
-15916
-16942
-17269
-16877
-16524
-16514
-16649
-17039
-17444
-16885
-15598
-14843
-15227
-15847
-15569
-14355
-12861
-11610
-10927
-10721
-10427
-9504
-8154
-7178
-6901
-6900
-6363
-5223
-4234
-4044
-4421
-4617
-4364
-3760
-3192
-3263
-3822
-4118
-3677
-2944
-2778
-3325
-3944
-3942
-3296
-2513
-2002
-1798
-1896
-2253
-2115
-617
1096
1535
2055
5401
10362
12586
11363
10423
12186
15647
19655
23403
24817
22993
21241
23206
27575
30673
31030
29480
27436
26687
27936
29146
28152
25198
22013
19718
18916
19245
18658
15690
11693
8992
7836
7114
6099
4408
1818
-900
-2603
-3237
-3662
-4721
-6606
-8892
-10650
-11425
-11610
-11698
-11824
-12151
-13002
-13995
-14555
-14860
-15342
-15701
-15725
-16040
-16888
-17479
-17205
-16752
-16774
-17105
-17334
-17413
-17172
-16513
-15817
-15547
-15774
-15851
-15243
-14189
-13338
-12652
-11838
-10977
-10270
-9605
-8779
-8097
-7781
-7373
-6490
-5695
-5369
-5146
-4790
-4564
-4679
-4889
-4796
-4381
-3988
-3725
-3749
-4119
-4357
-4050
-3553
-3344
-3386
-3314
-2872
-2310
-1882
-1461
-815
-46
935
3217
7927
12924
13811
10590
9195
12951
18919
22652
24392
24253
21815
20827
24483
30268
32707
31075
28329
26815
27457
29573
30299
27768
23774
20979
19878
19796
19938
18515
14605
10454
8539
8148
7423
5976
3930
1268
-1312
-2787
-3376
-4180
-5652
-7507
-9374
-10766
-11455
-11755
-11849
-11815
-12242
-13448
-14623
-14935
-14773
-14936
-15396
-15868
-16589
-17437
-17531
-16718
-16154
-16602
-17423
-17744
-17519
-17091
-16585
-16079
-15847
-15906
-15677
-14757
-13637
-13053
-12796
-12018
-10691
-9637
-9053
-8437
-7732
-7243
-6827
-6200
-5590
-5336
-5241
-4824
-4217
-4096
-4623
-5033
-4648
-3791
-3264
-3249
-3430
-3716
-3953
-3788
-3226
-2788
-2753
-2765
-2322
-1530
-717
21
636
1608
4633
10095
14235
12934
8887
8969
14659
20917
24470
24803
22857
20370
21059
26516
31742
32354
29342
26356
25575
27609
30173
29568
25477
21381
19398
18936
19316
19461
17193
12491
8765
7982
8176
7110
4871
2316
-104
-1961
-2965
-3442
-4167
-5845
-8341
-10310
-10768
-10674
-11282
-12082
-12271
-12517
-13435
-14188
-14258
-14519
-15374
-15884
-15769
-15981
-16723
-17045
-16634
-16291
-16478
-16814
-16920
-16826
-16564
-16039
-15324
-14818
-14796
-14834
-14293
-13363
-12684
-12166
-11271
-10149
-9351
-8825
-8195
-7605
-7315
-6986
-6289
-5630
-5451
-5412
-5058
-4650
-4551
-4629
-4663
-4637
-4484
-4106
-3642
-3450
-3746
-4214
-4100
-3259
-2543
-2557
-2726
-2395
-1601
-532
665
2322
5747
10816
13581
11280
8051
9691
15409
20751
24122
25063
22678
19951
22103
28224
32282
31991
29479
26674
25707
28387
31584
30269
25374
21539
19779
18997
19605
20247
17602
12444
9114
8588
8389
7388
5565
2594
-485
-1886
-2117
-2746
-3860
-5500
-8220
-10609
-10620
-9619
-10239
-11761
-12260
-12495
-13474
-13898
-13373
-13897
-15897
-17169
-16962
-16839
-17282
-17304
-16959
-17128
-17717
-18066
-18076
-17935
-17767
-17644
-17241
-16273
-15353
-15072
-14933
-14358
-13713
-13098
-11851
-10150
-9128
-8869
-8271
-7249
-6664
-6467
-5958
-5297
-4986
-4687
-4085
-3721
-3965
-4235
-4043
-3633
-3375
-3427
-3662
-3668
-3170
-2601
-2546
-2974
-3371
-3203
-2350
-1235
-429
-174
11
1976
7298
13298
14354
10040
7070
10090
16446
22106
25499
25003
21006
19111
23625
30019
32693
31493
28340
25122
25038
29242
32224
29397
23997
20648
18990
18395
19654
20125
16328
10847
8486
8771
8646
7519
5399
1842
-1507
-2590
-2432
-2781
-3473
-4791
-7646
-10296
-10503
-9885
-10836
-12113
-12096
-12159
-13287
-13973
-13823
-14511
-16208
-17396
-17728
-17860
-17819
-17494
-17252
-17315
-17742
-18514
-19032
-18635
-17876
-17643
-17498
-16735
-15876
-15461
-14943
-14009
-13350
-13138
-12433
-10930
-9527
-8597
-7699
-6911
-6619
-6503
-6083
-5453
-4891
-4449
-4223
-4148
-3866
-3498
-3358
-3189
-2987
-3252
-3838
-3841
-3042
-2310
-2272
-2470
-2430
-2229
-1788
-818
322
1206
3332
8475
13744
13698
9459
8245
12570
18297
22661
25202
24134
20442
20361
26002
31304
32148
30602
27849
24588
25139
30047
31953
27433
22406
20679
19513
18401
19224
19027
14528
9449
8107
8659
8351
7257
4854
724
-2444
-2770
-2554
-3528
-4522
-5774
-8472
-10498
-9835
-9106
-10793
-12825
-13206
-13211
-13553
-13292
-13135
-14448
-16220
-17066
-17529
-17910
-17575
-17042
-17150
-17198
-16887
-17384
-18468
-18345
-17171
-16718
-16926
-16635
-16108
-15760
-14758
-13127
-12348
-12644
-12621
-11720
-10423
-8920
-7598
-7246
-7532
-7209
-6111
-5156
-4825
-5003
-5491
-5627
-4899
-3832
-3201
-3029
-3270
-4037
-4706
-4305
-3107
-2395
-2568
-2727
-2402
-1993
-1488
-381
1324
4083
8656
12982
12951
9381
8366
12562
18550
23369
25889
24175
19819
19924
26462
32164
32229
29989
27853
25110
24864
29455
32719
29005
22742
19840
19381
19366
20005
19089
14461
9563
8246
8776
8594
7961
5927
1238
-3062
-3500
-2185
-2696
-4430
-6188
-8617
-10801
-10529
-8956
-9104
-11157
-13395
-14823
-14873
-13331
-12045
-13036
-15449
-17223
-18029
-18209
-17584
-16838
-17134
-18081
-18292
-17840
-17609
-17382
-16990
-17158
-17732
-17464
-16292
-15286
-14586
-13736
-12994
-12718
-12248
-11149
-9978
-9258
-8805
-8289
-7607
-6530
-5433
-4893
-4744
-4467
-4192
-4220
-4172
-3648
-2927
-2205
-1501
-1417
-2009
-2784
-2984
-2326
-1463
-922
-1000
-1349
-1409
-508
1083
2947
4895
8629
13259
13661
10081
8788
12387
17184
21642
26141
25679
20486
17663
24490
31650
31614
29054
23891
24920
26401
28020
28360
26403
25306
22461
18048
14054
17358
21025
16826
7414
4552
7985
10302
8723
5033
813
-2233
-2574
-2380
-3739
-4759
-4129
-5431
-8993
-10730
-9869
-9591
-11021
-12856
-13941
-14552
-14468
-14317
-15468
-16850
-17060
-17527
-19706
-21503
-21302
-20008
-19100
-19089
-19534
-20044
-19463
-17892
-17322
-18032
-18313
-17742
-16723
-15208
-13424
-12167
-11745
-11094
-10043
-9489
-9045
-8140
-7369
-7043
-6253
-4939
-4249
-4276
-4119
-3793
-3757
-3726
-3301
-3050
-3418
-3201
-2179
-1394
-950
-1114
-1538
-1917
-1688
-1221
-229
218
1182
3401
6262
15455
10754
13935
17743
10691
11089
10051
26015
32758
27158
15570
12801
26754
32682
30432
22172
19511
19509
22226
27274
25346
21242
18444
19333
17119
12830
13654
14431
11615
6417
4946
5741
6081
6765
5689
1778
-3077
-4059
-3354
-3282
-3901
-5383
-7979
-9451
-7926
-7255
-8623
-11262
-12818
-14126
-14936
-14285
-14211
-15167
-15590
-14855
-16000
-18557
-20350
-12538
-1416
-4267
-21094
-32768
-22817
-3511
1302
-12647
-24965
-20662
-8288
-5122
-14119
-21808
-17010
-5453
-459
-5847
-12162
-10698
-5310
-4001
-7484
-11194
-11607
-7956
-2940
-762
-3118
-6383
-6592
-5036
-6689
-11212
-13469
-11351
-8941
-9422
-12176
-10681
-8338
-12752
-16195
-12309
-2208
8661
23860
31143
26694
17597
17233
28837
31732
20542
22031
29615
30579
23675
17935
27779
32299
20483
7979
11582
18019
13043
4742
7217
13881
12113
3551
-1493
-1787
-3770
-8876
-11692
-9106
-6105
-7089
-7990
-4400
-985
-3068
-7187
-7903
-6681
-6403
-3633
2736
6098
3691
1617
3442
4056
216
-3531
-3375
-2525
-4040
-4673
-2533
-1939
-6824
-13276
-15563
-15098
-16788
-19396
-18016
-14636
-14130
-15074
-12387
-8084
-8710
-13255
-14615
-11736
-9840
-9914
-8854
-6207
-4754
-4657
-4871
-5446
-5803
-6990
-7956
-6853
-5437
-4524
-3424
-2671
-2970
-4163
-5551
-7784
-11145
-12438
-9607
-6587
-6805
-8421
-7384
-6220
-7859
-9000
-5744
-4154
-4886
2966
20119
32714
23666
8910
14358
30863
26942
7778
9446
28296
30255
14236
12794
27912
27327
7690
-1373
6686
9134
-103
-4518
862
4438
1757
-2281
-5680
-8284
-9207
-10250
-13308
-13597
-7819
-2853
-4226
-6138
-2121
2363
-614
-6713
-6437
-684
2126
675
2542
7282
7301
2703
-119
843
64
-4154
-7394
-7514
-6069
-4882
-5197
-6597
-8185
-9941
-11919
-14047
-15243
-13816
-11720
-11510
-10793
-6636
-2710
-2986
-5009
-5525
-4875
-5251
-6107
-4745
-1600
416
224
136
795
198
-2038
-4294
-5301
-5588
-5303
-4310
-3558
-3390
-3309
-4244
-6096
-7348
-7281
-7195
-7730
-7080
-5107
-3366
-3031
-2434
-788
1291
1530
91
4191
18215
31687
28607
17753
21268
31779
29532
15999
13792
25855
28438
17238
13298
22797
25597
14884
5259
5236
5708
973
-4585
-6617
-4663
-1740
-2061
-6461
-8583
-5967
-5113
-9818
-13153
-9109
-4493
-5155
-6835
-2950
3543
4565
640
-1345
1292
2591
382
-911
1063
2879
1703
-150
-951
-956
-2336
-6298
-10815
-12180
-10740
-9897
-10647
-11592
-10862
-10054
-11660
-13551
-12129
-10181
-10373
-10782
-9070
-5313
-3141
-4002
-4868
-4089
-3456
-4364
-4913
-3824
-3090
-3085
-3039
-2853
-2198
-1838
-2711
-4183
-4625
-4213
-5001
-6311
-6558
-6426
-6454
-5821
-4514
-3902
-4511
-4336
-3474
-3562
-2783
-487
1716
6
-572
7968
22854
28819
21109
18127
27487
32746
22411
13622
20457
27406
19661
10591
16053
24211
19817
10113
7675
9325
5650
-1846
-7087
-7204
-4796
-4421
-6891
-7876
-3776
-424
-3252
-7410
-5712
-1902
-3928
-8380
-6674
514
3874
1569
874
4476
6177
2756
-24
979
1722
-1306
-4854
-4825
-2515
-1624
-3687
-6236
-6696
-6247
-8259
-12145
-13450
-12340
-12989
-15305
-14130
-9071
-5844
-6660
-7316
-5110
-3403
-4731
-6761
-6455
-5100
-5362
-6211
-5301
-2753
-1472
-2443
-3766
-3681
-3082
-4256
-6569
-7749
-6661
-5777
-6472
-6869
-5205
-3361
-4029
-5595
-5524
-4410
-4671
-5746
-5667
-4096
-1655
752
1540
1914
7907
20817
28700
23310
18162
25808
32745
24072
13350
18529
26470
19661
9984
14161
22403
18745
9904
7993
9307
5636
-1555
-6471
-7494
-5968
-5610
-7898
-8727
-4509
-74
-1386
-4364
-2243
1778
-119
-5336
-5077
362
2379
-983
-1790
2456
4979
2484
289
1773
2730
-167
-4274
-5565
-4336
-4118
-6858
-9882
-9486
-7429
-8103
-10531
-10349
-8353
-8834
-11195
-11215
-8661
-7440
-8623
-9244
-7402
-5174
-4960
-5535
-5069
-3994
-4152
-5322
-5678
-4832
-4140
-4672
-5399
-5018
-3802
-3411
-4286
-5123
-5200
-5796
-7016
-7468
-6953
-6959
-7738
-7487
-6284
-5381
-4777
-3657
-1100
1580
3982
8178
16037
24333
24952
22514
25339
31009
28627
20037
19129
22961
20396
12717
12183
16712
15407
10379
8583
9325
6263
990
-2806
-5057
-6303
-7497
-8661
-9514
-7694
-4754
-3223
-2685
-452
2549
2007
-513
-963
940
709
-1853
-2419
-481
914
501
1467
3572
3952
2064
-104
-1418
-3005
-5086
-8003
-10512
-11313
-10702
-10299
-10330
-9180
-7642
-7485
-8320
-8028
-7204
-7831
-9368
-9778
-8702
-7852
-7394
-6207
-4367
-3100
-2815
-2681
-2653
-2984
-3834
-4975
-5894
-6195
-6083
-6143
-6202
-5827
-5427
-5567
-6050
-6133
-6285
-7087
-8015
-8086
-7711
-7333
-5938
-3394
-241
1656
3333
8836
19019
26102
24048
22243
27855
32749
26474
18319
20458
23518
17701
10482
12078
15009
11904
8703
9355
9329
5339
1592
-1073
-3909
-5886
-6555
-7764
-9665
-8824
-5435
-2643
-1580
-131
1718
1639
245
-263
-152
-1179
-2878
-3516
-3687
-3205
-1339
1209
2150
1724
2085
2233
788
-1578
-2920
-4773
-8054
-10878
-11383
-10481
-10286
-10277
-9592
-8163
-7083
-6184
-5507
-5454
-5816
-6285
-6946
-7779
-7637
-6587
-6169
-6306
-5507
-3980
-3372
-3685
-3420
-3024
-3422
-4638
-5817
-6509
-6990
-7323
-7891
-8069
-7822
-7174
-7007
-6734
-6100
-5387
-4366
-2751
-1215
-1471
-1334
1727
8815
15939
19975
21322
24554
29962
31691
27640
23429
24503
24044
17498
10353
9261
10158
7540
4854
5428
6854
5212
2306
670
373
-36
-2211
-5829
-8317
-7607
-5874
-5741
-5663
-3026
278
478
-753
681
3593
3218
-465
-2766
-2562
-2525
-3702
-4075
-2870
-1893
-1993
-2326
-1583
-508
-880
-2826
-4812
-5550
-6593
-8308
-9945
-10344
-9903
-9519
-9026
-8107
-6357
-5065
-4755
-4938
-4478
-3984
-4664
-6107
-6841
-6786
-7040
-7571
-7461
-6572
-5778
-5235
-4813
-4255
-4145
-4537
-5609
-6866
-7648
-8205
-9109
-9963
-9981
-8764
-6951
-4509
-3384
-2175
1200
7079
13431
18368
23005
25110
27394
29116
29633
25580
22028
22417
20678
14409
8606
9338
9747
6814
4456
5652
6187
3182
681
351
335
-1349
-4014
-6173
-7465
-6769
-5431
-4373
-3356
-1022
1462
1721
1936
3701
5368
3107
-263
-1155
-709
-2098
-4437
-4599
-3667
-3633
-4439
-3813
-2070
-1476
-2600
-4200
-5045
-6171
-7847
-9719
-11130
-11629
-11433
-10851
-10466
-9123
-6818
-4899
-4298
-3821
-2618
-2446
-3813
-5157
-5464
-6234
-7986
-9030
-8523
-7635
-7220
-6625
-5723
-4863
-4420
-4112
-4335
-4803
-5566
-6563
-7794
-8556
-8288
-6823
-5013
-3828
-2556
771
8055
16199
20754
21700
25479
30928
32711
28051
23282
24247
23165
16197
8042
6170
6356
3435
528
1061
3390
3014
1212
662
1757
2903
1367
-2064
-4911
-4742
-4048
-5221
-6337
-5088
-2449
-2252
-2754
-854
2785
3638
1564
649
1342
1133
-894
-2615
-3521
-4166
-4858
-5501
-5736
-4979
-3740
-3814
-4768
-4859
-3980
-4222
-6046
-7328
-7198
-6963
-8353
-9602
-8884
-7351
-7146
-7563
-6474
-4851
-4496
-5007
-5043
-4661
-4893
-5698
-6680
-7050
-6636
-6672
-7450
-7633
-6502
-5973
-6483
-6641
-5748
-5656
-6119
-6040
-4790
-3787
-3368
-2109
-26
4998
11589
18602
21697
24850
29641
32684
30360
25630
26389
25701
19262
10573
7216
5751
1646
-1571
-1796
-500
-779
-963
-430
880
3308
4113
2318
-478
-314
92
-2041
-4669
-4761
-3521
-4890
-6325
-4978
-1319
-80
-1169
-760
1481
2635
1142
33
-348
-959
-2676
-4680
-6050
-6372
-5988
-7091
-8436
-8214
-6318
-5856
-6581
-6122
-4660
-4183
-5483
-6063
-5733
-5340
-6220
-7461
-7744
-7490
-7437
-8085
-8023
-7216
-6297
-6059
-6012
-5248
-4467
-4486
-5467
-6001
-6005
-6436
-7624
-8620
-8570
-8047
-7820
-7512
-6247
-3752
-1329
549
5737
13919
20446
20718
21353
28253
32729
27208
20892
24068
25952
17641
7619
6338
7500
3534
-973
-1102
687
235
-1198
-1272
936
4036
4131
876
-1345
796
2076
-1056
-4436
-3598
-1902
-4208
-6591
-4657
-583
-605
-3112
-2496
1060
2678
851
-308
280
653
-1058
-3852
-5339
-4856
-4697
-7502
-10154
-9173
-6587
-6940
-8491
-7009
-4212
-3952
-5602
-5263
-3489
-3208
-5021
-6810
-7076
-7040
-7975
-9573
-9963
-8826
-7885
-8132
-8001
-6156
-4062
-3966
-4957
-4836
-3713
-4171
-6194
-7097
-6435
-6580
-8174
-7969
-5672
-3276
-1556
3558
12015
18686
20894
23653
29903
32767
29619
25631
26144
25179
18050
9527
5506
3726
329
-2988
-3966
-3160
-2611
-2516
-1443
1447
4904
5769
4093
2931
3684
3419
443
-2754
-4013
-4741
-6810
-8442
-7200
-4496
-3504
-4014
-2518
922
3129
2975
2792
3381
3245
2320
423
-1694
-3521
-4486
-6447
-9094
-10139
-9530
-9275
-9687
-8479
-6406
-5179
-5060
-4508
-3491
-2999
-3691
-5336
-6631
-7400
-8155
-9474
-10403
-10266
-9611
-9185
-8605
-7146
-5486
-4533
-4267
-3609
-2511
-2240
-3523
-5012
-5007
-4715
-5370
-6504
-5929
-3865
-1284
3177
9543
15841
18799
22693
28682
32300
29810
27156
28954
27546
19431
10401
7021
4612
-233
-4835
-6412
-5692
-5185
-4683
-3031
1206
5539
6390
5053
5265
7032
5877
1907
-1807
-3861
-5749
-8753
-11256
-11814
-9980
-8426
-7910
-5722
-633
4242
5346
6190
9047
11011
8469
4491
3150
2082
-1896
-7583
-10546
-11145
-11687
-12772
-12868
-11152
-8870
-7129
-6395
-5064
-2717
-1382
-2830
-5315
-5954
-6277
-8604
-11788
-12886
-12235
-12364
-13006
-12157
-9281
-6745
-5814
-5157
-3541
-1816
-1758
-2388
-2569
-2305
-3169
-4292
-4349
-2300
2257
8009
12467
14854
20106
27351
30957
28669
28603
32396
30371
20693
12267
9964
6091
-1407
-7220
-8949
-10036
-12036
-11818
-8639
-3785
135
2276
3755
7001
11308
12561
10422
8037
6910
4307
-248
-3975
-5396
-6347
-8641
-10143
-8679
-5390
-3450
-2573
-100
3335
5041
4401
3801
3398
1836
-1318
-4798
-7370
-9615
-11659
-13364
-13487
-12425
-10973
-9584
-7951
-5370
-2779
-1039
-1129
-1577
-1597
-2245
-4511
-7274
-8631
-9729
-11277
-12396
-11787
-10466
-9761
-8932
-7277
-5310
-4210
-3580
-3053
-2759
-2517
-2349
-2611
-3549
-1780
3840
9200
10233
11715
19551
27204
26880
23306
28050
32767
28586
18959
14905
15130
9977
1665
-3344
-4351
-6440
-10000
-11485
-8933
-4318
-1781
-1650
-351
4378
8412
7669
4960
4526
4930
1768
-3361
-5997
-6077
-7512
-10569
-11063
-8151
-5012
-3629
-1705
2107
5980
7850
7615
7216
7107
6066
2393
-2105
-5083
-7184
-10130
-13040
-13825
-12961
-12006
-11586
-10371
-7562
-4191
-2767
-3123
-2855
-1753
-2353
-5115
-7304
-8124
-9321
-11494
-12799
-12309
-11322
-11015
-10655
-9014
-6342
-4256
-3157
-2004
-4
1536
1404
810
3009
8205
12013
11815
12614
18893
24653
22998
19214
22536
27832
24702
15956
12031
12854
10286
3551
-1519
-2809
-3912
-7046
-9364
-7735
-3627
-1857
-2921
-2034
3123
7864
7633
5199
5425
7129
5305
380
-2370
-1942
-3243
-7736
-10263
-8149
-5416
-5494
-5689
-2875
1293
3176
2610
2517
3957
4468
1741
-1891
-3715
-4607
-7135
-10234
-11239
-10498
-10159
-10940
-10505
-7904
-4793
-4007
-4773
-4099
-2210
-2154
-4630
-6341
-6472
-7314
-9666
-11266
-10884
-10302
-10693
-11175
-10284
-8214
-6644
-5846
-5115
-3026
-999
50
233
2660
8124
13136
14692
15310
20477
25812
25719
22164
24143
28273
25407
16855
11983
12250
9618
3190
-2150
-3681
-4927
-7682
-9622
-8401
-4925
-2879
-3052
-2436
1547
5924
6204
3791
3229
4866
4145
209
-2574
-2267
-2350
-5525
-7726
-5886
-2641
-2111
-2566
-356
3224
4953
4129
3703
4302
4362
1723
-2383
-5219
-6556
-8388
-11419
-13169
-12756
-11705
-11842
-11683
-9303
-5721
-4074
-4731
-4442
-2480
-1881
-4339
-6752
-7199
-7565
-9612
-11681
-11947
-11269
-11002
-11145
-10254
-8327
-6116
-4718
-3622
-1652
849
2308
1933
4232
10593
15956
14919
14380
21398
27499
23788
18406
23533
28746
22201
12069
10916
12655
7413
569
-1706
-2057
-4889
-7783
-8177
-6062
-2592
-989
-1915
-1286
3772
7678
5993
3098
3693
5075
2434
-1916
-3410
-2381
-3759
-8032
-9214
-5709
-2859
-3945
-3497
749
4169
4003
3453
4554
4983
3758
1061
-1945
-4381
-6174
-8617
-11256
-12049
-11330
-11182
-11731
-11063
-8277
-5332
-4359
-4977
-4371
-2699
-3010
-5560
-7063
-6946
-8286
-10832
-11806
-11039
-11127
-11856
-11436
-9965
-8566
-7210
-5434
-3714
-2189
-444
1071
3052
7251
13124
16233
16482
19951
26139
27216
22426
22832
28404
27090
17248
11490
12735
10463
3075
-1753
-2155
-3990
-7672
-9340
-7866
-5001
-2962
-2771
-2608
804
5327
5996
3751
3469
5022
4076
511
-1933
-1892
-2131
-4930
-7788
-7250
-4430
-3510
-4085
-2109
2156
4459
3771
3769
5270
5552
2914
-500
-2648
-4303
-6761
-9830
-11837
-12371
-11940
-11742
-11544
-10123
-7301
-5357
-5316
-5014
-3120
-2362
-4500
-6657
-6813
-7167
-9628
-11748
-11926
-11505
-12022
-12365
-11550
-9898
-8199
-6561
-5036
-3320
-1075
829
2990
7160
13579
17046
17480
20696
26957
27930
22968
23261
28224
26436
16713
11511
12287
9581
2691
-1550
-2221
-4153
-7025
-8327
-7483
-5295
-3069
-2585
-2667
425
5067
6194
4308
4323
6260
5595
2122
-461
-387
-530
-3374
-6573
-6424
-4082
-3959
-5217
-3728
-27
1440
736
1027
2591
2928
1326
-1172
-3385
-4857
-6340
-8474
-10469
-10830
-10413
-10683
-11261
-10173
-7450
-5571
-5711
-5856
-4124
-2735
-3965
-5952
-5965
-5574
-7223
-9306
-9641
-9139
-9822
-10917
-11064
-10094
-8727
-7859
-7325
-6435
-4220
-1857
1183
6310
12135
15325
17537
23292
28363
27289
24654
27926
31009
25268
16254
13059
12885
8250
1143
-2735
-3680
-5457
-8330
-9087
-6621
-3656
-2828
-2808
-381
4119
6969
6150
4836
5072
5060
2705
-696
-2567
-3021
-3960
-6604
-8083
-6520
-3943
-3491
-3127
-67
3225
3710
3140
4384
5441
4197
1511
-875
-3110
-5344
-7636
-10176
-12118
-12545
-12143
-12212
-11845
-9847
-7317
-6138
-5893
-4810
-3202
-2976
-4540
-5889
-6082
-6803
-8929
-10816
-10952
-10816
-11461
-11833
-10920
-9545
-8537
-6901
-4778
-3000
-1852
-445
2588
7490
12749
14774
15559
20265
26683
26775
21865
23429
29355
27455
17387
12300
13895
11679
4240
-895
-1497
-3247
-6955
-9118
-7841
-5133
-3761
-4273
-4248
-444
4510
5609
3435
3444
6090
6221
2806
189
829
949
-2388
-5631
-4780
-2094
-2571
-4547
-3437
-11
1331
86
-345
906
1929
608
-2166
-4064
-4428
-5400
-7898
-9732
-9614
-9215
-10168
-10989
-9844
-7298
-6041
-6955
-7435
-5604
-3990
-5336
-7401
-7125
-6346
-7604
-9409
-9375
-8620
-9070
-9970
-10080
-8839
-7410
-6702
-6832
-6069
-3702
-1689
-599
2195
8437
14009
15639
17312
23012
27891
27073
25216
27974
29099
23496
16377
13963
12307
7279
1978
-1536
-4193
-6724
-7403
-7202
-6582
-4906
-2953
-2352
-1514
1883
4485
3474
1167
1019
1589
455
-1743
-3366
-3454
-3637
-4507
-4988
-3182
-759
200
972
2915
5003
5204
4842
4376
3730
2262
-158
-3374
-6186
-7441
-8702
-10713
-12207
-11692
-10527
-10127
-9615
-7952
-5873
-5297
-5725
-5530
-4703
-5167
-7316
-8896
-9364
-9678
-10682
-11140
-10876
-10187
-9395
-8738
-8050
-7106
-5268
-3709
-2514
-2093
-1011
122
1882
4859
9560
13499
14627
17397
22676
26024
23226
23180
28112
28880
20764
14109
14677
13092
5891
-443
-1623
-3641
-7918
-10637
-9702
-7434
-5965
-5408
-4692
-1463
3296
5739
5034
5158
7371
7774
5050
2733
2785
2416
-799
-3834
-3650
-2055
-2847
-4586
-3656
-1164
-480
-1452
-1222
-86
86
-1490
-3602
-4968
-5658
-6697
-8516
-9568
-9399
-9224
-9891
-10136
-8876
-7229
-6557
-7050
-7196
-6502
-6140
-7081
-8236
-8221
-8107
-8923
-9641
-9060
-8227
-8483
-8923
-8322
-6976
-6086
-5702
-5310
-4578
-3454
-1508
2273
7188
11526
14206
17831
23052
26446
26056
25662
28695
29765
24875
17391
13668
12332
8676
2454
-2791
-4592
-5682
-7966
-9678
-7818
-4350
-2873
-2708
-620
3717
6792
6614
5105
4914
5644
4233
436
-2289
-2319
-2784
-5696
-7464
-5717
-3216
-2995
-2931
-567
2563
3860
3258
2541
2598
2634
693
-2916
-5704
-7014
-8793
-11456
-12844
-12507
-11923
-11841
-11170
-9065
-6443
-4948
-5013
-4553
-3033
-2522
-4257
-6099
-6487
-6998
-8561
-10204
-10614
-10471
-10538
-10702
-10111
-8450
-6986
-6083
-4963
-3005
-1228
-369
2017
6833
12152
14360
15683
20224
25328
25751
22653
24626
28952
27054
18570
13459
13865
11847
5524
-290
-2204
-3850
-6654
-8958
-8555
-6109
-4790
-5175
-4486
-59
4320
4624
3401
4403
6355
5395
3020
1423
731
-692
-3468
-5698
-5825
-4165
-4081
-4870
-3882
-1026
384
145
881
2481
3016
1608
-136
-1774
-3353
-5345
-7472
-9251
-10388
-11178
-11818
-11865
-10795
-9204
-8029
-7609
-7010
-5518
-4264
-4413
-5439
-5589
-5618
-6579
-7864
-7987
-7949
-8720
-9604
-9613
-9254
-8867
-7947
-6987
-6402
-5609
-3335
330
5051
10209
14433
17686
22042
26488
27717
26265
27692
30165
27116
19294
14031
12521
9096
3626
-950
-3694
-6406
-8322
-8650
-7606
-5678
-4071
-3262
-1971
1718
5217
5717
4829
5152
5556
4048
2191
886
-406
-2073
-3790
-4900
-4924
-3895
-3480
-3306
-1805
488
1389
1139
1539
2023
1372
-275
-2059
-4007
-5996
-7940
-9722
-10893
-11159
-11166
-11282
-10634
-8893
-7048
-6001
-5419
-4691
-3714
-3371
-4220
-5555
-6177
-6675
-7972
-9260
-9549
-9470
-10033
-10280
-9649
-8643
-7904
-7002
-5784
-4451
-2857
-1504
677
5046
11140
14083
14870
19422
26327
26944
21968
23821
29670
27448
17466
13732
15647
12231
4303
-348
-859
-2991
-5978
-8055
-8006
-6062
-3681
-3450
-3926
-424
4414
4787
2020
2573
5302
4531
959
-1142
-691
-1204
-3806
-6102
-5498
-3391
-3195
-3747
-2164
1039
2234
2119
2613
3617
3788
2545
-13
-2989
-4488
-6005
-9007
-11965
-12179
-11497
-12142
-12518
-10616
-7786
-6360
-5825
-4856
-2952
-1653
-2115
-3910
-4813
-4826
-5983
-8464
-10000
-9906
-10165
-10996
-11169
-9990
-8835
-7983
-7104
-5499
-3648
-2149
-956
1583
6646
11931
14609
15727
19946
25157
26164
23240
24370
28255
26294
18289
13267
13490
11151
5071
-94
-2065
-4026
-6501
-8241
-8199
-6320
-4218
-3726
-3624
-511
4006
5108
3157
3008
4995
4749
1619
-892
-1350
-1831
-4043
-5991
-5844
-4082
-3292
-3265
-1995
641
2644
2987
3349
4218
4888
3731
1028
-1726
-3400
-5134
-8182
-11085
-12311
-12473
-13175
-13449
-12122
-9909
-8472
-7839
-6731
-4826
-3226
-3348
-4444
-4985
-4943
-5737
-7366
-8647
-9122
-9568
-10383
-10875
-10535
-9438
-8511
-7522
-6169
-3837
-1803
465
4723
11023
15575
16683
20017
25911
28303
24199
23606
27951
27256
18639
12072
11895
9625
3876
-1013
-2919
-4971
-6690
-7425
-7641
-6148
-3257
-1899
-2686
-470
4692
6563
4178
3404
5600
5630
2733
447
288
177
-1577
-3624
-4286
-2852
-1846
-2017
-1706
244
1916
1868
1381
1367
1862
1200
-1281
-4481
-6014
-6660
-8634
-11349
-12392
-11788
-11546
-11561
-10597
-8412
-6325
-5378
-5071
-3871
-1947
-1712
-3602
-4991
-4821
-5329
-7377
-8866
-9049
-9251
-9962
-10123
-9396
-8378
-7406
-6572
-5364
-3825
-2358
-1686
35
4519
9774
12210
12703
16647
22222
23690
20829
21926
26469
25717
18773
14004
14368
12616
7233
2151
-284
-2420
-4809
-6750
-7639
-6521
-4661
-4272
-4706
-1974
3043
4915
3348
3410
6171
6721
4079
1769
1495
1093
-1377
-4036
-4990
-4202
-4028
-4588
-4364
-2609
-687
78
441
1336
2978
3100
989
-1415
-1954
-2566
-5626
-9105
-10592
-10769
-11714
-12643
-12140
-10309
-8227
-7119
-6296
-4578
-2018
-1089
-2110
-2733
-2491
-3153
-5324
-6921
-7727
-8653
-10021
-10969
-10957
-10451
-9623
-8959
-7747
-5952
-4030
-2615
-1273
2729
8792
13630
14238
16172
22241
26236
23195
20594
25412
27643
20979
12843
11896
11687
7279
2201
-896
-3255
-5415
-6332
-7377
-6884
-4042
-2471
-4043
-3510
1830
5466
4228
3117
4929
6036
4582
2648
946
76
-559
-2167
-4602
-4978
-3716
-3746
-4415
-3116
-847
-118
-44
524
1805
2676
2132
-307
-2240
-2399
-3143
-6084
-8912
-9618
-9847
-10753
-11341
-10371
-8515
-7195
-7061
-6392
-4002
-1941
-2556
-4029
-3698
-3072
-4226
-6102
-6984
-7519
-8335
-9052
-9342
-9135
-8520
-7933
-7533
-6133
-4177
-2948
-2733
-1529
2473
7900
11767
12215
14593
20495
24338
21593
19893
24710
26834
20900
13717
12803
12197
8214
2989
-714
-3160
-4812
-6277
-8238
-7594
-4599
-3451
-5070
-3450
2344
5580
4184
3398
5608
6653
4646
2308
1219
776
-955
-3727
-5766
-5365
-4345
-4758
-5139
-3482
-965
-109
116
1425
3574
4107
2773
1131
210
-1156
-3557
-6116
-8118
-9644
-10845
-11543
-11629
-10689
-9055
-7818
-7176
-5659
-3395
-2098
-2321
-2502
-2340
-2924
-4302
-5560
-6506
-7683
-8992
-9951
-10324
-10153
-9869
-9525
-8653
-6920
-5032
-3701
-2730
-1200
3011
9410
13873
13877
15762
22587
26192
21614
18995
25091
27570
19475
11179
11041
11029
6080
1021
-1625
-3839
-5894
-6882
-7990
-7313
-3994
-2477
-4636
-3907
2191
5681
3211
2005
5283
7066
4579
2568
2822
2837
893
-1338
-2177
-1933
-1885
-3133
-3682
-2363
-522
-769
-1924
-1649
121
937
-588
-2544
-3233
-3415
-5083
-7177
-8215
-8541
-9617
-10701
-10291
-8521
-6833
-6304
-6113
-4746
-2266
-973
-1601
-2192
-1673
-1842
-3729
-5474
-5964
-6559
-8123
-9426
-9387
-8882
-8687
-8791
-8109
-6624
-4826
-3782
-3045
-1828
147
3775
8141
11527
12587
15591
20457
22476
19808
19416
23424
23682
18072
12921
12346
10620
6364
2183
-360
-2432
-4239
-5829
-7285
-6499
-4136
-3422
-4453
-2757
1631
3428
2160
2168
4393
5297
3985
2393
1677
1770
682
-1764
-3625
-2826
-2193
-3473
-4357
-3072
-1554
-1363
-995
-114
1246
2019
1434
-568
-1588
-1467
-2743
-5548
-7489
-8005
-9126
-10477
-10818
-9920
-8796
-7869
-7133
-5840
-3400
-1517
-1447
-1726
-607
-104
-1697
-3576
-4211
-4936
-6680
-8289
-9075
-9225
-9040
-8869
-8611
-7449
-5406
-3759
-2835
-1477
146
1618
4042
8050
11192
12131
14008
17752
19415
17388
17047
20222
20832
16366
12045
11273
10163
7066
3901
1611
-713
-2632
-3834
-4969
-4915
-3656
-3334
-4408
-3338
257
2149
1260
1096
2892
3965
3592
3005
2469
2063
1446
71
-1817
-2320
-2022
-2857
-3957
-3498
-2448
-2487
-2277
-1092
86
446
553
167
-417
-550
-927
-2693
-4920
-6060
-6892
-8268
-9311
-9139
-8725
-8673
-8326
-6998
-5289
-4018
-3483
-3082
-2297
-1800
-2361
-3387
-3925
-4388
-5470
-6738
-7551
-7935
-8229
-8378
-8241
-7594
-6572
-5499
-4538
-3338
-1857
236
3710
8001
11155
12711
15799
19786
21052
18998
19166
21855
21177
16066
11588
10181
8017
4591
1306
-1153
-3373
-4718
-5564
-6274
-5325
-3153
-2346
-2914
-1127
2702
4245
3093
2794
4295
4629
3332
2045
1439
1100
86
-1402
-2856
-2892
-2629
-2937
-3225
-2331
-1193
-1061
-1056
-481
632
1026
618
-624
-1536
-1885
-2449
-4024
-5811
-6604
-7092
-8043
-9035
-8834
-7915
-7343
-7093
-6114
-4220
-2615
-1913
-1401
-431
134
-349
-1187
-1889
-2747
-3993
-5061
-5984
-6891
-7491
-7692
-7656
-7397
-6584
-5797
-5187
-4311
-3044
-1923
-1225
86
2558
6021
8848
10475
12525
15744
17857
17088
16966
19217
20018
16524
12563
11238
9896
6770
3331
733
-1749
-3573
-4595
-5562
-5803
-4611
-3523
-3677
-2643
377
2378
2028
1836
3107
3857
3349
2390
1570
965
297
-1019
-2694
-3080
-2742
-3078
-3660
-2869
-1650
-1213
-702
435
1422
1618
1649
985
-58
-865
-1503
-3201
-5268
-6415
-7156
-8322
-9378
-9358
-8983
-8611
-7943
-6513
-4813
-3232
-1977
-800
398
1265
1358
870
205
-750
-2089
-3581
-4871
-5941
-6825
-7588
-8073
-7964
-7362
-6806
-6339
-5438
-3950
-2709
-1927
-1120
844
3961
7106
9092
10687
13456
16080
16564
15845
17113
18873
17668
13953
11468
10506
8597
5552
2600
325
-1672
-3225
-4613
-5374
-4862
-3903
-3883
-3886
-2044
465
1290
970
1503
2642
2811
2072
1410
1294
1256
593
-709
-1632
-1588
-1633
-2071
-2070
-1252
-895
-1020
-785
19
681
778
361
-399
-733
-1075
-2133
-3856
-4988
-5701
-6675
-7665
-8109
-8160
-8196
-7909
-7402
-6518
-5142
-3595
-2493
-1350
394
1754
2046
1916
2064
1777
763
-654
-2272
-3869
-5105
-6065
-7219
-8099
-8337
-8171
-7853
-7082
-6006
-5166
-4379
-3296
-1880
-216
2186
5209
7912
9924
12016
14581
16124
16101
16077
17289
17507
15097
11973
10174
8665
6146
3571
1313
-959
-2895
-3855
-4482
-4782
-4151
-3374
-3335
-2677
-411
1402
1342
1200
2089
2519
1761
1088
899
532
0
-563
-1196
-1607
-1389
-1254
-1400
-1083
-242
136
-86
64
761
1196
703
-425
-1382
-1913
-2722
-4105
-5262
-5785
-6421
-7144
-7236
-6780
-6529
-6197
-5446
-4544
-3637
-2597
-1741
-1195
-258
822
1189
870
938
1091
490
-546
-1290
-2024
-3332
-4550
-5108
-5242
-5647
-6169
-6411
-6253
-5874
-5466
-5178
-5048
-4664
-3915
-3156
-2551
-1168
1433
4327
6450
8534
11334
14041
15348
15825
16785
17837
17333
14850
12167
10272
8447
5559
2284
-443
-2388
-3902
-5008
-5475
-5195
-4319
-3507
-2671
-1133
1001
2260
2258
2362
3070
3131
1970
667
-11
-508
-1209
-1964
-2391
-2287
-1923
-1658
-1233
-125
989
1435
1642
2170
2454
2077
1344
213
-1220
-2494
-3542
-5032
-6521
-7316
-7745
-8280
-8295
-7562
-6914
-6431
-5492
-4174
-3044
-2038
-1070
-377
276
1116
1564
1401
1241
1285
897
240
-197
-747
-1795
-2779
-3361
-4009
-4745
-5105
-5265
-5602
-5803
-5529
-5145
-4994
-4854
-4619
-4294
-3876
-3205
-2409
-1070
1417
4530
6894
8495
11119
14204
15528
15166
16026
17687
16875
13729
11148
9747
7504
4659
1983
-486
-2600
-3704
-4438
-5266
-4884
-3487
-2878
-2867
-1202
1218
1774
1138
1540
2372
1852
670
-137
-679
-1169
-1527
-1979
-2288
-1755
-1008
-698
-245
1128
2332
2466
2268
2601
2974
2344
914
-661
-1896
-3187
-4780
-6343
-7384
-8026
-8687
-9016
-8561
-7413
-6244
-5319
-4344
-2850
-1093
-91
20
260
1054
1351
718
61
-262
-782
-1507
-1749
-1606
-1567
-1655
-1567
-1286
-969
-814
-1048
-1510
-1745
-1760
-2128
-3038
-3917
-4405
-4832
-5407
-5885
-5964
-5842
-5360
-4322
-2559
-21
3123
6198
8566
11314
14577
16618
16420
16406
17658
17291
14212
10852
8772
6182
3188
739
-1481
-3744
-4859
-4959
-5364
-5021
-3254
-1847
-1804
-744
1661
2665
1849
1513
1855
1158
-195
-1178
-2085
-2994
-3354
-3351
-3404
-2793
-1522
-411
555
1999
3490
4267
4600
4690
4453
3783
2532
533
-1607
-3233
-4875
-6843
-8491
-9301
-9690
-9809
-9422
-8611
-7434
-5908
-4353
-3103
-1721
-150
802
933
1102
1494
1357
644
16
-445
-931
-1336
-1470
-1505
-1398
-1031
-492
143
800
1374
1583
1472
1079
541
-220
-1256
-2520
-3700
-4681
-5693
-6601
-7086
-7086
-6950
-6493
-5498
-4042
-1807
1499
5087
7661
10072
13286
15753
16044
15942
17123
17143
14498
11163
8943
6634
3836
1429
-934
-3313
-4605
-4743
-5257
-5416
-4018
-2532
-2410
-1799
439
1868
1358
859
1241
994
-190
-1240
-2044
-2718
-3100
-3316
-3647
-3339
-2134
-948
-77
1136
2727
3671
3922
4167
4618
4479
3282
1486
-230
-1699
-3260
-4891
-6413
-7618
-8347
-8544
-8374
-7955
-7031
-5832
-4833
-3890
-2427
-936
-289
-23
671
1315
1070
468
182
54
-292
-668
-989
-1210
-1109
-750
-463
-207
336
885
1120
1272
1593
1702
1280
593
-96
-815
-1705
-2684
-3644
-4378
-4850
-5180
-5377
-5318
-4914
-4313
-3409
-1947
304
2904
5208
7240
9548
11717
12666
12776
13319
13945
13036
10738
8465
6606
4655
2666
702
-1359
-3001
-3789
-4267
-4665
-4295
-3319
-2832
-2551
-1367
153
614
336
425
653
294
-508
-1243
-1790
-2110
-2357
-2609
-2643
-2166
-1537
-842
267
1674
2645
3114
3749
4388
4525
3944
3065
1858
507
-922
-2454
-4045
-5397
-6357
-7212
-7696
-7624
-7120
-6624
-5956
-4988
-3893
-2872
-1946
-1080
-345
330
790
904
805
761
749
553
309
136
64
4
76
254
407
522
669
879
951
911
780
594
205
-315
-841
-1367
-1947
-2517
-2932
-3276
-3608
-3883
-3991
-3990
-3898
-3639
-3222
-2493
-1114
889
2796
4430
6356
8337
9379
9709
10646
11760
11596
10134
8559
7060
5476
4043
2396
193
-1729
-2588
-3286
-4164
-4220
-3438
-3083
-2961
-1844
-268
483
643
1084
1534
1526
1182
600
-89
-531
-808
-1367
-1985
-2098
-1888
-1657
-1137
-231
649
1299
2016
2743
3321
3506
3201
2446
1602
749
-477
-1942
-3275
-4269
-5215
-5981
-6408
-6431
-6163
-5732
-5147
-4365
-3346
-2476
-1787
-1040
-173
405
564
612
615
526
297
18
-342
-606
-718
-820
-903
-770
-469
-322
-239
29
415
583
509
413
358
246
-52
-448
-820
-1145
-1525
-1947
-2205
-2266
-2282
-2319
-2252
-2027
-1830
-1721
-1713
-1536
-747
702
2133
3035
4289
6044
7276
7320
7746
9094
9846
9067
7740
6766
5671
4621
3395
1721
-156
-1157
-1829
-2944
-3548
-3020
-2640
-3100
-2699
-1135
-35
82
465
1248
1554
1491
1344
985
516
314
-58
-883
-1437
-1469
-1434
-1424
-922
-240
233
679
1278
1758
2000
2114
1807
1140
450
-253
-1352
-2568
-3466
-4228
-5065
-5676
-5860
-5869
-5717
-5267
-4604
-3923
-3184
-2415
-1726
-1072
-424
40
190
188
179
163
80
-111
-380
-602
-664
-653
-585
-431
-220
-53
142
414
671
880
1004
964
741
555
402
101
-281
-500
-601
-807
-962
-886
-658
-438
-139
257
595
923
1273
1601
1736
1814
1772
1607
1534
1780
2135
2275
2535
2994
3419
3573
3912
4446
4790
4816
4667
4393
3944
3575
3042
2150
1195
598
-38
-950
-1565
-1646
-1721
-1985
-1894
-1455
-1137
-942
-553
-109
103
174
160
-8
-244
-443
-756
-1269
-1715
-1979
-2187
-2421
-2524
-2511
-2473
-2385
-2142
-1774
-1462
-1300
-1235
-1101
-934
-869
-1001
-1203
-1363
-1492
-1651
-1828
-1919
-1923
-1885
-1835
-1685
-1440
-1206
-1004
-771
-474
-218
-35
61
140
270
396
376
202
134
185
197
98
91
170
193
202
309
502
595
654
714
802
820
794
702
533
358
192
47
-131
-203
-169
-37
123
367
685
998
1296
1598
1971
2271
2416
2420
2461
2528
2424
2125
1809
1666
1522
1281
1046
980
979
893
816
842
967
1006
938
791
682
597
420
116
-220
-436
-617
-844
-1092
-1220
-1229
-1204
-1139
-988
-733
-484
-270
-87
128
347
472
425
268
158
66
-118
-428
-718
-965
-1233
-1520
-1691
-1716
-1738
-1828
-1907
-1858
-1759
-1693
-1663
-1625
-1611
-1619
-1615
-1611
-1634
-1665
-1669
-1670
-1644
-1534
-1373
-1249
-1145
-949
-679
-415
-167
105
361
537
671
782
881
914
905
857
796
737
663
594
499
444
387
361
330
334
362
391
439
497
605
704
838
953
1067
1189
1345
1504
1642
1856
2109
2355
2540
2725
2832
2838
2827
2819
2713
2453
2170
1862
1502
1129
829
531
178
-122
-308
-437
-582
-692
-747
-768
-775
-784
-807
-857
-938
-1072
-1226
-1374
-1531
-1735
-1926
-2029
-2070
-2100
-2114
-2055
-1938
-1760
-1562
-1378
-1238
-1101
-933
-788
-717
-732
-747
-780
-849
-963
-1053
-1126
-1225
-1298
-1279
-1179
-1096
-978
-800
-563
-330
-72
186
389
542
663
768
826
874
885
858
798
757
739
725
730
742
778
862
999
1118
1172
1212
1290
1378
1401
1362
1297
1217
1111
1000
911
818
670
520
441
425
385
321
281
281
290
317
367
386
356
317
307
278
202
101
12
-77
-171
-273
-369
-450
-507
-543
-580
-621
-675
-717
-735
-726
-741
-770
-788
-795
-815
-819
-785
-757
-759
-739
-671
-606
-558
-486
-393
-328
-261
-173
-115
-120
-102
-48
-41
-98
-128
-111
-127
-150
-134
-104
-118
-98
-14
67
110
157
219
271
345
436
486
457
425
433
445
424
384
360
349
348
344
346
356
354
355
360
354
306
249
193
126
64
31
-19
-127
-220
-247
-262
-330
-373
-346
-304
-300
-278
-204
-109
-43
-3
41
95
132
121
107
107
96
48
13
21
27
-3
-40
-30
7
50
70
76
96
139
175
182
199
223
229
200
194
205
212
220
235
226
188
182
197
184
138
118
86
-6
-111
-149
-155
-222
-329
-421
-471
-511
-543
-562
-574
-603
-633
-626
-575
-516
-476
-437
-391
-341
-288
-224
-168
-139
-116
-83
-54
-45
-33
-13
-7
-8
4
23
14
3
17
51
64
60
72
106
147
170
180
178
205
261
306
298
291
336
397
415
417
455
492
501
532
612
659
639
634
669
675
631
595
556
468
361
283
208
98
0
-74
-149
-220
-250
-278
-349
-405
-398
-383
-431
-480
-465
-425
-436
-478
-489
-473
-466
-482
-464
-412
-360
-343
-318
-246
-163
-116
-107
-70
-18
20
16
4
-14
-43
-70
-92
-123
-175
-214
-249
-289
-323
-311
-280
-263
-240
-175
-76
11
90
172
262
339
408
465
514
543
538
507
470
445
404
340
271
227
184
126
67
31
7
-20
-32
-18
11
28
29
36
49
59
61
69
73
52
20
12
19
-2
-46
-65
-51
-48
-53
-38
-21
-41
-71
-54
-17
-31
-94
-142
-158
-174
-204
-236
-259
-278
-291
-288
-250
-199
-165
-148
-111
-44
10
28
49
89
120
124
139
179
201
190
183
199
201
183
177
186
177
149
129
115
96
80
65
26
-23
-38
-27
-35
-55
-50
-39
-50
-61
-38
-12
-23
-46
-42
-29
-40
-59
-65
-65
-80
-99
-105
-98
-86
-75
-56
-30
-9
2
25
63
84
76
61
51
29
1
-16
-33
-86
-150
-176
-169
-179
-214
-232
-229
-227
-222
-187
-139
-116
-104
-64
0
43
66
98
137
164
183
204
219
225
239
256
250
225
211
216
213
188
162
141
117
89
74
69
48
4
-30
-35
-27
-40
-66
-79
-73
-59
-47
-29
-12
2
9
21
43
60
53
26
16
33
40
15
-13
-15
-14
-37
-57
-48
-47
-83
-112
-84
-41
-45
-74
-67
-29
-9
-15
-15
-5
-9
-28
-37
-37
-44
-67
-94
-106
-102
-97
-115
-142
-150
-134
-122
-131
-143
-140
-126
-121
-114
-99
-83
-81
-84
-71
-42
-17
-17
-22
-7
29
58
64
71
100
130
137
148
179
197
177
157
166
169
134
88
69
63
42
22
18
17
7
15
51
92
112
127
155
188
206
202
188
176
157
124
80
34
-8
-51
-92
-120
-132
-141
-153
-157
-139
-104
-68
-38
-15
9
33
50
57
59
57
43
21
6
1
-13
-41
-58
-51
-41
-43
-47
-41
-35
-39
-49
-55
-71
-108
-146
-166
-180
-209
-251
-279
-285
-281
-282
-283
-268
-235
-192
-145
-89
-34
11
49
90
132
165
175
169
166
174
184
181
166
151
145
141
138
130
117
101
86
78
77
77
71
59
49
49
51
46
39
37
42
47
54
65
75
73
70
73
80
79
62
42
30
25
16
2
-9
-17
-27
-36
-33
-22
-15
-20
-17
3
26
29
17
10
9
-2
-31
-59
-76
-95
-126
-152
-160
-161
-169
-180
-173
-148
-122
-104
-87
-60
-30
-13
-9
-3
11
20
11
-9
-14
-9
-16
-39
-56
-52
-47
-59
-67
-47
-20
-17
-29
-19
12
29
14
0
9
20
7
-12
-8
10
9
-7
-3
30
55
51
44
62
97
114
113
121
140
143
131
129
140
137
102
68
58
54
27
-11
-32
-40
-58
-81
-80
-60
-55
-65
-58
-20
17
30
38
60
87
101
105
107
101
84
66
51
33
7
-10
-21
-37
-53
-48
-32
-34
-52
-47
-23
-21
-57
-81
-71
-64
-88
-119
-120
-108
-110
-123
-120
-101
-89
-88
-76
-41
-4
17
32
59
100
129
131
119
115
115
99
66
30
7
-17
-51
-87
-105
-117
-142
-169
-174
-164
-164
-172
-157
-119
-91
-79
-57
-16
13
22
39
71
88
83
89
113
128
117
111
123
132
121
108
110
114
104
87
73
61
43
22
2
-11
-21
-31
-46
-58
-62
-61
-62
-65
-56
-37
-25
-24
-17
2
17
19
20
31
44
43
40
46
58
59
49
47
55
54
40
26
24
20
3
-13
-16
-14
-22
-33
-36
-29
-27
-32
-34
-23
-13
-10
-8
1
10
11
3
2
5
4
-5
-11
-7
-3
-4
-7
-6
0
3
3
0
-2
-4
-5
-11
-24
-36
-42
-49
-64
-79
-83
-82
-92
-102
-93
-77
-68
-67
-51
-26
-9
-3
10
27
35
30
27
36
43
37
29
33
39
39
30
25
30
28
18
7
8
9
0
-12
-13
-9
-14
-23
-26
-19
-16
-20
-18
-7
4
7
10
21
34
39
37
41
51
55
51
49
54
59
59
51
49
53
53
42
31
29
28
17
1
-8
-11
-18
-32
-43
-42
-40
-42
-46
-40
-21
-5
1
10
30
50
58
54
58
66
61
42
24
21
16
-6
-28
-34
-30
-38
-52
-52
-39
-40
-53
-56
-44
-37
-48
-61
-58
-55
-68
-87
-91
-85
-91
-103
-105
-86
-72
-65
-53
-24
10
32
45
64
88
102
98
88
84
81
64
35
12
3
-9
-33
-50
-43
-28
-28
-32
-17
7
17
12
17
31
35
24
15
18
17
6
-3
-1
3
1
-1
14
34
47
58
75
95
109
114
119
124
123
112
95
81
67
47
21
1
-15
-28
-44
-59
-67
-71
-75
-73
-69
-60
-52
-42
-35
-30
-25
-17
-12
-13
-17
-17
-16
-21
-30
-31
-28
-28
-33
-34
-31
-28
-29
-30
-25
-21
-21
-21
-15
-8
-11
-19
-21
-22
-32
-49
-61
-65
-71
-81
-83
-76
-71
-68
-64
-55
-47
-42
-36
-27
-17
-9
1
13
25
37
50
60
65
70
74
77
77
74
70
66
66
66
64
60
54
47
44
45
43
38
35
35
38
38
36
32
31
29
29
28
26
25
26
29
28
27
23
18
14
10
6
2
-1
-3
-5
-6
-6
-6
-5
-5
-3
-4
-7
-11
-13
-15
-20
-28
-31
-32
-39
-46
-50
-48
-46
-47
-44
-35
-25
-20
-14
-4
7
10
10
12
14
7
-4
-13
-21
-31
-45
-59
-71
-82
-94
-103
-108
-112
-113
-113
-108
-97
-85
-73
-58
-42
-24
-8
6
23
39
51
60
71
80
88
91
96
101
104
105
105
106
103
99
94
87
78
66
56
47
35
21
8
-6
-19
-33
-40
-46
-56
-64
-64
-58
-52
-50
-39
-19
3
21
41
63
84
100
114
128
135
131
121
111
101
81
51
22
0
-23
-48
-72
-90
-107
-116
-119
-117
-117
-120
-118
-110
-96
-90
-86
-84
-80
-73
-67
-61
-58
-53
-41
-25
-10
5
19
33
48
63
74
77
72
64
56
46
27
1
-25
-48
-69
-87
-101
-111
-120
-121
-113
-99
-84
-65
-44
-21
3
26
47
63
76
85
93
97
97
93
90
87
85
82
81
82
81
80
81
82
80
76
73
69
63
53
42
32
24
13
3
-5
-8
-11
-11
-11
-7
0
7
14
23
30
38
39
36
31
22
8
-10
-29
-50
-72
-96
-115
-128
-134
-138
-136
-126
-112
-95
-76
-56
-34
-15
0
12
19
23
25
25
21
14
6
-1
-6
-9
-7
-3
2
12
22
34
45
54
60
64
64
61
51
40
25
6
-15
-35
-53
-70
-81
-90
-92
-89
-81
-70
-57
-42
-29
-16
-4
5
9
13
13
12
9
5
3
2
2
4
8
13
19
29
40
51
60
68
76
81
81
79
73
64
52
37
22
3
-15
-32
-49
-63
-75
-85
-92
-93
-91
-85
-74
-62
-46
-30
-11
7
24
42
57
68
76
82
85
84
81
77
74
68
62
56
51
48
42
37
33
32
32
30
28
28
27
23
18
15
14
11
7
5
5
6
4
2
2
1
-4
-9
-14
-18
-27
-34
-38
-43
-49
-58
-63
-66
-70
-78
-85
-90
-91
-96
-102
-104
-103
-102
-107
-108
-105
-98
-91
-86
-78
-63
-51
-40
-30
-19
-5
9
19
29
40
48
51
53
55
56
56
53
51
51
49
47
47
49
49
50
52
55
56
58
60
63
65
66
65
63
58
54
49
45
41
41
38
34
32
33
35
36
36
39
43
44
45
46
49
49
46
43
40
37
30
24
18
12
5
-3
-11
-17
-23
-30
-37
-44
-51
-59
-68
-77
-84
-89
-95
-101
-105
-105
-105
-106
-105
-99
-92
-86
-78
-67
-56
-45
-37
-26
-15
-7
-3
0
1
0
-4
-9
-14
-18
-22
-29
-32
-34
-32
-30
-27
-20
-8
2
15
27
42
56
68
76
85
92
97
98
101
101
99
96
93
89
82
74
67
62
55
48
41
37
33
29
25
24
24
23
23
23
25
26
26
22
18
16
15
11
5
0
-3
-7
-10
-14
-17
-22
-27
-32
-37
-44
-53
-63
-72
-82
-92
-102
-113
-120
-126
-127
-126
-122
-116
-107
-96
-86
-74
-61
-51
-39
-30
-21
-14
-8
-2
4
8
16
21
26
30
37
42
50
56
62
67
72
75
78
80
82
82
80
75
69
64
56
49
43
37
31
27
23
18
15
14
13
13
15
18
22
25
30
36
41
47
52
59
64
67
70
71
71
69
65
58
50
38
26
13
0
-11
-23
-32
-43
-54
-63
-72
-80
-87
-95
-101
-110
-117
-124
-128
-130
-133
-133
-129
-124
-118
-110
-100
-89
-79
-67
-54
-41
-28
-16
-6
4
13
21
28
31
34
34
35
35
34
33
33
33
34
37
42
46
51
55
61
68
73
80
83
86
87
86
83
77
70
64
56
49
39
31
25
18
11
7
4
1
-1
-2
0
3
5
9
14
18
22
25
29
32
31
29
28
25
21
15
9
3
-3
-10
-18
-26
-37
-46
-55
-65
-74
-82
-89
-94
-98
-98
-99
-97
-95
-92
-88
-85
-82
-78
-75
-72
-69
-66
-62
-56
-49
-39
-28
-17
-5
6
16
25
33
39
45
49
53
57
61
63
66
69
71
71
73
75
78
78
78
76
74
72
70
68
64
59
55
49
41
33
28
21
16
11
9
6
5
5
6
6
7
8
8
8
7
5
3
-2
-7
-12
-18
-24
-29
-36
-41
-43
-47
-51
-56
-61
-64
-68
-72
-72
-75
-78
-79
-79
-75
-71
-67
-63
-58
-52
-46
-41
-35
-28
-19
-11
-4
2
7
11
14
16
17
18
19
19
18
18
20
21
25
28
33
39
44
49
55
60
61
65
67
70
70
69
65
59
52
44
36
30
24
22
21
22
23
27
28
29
30
30
29
27
26
25
23
20
16
12
7
1
-5
-10
-13
-17
-19
-21
-21
-22
-22
-24
-27
-31
-34
-39
-44
-49
-55
-64
-73
-79
-87
-93
-100
-107
-108
-109
-109
-108
-103
-97
-88
-76
-64
-53
-41
-31
-21
-14
-7
-4
-2
-1
-2
-1
0
2
7
12
20
28
39
49
60
72
80
88
96
100
102
104
106
104
98
93
88
82
75
68
64
58
53
49
47
46
44
42
40
37
34
29
25
17
9
3
-5
-12
-19
-25
-30
-35
-37
-40
-42
-42
-41
-41
-40
-40
-38
-39
-39
-38
-36
-35
-34
-33
-33
-33
-35
-35
-36
-39
-41
-43
-44
-46
-46
-46
-46
-44
-42
-39
-39
-37
-33
-29
-26
-22
-20
-17
-12
-8
-4
1
6
12
19
26
33
38
45
51
56
61
63
66
68
66
63
59
55
47
42
36
33
30
29
31
34
38
44
50
58
66
72
77
81
82
80
77
73
66
57
47
38
27
13
1
-12
-24
-37
-48
-57
-67
-78
-87
-96
-105
-114
-121
-126
-129
-130
-129
-127
-123
-117
-110
-101
-91
-80
-69
-59
-50
-41
-31
-24
-17
-11
-6
-1
1
2
3
4
3
3
3
3
4
3
5
7
11
15
19
25
29
36
41
48
57
65
69
75
79
83
82
80
79
77
72
66
60
57
53
50
47
45
41
36
32
31
26
22
17
15
13
11
9
7
6
3
1
-1
-3
-5
-5
-6
-8
-11
-14
-19
-22
-25
-27
-31
-35
-39
-44
-49
-54
-60
-63
-64
-65
-65
-65
-65
-62
-61
-58
-54
-51
-46
-42
-39
-35
-31
-29
-24
-21
-18
-14
-11
-9
-8
-5
-2
1
4
7
9
13
16
19
23
26
29
30
33
33
33
33
33
33
35
34
35
35
36
38
40
44
46
49
52
55
56
57
56
55
52
48
43
37
31
23
17
12
7
3
-2
-5
-8
-9
-11
-12
-13
-16
-17
-18
-21
-23
-28
-30
-33
-37
-40
-44
-46
-49
-48
-48
-48
-46
-43
-39
-36
-30
-25
-19
-13
-8
-4
-1
-1
-3
-4
-6
-9
-12
-16
-20
-22
-25
-24
-23
-21
-18
-13
-8
-3
1
6
10
13
16
18
18
17
18
17
15
15
15
17
19
20
24
28
33
36
40
42
43
44
41
37
33
28
22
16
12
7
5
3
3
4
3
5
7
10
13
16
18
20
20
18
16
12
7
1
-7
-15
-22
-30
-34
-38
-43
-47
-48
-48
-47
-46
-43
-39
-36
-32
-28
-24
-22
-22
-18
-15
-11
-9
-6
-3
0
3
5
8
10
11
13
13
13
11
8
6
3
1
-2
-5
-6
-7
-5
-3
-1
1
5
9
13
19
23
26
29
31
31
31
29
28
24
22
20
18
16
13
10
8
5
3
2
3
4
5
5
3
1
-2
-5
-7
-8
-10
-13
-16
-17
-20
-20
-20
-20
-19
-18
-16
-15
-12
-9
-7
-5
-2
-1
0
1
0
0
0
0
0
-1
-1
-2
-1
0
-1
-2
-1
0
1
1
0
0
-1
-3
-5
-5
-6
-6
-6
-7
-8
-9
-10
-9
-10
-8
-7
-5
-3
-1
1
3
5
7
9
11
13
13
13
14
14
14
14
14
13
12
11
11
10
8
10
9
7
5
5
5
3
1
0
0
0
-1
-2
-4
-5
-6
-7
-8
-9
-9
-9
-11
-11
-14
-15
-17
-17
-17
-17
-15
-14
-14
-12
-11
-9
-7
-4
-2
0
1
5
6
6
6
7
8
8
9
10
10
11
10
9
8
7
8
9
7
8
5
3
0
-2
-4
-4
-7
-8
-9
-9
-10
-9
-9
-7
-3
-2
3
6
9
10
13
16
18
19
19
17
16
14
11
9
6
5
4
3
3
2
1
1
0
-1
-2
-4
-5
-7
-8
-9
-11
-11
-14
-14
-14
-15
-16
-16
-16
-16
-16
-14
-13
-12
-12
-11
-9
-6
-5
-3
-2
-1
0
1
1
1
2
2
3
3
5
5
4
4
5
6
6
8
8
8
7
6
4
4
3
3
3
3
3
3
2
2
2
1
2
1
1
1
3
3
1
1
2
2
4
3
4
5
2
1
2
1
0
0
2
2
3
3
2
1
1
1
-1
-1
-1
-3
-3
-5
-5
-4
-5
-5
-4
-4
-4
-3
-4
-4
-4
-3
-3
-4
-4
-2
-2
-2
-2
-3
-3
-3
-3
-1
-1
0
1
2
4
3
4
5
4
4
4
1
0
-2
-2
-1
-1
-2
-3
-3
-5
-6
-6
-6
-6
-4
-3
-2
-1
0
0
1
0
1
2
2
2
0
-3
-2
-1
0
0
1
2
3
3
4
3
5
4
4
4
5
4
4
4
4
3
1
2
0
1
1
3
2
3
3
2
1
1
1
0
0
2
1
0
-2
-2
-1
-1
-1
0
0
1
0
0
0
0
-1
-1
0
1
1
1
1
0
-1
-2
-1
0
0
-1
-1
0
-1
-2
-2
-2
-2
-3
-3
-4
-3
-3
-3
-2
-4
-2
-2
-2
-1
-1
0
0
-2
-2
-2
-3
-3
-2
-1
0
0
0
-1
-3
-2
-3
-1
-1
-1
0
1
1
0
1
2
3
3
3
2
2
1
0
1
2
2
2
2
2
2
2
2
1
1
1
3
3
3
2
2
2
2
3
4
4
4
4
4
2
3
3
1
1
1
0
-2
-2
-3
-3
-3
-4
-3
-2
-3
-3
-4
-3
-4
-3
-2
-1
0
2
1
1
1
1
2
0
1
0
1
-1
-1
1
1
2
2
2
2
1
0
-1
0
1
1
2
1
-1
-3
-3
-3
-3
-1
-1
0
0
-1
-1
0
1
2
2
4
3
1
0
-2
-2
-3
-2
-3
-2
-2
-2
-2
-2
-1
-1
0
2
3
4
5
4
4
5
4
3
3
2
2
3
0
-1
-1
-1
-2
-2
-1
0
-2
-3
-4
-4
-4
-3
-1
-1
-2
-3
-3
-3
-3
-2
0
1
0
0
-1
-1
-1
-1
0
1
1
1
1
2
0
2
1
1
1
1
1
2
3
2
4
4
3
3
3
3
3
2
2
2
3
4
4
4
4
4
3
1
2
2
1
1
1
0
-1
-2
-1
-3
-2
-2
-1
-1
-1
-2
-1
-2
-3
-2
-2
-1
-1
-1
-2
-4
-5
-5
-4
-4
-3
-3
-3
-5
-5
-4
-2
-2
0
-1
-1
-1
-3
-2
-3
-2
-1
-1
0
1
0
2
3
4
4
5
6
5
6
5
6
6
5
5
2
1
0
-2
-3
-5
-5
-5
-5
-3
-3
-1
0
1
3
4
4
5
5
5
4
4
4
4
4
4
3
2
1
0
-1
-1
-1
2
2
2
4
5
3
3
2
2
2
1
2
0
-1
-2
-3
-4
-4
-5
-4
-4
-4
-3
-5
-5
-6
-6
-7
-8
-8
-9
-8
-8
-9
-9
-9
-8
-7
-4
-2
-1
0
1
0
-1
1
3
5
6
5
4
2
0
0
2
3
4
5
4
3
0
-1
0
1
3
4
5
3
2
0
0
-1
0
2
3
3
2
0
-1
-1
-2
0
2
4
4
3
2
1
2
3
5
6
5
5
4
2
1
0
1
2
1
2
2
1
0
0
-1
-1
-1
-1
-3
-2
-4
-4
-3
-4
-5
-6
-6
-5
-6
-6
-6
-5
-4
-3
-4
-3
-4
-4
-4
-4
-4
-2
-2
-2
-1
-1
-1
-1
-3
-2
-1
-1
-2
-1
-1
0
0
1
2
2
2
2
3
2
3
4
6
6
6
5
4
5
6
6
4
5
5
4
4
3
4
4
3
3
3
2
2
2
1
-1
-3
-2
-3
-2
-2
-2
-4
-4
-6
-7
-7
-7
-5
-4
-3
-3
-4
-5
-3
-3
-3
-1
-1
-1
-3
-4
-5
-5
-6
-5
-4
-4
-4
-6
-5
-5
-4
-4
-3
-2
-3
-3
-3
-1
0
2
2
3
3
3
2
1
3
2
3
3
4
3
3
4
5
4
4
4
4
5
4
4
4
4
5
5
5
5
4
4
4
5
5
6
4
5
5
3
3
4
5
5
4
3
1
0
0
-1
-1
-1
-1
-3
-4
-7
-8
-8
-8
-7
-6
-6
-7
-9
-10
-12
-12
-12
-10
-11
-9
-9
-8
-7
-7
-5
-5
-4
-3
-3
-2
-2
-2
0
0
-1
-2
-2
-3
-1
1
2
3
4
2
1
2
3
5
7
9
8
7
6
5
5
6
7
7
9
7
6
5
5
6
6
7
8
8
7
7
8
8
7
8
7
6
4
3
3
2
2
1
1
-1
-2
-5
-5
-6
-6
-5
-5
-4
-5
-6
-7
-8
-8
-8
-7
-8
-8
-11
-11
-12
-12
-11
-9
-8
-7
-7
-6
-6
-6
-5
-5
-3
-2
-2
-2
-2
-2
-1
-1
-1
0
1
2
3
2
1
1
2
3
5
6
6
7
7
6
7
7
10
10
11
11
11
10
10
10
11
14
15
15
14
12
11
10
10
13
14
16
16
15
13
9
4
0
0
-2
-1
-2
-4
-5
-7
-7
-8
-8
-6
-6
-6
-8
-11
-15
-15
-15
-12
-10
-9
-10
-12
-15
-18
-19
-20
-19
-17
-17
-16
-16
-16
-16
-15
-15
-14
-11
-10
-10
-10
-10
-10
-9
-5
-2
-1
2
3
4
4
4
5
6
9
11
11
10
9
9
9
9
8
7
9
10
12
13
14
14
14
14
16
15
14
13
12
12
10
11
9
11
11
11
11
11
9
10
9
9
9
8
7
5
3
1
-1
-1
-2
-2
-3
-5
-8
-9
-9
-7
-6
-4
-6
-7
-9
-10
-10
-9
-8
-8
-9
-9
-10
-11
-11
-12
-11
-10
-9
-9
-9
-9
-8
-7
-7
-6
-6
-5
-6
-4
-2
-2
-2
-1
0
1
2
3
4
6
6
6
5
6
5
5
8
9
11
11
10
8
6
6
7
8
10
11
10
9
6
4
5
7
8
9
9
7
4
2
0
-1
-1
-1
-2
-3
-5
-4
-5
-6
-6
-7
-8
-9
-9
-8
-8
-8
-7
-6
-7
-8
-9
-8
-7
-6
-5
-4
-4
-5
-6
-6
-5
-3
-3
-2
-2
-4
-3
-4
-3
-2
0
2
3
3
3
2
1
1
2
3
4
4
2
2
2
2
1
1
1
1
1
2
4
4
5
6
5
6
6
7
9
8
9
9
8
7
5
5
5
5
5
6
5
5
4
2
2
0
2
2
1
-1
-2
-2
-2
-3
-1
-1
-2
-3
-3
-5
-6
-7
-8
-7
-7
-7
-7
-8
-8
-8
-8
-8
-6
-6
-7
-8
-8
-8
-8
-6
-4
-4
-4
-4
-4
-5
-4
-2
-2
-1
-1
-2
-2
-2
-1
1
2
2
3
2
1
2
3
6
7
7
7
6
5
3
3
4
4
5
5
5
5
3
2
2
2
2
4
6
7
9
8
9
8
6
5
5
4
6
8
7
7
5
1
-2
-2
0
2
5
4
2
-2
-5
-7
-7
-6
-4
-3
-3
-6
-10
-12
-12
-10
-9
-5
-5
-6
-7
-9
-10
-7
-4
-2
-2
-2
-3
-4
-6
-5
-5
-5
-5
-5
-6
-7
-5
-4
-4
-3
-3
-3
-3
-3
-1
1
3
4
5
5
4
5
4
5
7
8
9
8
7
6
5
5
5
6
6
8
7
6
4
2
0
1
3
3
5
2
2
-2
-3
-4
-3
-2
0
-1
-2
-4
-6
-7
-7
-5
-3
-2
-1
-1
-3
-5
-5
-4
-3
-3
-3
-2
-2
-2
-4
-5
-4
-2
-1
0
-1
-3
-5
-5
-4
-3
0
1
0
0
-1
-2
-2
0
2
4
4
3
2
0
-1
-1
1
2
4
3
4
3
2
1
1
3
3
4
5
6
6
7
6
6
7
7
7
7
5
4
2
2
2
2
3
2
2
3
3
2
0
-1
-2
-3
-4
-5
-5
-6
-5
-6
-5
-6
-7
-7
-9
-10
-10
-9
-7
-5
-4
-4
-4
-5
-7
-8
-8
-6
-5
-3
-4
-4
-5
-5
-4
-3
-2
-1
1
0
-1
-1
-2
0
1
3
3
4
4
4
4
3
4
5
6
8
6
6
7
7
7
6
7
7
8
8
8
7
6
4
5
5
6
5
4
5
4
1
0
0
1
1
2
1
0
-2
-2
-2
0
0
1
0
-3
-4
-5
-5
-4
-5
-4
-4
-4
-4
-5
-7
-7
-6
-6
-5
-4
-4
-3
-3
-4
-5
-4
-4
-4
-4
-2
-1
-1
0
0
-1
-1
0
1
2
1
1
1
1
0
0
1
1
1
1
1
0
1
2
3
3
4
4
5
4
3
3
4
5
4
4
5
4
4
3
3
2
3
3
4
3
3
3
3
4
3
3
2
0
0
-1
-1
-2
-2
-2
-3
-3
-4
-5
-5
-4
-4
-4
-5
-4
-4
-4
-4
-5
-5
-6
-5
-2
-2
-1
-1
-1
-2
-4
-3
-4
-3
-2
-1
0
-1
-1
-2
-1
0
1
2
3
4
4
3
2
2
4
6
7
8
8
7
6
5
6
5
7
9
9
8
7
5
6
6
6
7
6
4
3
1
0
0
1
3
2
1
0
-1
-3
-4
-4
-3
-1
-2
1
0
-1
-2
-4
-3
-3
-3
-3
-2
-4
-5
-6
-8
-7
-7
-6
-6
-5
-7
-9
-9
-9
-9
-6
-5
-5
-6
-6
-8
-6
-5
-2
-1
1
-1
-1
-1
-1
-1
1
4
6
6
6
4
4
3
3
4
5
6
7
7
6
5
4
3
2
3
6
7
8
7
6
4
4
3
5
7
8
9
9
7
6
5
5
6
6
6
5
3
3
3
1
0
1
0
-1
-2
-2
-3
-5
-5
-5
-5
-4
-4
-4
-4
-4
-6
-6
-6
-7
-7
-6
-6
-5
-5
-5
-5
-5
-4
-4
-5
-6
-5
-5
-5
-5
-5
-3
-3
-3
-4
-4
-5
-4
-3
-1
2
3
4
4
3
1
2
2
5
5
7
6
6
5
6
6
6
7
6
5
6
4
4
4
5
7
8
5
3
0
-2
-1
1
4
4
4
2
0
-2
-1
-1
1
2
2
0
-2
-3
-4
-4
-3
-2
-2
-2
-5
-7
-8
-7
-6
-3
-2
-1
-3
-5
-5
-6
-6
-5
-3
-2
0
-1
-1
-1
-1
-1
1
1
2
2
2
1
1
0
1
1
2
1
1
0
0
0
-1
1
3
3
3
5
3
2
1
-1
0
0
1
2
3
2
2
1
2
3
3
3
3
4
4
4
4
5
5
5
5
4
3
2
1
1
0
-1
-2
-1
-3
-3
-4
-3
-2
-3
-4
-5
-6
-6
-8
-6
-7
-7
-7
-6
-6
-7
-6
-5
-4
-4
-4
-4
-5
-5
-6
-5
-4
-3
-2
-3
-3
-3
-3
-2
-1
0
0
0
0
0
1
2
2
4
5
6
7
5
4
4
4
5
5
6
7
5
5
5
4
4
5
4
5
6
4
5
3
4
3
3
3
4
3
3
1
1
0
0
0
1
0
1
1
0
-2
-2
-2
-4
-4
-6
-6
-7
-7
-7
-6
-6
-5
-5
-5
-7
-7
-8
-7
-8
-7
-5
-3
-1
-1
-1
-1
-3
-3
-4
-3
-1
2
2
1
-1
-4
-5
-4
-3
-2
1
1
0
-1
-1
-1
1
1
4
5
5
5
4
4
2
2
3
4
5
5
5
2
1
1
0
0
3
4
4
3
3
2
0
0
0
1
2
2
2
1
0
-1
0
0
2
2
2
2
0
0
0
-1
-2
0
-1
-1
-1
-2
-2
-4
-3
-4
-3
-4
-4
-5
-4
-3
-3
-2
-3
-2
-1
0
1
0
0
0
0
-1
-2
-1
-2
-1
-1
-1
0
-1
-1
-1
0
0
1
2
3
2
3
3
3
2
2
3
3
3
3
2
2
0
-1
-1
0
1
2
3
1
0
-1
-1
-1
1
2
1
1
0
-1
-2
-3
-2
-1
0
-1
0
-1
-1
-3
-3
-3
-3
-2
-1
0
-1
-1
-2
-2
-2
-1
-1
1
-1
1
-1
-1
-2
-2
-2
-1
0
2
2
2
2
1
1
2
4
5
5
5
3
2
0
0
0
1
1
2
1
1
0
0
-1
0
1
3
4
2
1
-1
-2
-5
-3
-4
-2
-1
-2
-1
-1
-2
-1
0
1
1
1
2
2
2
2
4
3
5
2
2
1
0
1
2
2
3
0
0
-1
-1
-2
-1
-1
-2
-3
-3
-3
-3
-3
-3
-3
-2
-1
-1
-1
-1
-1
-2
-1
-2
-3
-3
-3
-1
-2
-2
-3
-3
-3
-2
-1
1
1
3
4
2
1
0
0
2
3
4
5
6
5
2
1
1
3
5
6
6
6
4
2
3
2
2
2
3
2
1
0
0
0
0
0
-1
-3
-2
-3
-4
-2
-2
0
0
-1
-2
-2
-3
-3
-3
-1
0
0
0
-3
-3
-3
-2
0
0
0
0
-1
-1
-1
-1
0
1
2
1
2
0
-1
-2
-1
0
3
4
3
2
0
1
2
1
1
2
3
2
1
1
0
1
2
2
2
1
1
1
1
1
0
0
0
0
0
1
2
0
0
-1
-1
-1
-1
0
0
1
1
1
0
-1
-1
0
2
3
3
3
1
1
0
0
0
0
-1
-2
-1
-2
-2
-3
-3
-3
-2
-1
-1
-1
-2
-1
-1
-1
-2
-3
-3
-2
-2
-1
-1
-1
-1
-1
-1
-1
-1
-1
-1
-1
-2
-2
-2
-1
0
0
-2
-1
0
1
1
2
2
2
1
2
1
2
4
7
8
7
6
5
6
4
5
6
6
7
6
5
2
-1
-1
0
0
1
1
2
1
-1
-3
-4
-4
-3
-2
-2
-2
-2
-2
-2
-2
-3
-3
-2
-3
-2
-1
-1
-1
0
-1
-2
-4
-4
-3
-2
-1
-1
-2
-3
-3
-3
-4
-3
-2
-1
-1
0
-1
-2
-2
-2
-1
0
1
1
1
1
1
0
2
1
2
1
2
1
1
1
-1
-1
-1
-2
-1
-1
0
1
1
1
0
1
1
0
0
2
