0
4
5
4
-1
-8
-13
-16
-10
0
-1
-8
-10
-3
7
10
3
-11
-12
2
8
-6
-22
-18
-4
7
16
25
27
8
-15
-26
-18
-8
-8
-7
-1
-2
-4
-3
5
12
13
10
-3
-14
-16
-4
4
3
1
-1
3
7
5
-4
-10
-2
10
14
6
-6
-15
-8
10
22
16
2
4
18
21
11
2
-1
-3
-12
-17
-19
-17
-10
-3
6
9
14
16
11
-2
-9
-4
6
9
4
3
9
13
8
1
1
0
-2
-5
-1
1
4
13
20
19
11
5
1
-5
-12
-16
-16
-8
10
27
37
32
17
-4
-11
-6
-5
-6
-10
-8
-6
-6
-5
-7
-13
-18
-10
5
16
14
-1
-16
-24
-13
-2
1
0
1
2
2
2
1
-7
-16
-13
0
16
23
16
3
-6
-13
-21
-25
-19
-13
-11
-10
-9
-1
0
-2
-6
-9
-8
-1
6
4
-1
0
2
0
-9
-11
-6
-1
-5
-9
-10
-4
3
10
11
1
-3
5
15
15
11
8
8
7
8
7
5
-1
-4
-3
2
0
-7
-7
0
4
7
7
-1
-17
-30
-24
-10
0
-10
-26
-25
0
24
22
-7
-25
-3
37
51
31
8
5
11
14
21
23
13
-17
-27
-4
24
14
-14
-22
-4
22
17
-7
-29
-11
30
45
29
7
3
6
-6
-23
-19
5
18
3
-6
10
30
29
11
-2
-7
-3
0
8
16
15
7
-2
-1
6
8
2
-5
-4
3
11
12
5
-3
-11
-18
-17
-10
-3
-7
-5
5
12
13
9
8
3
-6
-10
-4
7
6
-3
-8
-8
-10
-14
-7
4
6
-7
-25
-36
-31
-16
-6
-13
-26
-30
-21
-7
2
2
-6
-18
-26
-28
-18
-1
9
9
3
-3
-8
-7
3
7
1
-6
-8
-12
-13
-7
4
10
19
27
26
9
-4
4
17
13
-2
-10
-11
-12
-4
2
-3
-12
-16
-12
-10
-1
8
8
3
8
17
11
0
6
11
8
1
2
5
-4
-19
-26
-21
-8
-1
-5
-9
-4
8
14
5
-10
-13
-6
-2
-6
-14
-18
-14
-4
7
12
15
14
14
14
16
19
18
16
12
6
2
4
5
5
3
3
5
3
-1
-1
9
16
14
14
21
29
26
19
12
10
19
25
22
7
-12
-23
-18
-2
10
7
-7
-15
-9
2
5
0
-6
-14
-20
-17
-8
-5
-4
2
10
11
13
11
4
-8
-9
-4
-4
-8
-15
-15
-8
7
14
8
-6
-13
-10
-12
-26
-33
-18
4
15
12
5
-6
-8
-2
3
-1
-9
-12
-10
-8
-5
-1
-2
-2
-2
-2
-3
2
15
16
4
-7
-2
4
0
-7
-13
-14
-11
-4
4
3
-4
-4
7
14
13
12
12
7
0
4
16
14
-3
-11
-4
6
3
-1
8
25
37
32
13
-3
-13
-9
-7
-16
-17
-11
3
-2
-15
-25
-20
-7
-1
-2
-7
-13
-17
-11
-1
2
-3
-8
-9
-12
-15
-13
-4
2
-8
-19
-23
-17
-13
-8
-13
-21
-16
1
13
4
-9
-8
2
-1
-3
3
13
17
19
23
20
22
31
33
14
-8
-11
-2
9
10
8
5
0
0
12
27
29
12
2
13
29
34
28
21
17
11
15
24
31
25
19
17
10
1
-1
5
6
6
5
4
5
12
16
3
-13
-15
-5
4
10
16
15
14
12
14
17
11
-2
-11
-5
12
22
17
2
-10
-21
-27
-22
-10
-2
-5
-7
-10
-14
-17
-22
-28
-41
-45
-36
-30
-40
-52
-43
-27
-20
-23
-30
-45
-55
-48
-36
-39
-45
-42
-34
-35
-38
-38
-26
-10
-1
-8
-25
-29
-18
-7
-5
0
11
6
-4
-13
-21
-28
-16
17
30
6
-27
-24
6
26
19
7
0
12
43
73
68
31
8
16
37
47
45
38
45
55
45
26
29
53
59
32
20
42
66
63
27
0
3
28
46
53
59
60
51
45
50
47
29
17
26
32
27
24
27
32
31
31
27
17
14
18
18
11
5
-3
-16
-29
-32
-34
-37
-43
-47
-54
-62
-64
-70
-79
-85
-85
-86
-91
-98
-100
-107
-108
-100
-91
-87
-89
-86
-82
-80
-84
-92
-92
-85
-79
-78
-73
-62
-42
-24
-16
-19
-26
-19
0
14
20
21
30
44
46
40
36
49
60
61
61
65
64
56
52
51
53
61
77
93
96
90
90
94
95
87
82
78
76
80
82
81
77
73
66
56
64
83
93
87
80
81
85
88
91
87
76
67
66
70
64
45
24
16
13
5
0
8
31
37
20
-11
-29
-19
-6
-22
-59
-86
-79
-57
-58
-87
-114
-129
-149
-169
-166
-146
-159
-203
-232
-221
-196
-197
-219
-241
-247
-232
-209
-200
-206
-212
-194
-159
-131
-121
-122
-118
-98
-73
-62
-58
-44
-19
4
19
36
57
83
105
122
135
152
172
187
190
186
186
192
198
199
201
208
210
209
208
209
210
203
192
179
171
170
165
157
153
158
153
140
133
133
131
117
102
94
91
85
82
81
83
77
68
59
53
49
47
41
31
28
32
34
21
-1
-12
-12
-11
-16
-28
-43
-61
-85
-115
-137
-161
-188
-219
-248
-276
-305
-328
-354
-391
-438
-466
-462
-440
-429
-437
-450
-454
-438
-406
-366
-339
-325
-309
-275
-228
-190
-161
-126
-84
-34
14
48
68
94
131
158
157
153
175
211
243
261
268
268
275
283
276
273
287
309
307
282
253
242
252
255
235
214
231
269
285
269
233
213
222
250
266
244
201
166
155
153
151
130
105
99
116
133
119
94
80
85
97
107
99
76
56
44
36
34
38
39
34
25
22
26
36
36
19
-2
-14
-24
-42
-68
-93
-117
-144
-181
-227
-267
-295
-324
-362
-416
-472
-521
-554
-563
-562
-560
-563
-570
-574
-569
-553
-524
-485
-442
-407
-378
-343
-301
-253
-206
-155
-103
-53
-8
27
58
91
129
167
192
219
252
284
311
326
335
339
352
372
382
371
356
348
347
337
311
292
290
301
305
292
280
276
269
252
229
216
216
216
214
201
175
146
126
124
121
118
114
108
97
92
97
101
99
100
106
108
100
89
84
85
92
109
119
114
95
82
83
88
84
67
48
28
12
2
-6
-32
-87
-155
-211
-252
-293
-343
-395
-445
-497
-542
-577
-603
-629
-646
-649
-645
-654
-670
-669
-644
-608
-578
-541
-491
-431
-376
-326
-272
-215
-151
-78
-8
43
78
113
162
216
263
304
328
343
358
379
397
402
400
401
406
412
418
411
395
375
359
351
345
337
328
319
301
278
264
256
250
239
231
228
219
203
190
177
166
160
155
149
141
130
123
111
105
100
93
85
82
86
89
89
92
94
84
75
72
85
92
84
73
66
65
52
33
21
20
18
1
-41
-94
-149
-192
-233
-273
-311
-357
-423
-507
-583
-640
-681
-706
-719
-736
-765
-787
-788
-768
-740
-704
-662
-619
-571
-514
-451
-394
-342
-285
-215
-129
-41
31
89
137
179
222
267
311
346
372
396
418
439
452
452
445
443
443
434
419
407
398
377
358
353
352
342
316
295
284
276
261
251
263
284
292
277
255
236
221
215
216
211
188
158
138
134
134
126
113
102
100
109
118
113
91
70
62
60
58
54
48
45
56
64
59
49
45
48
42
38
40
39
14
-32
-89
-141
-185
-218
-248
-289
-344
-417
-496
-563
-613
-651
-683
-708
-727
-745
-763
-774
-770
-741
-698
-654
-614
-575
-532
-480
-413
-335
-255
-172
-88
-11
58
113
160
193
228
276
334
388
424
444
455
455
442
431
436
452
465
456
428
391
360
344
342
347
348
343
329
304
278
264
257
250
245
246
240
221
199
187
177
163
147
141
142
137
122
101
87
82
83
92
98
96
82
74
73
70
69
73
90
105
106
100
100
107
100
84
81
94
107
100
82
60
36
-1
-59
-133
-195
-240
-276
-322
-388
-469
-552
-624
-678
-712
-732
-750
-777
-810
-836
-846
-837
-814
-775
-725
-675
-629
-589
-541
-473
-403
-331
-238
-128
-33
27
94
184
257
289
317
366
423
462
497
519
524
517
519
531
529
513
493
482
460
428
398
378
362
351
344
332
319
305
286
260
244
245
254
261
260
244
211
173
154
147
156
163
157
136
112
105
100
95
85
81
85
97
114
114
96
78
75
79
83
93
106
112
108
103
104
109
113
119
120
122
119
97
43
-36
-115
-174
-215
-245
-285
-352
-451
-554
-635
-684
-723
-774
-829
-869
-891
-912
-929
-925
-889
-842
-797
-750
-700
-645
-588
-524
-444
-351
-247
-142
-48
33
104
171
226
270
318
377
434
472
490
495
493
486
480
477
479
483
489
491
477
447
411
384
376
378
377
356
334
318
299
275
254
255
267
277
269
245
216
199
195
197
199
194
183
173
170
164
147
123
115
127
141
144
137
129
122
118
121
126
133
127
124
125
130
131
127
127
130
136
139
141
128
92
27
-55
-138
-199
-241
-283
-352
-449
-554
-654
-729
-784
-828
-867
-913
-955
-982
-992
-990
-973
-936
-886
-835
-785
-733
-681
-618
-540
-447
-348
-242
-139
-44
41
117
181
244
312
378
433
484
536
576
593
594
591
583
578
575
567
550
529
507
482
453
427
413
406
404
385
351
313
282
263
266
283
293
280
259
241
224
209
195
181
171
167
174
179
173
160
151
147
139
126
125
134
131
111
88
78
74
77
87
106
119
121
116
121
128
126
120
122
143
150
124
66
-8
-87
-159
-212
-256
-308
-388
-481
-573
-646
-707
-769
-827
-874
-913
-950
-979
-991
-982
-955
-922
-881
-838
-795
-746
-684
-616
-542
-463
-369
-258
-143
-43
43
118
191
260
321
382
439
496
551
591
599
574
547
539
540
533
517
500
483
467
445
417
396
398
407
406
390
362
329
297
277
267
259
255
252
243
223
202
191
188
180
165
155
150
147
135
117
104
98
100
108
110
109
112
121
125
117
106
108
123
141
153
151
149
157
175
187
189
191
202
217
213
163
74
-18
-89
-132
-168
-223
-311
-419
-527
-624
-702
-766
-826
-882
-923
-954
-991
-1027
-1042
-1031
-1002
-958
-918
-878
-832
-768
-693
-616
-529
-428
-319
-210
-106
-12
73
155
231
302
367
435
501
562
604
624
615
586
562
560
574
581
566
535
509
487
462
428
405
400
401
392
369
344
331
324
318
311
305
299
285
264
241
221
209
201
191
180
179
186
196
199
176
129
88
89
123
149
152
140
130
139
152
151
143
152
175
184
177
180
203
224
236
249
267
268
239
174
87
-4
-76
-122
-173
-256
-372
-499
-609
-705
-788
-861
-925
-986
-1042
-1086
-1125
-1161
-1176
-1153
-1100
-1053
-1020
-987
-938
-871
-792
-712
-627
-520
-401
-281
-176
-75
24
118
210
300
379
443
509
579
637
655
638
619
617
634
646
641
620
600
588
568
529
485
458
455
455
445
422
393
363
338
324
313
296
273
253
238
222
211
205
201
186
164
145
133
128
120
113
106
99
94
92
98
114
131
140
144
151
157
168
180
210
249
280
283
276
294
335
374
376
346
299
238
162
80
13
-42
-104
-191
-313
-456
-589
-691
-770
-843
-916
-978
-1035
-1083
-1120
-1145
-1154
-1140
-1102
-1065
-1032
-995
-932
-851
-763
-676
-590
-488
-368
-234
-111
-6
84
161
236
307
370
436
508
577
624
647
654
647
634
625
626
625
615
600
576
546
508
475
446
422
408
393
365
318
281
264
250
223
189
169
166
168
158
121
82
65
70
66
52
44
52
65
66
59
48
50
62
80
95
113
135
159
174
181
183
196
221
251
281
308
329
345
359
375
382
374
336
264
169
83
22
-23
-84
-182
-326
-490
-640
-751
-830
-898
-957
-1014
-1079
-1151
-1210
-1237
-1236
-1214
-1164
-1096
-1028
-969
-902
-821
-740
-668
-590
-485
-350
-194
-51
66
157
241
322
389
454
522
591
653
706
742
747
724
682
651
640
638
628
609
590
559
514
460
409
367
334
324
323
314
290
261
234
208
195
189
183
166
141
113
90
80
77
69
57
47
47
53
64
77
88
113
130
135
142
177
226
253
263
278
292
301
319
358
396
422
441
459
485
506
497
434
340
239
134
39
-24
-70
-156
-300
-472
-629
-754
-862
-957
-1038
-1089
-1122
-1155
-1196
-1232
-1258
-1276
-1267
-1223
-1161
-1092
-1003
-885
-761
-664
-587
-506
-406
-283
-136
16
148
247
321
388
437
473
519
584
647
683
690
675
649
620
587
545
498
466
449
440
423
388
348
312
289
269
239
213
210
230
259
275
263
224
176
146
136
136
145
156
155
137
109
82
64
63
82
104
120
141
178
217
244
256
262
275
302
343
385
419
445
465
482
499
518
541
556
553
510
427
321
216
132
72
13
-77
-215
-381
-548
-694
-815
-915
-1007
-1101
-1184
-1237
-1262
-1282
-1313
-1340
-1340
-1298
-1230
-1154
-1065
-956
-833
-721
-634
-565
-486
-378
-238
-82
63
189
293
388
469
524
555
586
629
665
688
699
696
692
684
656
599
531
479
443
413
391
376
365
349
329
299
259
222
197
189
191
206
222
216
187
151
123
99
81
81
96
112
122
126
127
127
124
121
125
131
148
181
226
268
298
314
321
334
364
409
449
482
511
548
588
614
610
555
454
331
219
138
77
13
-85
-240
-444
-660
-848
-999
-1126
-1231
-1304
-1350
-1380
-1411
-1436
-1457
-1474
-1472
-1443
-1381
-1283
-1152
-988
-812
-651
-505
-388
-288
-190
-67
87
246
392
528
655
760
826
857
862
853
846
842
836
829
822
791
727
640
540
429
305
196
137
131
147
145
128
124
135
143
142
138
137
126
125
166
219
245
215
155
111
95
97
91
97
141
209
282
337
378
404
417
456
528
608
678
741
810
873
939
1017
1069
1092
1118
1137
1055
783
363
-117
-589
-1000
-1306
-1496
-1622
-1749
-1938
-2187
-2448
-2615
-2592
-2359
-1976
-1552
-1165
-852
-630
-480
-357
-212
-18
236
533
816
1005
1054
982
839
677
526
413
358
352
360
332
220
2
-272
-493
-579
-519
-348
-120
93
223
243
173
46
-72
-93
31
260
488
636
665
558
343
96
-79
-110
10
218
403
466
382
202
13
-97
-94
4
148
280
345
320
230
119
49
77
233
463
688
858
968
1037
1069
1085
1111
1175
1282
1383
1419
1374
1262
1125
1000
899
814
742
677
537
199
-412
-1225
-2084
-2797
-3225
-3333
-3219
-3038
-2896
-2822
-2766
-2636
-2340
-1806
-1048
-205
525
994
1166
1105
926
765
708
753
842
894
822
574
176
-235
-505
-557
-415
-163
105
296
354
272
105
-63
-127
-25
232
553
819
935
869
669
419
195
41
-16
9
64
65
-28
-206
-408
-565
-633
-594
-453
-243
-50
60
89
100
138
210
317
459
599
687
707
682
647
623
627
678
794
965
1140
1269
1341
1378
1390
1377
1370
1406
1478
1530
1525
1463
1358
1230
1104
1009
901
634
63
-845
-1957
-3049
-3888
-4308
-4300
-4013
-3641
-3317
-3060
-2825
-2531
-2076
-1388
-497
433
1170
1544
1506
1170
728
372
201
194
271
337
317
162
-92
-343
-470
-384
-75
382
828
1109
1151
983
698
410
220
195
329
561
798
936
888
638
294
2
-160
-204
-159
-75
-43
-139
-367
-639
-851
-927
-825
-573
-256
14
169
218
210
210
255
355
482
595
675
707
694
647
600
595
661
812
1032
1280
1515
1691
1786
1820
1824
1829
1850
1878
1893
1874
1807
1692
1545
1392
1152
622
-352
-1710
-3142
-4292
-4930
-5017
-4680
-4136
-3588
-3133
-2760
-2420
-2030
-1462
-623
384
1263
1723
1656
1159
464
-157
-512
-583
-465
-252
-34
65
-40
-275
-417
-298
83
612
1140
1503
1584
1389
1030
624
271
87
160
442
778
1018
1095
990
706
312
-49
-253
-286
-217
-123
-81
-172
-431
-781
-1073
-1192
-1092
-807
-405
5
307
437
417
323
235
206
258
376
509
586
561
465
387
401
520
738
1060
1464
1850
2123
2259
2309
2326
2339
2361
2373
2342
2263
2150
2000
1707
1049
-143
-1774
-3443
-4709
-5347
-5355
-4857
-4068
-3277
-2701
-2363
-2150
-1920
-1510
-770
251
1207
1676
1496
834
-23
-831
-1397
-1579
-1350
-834
-261
129
216
68
-120
-135
147
691
1315
1787
1965
1820
1402
799
190
-173
-121
304
875
1362
1628
1625
1360
907
403
5
-208
-222
-93
48
32
-228
-659
-1098
-1388
-1441
-1234
-823
-320
155
480
587
489
293
136
83
133
242
351
403
373
305
266
317
501
838
1294
1773
2161
2406
2527
2574
2575
2536
2489
2473
2479
2456
2237
1544
179
-1752
-3771
-5313
-6035
-5893
-5058
-3842
-2638
-1759
-1300
-1155
-1123
-955
-426
473
1386
1822
1546
710
-360
-1369
-2111
-2418
-2210
-1579
-766
-87
251
249
84
4
163
546
1013
1400
1603
1563
1245
696
88
-329
-369
-25
571
1205
1694
1937
1910
1607
1067
427
-101
-372
-389
-257
-105
-70
-230
-547
-901
-1169
-1250
-1061
-605
-19
470
722
712
505
201
-67
-176
-96
119
367
552
626
597
535
544
710
1050
1495
1947
2331
2608
2748
2746
2652
2538
2468
2431
2224
1463
-113
-2302
-4476
-6016
-6631
-6298
-5156
-3562
-2010
-859
-171
123
130
134
502
1268
1977
2106
1518
459
-764
-1894
-2676
-2921
-2601
-1857
-932
-143
243
237
141
230
499
811
1090
1294
1294
991
470
-86
-532
-729
-525
75
829
1452
1859
2074
2062
1756
1219
659
241
3
-92
-107
-101
-138
-263
-487
-761
-966
-956
-674
-192
318
684
812
702
445
165
-26
-53
99
362
610
745
767
741
762
902
1200
1615
2036
2362
2565
2647
2607
2464
2293
2171
2051
1608
423
-1599
-3983
-5965
-7032
-7069
-6193
-4647
-2862
-1343
-358
140
340
437
698
1313
2090
2496
2143
1134
-158
-1421
-2430
-2959
-2862
-2205
-1236
-301
265
338
167
137
379
729
1026
1244
1310
1085
529
-157
-728
-1027
-953
-463
333
1138
1707
1977
2004
1794
1367
850
423
187
106
73
-12
-165
-331
-474
-596
-686
-652
-396
60
565
916
1009
848
540
209
-51
-176
-129
89
390
672
867
989
1079
1217
1490
1923
2428
2877
3183
3317
3280
3099
2869
2665
2276
1242
-713
-3281
-5705
-7337
-7896
-7370
-5943
-4025
-2153
-723
146
517
615
796
1319
2067
2579
2430
1564
269
-1075
-2195
-2920
-3143
-2795
-1939
-861
-4
342
294
239
386
627
818
965
1057
932
478
-191
-832
-1240
-1243
-746
129
1050
1753
2176
2338
2191
1733
1105
493
21
-256
-328
-272
-210
-200
-212
-246
-351
-484
-470
-168
338
809
1054
1043
827
459
-9
-444
-657
-543
-166
319
790
1176
1450
1650
1884
2222
2632
3034
3391
3652
3748
3625
3333
2840
1830
-46
-2652
-5246
-7052
-7786
-7503
-6301
-4447
-2524
-1075
-186
339
622
790
1134
1807
2466
2539
1797
485
-1004
-2344
-3227
-3444
-2980
-1999
-782
251
705
580
318
306
504
710
899
1079
1041
555
-298
-1202
-1892
-2189
-1923
-1066
117
1252
2114
2610
2655
2231
1523
805
260
-80
-227
-241
-216
-195
-150
-61
14
48
131
368
766
1199
1479
1485
1225
804
309
-195
-573
-658
-411
26
472
850
1158
1403
1636
1947
2382
2882
3344
3702
3903
3893
3523
2459
416
-2417
-5234
-7170
-7868
-7429
-6062
-4069
-2047
-604
120
420
576
770
1226
2041
2840
3001
2247
799
-918
-2501
-3549
-3794
-3274
-2229
-959
152
702
628
351
314
525
748
921
1089
1075
601
-302
-1260
-1918
-2128
-1847
-1133
-190
727
1477
1949
2005
1630
1022
434
-34
-376
-562
-618
-621
-590
-434
-143
144
338
532
887
1393
1855
2064
1963
1671
1327
945
505
108
-47
81
336
562
761
980
1209
1455
1779
2212
2693
3128
3453
3635
3640
3286
2143
-94
-3124
-6014
-7910
-8551
-8028
-6442
-4105
-1757
-117
695
1026
1151
1260
1627
2356
3049
3091
2248
777
-921
-2479
-3517
-3775
-3241
-2109
-687
546
1142
1097
880
865
975
1015
1027
1070
922
303
-702
-1710
-2385
-2554
-2132
-1207
-78
952
1751
2236
2267
1829
1127
407
-212
-687
-975
-1117
-1219
-1290
-1214
-958
-630
-316
55
572
1179
1718
2037
2103
1993
1789
1505
1145
835
738
859
1046
1193
1316
1447
1576
1718
1952
2321
2774
3209
3576
3862
3964
3495
1893
-988
-4526
-7577
-9309
-9563
-8510
-6371
-3651
-1213
282
887
1057
1144
1384
2016
2973
3677
3509
2333
498
-1528
-3250
-4182
-4080
-3072
-1514
144
1366
1767
1499
1153
1116
1297
1491
1671
1737
1354
307
-1156
-2491
-3228
-3135
-2284
-1020
252
1337
2162
2559
2377
1780
1119
553
33
-413
-687
-873
-1180
-1590
-1851
-1819
-1580
-1235
-734
-7
848
1560
1907
1900
1731
1522
1246
936
781
934
1267
1524
1619
1662
1756
1906
2133
2530
3096
3677
4089
4223
4094
3651
2488
137
-3248
-6636
-8856
-9558
-9038
-7525
-5192
-2658
-769
206
675
1014
1319
1781
2576
3367
3448
2485
778
-1190
-2989
-4124
-4238
-3423
-2032
-365
1190
2056
2019
1620
1535
1825
2120
2272
2311
2061
1228
-177
-1762
-3032
-3555
-3104
-1892
-471
762
1742
2388
2469
1991
1342
824
378
-67
-415
-712
-1194
-1905
-2474
-2549
-2132
-1436
-626
241
1079
1724
1996
1862
1527
1296
1265
1294
1290
1349
1530
1704
1765
1816
1992
2304
2689
3154
3695
4210
4566
4699
4474
3363
845
-2825
-6475
-8931
-9871
-9506
-7953
-5454
-2801
-885
87
541
808
1045
1532
2423
3258
3299
2308
626
-1322
-3152
-4355
-4557
-3837
-2527
-942
491
1268
1294
1105
1229
1666
2137
2533
2793
2669
1921
645
-802
-2011
-2589
-2324
-1395
-282
736
1606
2143
2073
1494
878
504
272
74
-113
-431
-1078
-1937
-2547
-2606
-2172
-1468
-611
307
1116
1596
1610
1229
735
415
330
373
508
803
1210
1568
1820
2077
2425
2846
3309
3808
4293
4680
4956
5124
4818
3259
95
-3924
-7368
-9336
-9841
-9075
-7089
-4321
-1779
-222
485
853
1130
1475
2180
3177
3778
3335
1861
-197
-2385
-4198
-5096
-4869
-3770
-2182
-517
638
874
485
237
497
1039
1617
2208
2603
2411
1506
176
-1159
-2081
-2195
-1448
-304
733
1599
2343
2673
2306
1512
827
391
45
-182
-217
-341
-916
-1833
-2596
-2830
-2486
-1653
-460
878
2039
2649
2498
1733
815
172
-105
-129
67
500
1001
1301
1388
1537
1963
2624
3394
4163
4788
5159
5299
5153
4105
1475
-2446
-6266
-8710
-9627
-9379
-7969
-5485
-2804
-950
-20
595
1159
1617
2225
3267
4250
4258
2979
883
-1432
-3510
-4823
-5009
-4177
-2726
-1021
406
950
582
34
-24
374
931
1573
2145
2206
1470
143
-1344
-2577
-3053
-2424
-988
506
1660
2504
2901
2551
1647
843
455
279
177
189
68
-588
-1743
-2788
-3168
-2815
-1904
-614
834
2113
2884
2972
2456
1646
958
593
488
532
678
868
994
1056
1210
1595
2247
3112
4038
4821
5320
5513
5302
4076
1253
-2802
-6676
-9047
-9766
-9308
-7825
-5407
-2821
-1057
-248
275
904
1582
2388
3452
4345
4320
3118
1129
-1110
-3107
-4332
-4502
-3773
-2470
-876
485
999
655
197
223
625
1105
1666
2223
2318
1597
246
-1281
-2554
-3110
-2663
-1477
-142
1073
2150
2824
2723
2007
1214
584
20
-377
-433
-455
-995
-2057
-3031
-3407
-3160
-2388
-1119
493
2052
3106
3433
3103
2413
1731
1272
1045
1017
1134
1282
1343
1370
1520
1892
2492
3309
4239
5029
5470
5444
4498
1947
-2116
-6329
-9041
-9821
-9268
-7799
-5516
-3025
-1326
-678
-377
138
840
1739
2978
4168
4447
3385
1344
-1029
-3143
-4390
-4452
-3565
-2194
-624
752
1325
913
183
-81
230
814
1503
2124
2279
1728
640
-660
-1845
-2406
-1968
-816
361
1307
2145
2689
2525
1797
1113
713
335
-77
-348
-645
-1299
-2245
-2907
-2935
-2446
-1706
-888
-31
828
1547
1912
1834
1562
1465
1561
1605
1494
1400
1402
1413
1482
1814
2432
3134
3801
4479
5151
5593
5499
4288
1400
-2852
-7025
-9562
-10102
-9203
-7293
-4680
-2169
-694
-282
-112
333
979
1858
3126
4284
4355
2937
568
-1931
-3906
-4826
-4535
-3404
-1894
-284
968
1237
547
-225
-356
41
590
1216
1768
1805
1108
-56
-1280
-2218
-2411
-1593
-177
1133
2111
2839
3132
2755
2032
1495
1170
771
353
82
-312
-1212
-2423
-3249
-3293
-2638
-1572
-352
793
1673
2126
2044
1496
868
621
818
1156
1415
1609
1711
1630
1478
1607
2182
3061
4029
4947
5682
5997
5346
2944
-1263
-6005
-9393
-10548
-9937
-8211
-5670
-2926
-1029
-420
-408
-153
476
1423
2838
4436
5203
4356
2103
-695
-3191
-4666
-4720
-3590
-1877
-55
1413
1903
1205
34
-623
-527
8
755
1506
1785
1234
-14
-1533
-2851
-3326
-2501
-771
932
2148
2990
3350
2889
1839
1001
708
622
452
150
-420
-1432
-2598
-3220
-2919
-1859
-490
813
1836
2465
2678
2461
1857
1191
883
996
1179
1161
1050
1048
1180
1441
1931
2696
3645
4605
5447
6036
5995
4501
1010
-3804
-8157
-10500
-10689
-9398
-7156
-4410
-2017
-768
-512
-412
-22
692
1874
3487
4747
4662
3009
378
-2421
-4566
-5337
-4655
-3048
-1034
1008
2387
2437
1438
470
198
438
858
1303
1480
1030
-74
-1526
-2944
-3825
-3565
-2133
-264
1346
2598
3481
3636
2960
2030
1391
945
478
86
-269
-932
-2048
-3108
-3443
-2880
-1676
-245
1098
2194
2940
3216
2916
2207
1578
1347
1391
1475
1576
1746
1913
2014
2186
2572
3181
3954
4802
5578
5993
5268
2517
-2089
-6950
-10086
-10859
-9905
-7874
-5211
-2700
-1252
-893
-777
-349
360
1446
3024
4485
4747
3365
861
-1883
-4089
-5091
-4738
-3491
-1817
44
1588
2045
1399
615
499
923
1454
1915
2087
1610
436
-1116
-2680
-3806
-3851
-2612
-795
772
1937
2758
2918
2304
1563
1303
1296
1070
681
216
-669
-2064
-3348
-3726
-3084
-1787
-225
1214
2222
2707
2764
2460
1891
1406
1383
1693
1900
1821
1657
1624
1759
2128
2830
3809
4838
5688
6241
6302
5032
1639
-3316
-7876
-10224
-10252
-8832
-6630
-4182
-2316
-1573
-1514
-1309
-735
135
1556
3486
4938
4766
2820
-93
-2936
-4842
-5291
-4515
-3133
-1459
302
1456
1347
387
-273
-39
781
1774
2598
2741
1856
226
-1592
-3185
-4062
-3597
-1844
216
1738
2638
2949
2475
1472
737
654
798
844
807
447
-722
-2516
-3860
-3891
-2654
-766
1164
2653
3382
3365
2837
2031
1233
837
1041
1567
1970
2042
1860
1617
1579
2012
2921
4053
5124
5991
6449
5566
2368
-2676
-7502
-10056
-10069
-8447
-6012
-3484
-1779
-1327
-1498
-1398
-908
-163
1243
3357
5022
4884
2825
-154
-2930
-4689
-4946
-3982
-2560
-1081
360
1247
982
-58
-726
-437
431
1407
2144
2145
1155
-396
-1919
-3139
-3768
-3288
-1711
120
1536
2489
2945
2660
1859
1271
1153
1046
662
108
-628
-1731
-2942
-3472
-2899
-1496
160
1612
2580
2965
2979
2894
2716
2430
2219
2162
2085
1812
1471
1303
1431
1927
2792
3806
4655
5192
5521
5345
3564
-327
-5132
-8689
-9861
-9117
-7235
-4828
-2808
-1998
-2086
-1943
-1105
-77
1029
2657
4474
5143
3814
1023
-1993
-4176
-4905
-4195
-2791
-1331
39
1081
1219
456
-279
-212
535
1534
2519
2917
2080
170
-1933
-3604
-4626
-4623
-3287
-1162
746
1979
2516
2294
1489
825
810
1081
1050
631
-122
-1356
-2825
-3699
-3326
-1917
-159
1490
2727
3294
3250
2975
2770
2632
2558
2647
2778
2683
2331
1961
1852
2219
3070
4125
4989
5438
5508
4598
1685
-3005
-7551
-9820
-9515
-7743
-5436
-3322
-2319
-2672
-3274
-2835
-1431
142
1937
4143
5741
5302
2768
-566
-3314
-4691
-4419
-3010
-1485
-345
413
581
-80
-943
-950
161
1722
3122
3930
3545
1821
-481
-2386
-3529
-3847
-3150
-1615
-69
873
1211
1050
502
56
331
1116
1610
1425
693
-575
-2298
-3808
-4243
-3428
-1962
-370
1078
2145
2676
2882
3091
3317
3439
3525
3598
3436
2960
2412
2110
2194
2695
3513
4372
4969
5251
5158
3758
238
-4592
-8447
-9609
-8443
-6176
-3804
-2290
-2308
-3245
-3614
-2774
-1478
-113
1864
4162
5251
4094
1358
-1518
-3424
-3814
-2811
-1411
-533
-212
-242
-715
-1498
-1813
-1135
262
1878
3371
3983
2992
900
-988
-2043
-2541
-2483
-1556
-150
806
995
724
236
-209
-160
491
1049
755
-335
-1684
-2856
-3349
-2765
-1294
173
985
1353
1534
1487
1319
1518
2358
3368
3952
3996
3646
3014
2303
1967
2399
3438
4565
5390
5820
5738
4251
526
-4565
-8588
-9637
-8126
-5644
-3297
-1859
-2012
-3346
-4148
-3234
-1285
578
2433
4295
4944
3250
-86
-3149
-4570
-4113
-2336
-364
756
858
229
-916
-2135
-2498
-1479
367
2177
3467
3702
2352
-19
-1945
-2593
-2298
-1502
-209
1202
1926
1675
887
46
-484
-324
530
1398
1549
840
-550
-2270
-3723
-4209
-3619
-2378
-835
746
1878
2103
1732
1611
2081
2808
3491
4014
4163
3793
3208
2900
2971
3264
3695
4278
4844
5149
4885
3166
-541
-5183
-8462
-8923
-7248
-4822
-2640
-1635
-2383
-3921
-4315
-2889
-843
954
2831
4453
4390
2070
-1152
-3499
-4241
-3488
-1778
-180
428
68
-822
-1840
-2481
-2138
-883
568
1763
2524
2302
786
-1079
-2006
-1826
-1236
-447
680
1632
1760
1226
688
429
473
870
1370
1244
100
-1524
-2826
-3278
-2728
-1386
72
886
1039
1013
965
784
750
1339
2425
3270
3551
3514
3323
3036
2933
3413
4312
5048
5393
5537
5509
4387
1110
-3733
-7921
-9336
-7956
-5368
-3042
-1902
-2340
-3652
-4188
-2906
-617
1384
3073
4605
4978
3121
-251
-3102
-4137
-3477
-1973
-641
-269
-828
-1736
-2428
-2520
-1808
-468
836
1679
1991
1512
-1
-1811
-2649
-2286
-1609
-1171
-628
98
501
439
397
743
1357
2014
2482
2379
1429
-153
-1737
-2682
-2693
-1918
-901
-154
209
353
474
673
1123
1911
2730
3162
3116
2802
2426
2162
2341
3173
4360
5286
5577
5364
4921
4413
3375
854
-3046
-6661
-8069
-7162
-5378
-3895
-3349
-4043
-5188
-4966
-2618
392
2317
3417
4343
4304
2444
-316
-2129
-2328
-1427
-154
681
341
-995
-2336
-2930
-2578
-1417
137
1352
1818
1650
764
-895
-2467
-2733
-1819
-1023
-881
-767
-419
-374
-663
-595
125
1009
1602
1844
1440
26
-1969
-3379
-3338
-2055
-438
704
1066
911
711
734
1117
1935
3059
4003
4253
3855
3210
2661
2446
2800
3752
4860
5573
5769
5726
5216
3019
-1285
-5963
-8329
-7468
-4981
-2874
-2268
-3471
-5700
-6887
-5419
-2015
1081
2998
4316
4805
3498
616
-1911
-2585
-1640
-204
725
499
-894
-2588
-3474
-3000
-1533
179
1491
2147
2182
1449
-46
-1539
-1941
-1216
-459
-394
-655
-774
-907
-1135
-1067
-458
387
1075
1485
1380
470
-946
-2023
-2217
-1771
-1322
-1219
-1284
-1091
-366
617
1406
1890
2250
2652
2984
3148
3210
3266
3403
3726
4210
4602
4627
4389
4303
4551
4513
2749
-1110
-5413
-7732
-7217
-5130
-3069
-2124
-2820
-4569
-5409
-3920
-959
1363
2553
3410
3687
2445
-14
-1846
-1941
-873
265
782
413
-700
-1906
-2411
-1842
-637
387
800
857
919
652
-250
-1136
-1155
-654
-733
-1476
-1894
-1535
-925
-417
123
616
695
325
-76
-456
-1004
-1517
-1443
-730
-128
-264
-937
-1392
-1142
-251
843
1762
2340
2556
2483
2301
2317
2668
3247
3935
4692
5331
5517
5241
4939
4967
4351
1572
-2975
-6796
-7652
-6012
-3906
-2767
-3177
-4879
-6276
-5339
-1964
1524
3192
3597
3685
3130
1508
-235
-719
-25
724
622
-543
-2318
-3746
-3867
-2466
-335
1276
1655
1096
450
45
-426
-802
-436
543
897
-64
-1448
-2125
-1986
-1399
-439
631
1114
715
-51
-631
-1031
-1357
-1363
-889
-382
-461
-1037
-1382
-1015
-209
517
920
1059
1092
1151
1401
1889
2477
2923
3200
3529
3987
4401
4604
4717
4887
5090
4854
3060
-627
-4750
-7002
-6471
-4464
-2820
-2719
-4322
-6390
-6723
-4296
-585
2005
2964
3303
3214
2288
914
277
659
1218
1259
546
-869
-2453
-3193
-2535
-1026
239
609
211
-265
-208
202
425
497
762
840
-36
-1498
-2250
-1827
-923
-98
617
912
301
-850
-1550
-1531
-1345
-1242
-892
-414
-515
-1284
-1810
-1335
-109
1164
2064
2452
2323
1905
1595
1669
2083
2631
3140
3541
3848
4094
4340
4629
4951
5131
4094
880
-3490
-6412
-6269
-4253
-2597
-2589
-4361
-6870
-7851
-5648
-1336
2163
3330
3132
2510
1567
659
627
1597
2535
2553
1417
-652
-2805
-3732
-2845
-975
507
883
303
-599
-991
-526
295
955
1353
1344
519
-986
-2108
-2102
-1229
-196
560
821
549
55
-342
-613
-965
-1222
-1099
-783
-767
-1152
-1420
-1272
-861
-423
-6
294
469
806
1531
2316
2650
2570
2469
2570
2816
3225
3943
4809
5377
5389
4999
3907
1245
-2601
-5599
-5957
-4281
-2652
-2544
-4246
-6803
-8134
-6344
-2131
1623
2887
2392
1657
1094
846
1331
2510
3321
2937
1554
-388
-2349
-3356
-2633
-790
543
446
-585
-1479
-1517
-684
440
1279
1633
1407
539
-589
-1133
-753
-4
552
770
572
-56
-599
-478
25
41
-586
-1158
-1350
-1515
-1769
-1593
-860
-219
-78
-115
-33
86
354
1109
2160
2771
2657
2293
2206
2438
2800
3321
3998
4531
4681
4578
4071
2216
-1055
-4110
-5032
-3892
-2474
-2275
-3782
-6276
-7964
-6880
-3204
509
1985
1534
854
647
956
1865
3172
3902
3329
1933
428
-888
-1673
-1422
-343
436
24
-1252
-2299
-2313
-1361
-271
265
245
-113
-708
-1225
-1085
-233
575
886
936
865
477
-56
-129
232
244
-368
-1008
-1295
-1570
-1896
-1668
-701
241
507
386
322
340
452
967
1821
2376
2350
2179
2334
2697
3057
3529
4129
4543
4567
4462
3816
1585
-1914
-4638
-4898
-3560
-2628
-3182
-5156
-7535
-8452
-6381
-2383
677
1251
553
256
627
1519
2876
4183
4404
3303
1780
528
-321
-542
36
794
633
-673
-2149
-2656
-1881
-481
507
551
-91
-933
-1603
-1711
-1038
-35
489
414
239
213
227
410
892
1197
755
-132
-623
-650
-792
-1083
-1020
-623
-478
-613
-484
-30
372
715
1310
1973
2199
2072
2130
2530
2941
3172
3396
3650
3774
3782
3939
3879
2408
-643
-3648
-4695
-3837
-2755
-2752
-4204
-6476
-8073
-7299
-4239
-1143
43
-381
-745
-350
627
1999
3393
3987
3282
1962
997
629
703
1143
1603
1380
193
-1253
-1906
-1428
-407
242
54
-643
-1314
-1687
-1619
-1051
-289
41
-194
-436
-346
-160
-4
352
726
579
-77
-548
-573
-590
-705
-512
23
333
242
248
558
827
956
1286
1826
2136
2153
2277
2626
2872
2984
3304
3855
4309
4502
4560
3821
1427
-1826
-3868
-3624
-2458
-2261
-3705
-6252
-8423
-8440
-5670
-2100
-412
-1034
-2051
-1838
-535
1298
3118
4043
3430
1883
779
626
1001
1552
2039
1868
680
-931
-1785
-1346
-206
610
466
-385
-1225
-1629
-1543
-996
-197
270
74
-317
-296
86
447
713
883
663
48
-390
-265
-31
-281
-749
-886
-769
-783
-812
-510
-58
236
526
1037
1542
1762
1928
2339
2828
3096
3202
3392
3651
3814
3924
4119
4202
3295
955
-1796
-3255
-2817
-1778
-1749
-3397
-6077
-8115
-7873
-5208
-2217
-1139
-1966
-2782
-2269
-799
925
2425
3073
2453
1259
722
1101
1753
2271
2484
1949
553
-805
-984
-43
854
811
-101
-1165
-1740
-1687
-1230
-701
-352
-375
-650
-729
-402
24
205
242
231
16
-265
-164
249
280
-291
-769
-643
-270
-50
151
420
508
409
562
1021
1366
1495
1798
2374
2841
3090
3448
4009
4433
4553
4645
4544
3260
692
-1662
-2263
-1518
-1199
-2304
-4649
-7128
-8122
-6649
-3669
-1835
-2388
-3854
-4011
-2398
-175
1703
2634
2275
1081
260
570
1492
2205
2419
2019
916
-457
-1121
-542
654
1301
871
-197
-1013
-1167
-904
-624
-528
-652
-952
-1069
-692
-76
311
390
415
377
190
172
565
920
592
-177
-538
-313
-101
-206
-347
-397
-499
-475
-42
571
876
911
1103
1518
1914
2287
2813
3410
3803
4031
4280
4587
4535
3308
968
-1184
-1617
-569
91
-993
-3710
-6599
-7814
-6409
-3447
-1709
-2529
-4258
-4497
-2809
-686
899
1604
1207
212
-118
835
2116
2697
2664
2243
1280
104
-221
613
1477
1262
123
-1022
-1544
-1402
-972
-738
-932
-1330
-1465
-1040
-196
488
565
239
7
18
106
367
830
998
459
-315
-508
-197
13
2
4
-7
-131
-28
499
935
828
552
693
1176
1619
2049
2612
3124
3391
3602
3947
4293
4131
2887
850
-793
-962
-149
108
-1211
-3850
-6334
-6953
-5221
-2715
-1886
-3222
-4753
-4543
-2718
-752
496
788
210
-438
-126
1121
2126
2263
2036
1739
1189
634
787
1539
1808
1053
-95
-815
-900
-644
-458
-702
-1407
-2068
-2081
-1390
-597
-370
-683
-896
-598
-12
499
910
1153
977
512
338
674
986
845
478
204
-9
-103
191
735
927
710
706
1169
1634
1856
2115
2497
2778
3028
3520
4097
4209
3227
1291
-545
-1021
-177
461
-452
-2909
-5574
-6693
-5443
-2964
-1695
-2856
-4842
-5294
-3695
-1499
-61
289
-254
-944
-691
712
2120
2449
2009
1603
1305
1080
1317
2046
2338
1492
137
-661
-651
-285
-69
-330
-1143
-2017
-2184
-1470
-591
-367
-817
-1255
-1180
-667
-21
559
876
723
283
109
479
1000
1119
812
415
128
54
276
682
826
572
385
670
1175
1477
1633
1850
2120
2457
2994
3580
3780
3568
3181
2341
977
-94
100
950
798
-1004
-3606
-5539
-5707
-4094
-2218
-2096
-3896
-5453
-5000
-3101
-1513
-998
-1237
-1695
-1613
-453
1196
2117
1999
1638
1555
1648
1959
2549
2915
2449
1341
402
81
205
336
-12
-948
-1949
-2255
-1735
-1041
-868
-1315
-1879
-1912
-1276
-427
55
92
-14
-75
-13
269
715
952
774
512
495
564
532
546
695
770
760
972
1414
1711
1778
1909
2223
2563
2901
3289
3534
3477
3328
2936
1881
467
-177
309
639
-360
-2409
-4327
-5103
-4407
-2972
-2404
-3669
-5492
-5797
-4299
-2577
-1854
-1924
-2184
-2133
-1203
483
1767
1862
1398
1397
1884
2425
2940
3282
2988
1982
993
697
923
1047
615
-308
-1251
-1657
-1391
-950
-966
-1575
-2270
-2347
-1646
-746
-345
-521
-807
-836
-550
-4
634
973
799
451
440
727
906
884
890
950
975
1062
1328
1559
1586
1663
2028
2529
2878
3087
3264
3347
3362
3418
3069
1953
594
97
504
600
-422
-2242
-3902
-4540
-3882
-2745
-2603
-3967
-5476
-5605
-4409
-3145
-2607
-2642
-2821
-2560
-1389
244
1230
1212
1052
1483
2201
2749
3085
3170
2806
2133
1676
1596
1518
1111
380
-471
-1134
-1317
-1088
-950
-1327
-2017
-2398
-2083
-1337
-804
-833
-1166
-1326
-1141
-693
-169
196
165
-116
-183
185
683
985
1135
1242
1228
1146
1282
1662
1961
2044
2138
2316
2435
2573
2892
3232
3311
3296
3415
3115
1937
558
146
661
821
-109
-1795
-3443
-4234
-3751
-2662
-2502
-3897
-5509
-5755
-4650
-3406
-2825
-2799
-2978
-2833
-1833
-242
923
1157
1141
1564
2210
2661
2959
3162
3013
2452
1964
1872
1905
1636
974
151
-572
-990
-1068
-1047
-1272
-1795
-2228
-2132
-1624
-1228
-1225
-1380
-1363
-1179
-930
-672
-504
-509
-544
-288
272
756
926
922
996
1176
1461
1941
2476
2723
2603
2425
2434
2611
2940
3366
3618
3519
3334
3323
2980
1875
615
245
688
718
-399
-2239
-3791
-4226
-3423
-2397
-2650
-4471
-6172
-6070
-4426
-2923
-2624
-3192
-3707
-3346
-1849
45
1139
1124
929
1413
2331
3048
3321
3186
2681
2098
1959
2279
2425
1909
894
-87
-658
-705
-436
-403
-1003
-1963
-2547
-2328
-1703
-1372
-1580
-1960
-2013
-1647
-1118
-771
-777
-972
-952
-458
277
733
767
717
917
1346
1820
2225
2391
2254
2065
2189
2614
2957
3017
2944
2897
2931
3090
3396
3547
2952
1732
767
715
1053
702
-638
-2431
-3779
-3985
-3214
-2666
-3487
-5253
-6223
-5496
-3899
-2883
-2973
-3596
-3814
-2950
-1144
503
999
622
579
1439
2562
3193
3174
2754
2258
2066
2356
2695
2435
1539
576
78
59
192
115
-437
-1301
-1910
-1835
-1307
-1066
-1504
-2255
-2653
-2398
-1801
-1384
-1419
-1737
-1804
-1261
-337
350
472
358
519
1087
1794
2300
2472
2396
2346
2583
3047
3370
3327
3143
3127
3297
3519
3712
3826
3494
2478
1275
692
907
1036
242
-1419
-3165
-4121
-3944
-3220
-3131
-4259
-5694
-6010
-4996
-3754
-3323
-3607
-3818
-3310
-1978
-406
495
447
222
720
1795
2635
2883
2771
2561
2374
2387
2610
2651
2175
1373
725
466
426
352
19
-656
-1424
-1855
-1782
-1561
-1693
-2153
-2504
-2443
-2128
-1946
-2037
-2253
-2239
-1704
-770
52
375
341
427
860
1524
2130
2452
2492
2444
2575
2921
3213
3206
2999
2948
3169
3454
3653
3717
3651
3293
2503
1578
1018
1030
1016
214
-1365
-2977
-3826
-3688
-3118
-3105
-4182
-5589
-5906
-4852
-3531
-3064
-3408
-3716
-3336
-2131
-599
374
369
0
277
1322
2300
2639
2493
2227
2064
2169
2556
2776
2378
1575
949
758
747
620
252
-424
-1221
-1697
-1640
-1385
-1492
-2035
-2527
-2665
-2515
-2364
-2303
-2247
-2101
-1693
-1020
-358
-13
79
294
818
1526
2202
2595
2580
2369
2418
2858
3271
3269
3026
2968
3167
3412
3533
3563
3484
3307
2896
2170
1420
1013
921
481
-659
-2132
-3273
-3668
-3395
-3058
-3390
-4531
-5504
-5318
-4231
-3335
-3222
-3459
-3414
-2816
-1742
-661
-169
-247
-155
663
1715
2237
2196
2025
1998
2145
2482
2789
2623
1967
1324
1039
979
851
543
-8
-800
-1486
-1676
-1494
-1499
-1979
-2544
-2748
-2591
-2316
-2129
-2096
-2168
-2059
-1512
-748
-203
9
153
504
1067
1691
2144
2280
2258
2359
2696
3118
3343
3251
3007
2946
3203
3545
3697
3604
3384
3215
2986
2396
1521
856
754
723
76
-1253
-2653
-3402
-3288
-2858
-2972
-3927
-4943
-4989
-4105
-3224
-3099
-3531
-3795
-3381
-2309
-1161
-602
-663
-695
-105
893
1639
1897
1880
1855
1979
2319
2723
2786
2347
1711
1219
930
725
485
83
-558
-1220
-1533
-1488
-1488
-1848
-2346
-2546
-2341
-2000
-1841
-1973
-2231
-2233
-1702
-859
-236
-52
-26
190
674
1295
1834
2072
2049
2079
2383
2821
3073
3011
2802
2727
2906
3191
3336
3230
3014
2908
3042
3102
2587
1643
955
916
952
334
-918
-2210
-2933
-2890
-2526
-2669
-3682
-4824
-5002
-4195
-3338
-3200
-3627
-3956
-3687
-2730
-1520
-757
-648
-697
-299
521
1268
1690
1830
1810
1834
2106
2520
2621
2169
1478
970
759
693
546
137
-544
-1186
-1389
-1192
-1091
-1433
-2004
-2315
-2153
-1727
-1400
-1432
-1756
-1968
-1678
-949
-287
-48
-86
-12
354
899
1393
1693
1809
1933
2245
2681
2962
2910
2669
2556
2717
3023
3254
3269
3105
2949
2989
3174
3047
2360
1531
1168
1280
1166
330
-1040
-2311
-2899
-2754
-2498
-2889
-4002
-4980
-5046
-4402
-3838
-3792
-4009
-3976
-3393
-2344
-1340
-878
-865
-746
-128
751
1408
1661
1636
1563
1648
1917
2166
2085
1659
1211
1005
1017
998
714
138
-547
-1001
-1023
-808
-781
-1125
-1569
-1721
-1547
-1324
-1303
-1483
-1653
-1568
-1149
-645
-428
-530
-582
-235
428
1068
1432
1484
1418
1544
2006
2564
2848
2790
2649
2654
2834
3083
3263
3281
3151
3035
3086
3237
3126
2501
1679
1225
1257
1190
446
-914
-2262
-2939
-2820
-2497
-2809
-3949
-5121
-5342
-4587
-3710
-3471
-3806
-4080
-3764
-2836
-1801
-1266
-1296
-1307
-728
264
991
1156
1031
985
1184
1638
2152
2294
1861
1251
1000
1141
1285
1143
705
94
-407
-485
-195
-80
-522
-1253
-1680
-1584
-1259
-1106
-1302
-1701
-1932
-1675
-1060
-609
-617
-765
-546
129
909
1428
1567
1494
1563
2005
2620
2965
2912
2758
2800
3003
3173
3226
3178
3112
3103
3184
3262
3205
2887
2206
1383
837
752
693
42
-1249
-2567
-3240
-3145
-2789
-2871
-3651
-4625
-4911
-4285
-3479
-3342
-3868
-4319
-4094
-3221
-2215
-1659
-1673
-1732
-1237
-229
628
894
798
805
1152
1769
2360
2518
2080
1443
1180
1355
1587
1517
1116
545
37
-152
-31
28
-333
-978
-1425
-1418
-1188
-1148
-1460
-1910
-2077
-1698
-993
-494
-488
-656
-459
251
1125
1697
1814
1717
1824
2302
2850
3048
2853
2627
2674
2937
3140
3081
2783
2468
2367
2506
2667
2628
2375
1966
1416
833
477
430
313
-344
-1470
-2501
-2922
-2761
-2542
-2833
-3767
-4754
-5011
-4437
-3758
-3674
-4084
-4353
-4043
-3234
-2366
-1869
-1762
-1612
-997
-28
759
1065
1087
1189
1531
2030
2463
2558
2221
1744
1514
1596
1699
1542
1074
449
-61
-227
-115
-113
-501
-1094
-1447
-1357
-1041
-855
-981
-1290
-1420
-1110
-493
-1
122
71
245
791
1478
1935
1991
1849
1873
2225
2677
2845
2606
2199
1992
2118
2345
2356
2076
1715
1545
1661
1921
2062
1929
1650
1392
1113
730
352
120
-152
-770
-1679
-2505
-2936
-2974
-2906
-3126
-3821
-4600
-4828
-4364
-3756
-3587
-3816
-3931
-3558
-2784
-1995
-1519
-1328
-1106
-591
141
760
1060
1129
1207
1446
1789
2057
2096
1893
1591
1368
1292
1293
1214
958
581
249
107
141
175
-3
-392
-717
-694
-392
-154
-233
-521
-667
-435
73
479
541
394
411
774
1262
1538
1483
1306
1298
1525
1807
1903
1758
1517
1388
1484
1697
1776
1576
1239
1059
1159
1382
1471
1309
1031
867
884
876
621
174
-186
-351
-551
-1068
-1854
-2539
-2815
-2755
-2737
-3074
-3689
-4136
-4064
-3607
-3216
-3143
-3198
-3037
-2543
-1900
-1404
-1181
-1088
-865
-402
144
536
719
809
939
1168
1488
1803
1949
1868
1683
1556
1557
1614
1578
1328
918
575
505
650
734
559
226
7
34
184
234
56
-243
-389
-198
170
367
252
18
-38
182
584
920
990
851
768
922
1190
1317
1201
953
768
755
858
909
786
570
481
618
847
992
1003
969
971
1044
1073
889
483
96
-59
-116
-407
-1084
-1907
-2465
-2538
-2327
-2298
-2756
-3464
-3842
-3623
-3132
-2863
-2939
-3108
-3040
-2570
-1844
-1249
-1012
-936
-671
-135
439
853
1086
1210
1338
1581
1941
2225
2247
2055
1852
1782
1827
1877
1787
1508
1165
974
1007
1077
955
614
261
91
122
192
114
-150
-461
-585
-445
-205
-109
-236
-433
-487
-292
53
301
281
77
-27
153
477
656
576
398
353
507
732
839
761
617
604
787
1041
1185
1169
1076
1041
1164
1357
1344
937
333
-44
-96
-162
-608
-1385
-2135
-2506
-2437
-2247
-2389
-2968
-3526
-3556
-3075
-2535
-2303
-2389
-2527
-2410
-1900
-1230
-763
-599
-514
-257
186
688
1103
1335
1414
1527
1819
2200
2413
2330
2086
1893
1881
2005
2062
1877
1498
1151
1017
1041
1024
799
351
-107
-321
-252
-153
-308
-741
-1198
-1395
-1243
-931
-760
-837
-999
-991
-732
-358
-57
57
27
33
205
486
682
674
543
458
521
688
815
795
659
550
578
715
870
956
922
830
808
937
1092
1024
685
287
112
154
124
-242
-908
-1533
-1751
-1550
-1312
-1474
-2069
-2663
-2824
-2505
-2065
-1904
-2091
-2318
-2214
-1712
-1103
-710
-588
-517
-272
177
694
1121
1370
1459
1511
1662
1907
2105
2126
1970
1744
1588
1551
1541
1369
978
534
277
278
343
227
-135
-569
-835
-852
-746
-706
-821
-995
-1085
-1018
-862
-727
-662
-631
-563
-421
-223
-40
71
109
136
190
281
403
504
504
391
296
323
421
477
490
520
593
701
838
965
1034
1036
1052
1139
1279
1390
1376
1186
870
608
537
561
424
-11
-618
-1120
-1294
-1178
-1087
-1350
-1903
-2324
-2297
-1947
-1673
-1707
-1973
-2172
-2039
-1585
-1100
-864
-853
-837
-642
-274
149
487
667
735
818
978
1184
1372
1455
1364
1155
1010
1057
1183
1169
940
640
467
477
556
514
278
-74
-366
-478
-452
-446
-598
-855
-1036
-1029
-894
-769
-706
-704
-726
-698
-553
-325
-140
-45
19
119
259
398
496
533
529
543
604
685
728
720
694
685
724
849
1040
1196
1256
1270
1329
1442
1563
1659
1695
1621
1422
1180
1027
968
839
457
-170
-805
-1178
-1230
-1205
-1422
-1952
-2524
-2794
-2686
-2442
-2365
-2520
-2701
-2665
-2346
-1900
-1526
-1304
-1141
-898
-538
-125
274
624
893
1057
1148
1273
1482
1691
1752
1601
1335
1123
1046
1041
953
697
356
106
31
30
-57
-283
-548
-705
-701
-633
-630
-727
-843
-884
-829
-728
-634
-569
-484
-358
-222
-87
60
231
384
507
623
745
859
961
1050
1101
1100
1072
1052
1036
989
924
865
831
811
792
766
736
727
759
806
831
823
806
814
812
724
511
268
121
53
-103
-463
-922
-1265
-1365
-1291
-1221
-1346
-1672
-2015
-2133
-1977
-1732
-1612
-1676
-1784
-1767
-1575
-1275
-991
-800
-706
-647
-547
-361
-114
136
337
445
486
519
603
735
844
872
808
699
607
578
590
562
463
326
230
202
217
232
206
139
85
96
185
288
355
388
418
461
494
526
580
653
700
682
610
526
460
425
410
355
237
68
-95
-230
-355
-479
-596
-666
-674
-644
-613
-577
-487
-332
-137
60
256
446
619
794
979
1153
1281
1387
1511
1600
1576
1433
1273
1153
1044
876
596
233
-131
-389
-543
-686
-933
-1293
-1671
-1958
-2124
-2240
-2379
-2528
-2619
-2621
-2573
-2516
-2430
-2283
-2071
-1810
-1548
-1316
-1108
-853
-491
-54
349
621
787
946
1154
1374
1551
1687
1815
1920
1954
1915
1841
1780
1747
1733
1688
1568
1388
1186
985
786
602
420
220
7
-208
-417
-606
-746
-828
-876
-915
-959
-988
-974
-922
-860
-821
-789
-727
-623
-495
-394
-323
-257
-158
-9
139
256
324
396
519
664
794
884
956
1010
1057
1122
1205
1287
1354
1412
1440
1421
1364
1305
1228
1103
927
715
450
140
-174
-461
-707
-923
-1107
-1293
-1506
-1728
-1908
-2017
-2082
-2125
-2141
-2125
-2090
-2033
-1941
-1812
-1646
-1449
-1247
-1059
-877
-692
-483
-249
-8
205
362
482
601
737
851
917
955
1005
1063
1109
1146
1185
1219
1240
1253
1238
1166
1046
920
823
746
671
577
456
334
225
121
24
-55
-110
-160
-225
-298
-370
-425
-446
-429
-390
-371
-391
-423
-421
-395
-370
-354
-336
-311
-283
-242
-191
-137
-97
-58
-9
61
142
231
330
442
554
658
762
883
1011
1119
1205
1263
1305
1342
1372
1359
1277
1127
922
694
476
289
104
-119
-383
-662
-938
-1194
-1423
-1626
-1814
-1990
-2150
-2275
-2353
-2373
-2354
-2303
-2213
-2080
-1913
-1725
-1529
-1340
-1152
-936
-663
-358
-42
269
558
814
1043
1244
1413
1558
1700
1846
1959
2011
2002
1956
1893
1802
1675
1520
1357
1169
960
754
563
363
147
-64
-256
-414
-551
-680
-802
-893
-945
-993
-1055
-1103
-1098
-1040
-965
-890
-800
-687
-563
-447
-330
-206
-82
40
152
259
364
472
578
645
663
656
656
684
725
758
779
804
839
872
892
898
901
903
905
910
906
873
794
682
542
364
136
-118
-362
-566
-738
-905
-1092
-1299
-1480
-1620
-1728
-1811
-1861
-1874
-1845
-1768
-1649
-1517
-1377
-1204
-991
-765
-562
-376
-194
-8
160
301
424
541
659
770
858
905
908
890
870
846
811
759
680
579
497
448
410
351
275
208
160
126
97
71
42
24
42
77
81
41
-7
-34
-59
-91
-94
-56
-5
31
72
121
133
98
55
39
39
38
31
5
-42
-91
-110
-102
-102
-121
-150
-169
-174
-165
-134
-81
-23
28
80
153
241
326
387
443
511
600
697
800
912
1008
1063
1089
1126
1151
1097
948
755
574
404
235
66
-105
-309
-551
-776
-931
-1029
-1148
-1313
-1480
-1589
-1631
-1627
-1598
-1564
-1524
-1460
-1358
-1237
-1114
-1014
-935
-840
-693
-506
-340
-226
-145
-62
32
128
215
285
336
386
435
493
551
593
634
684
765
852
902
921
928
943
952
927
872
804
753
702
623
504
367
237
142
91
44
-25
-100
-155
-199
-251
-300
-336
-361
-364
-344
-309
-271
-240
-214
-200
-184
-168
-158
-153
-139
-119
-96
-76
-54
-24
13
64
117
176
247
332
413
485
563
658
744
805
848
890
922
934
936
937
924
860
719
523
322
147
-1
-127
-247
-399
-594
-826
-1046
-1215
-1324
-1408
-1508
-1616
-1686
-1700
-1681
-1649
-1601
-1516
-1402
-1280
-1174
-1083
-962
-792
-590
-388
-201
-25
138
291
441
580
707
818
904
976
1047
1118
1161
1171
1183
1213
1243
1237
1192
1116
1031
930
824
762
716
640
518
436
413
328
154
-35
-145
-197
-248
-314
-412
-518
-591
-618
-634
-664
-696
-712
-719
-725
-722
-707
-683
-678
-689
-681
-628
-546
-471
-404
-337
-260
-179
-96
-9
93
217
346
456
548
640
735
812
864
909
962
1024
1075
1092
1090
1077
1050
997
927
838
704
513
293
83
-82
-191
-283
-421
-610
-800
-942
-1031
-1083
-1120
-1159
-1190
-1200
-1187
-1150
-1072
-951
-814
-695
-608
-541
-465
-373
-283
-191
-72
77
218
320
370
380
382
408
429
416
389
393
413
400
349
287
248
223
202
181
152
119
99
103
111
97
84
82
76
31
-14
10
77
72
-3
-36
29
89
91
103
113
98
64
31
-65
-168
-147
-40
-61
-218
-312
-302
-326
-421
-440
-337
-281
-350
-417
-331
-196
-156
-133
-9
134
163
194
356
535
617
678
796
882
902
969
1098
1185
1196
1210
1255
1284
1282
1257
1195
1062
882
703
545
398
233
29
-205
-451
-687
-912
-1118
-1287
-1429
-1563
-1699
-1814
-1892
-1928
-1938
-1936
-1920
-1872
-1778
-1654
-1524
-1394
-1254
-1088
-875
-624
-374
-157
44
253
451
619
768
906
1016
1116
1223
1304
1315
1262
1208
1161
1109
1048
978
898
800
690
572
457
338
232
164
115
53
-38
-124
-173
-203
-230
-254
-268
-241
-188
-156
-182
-236
-265
-249
-195
-112
-30
16
38
53
77
100
116
139
155
144
125
121
134
124
84
56
58
71
69
67
76
97
117
126
129
141
178
222
261
293
319
349
397
466
535
570
553
493
399
295
203
132
73
1
-100
-229
-377
-523
-653
-766
-867
-958
-1041
-1128
-1222
-1303
-1351
-1363
-1339
-1280
-1208
-1152
-1111
-1057
-941
-752
-537
-351
-213
-78
80
235
370
489
613
719
803
893
1001
1089
1122
1117
1117
1126
1135
1115
1062
997
943
911
874
825
748
655
571
506
441
339
206
72
-46
-155
-282
-423
-541
-624
-701
-812
-935
-1019
-1063
-1087
-1097
-1064
-1003
-954
-918
-872
-803
-717
-617
-501
-382
-272
-149
-6
143
276
395
516
632
734
823
919
1019
1097
1135
1156
1185
1209
1203
1166
1125
1080
1022
965
913
839
724
572
404
216
-3
-229
-427
-569
-678
-803
-964
-1148
-1304
-1411
-1467
-1489
-1501
-1531
-1578
-1596
-1540
-1419
-1272
-1117
-961
-798
-627
-448
-263
-90
79
268
458
624
744
847
951
1045
1114
1145
1141
1110
1080
1057
1017
945
848
729
588
440
310
195
77
-35
-118
-182
-248
-324
-398
-465
-521
-551
-575
-604
-637
-643
-606
-560
-517
-473
-410
-344
-305
-284
-246
-191
-113
-14
76
150
211
261
295
342
412
459
446
439
465
491
500
506
526
540
530
484
434
421
439
424
357
286
240
213
194
193
191
179
155
130
109
92
81
66
50
56
69
55
-12
-110
-201
-269
-313
-347
-403
-486
-567
-630
-687
-741
-774
-784
-793
-821
-845
-832
-767
-681
-605
-544
-491
-437
-370
-290
-198
-111
-22
74
157
212
246
280
323
359
391
404
394
374
368
383
395
394
386
368
344
328
318
301
276
261
264
260
220
151
91
55
30
4
-22
-50
-80
-106
-127
-139
-135
-132
-156
-210
-260
-274
-255
-224
-198
-197
-215
-210
-166
-102
-55
-20
10
25
45
93
148
179
192
208
231
246
252
256
264
272
286
297
308
306
299
277
250
258
302
337
327
350
415
433
378
348
396
449
436
355
201
54
-14
-37
-88
-167
-205
-276
-411
-540
-592
-605
-632
-673
-727
-783
-788
-737
-691
-668
-646
-599
-552
-504
-447
-386
-320
-250
-178
-115
-60
-10
39
92
142
172
174
158
141
140
162
199
230
244
241
228
220
216
204
182
167
170
184
174
130
68
29
31
47
50
38
20
0
-17
-35
-41
-24
1
-6
-54
-88
-82
-66
-72
-78
-52
-8
13
17
32
56
64
57
63
98
150
209
262
298
311
289
241
219
250
302
327
341
374
413
429
422
406
404
424
446
455
444
418
372
320
280
247
209
159
92
-2
-118
-231
-334
-422
-487
-537
-594
-683
-788
-874
-917
-920
-904
-895
-887
-873
-828
-749
-661
-583
-518
-445
-354
-249
-160
-111
-92
-58
22
126
203
239
263
298
341
377
395
393
381
388
406
406
379
337
297
249
205
189
193
197
191
190
209
226
201
151
118
121
145
171
190
187
169
154
144
135
133
144
152
136
99
63
43
19
-20
-63
-97
-125
-164
-207
-241
-261
-279
-299
-310
-302
-287
-285
-283
-258
-215
-185
-161
-130
-82
-24
45
120
195
258
300
317
329
365
429
486
510
498
461
420
382
353
307
232
139
41
-50
-133
-208
-282
-355
-432
-518
-598
-641
-636
-626
-642
-673
-681
-644
-593
-547
-487
-378
-237
-126
-85
-78
-41
31
107
167
219
273
323
357
381
393
389
366
347
347
350
335
310
280
241
181
122
78
44
20
6
-9
-30
-48
-51
-36
-19
-9
-12
-6
25
50
46
31
50
106
162
178
147
98
61
27
-11
-33
-35
-49
-100
-163
-196
-203
-214
-240
-265
-288
-311
-328
-326
-301
-264
-219
-176
-135
-84
-29
28
91
164
227
279
332
399
470
530
583
625
665
696
710
688
630
571
536
503
438
338
230
123
21
-77
-155
-231
-314
-410
-514
-613
-700
-758
-790
-809
-823
-819
-807
-792
-766
-706
-616
-537
-477
-413
-338
-256
-184
-119
-58
12
95
174
247
309
350
368
378
377
368
375
410
420
374
309
278
277
263
223
179
148
135
120
82
36
3
-8
-13
-24
-36
-52
-63
-80
-99
-112
-117
-122
-141
-148
-117
-60
-26
-17
-8
15
41
50
43
25
30
62
84
70
36
20
25
32
34
40
43
49
61
83
112
132
141
147
166
215
273
314
333
335
334
326
310
282
235
174
107
47
-10
-71
-134
-194
-259
-344
-436
-499
-529
-568
-616
-642
-631
-607
-595
-585
-565
-534
-476
-393
-295
-216
-146
-78
-4
69
141
215
296
385
465
508
521
541
577
589
557
503
468
442
418
392
355
315
281
242
190
132
83
46
-5
-56
-90
-110
-140
-176
-188
-178
-180
-200
-200
-187
-194
-218
-221
-193
-177
-189
-202
-176
-128
-93
-81
-76
-58
-30
-4
-2
-20
-34
-48
-57
-66
-67
-65
-63
-47
-28
-11
-7
-15
-20
-22
-18
0
37
79
95
99
115
138
153
160
165
163
147
127
101
66
41
23
-14
-75
-121
-130
-131
-149
-173
-195
-199
-176
-131
-102
-102
-100
-72
-27
1
11
20
26
28
17
13
33
69
93
90
76
64
57
65
88
110
115
107
86
70
73
91
89
55
26
26
48
59
35
-17
-51
-49
-25
-10
-17
-34
-49
-63
-60
-23
25
25
-5
5
45
46
-18
-66
-57
-35
-65
-127
-158
-117
-66
-56
-98
-156
-153
-99
-52
-55
-82
-81
-45
-4
16
14
42
94
126
126
135
182
237
276
304
325
346
363
367
351
331
323
317
301
266
208
128
33
-58
-125
-179
-231
-294
-368
-435
-481
-507
-520
-536
-544
-539
-517
-484
-455
-433
-407
-352
-273
-212
-169
-112
-36
22
49
90
152
211
254
292
328
351
372
394
416
427
424
416
396
375
352
322
284
224
151
80
23
-16
-54
-91
-121
-139
-161
-187
-204
-213
-223
-238
-243
-233
-207
-167
-128
-97
-85
-77
-68
-46
-6
43
83
90
80
84
108
129
120
103
104
124
135
120
93
75
86
108
133
144
128
106
95
109
132
140
122
93
78
85
85
71
45
15
-12
-29
-43
-66
-90
-116
-149
-189
-222
-243
-270
-305
-334
-346
-350
-352
-358
-361
-370
-392
-389
-351
-296
-261
-237
-200
-161
-118
-96
-83
-54
15
96
156
212
274
308
304
299
320
345
352
353
358
368
370
362
346
328
310
293
283
268
237
193
147
107
81
58
32
0
-31
-55
-76
-96
-128
-162
-183
-172
-156
-161
-169
-155
-121
-98
-97
-112
-119
-104
-75
-48
-37
-30
-12
21
52
80
101
121
139
157
170
176
179
185
179
155
148
161
162
132
105
94
66
13
-37
-71
-104
-148
-195
-239
-284
-322
-345
-360
-380
-407
-422
-426
-434
-454
-461
-451
-439
-424
-399
-375
-361
-343
-306
-257
-204
-149
-94
-35
26
87
140
181
213
250
298
349
380
383
382
392
404
414
433
459
462
426
375
346
334
307
258
205
170
143
107
73
38
-3
-43
-60
-53
-49
-62
-72
-67
-53
-53
-59
-53
-36
-23
-20
-20
-15
-11
-13
-21
-24
-20
-7
5
11
24
42
69
85
90
91
97
111
119
118
114
117
115
105
88
75
70
63
47
19
-9
-14
-10
-24
-51
-58
-40
-33
-63
-111
-143
-162
-182
-205
-215
-221
-238
-260
-275
-283
-293
-307
-313
-308
-300
-305
-310
-311
-306
-293
-275
-255
-235
-208
-174
-147
-127
-103
-71
-49
-33
-20
0
21
42
57
65
75
106
144
166
175
181
189
190
195
220
256
277
271
262
279
317
341
333
318
297
270
249
256
276
268
239
214
204
183
147
115
84
59
31
1
-27
-40
-32
-40
-65
-87
-92
-101
-124
-138
-134
-129
-132
-115
-83
-58
-59
-72
-64
-34
4
26
32
32
25
20
16
21
25
15
-6
-17
-8
10
14
13
23
32
26
1
-32
-58
-73
-85
-116
-156
-194
-226
-264
-294
-302
-297
-297
-304
-300
-283
-263
-249
-250
-253
-248
-239
-228
-209
-176
-137
-99
-69
-52
-34
3
53
85
99
111
136
172
200
204
193
193
221
253
269
274
279
284
284
296
317
329
316
298
298
302
289
266
252
251
237
205
167
134
105
68
31
-4
-30
-58
-84
-103
-115
-125
-140
-160
-191
-219
-227
-207
-175
-150
-139
-140
-136
-121
-90
-54
-28
-16
-6
6
18
28
39
49
58
61
50
28
19
30
39
41
50
77
89
68
32
7
-13
-50
-86
-98
-90
-98
-127
-163
-197
-232
-256
-254
-244
-259
-301
-339
-342
-318
-296
-289
-294
-283
-247
-209
-187
-178
-146
-90
-35
-7
-1
6
24
51
71
84
101
145
197
227
225
220
231
252
278
300
307
299
293
295
297
293
298
306
306
299
282
274
263
249
220
182
152
137
135
110
69
32
9
-17
-57
-81
-88
-87
-87
-90
-91
-97
-100
-90
-85
-104
-130
-129
-96
-62
-51
-50
-40
-21
-2
-1
-7
-3
8
27
39
40
21
-13
-44
-57
-56
-45
-37
-42
-65
-92
-114
-129
-136
-142
-147
-147
-151
-162
-173
-179
-178
-171
-155
-144
-149
-167
-188
-200
-188
-154
-119
-94
-71
-51
-49
-43
-10
43
76
74
59
61
75
75
57
43
51
65
72
73
85
110
144
165
154
137
130
134
136
137
148
161
173
168
151
142
153
158
138
113
93
67
42
43
62
65
54
49
33
-1
-34
-37
-28
-28
-39
-52
-68
-82
-89
-99
-119
-133
-128
-108
-83
-63
-57
-70
-81
-76
-69
-64
-57
-41
-32
-39
-49
-44
-27
-24
-36
-53
-52
-40
-32
-26
-16
-1
16
19
12
0
0
14
29
38
39
31
14
0
-10
-26
-51
-72
-71
-58
-56
-68
-76
-69
-70
-90
-103
-83
-47
-18
-11
-10
-5
7
21
23
15
9
15
23
32
39
42
34
36
55
82
90
80
66
56
64
82
105
121
126
128
135
146
152
145
133
125
120
116
109
105
109
109
95
62
29
6
-8
-11
-16
-31
-46
-54
-63
-75
-84
-84
-84
-91
-107
-117
-125
-137
-143
-141
-130
-125
-113
-104
-99
-101
-92
-78
-63
-35
-7
1
-14
-13
14
39
40
30
26
33
40
46
50
45
31
18
17
20
8
-12
-25
-26
-15
-9
-16
-31
-38
-24
-25
-53
-87
-93
-73
-48
-33
-33
-35
-25
1
14
2
-10
-2
23
39
39
24
7
2
15
31
30
6
-21
-24
-5
14
21
24
32
39
48
70
97
104
96
93
97
96
101
122
140
135
125
123
122
115
119
132
132
110
77
61
54
39
14
-20
-50
-75
-94
-106
-116
-127
-129
-125
-124
-123
-116
-103
-100
-107
-115
-129
-139
-136
-120
-108
-95
-77
-60
-50
-51
-49
-31
9
43
54
54
60
63
52
36
42
51
48
33
25
34
38
31
13
4
4
2
-4
-10
-13
-22
-41
-52
-58
-55
-51
-46
-38
-36
-39
-46
-55
-60
-59
-45
-25
6
35
41
23
10
14
20
24
31
41
48
55
66
77
83
81
71
58
48
42
41
46
42
27
23
41
52
40
25
24
35
38
36
33
39
49
60
65
61
53
38
25
6
-12
-22
-23
-23
-23
-20
-16
-13
-24
-43
-62
-62
-53
-54
-79
-104
-106
-89
-73
-70
-65
-54
-40
-35
-32
-32
-31
-27
-18
-1
13
24
40
63
78
80
78
85
83
62
35
29
37
38
33
27
14
3
2
15
31
45
55
51
33
18
7
-3
-25
-48
-63
-68
-65
-73
-89
-100
-98
-91
-89
-95
-109
-125
-126
-104
-68
-46
-41
-46
-43
-29
-17
-19
-19
-7
10
17
12
14
26
39
42
40
46
54
43
23
22
43
52
46
49
71
84
75
60
51
42
28
17
24
34
26
11
2
-3
-20
-32
-25
-16
-10
6
33
32
-6
-46
-53
-33
-14
-10
-11
-12
-12
-4
13
24
13
1
3
11
13
8
-3
-12
-8
7
16
20
29
43
50
52
54
45
25
15
26
46
58
50
27
-3
-16
-7
6
1
-10
-4
15
21
3
-20
-41
-60
-70
-66
-55
-53
-58
-65
-66
-58
-49
-50
-53
