-33
-34
-40
-61
-68
-59
-51
-54
-55
-51
-67
-102
-134
-109
-51
-20
-33
-52
-37
-11
-8
-27
-43
-43
-32
-10
15
11
-20
-44
-37
-12
6
8
-3
-18
-22
-20
-13
-4
17
33
36
28
31
44
32
9
-2
13
30
38
44
50
44
30
23
39
59
51
22
8
9
20
33
46
53
43
34
27
13
-7
-16
-5
6
17
14
2
-3
-2
-5
-25
-47
-59
-65
-63
-44
-31
-31
-35
-22
-1
-3
-16
-19
-11
1
4
3
1
4
14
15
7
-2
4
8
0
-15
-18
3
30
47
45
20
-14
-38
-40
-21
3
23
20
-3
-11
12
46
49
25
15
27
32
17
11
26
32
12
-13
-13
10
22
19
13
0
-26
-51
-37
-6
-8
-19
-11
0
-6
-6
16
19
1
-1
17
20
3
-7
-6
-12
-17
-10
-10
-20
-28
-4
29
29
-5
-33
-12
24
30
1
-14
5
14
-7
-30
-21
-4
7
30
79
101
77
30
2
-8
-17
-11
3
5
-7
-13
2
22
28
19
5
19
42
33
-2
-20
26
73
80
61
47
36
17
9
7
-12
-37
-32
-8
0
-15
-32
-36
-32
-31
-38
-38
-22
-2
-9
-32
-43
-43
-33
-31
-30
-31
-30
-37
-42
-29
-9
-1
-10
-21
-39
-59
-70
-69
-61
-51
-48
-59
-72
-72
-54
-38
-24
-5
6
4
-3
-1
3
-6
-19
-15
-1
4
9
8
10
7
17
42
56
50
34
29
42
67
87
90
72
65
65
50
21
-16
-39
-40
-19
17
29
18
1
2
31
41
15
-17
-18
4
20
19
14
6
1
-4
-7
-4
-8
-17
-20
-13
-4
-14
-15
0
9
1
-14
-6
1
0
2
10
14
-2
-1
16
23
11
-6
-7
-4
-14
-26
-29
-11
6
10
8
-1
-12
-13
-3
1
-4
-11
-17
-18
-9
-2
-2
7
16
8
-17
-26
-23
-22
-18
-8
-7
-19
-10
17
26
5
-5
3
11
16
27
30
5
-21
-19
5
9
-5
-15
-4
19
29
33
37
37
23
26
50
75
61
27
2
-26
-53
-68
-38
12
33
16
-2
-4
-11
-25
-18
4
3
-22
-40
-42
-48
-49
-35
-26
-42
-63
-58
-34
-10
-2
-5
0
15
25
28
36
40
41
38
33
28
19
13
-10
-21
-18
-2
4
-19
-50
-61
-38
-12
-10
-15
-18
-15
-3
10
16
10
10
10
3
1
15
22
23
8
0
2
7
12
12
24
41
55
65
69
57
37
23
31
42
43
39
26
12
4
4
-10
-28
-25
2
16
-1
-15
-14
-1
5
7
11
18
26
22
3
-27
-48
-36
-2
22
11
-14
-18
-7
-5
-23
-29
-20
-5
-12
-24
-33
-25
1
32
50
34
3
-22
-36
-41
-37
-36
-24
-2
14
15
19
30
8
-42
-61
-44
-25
-8
20
48
48
27
6
-9
-10
-6
-16
-37
-50
-43
-19
15
31
10
-25
-29
-14
-10
-25
-27
-23
-23
-19
-7
0
-11
-20
-19
-13
-28
-47
-53
-33
8
21
8
-13
-9
-4
-19
-24
-4
19
9
-25
-43
-32
-8
3
6
13
22
27
9
-23
-42
-38
-18
-4
3
6
13
23
28
23
22
28
23
10
10
7
-3
2
28
44
25
15
24
28
8
-4
6
19
16
4
2
7
21
44
57
41
-12
-61
-77
-61
-50
-60
-61
-68
-80
-110
-140
-152
-155
-142
-107
-43
20
21
-11
-21
13
35
30
40
77
124
150
166
169
168
172
201
224
209
161
127
141
164
174
175
179
178
167
150
132
112
99
91
89
91
78
51
25
17
8
-10
-19
-9
-5
-39
-89
-119
-128
-133
-147
-154
-162
-168
-164
-160
-161
-167
-161
-141
-131
-130
-137
-133
-123
-129
-155
-176
-194
-207
-225
-252
-285
-313
-305
-279
-259
-246
-199
-115
-30
41
91
133
177
229
268
282
296
327
370
409
432
429
409
388
391
405
414
401
388
386
380
351
321
310
287
214
108
33
8
-20
-94
-203
-285
-334
-375
-416
-441
-439
-432
-423
-415
-413
-426
-438
-432
-420
-416
-416
-419
-419
-407
-397
-394
-391
-365
-316
-262
-206
-148
-90
-34
24
97
165
201
208
217
248
268
255
222
204
189
144
81
24
-13
-45
-59
-65
-77
-91
-91
-55
-3
44
68
95
135
176
194
211
244
274
293
316
363
414
458
505
548
575
611
665
714
726
716
698
644
555
475
400
296
150
1
-132
-254
-366
-464
-551
-627
-686
-721
-715
-676
-632
-611
-600
-578
-543
-501
-468
-452
-462
-476
-476
-459
-426
-397
-373
-349
-296
-210
-117
-32
55
159
265
359
434
501
544
575
587
574
531
472
420
357
280
192
104
14
-86
-171
-243
-308
-371
-423
-458
-495
-531
-556
-547
-535
-522
-485
-399
-267
-131
-5
120
258
421
587
738
879
1016
1154
1280
1386
1454
1490
1509
1517
1489
1410
1300
1161
976
743
478
178
-157
-506
-843
-1183
-1523
-1814
-2004
-2115
-2190
-2223
-2194
-2093
-1938
-1738
-1512
-1268
-1003
-728
-467
-228
-8
212
420
586
703
780
846
908
963
1012
1027
1027
1030
1048
1057
1048
1025
975
896
805
709
567
351
80
-201
-458
-694
-936
-1181
-1361
-1473
-1561
-1639
-1662
-1586
-1473
-1348
-1192
-978
-720
-436
-119
227
563
854
1117
1406
1709
1961
2125
2233
2317
2356
2339
2302
2286
2288
2258
2157
1998
1785
1510
1166
754
287
-231
-769
-1312
-1870
-2430
-2945
-3356
-3653
-3850
-3938
-3882
-3687
-3374
-2961
-2455
-1866
-1256
-648
-32
579
1142
1612
1982
2261
2451
2540
2529
2401
2178
1913
1661
1434
1197
934
680
472
306
139
-50
-249
-436
-614
-815
-1049
-1302
-1532
-1721
-1887
-2029
-2133
-2175
-2130
-1991
-1772
-1482
-1125
-693
-223
247
721
1196
1664
2090
2454
2736
2922
2996
2966
2877
2761
2604
2387
2130
1883
1660
1453
1274
1128
976
781
534
266
-29
-412
-905
-1484
-2084
-2668
-3249
-3814
-4298
-4624
-4767
-4749
-4544
-4116
-3490
-2711
-1804
-802
220
1181
2063
2871
3556
4035
4271
4264
4069
3722
3227
2595
1856
1071
319
-341
-894
-1345
-1711
-1963
-2082
-2089
-2015
-1880
-1709
-1517
-1330
-1168
-1047
-976
-924
-873
-825
-782
-733
-622
-399
-62
309
659
997
1369
1767
2123
2393
2564
2633
2597
2467
2267
1998
1651
1251
837
447
107
-160
-327
-377
-301
-123
131
412
656
838
939
957
825
494
-9
-628
-1284
-1998
-2784
-3565
-4204
-4613
-4803
-4774
-4471
-3874
-3042
-2039
-892
335
1524
2581
3482
4209
4665
4772
4559
4101
3439
2585
1589
571
-383
-1218
-1914
-2460
-2837
-2991
-2891
-2580
-2134
-1636
-1119
-615
-164
213
487
657
707
639
501
344
189
48
-57
-79
12
203
458
716
962
1229
1504
1704
1768
1710
1591
1423
1174
842
474
129
-159
-372
-505
-551
-490
-279
90
566
1055
1531
1998
2387
2592
2537
2282
1866
1254
412
-650
-1818
-2959
-3998
-4886
-5567
-5959
-5999
-5675
-5005
-4028
-2815
-1460
-24
1401
2720
3829
4632
5101
5229
5013
4477
3664
2663
1578
488
-528
-1423
-2147
-2637
-2866
-2849
-2644
-2315
-1894
-1376
-821
-310
78
322
456
504
454
311
118
-44
-113
-69
77
269
461
700
1012
1319
1506
1560
1564
1542
1421
1152
735
250
-213
-610
-929
-1176
-1317
-1322
-1174
-875
-440
93
688
1315
1932
2511
3041
3498
3754
3715
3395
2864
2129
1113
-116
-1425
-2691
-3841
-4882
-5752
-6349
-6573
-6372
-5796
-4885
-3708
-2363
-934
533
1967
3219
4175
4802
5132
5157
4827
4192
3353
2394
1372
349
-587
-1389
-2029
-2474
-2715
-2792
-2727
-2524
-2214
-1824
-1398
-1014
-727
-536
-356
-159
21
185
384
665
1010
1352
1648
1905
2139
2372
2550
2614
2527
2256
1824
1290
701
51
-676
-1397
-1945
-2242
-2342
-2323
-2191
-1875
-1352
-670
71
799
1505
2217
2918
3543
4031
4302
4260
3892
3253
2438
1441
212
-1170
-2583
-3897
-5051
-6027
-6722
-7046
-6943
-6424
-5536
-4303
-2808
-1194
390
1905
3303
4476
5296
5714
5785
5511
4889
3976
2890
1738
576
-540
-1538
-2371
-3046
-3537
-3784
-3768
-3583
-3338
-3025
-2593
-2067
-1542
-1057
-616
-176
291
786
1299
1824
2376
2950
3464
3833
4015
4009
3839
3512
3004
2295
1409
451
-497
-1398
-2234
-2962
-3487
-3711
-3578
-3172
-2622
-1941
-1098
-162
744
1601
2421
3142
3684
4082
4377
4538
4448
4000
3233
2263
1240
123
-1196
-2636
-3996
-5109
-6021
-6811
-7337
-7396
-6923
-6031
-4829
-3327
-1567
286
2061
3668
5027
6065
6694
6912
6762
6247
5325
4054
2625
1194
-202
-1575
-2841
-3875
-4628
-5095
-5265
-5157
-4832
-4358
-3741
-2962
-2070
-1156
-276
578
1417
2195
2859
3408
3894
4310
4578
4613
4397
3990
3463
2811
2006
1046
10
-1021
-1982
-2824
-3527
-4071
-4427
-4470
-4129
-3467
-2635
-1705
-649
504
1647
2662
3494
4152
4650
4960
5079
5057
4887
4406
3556
2428
1234
-35
-1543
-3192
-4741
-6000
-7037
-7917
-8387
-8219
-7470
-6355
-4986
-3275
-1273
746
2602
4296
5799
6906
7448
7535
7262
6538
5294
3722
2089
465
-1112
-2578
-3834
-4817
-5479
-5793
-5812
-5552
-5015
-4285
-3446
-2498
-1448
-394
571
1479
2342
3117
3774
4288
4692
4995
5159
5064
4663
4084
3416
2593
1518
277
-936
-2061
-3118
-4034
-4637
-4853
-4764
-4417
-3789
-2903
-1863
-735
477
1755
2972
3986
4735
5251
5567
5650
5499
5197
4777
4071
2985
1605
205
-1175
-2721
-4397
-5984
-7217
-8089
-8672
-8817
-8375
-7374
-5964
-4239
-2193
15
2145
4084
5820
7245
8107
8314
8013
7341
6259
4729
2875
929
-937
-2624
-4106
-5347
-6237
-6683
-6699
-6384
-5777
-4897
-3835
-2733
-1624
-483
661
1708
2610
3427
4189
4796
5157
5272
5249
5114
4748
4078
3174
2157
1038
-189
-1447
-2617
-3660
-4524
-5115
-5341
-5214
-4838
-4215
-3212
-1809
-237
1226
2493
3631
4617
5354
5786
5907
5757
5419
4982
4533
3968
3032
1696
211
-1079
-2260
-3722
-5430
-6971
-7973
-8502
-8815
-8783
-8147
-6919
-5250
-3255
-928
1528
3760
5694
7393
8737
9423
9294
8545
7401
5850
3840
1539
-736
-2797
-4604
-6120
-7248
-7883
-7982
-7539
-6668
-5536
-4234
-2799
-1292
202
1601
2851
3847
4570
5111
5533
5783
5723
5350
4851
4375
3806
2957
1860
738
-330
-1446
-2612
-3653
-4471
-5063
-5398
-5352
-4883
-4129
-3162
-1951
-490
1068
2487
3648
4593
5350
5848
6001
5805
5381
4873
4322
3721
2860
1630
169
-1284
-2506
-3773
-5310
-6942
-8244
-8914
-9120
-9001
-8369
-7119
-5343
-3186
-743
1868
4292
6303
7966
9294
10039
9880
8875
7402
5682
3633
1198
-1354
-3673
-5549
-6954
-7930
-8447
-8457
-7917
-6887
-5533
-3986
-2365
-785
701
2088
3336
4335
4992
5385
5675
5873
5839
5451
4855
4256
3633
2776
1585
264
-978
-2087
-3146
-4165
-4995
-5531
-5669
-5359
-4648
-3635
-2447
-1067
516
2085
3415
4427
5207
5792
6042
5904
5479
4918
4356
3817
3271
2523
1407
32
-1356
-2520
-3781
-5422
-7185
-8540
-9107
-9241
-9168
-8518
-7077
-4979
-2578
5
2766
5290
7251
8781
9934
10456
9953
8519
6674
4649
2325
-346
-3028
-5266
-6882
-7965
-8591
-8702
-8217
-7152
-5632
-3911
-2186
-559
928
2301
3520
4479
5056
5243
5251
5281
5274
5029
4432
3685
3073
2532
1785
697
-517
-1615
-2635
-3660
-4663
-5424
-5784
-5688
-5130
-4197
-2980
-1600
-64
1642
3328
4673
5537
6034
6337
6393
6049
5375
4527
3715
3010
2420
1744
661
-745
-2164
-3228
-4267
-5715
-7301
-8478
-8902
-8922
-8796
-8122
-6638
-4548
-2170
341
3025
5531
7444
8844
9837
10227
9651
8121
6146
4014
1625
-1071
-3767
-5997
-7517
-8377
-8720
-8571
-7863
-6615
-4958
-3092
-1209
499
1873
3009
4091
4998
5455
5368
5011
4765
4619
4305
3627
2730
1985
1446
823
-116
-1288
-2371
-3223
-3946
-4625
-5195
-5431
-5186
-4430
-3220
-1764
-257
1254
2862
4442
5614
6218
6425
6417
6150
5556
4763
3900
3024
2226
1642
1016
-7
-1378
-2744
-3818
-4981
-6509
-8004
-8981
-9282
-9121
-8575
-7264
-5231
-2818
-126
2722
5552
7853
9383
10412
10915
10531
9045
6722
4125
1490
-1298
-4154
-6692
-8510
-9451
-9598
-9097
-8064
-6580
-4712
-2583
-455
1455
3022
4163
4920
5405
5604
5444
4880
4165
3595
3115
2496
1674
919
452
39
-619
-1482
-2316
-2977
-3580
-4125
-4471
-4494
-4154
-3462
-2369
-926
649
2169
3607
4968
6060
6600
6609
6310
5875
5285
4435
3421
2456
1747
1195
222
-1230
-2842
-4156
-5177
-6478
-7867
-8963
-9430
-9201
-8598
-7417
-5576
-3398
-935
1755
4621
7177
8767
9622
10096
10043
9079
7059
4467
1851
-674
-3142
-5504
-7467
-8653
-8927
-8468
-7568
-6368
-4855
-2990
-962
931
2498
3617
4295
4743
5079
5205
4895
4185
3510
3099
2782
2219
1319
421
-187
-684
-1406
-2411
-3421
-4137
-4494
-4575
-4452
-4155
-3547
-2421
-807
959
2491
3735
4916
6066
6826
6865
6271
5438
4646
3818
2870
1859
985
466
338
139
-566
-1717
-2915
-3821
-4837
-6151
-7515
-8546
-8939
-8736
-7927
-6405
-4415
-2097
646
3695
6600
8645
9770
10386
10469
9661
7788
5132
2198
-722
-3477
-5972
-8051
-9454
-9894
-9307
-7981
-6279
-4401
-2334
-141
1915
3575
4670
5153
5215
5161
5006
4476
3492
2449
1858
1637
1374
831
121
-419
-761
-1187
-1862
-2778
-3706
-4386
-4700
-4629
-4301
-3667
-2523
-855
1089
2910
4358
5455
6362
7032
7188
6676
5714
4681
3720
2784
1855
1046
512
355
102
-627
-1852
-3125
-4062
-5199
-6726
-8276
-9298
-9551
-9264
-8268
-6297
-3770
-1060
1846
5029
8111
10191
11112
11342
11011
9795
7379
4097
657
-2543
-5450
-8006
-9960
-10983
-10877
-9749
-7932
-5774
-3480
-1091
1288
3416
5070
6090
6374
6132
5704
5207
4479
3352
2136
1268
805
486
-27
-634
-1058
-1304
-1677
-2409
-3320
-4123
-4606
-4673
-4412
-3915
-3150
-1940
-185
1805
3643
5100
6163
6982
7454
7403
6788
5761
4620
3532
2522
1643
920
444
45
-687
-1784
-3087
-4258
-5439
-6860
-8179
-9088
-9394
-9180
-8452
-6837
-4436
-1734
1067
3933
6872
9309
10631
10981
10645
9610
7647
4735
1413
-1791
-4666
-7146
-9092
-10228
-10375
-9581
-8041
-5996
-3758
-1538
583
2524
4108
5186
5679
5631
5250
4768
4228
3467
2515
1744
1376
1198
852
260
-363
-874
-1432
-2269
-3310
-4304
-5029
-5361
-5242
-4659
-3708
-2420
-677
1424
3500
5193
6370
7193
7722
7780
7243
6179
4911
3709
2637
1639
757
127
-10
128
-207
-1233
-2661
-3856
-4893
-6355
-7951
-9156
-9527
-9153
-8303
-6556
-3884
-880
2050
4881
7809
10221
11238
11044
10249
8935
6660
3310
-373
-3654
-6389
-8672
-10345
-11025
-10526
-9033
-6894
-4397
-1841
547
2671
4434
5672
6305
6310
5731
4844
3984
3222
2321
1227
399
112
117
44
-311
-794
-1255
-1761
-2440
-3328
-4243
-4943
-5227
-4904
-4041
-2918
-1591
88
2144
4177
5736
6731
7247
7422
7238
6609
5570
4307
3163
2263
1537
972
629
525
102
-847
-2210
-3620
-4917
-6514
-8154
-9400
-9927
-9698
-8934
-7301
-4604
-1443
1690
4638
7549
10165
11609
11687
10799
9237
6941
3786
106
-3438
-6468
-8831
-10435
-11145
-10791
-9370
-7172
-4608
-2043
387
2616
4476
5768
6451
6551
6052
5157
4173
3315
2489
1574
719
206
21
-94
-433
-1027
-1681
-2341
-3095
-3954
-4803
-5411
-5569
-5141
-4113
-2739
-1210
565
2615
4625
6113
6908
7265
7308
6945
6099
4905
3629
2485
1615
1054
799
778
1082
1469
1261
260
-1277
-2668
-4031
-5970
-8146
-9825
-10422
-10129
-9357
-7641
-4748
-1310
2061
5189
8292
10868
11932
11548
10391
8747
6270
2694
-1286
-4712
-7333
-9371
-10785
-11149
-10202
-8226
-5715
-3018
-426
1861
3752
5177
6034
6276
5890
4985
3904
2930
2142
1370
591
115
163
508
662
353
-286
-976
-1795
-2870
-4017
-5041
-5732
-5914
-5412
-4232
-2725
-1013
1033
3322
5396
6773
7411
7644
7587
7047
5916
4396
2935
1849
1149
684
386
385
871
1348
1053
-39
-1488
-2723
-4171
-6227
-8212
-9606
-10070
-9854
-8994
-6847
-3798
-599
2513
5628
8797
11001
11492
10852
9663
7881
5058
1274
-2494
-5557
-7916
-9689
-10677
-10534
-9228
-7113
-4567
-1908
518
2529
4123
5285
5929
5960
5332
4253
3186
2421
1863
1212
511
187
334
597
535
20
-685
-1353
-2097
-3066
-4181
-5197
-5769
-5688
-4888
-3602
-2124
-432
1628
3819
5628
6737
7212
7262
6929
6163
4997
3613
2297
1317
745
524
512
586
857
1337
1423
708
-856
-2585
-4082
-5779
-7544
-9035
-9677
-9290
-8248
-6384
-3672
-618
2445
5310
8030
10120
10743
10075
8689
6821
4268
923
-2626
-5595
-7702
-9063
-9758
-9597
-8431
-6465
-4099
-1638
607
2430
3800
4757
5247
5207
4637
3657
2649
1962
1603
1284
829
543
673
935
891
341
-457
-1224
-2036
-3001
-4017
-4870
-5324
-5217
-4445
-3072
-1396
347
2160
4029
5722
6828
7102
6747
6125
5331
4239
2847
1477
540
127
95
282
679
1363
2135
2343
1694
394
-1102
-2740
-4851
-7127
-8954
-9948
-10081
-9450
-7760
-4978
-1778
1393
4498
7556
9986
10956
10558
9409
7697
5190
1849
-1769
-4913
-7274
-8897
-9815
-9886
-8937
-7081
-4728
-2231
81
1994
3425
4371
4864
4866
4362
3468
2554
1951
1653
1414
1124
1002
1229
1612
1721
1286
429
-532
-1506
-2655
-3940
-5108
-5841
-5902
-5255
-3972
-2325
-484
1576
3692
5527
6732
7189
7037
6447
5534
4316
2860
1446
384
-234
-476
-409
-95
460
1322
2354
2846
2232
684
-1027
-2562
-4456
-6727
-8717
-9661
-9541
-8820
-7243
-4617
-1467
1572
4436
7317
9612
10336
9646
8373
6790
4444
1105
-2455
-5306
-7258
-8580
-9340
-9237
-8134
-6257
-3911
-1425
796
2403
3423
4056
4405
4332
3680
2612
1612
1115
1037
992
850
876
1318
1875
2017
1543
664
-267
-1257
-2448
-3726
-4804
-5466
-5516
-4839
-3463
-1802
-185
1578
3585
5473
6583
6775
6460
5976
5245
4096
2669
1307
295
-279
-371
-12
588
1244
2027
2823
2964
2021
161
-1790
-3560
-5576
-7751
-9579
-10327
-9916
-8737
-6625
-3623
-317
2847
5773
8562
10559
10948
9978
8367
6372
3709
264
-3303
-6179
-8120
-9240
-9596
-9086
-7726
-5714
-3280
-758
1339
2774
3681
4245
4399
4092
3372
2406
1588
1202
1222
1308
1350
1562
1983
2330
2205
1500
384
-858
-2084
-3357
-4638
-5736
-6334
-6097
-5026
-3372
-1448
573
2698
4728
6358
7310
7431
6872
5904
4695
3307
1840
519
-369
-739
-600
-114
537
1229
2032
2853
3015
2094
149
-1941
-3774
-5771
-7858
-9537
-10046
-9352
-8008
-5827
-2768
598
3734
6395
8763
10396
10531
9321
7369
5071
2337
-1007
-4438
-7131
-8726
-9358
-9255
-8410
-6788
-4571
-2056
365
2281
3556
4277
4510
4228
3567
2669
1623
675
184
259
603
925
1296
1849
2371
2453
1834
686
-595
-1863
-3191
-4505
-5531
-5955
-5591
-4492
-2838
-918
1040
2957
4724
6175
7017
6994
6268
5228
4080
2780
1360
82
-721
-926
-574
126
869
1514
2234
2977
3092
2057
-10
-2133
-3992
-6079
-8192
-9703
-9936
-9183
-7966
-5812
-2686
684
3668
6202
8660
10396
10395
8954
6944
4816
2200
-1150
-4485
-6958
-8390
-8985
-8876
-7977
-6273
-4050
-1637
618
2388
3501
3989
4015
3708
3176
2370
1351
516
264
621
1134
1489
1876
2445
2959
2896
2026
699
-697
-2090
-3520
-4782
-5610
-5925
-5585
-4473
-2688
-639
1273
3084
4812
6224
6916
6680
5877
4887
3770
2463
1052
-128
-786
-894
-517
222
1174
2080
2811
3387
3355
2369
341
-2051
-4173
-6294
-8332
-9953
-10588
-9911
-8337
-5907
-2727
657
3898
6688
9040
10653
10792
9542
7500
5041
2180
-1145
-4423
-6963
-8509
-9118
-8899
-7902
-6198
-3976
-1563
672
2333
3283
3682
3709
3380
2744
1894
962
295
176
610
1215
1688
2138
2674
3070
2932
2090
730
-800
-2329
-3832
-5167
-6090
-6368
-5857
-4612
-2823
-781
1273
3276
5114
6523
7217
7010
6116
4919
3588
2119
589
-666
-1325
-1371
-905
-42
1111
2354
3525
4514
4751
3713
1443
-1228
-3516
-5835
-8422
-10727
-11790
-11188
-9596
-7261
-4014
-218
3502
6643
9288
11299
11810
10614
8447
6009
3237
-275
-4075
-7052
-8685
-9249
-9166
-8410
-6731
-4280
-1586
784
2478
3417
3751
3683
3284
2574
1605
550
-166
-167
500
1347
1989
2572
3309
3959
3996
3088
1449
-449
-2260
-3909
-5428
-6664
-7344
-7058
-5660
-3470
-1040
1215
3341
5441
7184
8044
7728
6572
5204
3810
2268
542
-995
-1836
-1856
-1287
-372
719
1931
3131
4245
4834
4169
2258
-338
-2737
-5086
-7758
-10186
-11673
-11624
-10325
-8155
-5024
-1381
2209
5487
8357
10665
11566
10710
8862
6640
4056
755
-2980
-6082
-7959
-8816
-8977
-8393
-6851
-4612
-2216
-10
1757
2850
3248
3179
2836
2203
1325
370
-301
-297
395
1379
2171
2791
3518
4219
4415
3736
2249
366
-1517
-3262
-4890
-6307
-7171
-7133
-6050
-4123
-1792
555
2745
4786
6486
7446
7423
6569
5327
3968
2473
899
-492
-1383
-1612
-1222
-384
718
1863
2886
3695
4278
4285
3109
739
-2002
-4209
-6151
-8365
-10350
-11127
-10318
-8598
-6402
-3434
86
3449
6174
8335
9998
10457
9283
7127
4823
2483
-327
-3505
-6076
-7382
-7666
-7378
-6625
-5296
-3507
-1556
266
1595
2155
2120
1890
1613
1197
637
92
-157
128
946
1979
2857
3481
3977
4245
4005
3041
1434
-476
-2335
-3959
-5264
-6161
-6557
-6183
-4977
-3019
-775
1241
2939
4472
5820
6551
6361
5468
4342
3194
2017
854
-61
-535
-520
-63
696
1646
2580
3294
3622
3712
3513
2420
224
-2596
-4942
-6731
-8555
-10157
-10826
-9967
-8055
-5799
-3031
229
3433
6018
7845
9221
9719
8774
6801
4552
2338
-118
-2859
-5187
-6503
-6849
-6592
-5958
-4920
-3507
-1918
-408
729
1276
1282
1023
712
416
243
212
347
796
1683
2859
3825
4244
4328
4298
4005
3080
1394
-669
-2597
-4166
-5354
-6115
-6335
-5892
-4786
-3070
-953
1111
2822
4191
5278
5960
5932
5141
3960
2771
1752
860
110
-324
-314
128
859
1722
2546
3207
3631
3869
3718
2482
169
-2558
-4755
-6457
-8347
-10035
-10822
-10224
-8531
-6308
-3481
-265
2801
5464
7629
9304
9943
9049
7210
5172
3107
680
-2151
-4654
-6150
-6639
-6469
-5972
-5157
-3932
-2391
-877
185
631
647
527
432
378
358
332
402
958
2155
3574
4550
4881
4953
4931
4497
3339
1469
-705
-2765
-4465
-5760
-6616
-6984
-6671
-5496
-3579
-1281
819
2576
4154
5509
6343
6326
5563
4468
3334
2303
1365
499
-153
-374
-93
531
1236
1899
2460
2870
3140
3270
2891
1446
-933
-3472
-5355
-6777
-8326
-9789
-10357
-9437
-7473
-5187
-2610
321
3228
5629
7418
8717
9117
8175
6342
4432
2644
545
-1978
-4164
-5322
-5615
-5592
-5436
-4893
-3867
-2632
-1524
-741
-369
-350
-419
-316
22
470
896
1430
2328
3584
4830
5601
5726
5424
4862
3919
2391
267
-2022
-4046
-5610
-6617
-7091
-7002
-6299
-4883
-2827
-555
1488
3147
4543
5695
6301
6142
5356
4324
3327
2352
1414
601
9
-247
-170
256
886
1443
1770
1963
2234
2465
2205
1025
-842
-2833
-4526
-5966
-7468
-8732
-9261
-8755
-7367
-5480
-3148
-523
2066
4376
6235
7590
8165
7745
6627
5177
3545
1625
-544
-2509
-3916
-4732
-5124
-5282
-5162
-4688
-3837
-2817
-1984
-1508
-1211
-809
-238
427
1112
1851
2648
3547
4563
5489
6003
5874
5249
4328
3143
1613
-299
-2338
-4173
-5519
-6340
-6770
-6732
-6097
-4745
-2870
-870
1014
2674
4154
5327
5946
5960
5488
4765
3924
3027
2179
1367
601
18
-220
-124
62
189
357
671
1021
1174
1207
1125
564
-726
-2495
-3978
-5091
-6295
-7534
-8192
-7632
-6311
-4899
-3106
-658
1967
4005
5420
6743
7630
7378
6151
4662
3274
1575
-621
-2719
-4165
-5022
-5585
-5843
-5598
-4907
-3974
-2930
-1926
-1069
-374
253
847
1452
2171
2896
3473
3938
4482
5058
5225
4729
3839
2911
1889
509
-1229
-2936
-4310
-5290
-5835
-5889
-5480
-4698
-3531
-1895
41
1825
3191
4257
5123
5618
5523
4945
4182
3326
2365
1397
550
-92
-546
-778
-708
-418
-53
324
747
1278
1776
2016
1804
944
-447
-2051
-3523
-4852
-6270
-7522
-8049
-7539
-6272
-4699
-2778
-497
1813
3818
5436
6693
7240
6780
5620
4253
2796
1005
-1106
-2960
-4119
-4689
-4969
-5025
-4652
-3844
-2838
-1896
-1159
-608
-172
234
690
1255
1847
2361
2848
3469
4224
4815
4894
4417
3647
2785
1745
340
-1349
-2976
-4217
-4997
-5361
-5306
-4819
-3884
-2547
-892
810
2208
3193
3899
4439
4672
4423
3778
2944
2080
1282
600
80
-316
-605
-678
-487
-135
191
427
730
1177
1651
1949
2036
1916
1245
-24
-1604
-3016
-4242
-5615
-6862
-7587
-7530
-6833
-5663
-3847
-1598
605
2551
4294
5895
6876
6868
6144
5070
3817
2215
296
-1502
-2948
-4019
-4726
-4995
-4807
-4385
-3810
-3041
-2175
-1382
-750
-200
420
1176
2007
2700
3183
3671
4297
4866
5045
4705
4028
3127
2030
740
-691
-2164
-3576
-4654
-5151
-5092
-4739
-4166
-3237
-1896
-351
1108
2321
3210
3749
3990
3976
3712
3149
2348
1542
913
437
24
-332
-539
-519
-304
23
341
646
1002
1395
1689
1811
1878
1615
744
-719
-2246
-3373
-4465
-5652
-6654
-6962
-6488
-5712
-4562
-2815
-698
1254
2722
4126
5481
6174
5946
5172
4348
3318
1768
69
-1393
-2565
-3520
-4196
-4399
-4347
-4181
-3788
-3137
-2342
-1629
-1029
-400
348
1268
2245
3090
3784
4424
5095
5605
5603
5055
4160
3118
1856
362
-1188
-2649
-3929
-4910
-5359
-5258
-4821
-4200
-3340
-2090
-623
687
1679
2478
3214
3735
3891
3757
3450
3002
2418
1754
1133
567
56
-356
-579
-570
-450
-281
-19
375
863
1332
1685
1942
1822
1043
-353
-1914
-3169
-4386
-5777
-6991
-7526
-7231
-6406
-5000
-2889
-541
1528
3251
4964
6481
7107
6720
5813
4788
3476
1655
-308
-2018
-3407
-4446
-5013
-5035
-4828
-4557
-3979
-3034
-2025
-1301
-801
-161
750
1868
2998
3940
4712
5457
6214
6715
6589
5771
4481
2943
1246
-604
-2513
-4379
-5957
-6965
-7263
-6920
-6214
-5204
-3834
-2105
-205
1488
2807
3771
4493
5019
5245
5029
4351
3405
2476
1672
889
67
-743
-1375
-1701
-1736
-1653
-1518
-1205
-583
257
1143
1954
2672
3308
3422
2743
1334
-317
-1880
-3589
-5325
-6753
-7547
-7750
-7433
-6179
-3960
-1485
520
2251
4278
6171
7015
6666
5819
4877
3448
1467
-481
-2048
-3359
-4545
-5169
-4969
-4460
-3999
-3401
-2380
-1185
-362
145
771
1730
2813
3668
4257
4752
5266
5685
5754
5348
4514
3282
1637
-293
-2140
-3747
-5248
-6592
-7338
-7155
-6341
-5327
-4081
-2391
-392
1436
2817
3894
4763
5257
5203
4724
4081
3297
2297
1153
118
-723
-1464
-2122
-2509
-2500
-2241
-1860
-1330
-539
421
1417
2382
3350
4265
5101
5610
5147
3455
993
-1304
-3221
-5273
-7471
-9188
-9915
-9740
-8732
-6664
-3866
-1234
929
3183
5653
7391
7623
6798
5899
4980
3490
1557
-168
-1415
-2432
-3157
-3156
-2651
-2344
-2347
-2153
-1536
-1038
-1164
-1547
-1500
-774
280
1249
2106
3043
4136
5180
5839
5857
5203
3935
2204
337
-1421
-3086
-4760
-6169
-6686
-6179
-5253
-4368
-3298
-1717
14
1298
2090
2689
3097
3133
2897
2701
2516
2050
1389
940
803
557
-72
-748
-992
-835
-686
-641
-416
161
878
1554
2295
3152
3888
4360
4803
4987
4112
1872
-967
-3359
-5355
-7510
-9622
-10919
-10977
-10016
-8152
-5343
-2036
940
3405
5756
7897
9065
8774
7598
6361
5079
3480
1720
239
-808
-1672
-2320
-2601
-2734
-3103
-3711
-4130
-4170
-4208
-4536
-4746
-4190
-2722
-749
1304
3310
5291
7113
8502
9098
8749
7538
5520
2920
161
-2426
-4793
-6933
-8413
-8716
-7999
-6846
-5569
-4021
-2144
-372
941
1869
2632
3204
3483
3594
3757
3851
3605
3122
2728
2442
1933
1071
184
-434
-878
-1253
-1504
-1492
-1227
-798
-189
596
1413
2148
2834
3618
4342
4181
2661
219
-2214
-4122
-5862
-7660
-9140
-9746
-9153
-7522
-5116
-2256
434
2624
4568
6509
8073
8476
7688
6504
5472
4419
3016
1392
-141
-1464
-2568
-3340
-3840
-4447
-5270
-5926
-5974
-5523
-5152
-4862
-4041
-2235
280
2760
4815
6478
7838
8827
9151
8560
7008
4667
1923
-758
-3055
-4979
-6596
-7706
-7915
-7167
-5932
-4666
-3437
-2136
-823
271
1150
1994
2768
3343
3781
4307
4893
5137
4864
4317
3699
2850
1564
14
-1400
-2502
-3346
-3864
-3914
-3502
-2846
-2043
-921
521
1912
2964
3797
4709
5685
6142
5337
3206
438
-2006
-3834
-5517
-7203
-8580
-9133
-8563
-7036
-4755
-2312
-337
1306
3077
5049
6449
6620
6053
5507
5104
4507
3600
2504
1188
-297
-1551
-2307
-3009
-4161
-5574
-6570
-6752
-6528
-6309
-5889
-4775
-2724
-120
2442
4597
6256
7494
8312
8589
8115
6754
4584
2133
-8
-1698
-3211
-4783
-5981
-6345
-5970
-5309
-4667
-3951
-3155
-2304
-1283
-24
1307
2398
3248
4107
5042
5732
5786
5225
4336
3289
2019
521
-1016
-2414
-3504
-4143
-4196
-3744
-3046
-2230
-1269
-52
1265
2410
3332
4158
4989
5749
6328
6247
4958
2584
-147
-2471
-4483
-6521
-8399
-9750
-10130
-9465
-7887
-5589
-3159
-900
1348
3822
6200
7676
8005
7710
7255
6554
5531
4195
2500
496
-1510
-3035
-4174
-5424
-6846
-8042
-8474
-8144
-7457
-6576
-5314
-3368
-760
2136
4806
6889
8308
9164
9540
9311
8328
6569
4249
1881
-164
-1876
-3478
-5039
-6236
-6841
-6902
-6608
-6111
-5489
-4684
-3512
-1793
246
2130
3652
4928
6168
7146
7428
6851
5592
3973
2152
347
-1267
-2659
-3841
-4598
-4606
-3940
-2999
-2126
-1275
-303
747
1723
2498
3080
3526
3946
4503
5236
5903
5760
4255
1741
-949
-3228
-5366
-7549
-9315
-10199
-9992
-8850
-6807
-4104
-1486
592
2389
4308
5958
6632
6321
5700
5207
4656
3977
3220
2270
989
-513
-1815
-2970
-4415
-6179
-7713
-8429
-8328
-7693
-6547
-4741
-2270
646
3645
6240
8022
8900
9050
8651
7713
6188
4169
1992
134
-1109
-1899
-2591
-3311
-3965
-4433
-4752
-4984
-5107
-5081
-4792
-4012
-2617
-758
1135
2786
4253
5515
6300
6360
5793
4822
3512
1981
516
-657
-1609
-2436
-2975
-3073
-2843
-2572
-2311
-1895
-1309
-672
2
810
1691
2453
3149
3996
4959
5759
6207
6179
5163
2875
-263
-3355
-5844
-7953
-9556
-10292
-9959
-8682
-6663
-3944
-1151
897
2116
3081
4098
4727
4731
4442
4297
4265
4250
4304
4112
3236
1614
-245
-1990
-3763
-5692
-7418
-8439
-8512
-7684
-6193
-4251
-2115
103
2352
4353
5734
6323
6343
6113
5764
5324
4797
4154
3401
2652
1964
1189
78
-1418
-3130
-4749
-6017
-6782
-6998
-6686
-5768
-4220
-2204
-117
1693
3084
4013
4479
4532
4308
3851
3180
2386
1680
1197
761
199
-454
-1042
-1601
-2198
-2646
-2772
-2655
-2401
-1883
-1032
-62
790
1558
2401
3351
4264
5037
5681
6194
6405
5824
4062
1313
-1831
-4606
-6739
-8248
-9099
-9349
-8899
-7751
-5948
-3795
-2011
-906
-131
863
2096
3187
4032
4819
5587
6203
6664
6872
6395
4889
2662
341
-1818
-3992
-6135
-7802
-8687
-8817
-8258
-7063
-5428
-3644
-1730
466
2696
4512
5771
6712
7574
8262
8584
8425
7743
6570
5023
3264
1354
-745
-3055
-5343
-7240
-8451
-8949
-8920
-8443
-7506
-6118
-4381
-2443
-516
1202
2670
4007
5220
6137
6617
6680
6373
5671
4552
3116
1559
35
-1435
-2786
-3838
-4451
-4661
-4549
-4055
-3169
-2078
-937
238
1446
2594
3613
4586
5557
6372
6861
7001
6859
6149
4196
1019
-2635
-5766
-8042
-9641
-10434
-10398
-9589
-8153
-6149
-3727
-1561
-168
686
1656
2982
4266
5230
6037
6778
7308
7492
7199
6135
4009
1096
-1897
-4452
-6501
-8087
-8997
-8946
-7978
-6376
-4479
-2611
-938
516
1923
3311
4482
5365
6069
6767
7444
7844
7705
6880
5395
3439
1238
-1046
-3330
-5511
-7330
-8404
-8604
-8117
-7264
-6210
-4963
-3605
-2219
-856
451
1657
2813
4012
5218
6147
6515
6316
5671
4675
3363
1864
408
-933
-2085
-2883
-3179
-3098
-2988
-2923
-2716
-2277
-1743
-1184
-477
474
1575
2708
3810
4739
5325
5527
5478
5307
4968
4404
3377
1480
-1151
-3894
-6008
-7365
-8214
-8498
-8277
-7619
-6624
-5299
-3748
-2461
-1657
-945
198
1757
3284
4584
5766
6721
7217
7242
6795
5606
3533
1073
-1048
-2640
-3894
-4803
-5177
-5052
-4739
-4377
-3974
-3615
-3316
-2803
-1779
-351
1136
2553
3954
5248
6207
6666
6501
5670
4354
2933
1725
721
-182
-1048
-1867
-2551
-3115
-3691
-4437
-5326
-6110
-6500
-6245
-5263
-3725
-1904
74
2148
4073
5442
6004
5822
5163
4304
3466
2784
2283
1850
1399
977
568
-33
-1015
-2204
-3246
-3933
-4181
-3917
-3172
-2128
-956
290
1469
2372
2900
3190
3452
3812
4288
4804
5238
5449
5167
3895
1568
-1402
-4349
-6812
-8627
-9521
-9573
-9030
-8007
-6522
-4695
-3073
-2042
-1334
-428
883
2441
4113
5881
7474
8528
9012
8967
8084
6121
3448
832
-1377
-3276
-4794
-5770
-6218
-6374
-6334
-6105
-5840
-5646
-5277
-4320
-2754
-864
1171
3311
5361
6996
8071
8530
8251
7220
5747
4296
3018
1794
534
-684
-1812
-2943
-4136
-5334
-6435
-7328
-7789
-7530
-6498
-4953
-3163
-1213
799
2612
4010
4966
5489
5572
5320
4986
4700
4355
3809
3047
2115
973
-373
-1787
-3030
-3916
-4373
-4344
-3824
-2976
-2087
-1361
-812
-432
-226
-76
245
873
1810
2984
4234
5295
5967
6199
5993
5310
3873
1458
-1500
-4184
-5957
-6823
-6972
-6500
-5818
-5270
-4915
-4563
-4216
-4116
-4122
-3630
-2221
-87
2278
4541
6435
7563
7785
7419
6664
5308
3396
1565
430
-116
-491
-894
-1473
-2418
-3729
-5087
-6250
-7151
-7590
-7102
-5474
-3119
-648
1590
3442
4705
5298
5420
5260
4881
4503
4439
4758
5115
5090
4459
3180
1334
-873
-3108
-5086
-6610
-7468
-7435
-6501
-5039
-3579
-2445
-1685
-1171
-744
-235
508
1479
2623
3935
5262
6180
6218
5302
3789
2041
301
-1212
-2262
-2702
-2666
-2356
-1941
-1652
-1741
-2260
-2862
-3166
-3039
-2482
-1456
-52
1430
2768
3894
4666
4927
4788
4567
4417
4268
4090
3930
3637
2711
954
-1251
-3377
-5122
-6444
-7118
-7153
-6909
-6485
-5743
-4691
-3717
-3123
-2588
-1721
-497
950
2535
4128
5366
5980
6138
6047
5551
4499
3170
2027
1191
468
-187
-774
-1458
-2348
-3317
-4242
-5150
-5909
-6118
-5503
-4286
-2872
-1448
-68
1153
2086
2797
3437
4016
4534
5076
5703
6183
6156
5512
4414
3031
1377
-440
-2127
-3464
-4473
-5201
-5528
-5447
-5214
-5051
-4861
-4460
-3848
-3004
-1794
-231
1350
2702
3836
4678
4983
4670
3981
3146
2283
1565
1106
821
489
27
-521
-1184
-2001
-2880
-3563
-3816
-3588
-2900
-1802
-504
642
1464
2064
2543
2825
2959
3150
3481
3837
4097
4244
4195
3837
3174
2073
389
-1633
-3485
-4688
-5136
-4957
-4447
-4116
-4067
-4053
-3977
-3997
-4184
-4146
-3493
-2244
-633
1116
2678
3662
3952
3902
3825
3622
3179
2772
2767
3082
3333
3207
2589
1399
-282
-2049
-3538
-4665
-5386
-5444
-4708
-3495
-2312
-1440
-976
-914
-1026
-933
-419
441
1513
2760
4115
5304
5964
5881
5104
3888
2552
1387
565
33
-356
-722
-1118
-1638
-2454
-3564
-4691
-5473
-5721
-5401
-4496
-3146
-1714
-499
470
1196
1519
1449
1318
1441
1853
2461
3173
3695
3696
3168
2366
1448
385
-637
-1236
-1263
-951
-581
-255
-131
-386
-907
-1343
-1515
-1494
-1250
-596
458
1627
2678
3461
3870
3904
3728
3545
3325
2785
1762
536
-577
-1433
-2113
-2662
-3149
-3798
-4517
-4959
-5039
-4996
-5031
-4916
-4342
-3405
-2325
-1182
-12
995
1740
2455
3300
3980
4210
4187
4201
4196
3974
3523
2913
2060
974
-76
-933
-1767
-2693
-3419
-3639
-3543
-3510
-3533
-3406
-3149
-2826
-2290
-1430
-484
323
1116
2065
2995
3600
3867
3963
3932
3725
3434
3159
2770
2105
1284
549
-104
-858
-1734
-2542
-3127
-3493
-3645
-3571
-3376
-3205
-3008
-2574
-1942
-1376
-902
-326
398
1067
1599
2059
2346
2344
2160
1996
1865
1659
1396
1171
991
790
553
268
-114
-553
-850
-810
-515
-122
324
842
1333
1664
1847
1945
1941
1869
1828
1855
1841
1698
1458
909
-96
-1359
-2522
-3312
-3707
-3655
-3242
-2853
-2654
-2555
-2495
-2523
-2698
-2797
-2589
-2026
-1117
-7
960
1465
1517
1423
1320
1089
791
742
1078
1586
2040
2360
2425
2095
1464
808
224
-291
-607
-561
-251
24
100
-38
-434
-1084
-1766
-2179
-2224
-1997
-1553
-838
86
948
1493
1696
1686
1561
1432
1475
1709
1926
1940
1791
1550
1106
401
-423
-1134
-1658
-2023
-2184
-2156
-2109
-2219
-2361
-2310
-2096
-1914
-1735
-1374
-852
-315
228
801
1257
1447
1511
1629
1758
1812
1831
1885
1895
1784
1588
1334
979
550
198
41
26
52
127
264
364
348
273
237
224
240
365
589
780
850
851
842
772
409
-313
-1225
-2048
-2540
-2632
-2339
-1928
-1769
-1868
-1964
-1953
-1965
-2087
-2108
-1855
-1365
-714
4
595
852
846
920
1203
1499
1698
1939
2251
2452
2489
2420
2133
1470
656
102
-153
-351
-551
-618
-617
-760
-1060
-1358
-1638
-1949
-2118
-1886
-1285
-645
-171
137
362
507
547
523
486
545
791
1242
1737
2023
1940
1540
991
424
-90
-481
-675
-680
-562
-339
-93
-22
-270
-715
-1109
-1369
-1519
-1543
-1445
-1332
-1325
-1346
-1308
-1290
-1326
-1251
-888
-336
208
677
1068
1333
1482
1582
1664
1702
1745
1858
1990
2076
2099
2070
1954
1771
1579
1354
1022
609
281
102
5
-74
-108
-111
-147
-187
-111
-57
-348
-958
-1574
-1932
-2022
-1861
-1519
-1292
-1367
-1539
-1563
-1528
-1638
-1815
-1818
-1556
-1079
-425
221
581
592
491
457
425
367
457
762
1120
1429
1704
1830
1612
1094
574
194
-122
-382
-455
-309
-121
-21
-19
-138
-443
-825
-1031
-1001
-878
-749
-568
-357
-239
-253
-304
-337
-337
-248
-1
385
764
1000
1038
934
757
556
347
183
141
230
392
558
647
591
357
26
-318
-627
-874
-1014
-1051
-1093
-1166
-1261
-1365
-1468
-1506
-1371
-1066
-617
-40
584
1151
1611
1981
2240
2331
2299
2212
2084
1929
1796
1693
1575
1439
1321
1191
955
602
219
-160
-520
-770
-810
-662
-488
-348
-189
-12
144
251
215
-109
-641
-1091
-1270
-1242
-1161
-1121
-1245
-1544
-1863
-2141
-2441
-2743
-2846
-2621
-2155
-1563
-941
-450
-223
-137
12
230
434
682
1118
1669
2144
2495
2680
2594
2215
1759
1421
1105
718
396
287
292
207
-6
-327
-758
-1227
-1532
-1587
-1539
-1480
-1329
-1075
-851
-737
-660
-592
-559
-501
-339
-94
154
361
535
665
731
751
726
698
655
634
670
725
740
695
609
505
365
265
258
310
340
252
87
-100
-351
-690
-990
-1093
-1058
-1025
-924
-686
-451
-351
-296
-190
-85
-6
149
394
639
851
1030
1139
1130
1070
1041
1051
1067
1102
1158
1161
1070
936
833
714
537
400
413
492
505
466
451
494
474
244
-197
-685
-1027
-1159
-1137
-1082
-1159
-1411
-1734
-2045
-2359
-2610
-2662
-2483
-2169
-1778
-1321
-929
-765
-777
-773
-663
-476
-187
254
825
1368
1781
2079
2252
2266
2138
1988
1864
1663
1379
1131
956
752
437
73
-320
-701
-963
-1045
-1080
-1179
-1256
-1216
-1151
-1145
-1129
-1042
-903
-734
-500
-254
-69
55
156
228
258
268
287
305
345
426
521
579
557
480
399
363
370
384
386
424
511
602
642
584
437
219
-25
-190
-265
-314
-418
-544
-579
-554
-507
-439
-329
-242
-189
-99
28
121
166
214
272
331
425
543
644
762
918
1067
1149
1182
1188
1147
1074
1007
949
847
717
596
463
263
5
-210
-366
-551
-821
-1093
-1259
-1328
-1288
-1134
-931
-830
-846
-832
-753
-704
-732
-761
-742
-695
-624
-547
-565
-712
-862
-898
-850
-770
-611
-387
-193
-58
74
183
175
75
9
28
103
228
412
596
742
860
954
952
834
673
531
422
341
292
227
124
20
-42
-60
-67
-54
-13
38
98
146
173
157
88
37
35
37
-2
-53
-71
-69
-76
-115
-209
-338
-388
-307
-161
-45
17
34
8
-38
-69
-100
-146
-162
-95
44
167
242
287
309
293
272
269
278
283
310
369
415
446
449
418
361
316
307
296
279
288
312
312
270
211
161
118
88
72
75
100
128
151
181
217
221
186
166
192
230
243
222
148
-4
-213
-412
-544
-592
-602
-648
-720
-755
-737
-738
-793
-834
-796
-694
-597
-553
-585
-678
-781
-846
-861
-832
-780
-701
-603
-483
-377
-352
-408
-467
-439
-336
-230
-123
34
250
449
561
573
515
432
409
491
638
767
839
877
889
859
762
595
398
229
120
58
38
68
122
170
209
243
256
230
207
218
242
246
212
134
22
-77
-91
-32
22
38
53
119
216
298
316
277
244
256
301
331
281
147
-19
-143
-239
-337
-405
-421
-427
-437
-421
-381
-365
-374
-369
-334
-220
-3
226
357
390
415
439
419
360
280
212
215
282
320
258
151
49
-86
-254
-408
-491
-494
-430
-319
-208
-94
23
131
228
314
382
397
353
275
176
71
-12
-65
-131
-237
-368
-486
-589
-697
-803
-886
-919
-898
-837
-771
-715
-648
-550
-434
-318
-205
-137
-128
-119
-48
47
87
92
108
131
138
156
211
274
313
349
407
469
528
568
580
556
532
516
495
483
473
458
439
449
483
496
477
453
429
400
365
347
360
363
326
256
204
176
149
100
10
-128
-282
-409
-505
-603
-705
-775
-804
-796
-758
-679
-580
-506
-459
-397
-295
-163
-30
94
192
257
301
320
312
262
178
78
-15
-96
-176
-275
-386
-474
-497
-464
-450
-477
-488
-405
-239
-72
68
191
317
426
512
586
609
577
554
581
577
476
319
216
173
133
41
-92
-198
-215
-133
-22
89
181
244
277
300
338
366
364
324
273
218
177
147
95
-20
-217
-426
-577
-690
-811
-907
-898
-785
-628
-468
-308
-198
-156
-109
-10
122
234
326
402
449
451
398
270
108
-28
-107
-152
-186
-204
-196
-139
-76
-55
-74
-66
-25
6
36
115
239
348
402
384
307
186
40
-127
-277
-352
-352
-322
-282
-244
-205
-149
-62
42
107
135
176
262
349
383
372
368
360
312
241
195
187
161
78
-23
-107
-172
-245
-323
-358
-333
-256
-170
-95
-37
13
25
-17
-80
-149
-226
-290
-297
-278
-307
-366
-400
-400
-399
-400
-398
-391
-360
-285
-174
-30
127
275
381
435
446
443
476
530
554
518
486
492
493
448
374
310
262
243
224
171
93
62
102
136
127
109
121
170
235
304
344
352
385
428
405
294
176
107
48
-30
-120
-226
-341
-437
-513
-592
-646
-641
-588
-528
-476
-421
-390
-372
-316
-245
-220
-226
-194
-112
-60
-59
-84
-144
-241
-360
-457
-517
-525
-496
-458
-419
-365
-293
-212
-148
-93
3
152
313
421
494
568
612
599
538
450
349
272
260
282
267
195
92
-21
-134
-231
-289
-309
-288
-242
-182
-123
-59
24
100
151
194
250
303
314
291
260
199
121
59
24
-22
-101
-162
-174
-159
-148
-151
-165
-178
-172
-147
-149
-179
-175
-112
-31
47
136
234
329
419
486
507
509
524
527
469
377
320
287
224
140
69
8
-68
-151
-216
-283
-320
-273
-160
-46
27
99
176
231
289
361
427
442
451
448
416
358
290
192
41
-101
-217
-312
-380
-426
-483
-513
-456
-345
-326
-372
-351
-229
-76
31
95
107
95
78
54
-13
-126
-261
-389
-468
-501
-531
-615
-707
-761
-775
-753
-705
-645
-606
-542
-427
-308
-228
-164
-88
-25
28
107
190
231
247
299
356
371
345
321
328
361
428
492
515
503
463
405
360
364
365
285
160
84
59
-4
-116
-225
-291
-330
-340
-303
-243
-188
-122
-11
107
158
166
233
389
515
510
436
391
366
294
173
49
-96
-236
-289
-251
-212
-217
-195
-118
-27
73
185
285
333
386
472
524
487
382
298
219
120
11
-93
-184
-275
-365
-458
-506
-486
-435
-403
-393
-355
-304
-211
-73
84
222
343
454
512
508
453
398
347
278
169
34
-98
-241
-390
-515
-597
-637
-641
-608
-561
-508
-407
-283
-206
-165
-84
45
152
209
260
314
361
384
352
245
116
42
19
-11
-76
-142
-192
-209
-213
-236
-270
-276
-211
-98
27
100
103
83
108
177
192
132
36
-26
-45
-50
-54
-91
-161
-227
-266
-295
-310
-287
-229
-175
-126
-47
47
127
194
284
369
422
442
451
457
438
414
380
325
268
226
189
139
83
44
15
-20
-41
-18
38
81
79
77
99
107
86
79
103
132
156
194
224
194
147
118
90
-19
-196
-338
-380
-344
-308
-278
-229
-146
-47
46
103
121
132
152
153
126
84
34
-13
-50
-84
-145
-217
-267
-297
-316
-298
-260
-240
-248
-264
-269
-279
-268
-227
-146
-56
5
10
11
49
105
135
144
154
151
151
145
129
89
63
70
86
96
101
94
82
81
82
67
50
53
63
36
-34
-98
-123
-87
-35
-5
-21
-46
-43
-35
-48
-69
-59
-28
-14
-38
-81
-119
-154
-193
-239
-281
-298
-294
-280
-273
-256
-230
-209
-192
-153
-78
0
60
116
194
296
372
383
358
343
324
281
229
194
160
129
105
82
40
3
-43
-119
-195
-195
-129
-72
-57
-38
23
85
135
179
216
246
256
241
204
174
154
84
-29
-122
-164
-189
-229
-282
-319
-322
-292
-256
-236
-241
-224
-159
-72
9
73
152
231
284
307
308
310
292
246
187
132
70
-15
-88
-111
-132
-180
-231
-259
-275
-310
-312
-251
-133
-13
80
141
205
296
377
410
407
415
403
348
277
247
216
137
41
-34
-104
-189
-252
-265
-250
-237
-225
-188
-132
-77
-34
16
77
128
183
251
301
305
266
201
128
