-120
-112
-79
-44
-32
-48
-47
-16
18
26
27
44
74
108
127
129
125
127
144
146
132
124
123
136
132
127
124
120
112
100
93
93
99
99
89
67
47
32
9
0
3
-5
-22
-29
-19
-16
-17
-10
6
14
24
38
46
40
20
10
22
47
59
63
75
93
96
80
73
85
101
98
75
66
80
106
124
138
139
124
110
106
94
79
78
90
84
54
33
36
38
26
-4
-41
-55
-57
-69
-117
-160
-164
-158
-178
-214
-231
-228
-227
-235
-241
-231
-203
-190
-202
-220
-225
-222
-223
-213
-196
-181
-172
-161
-133
-100
-84
-99
-114
-102
-81
-61
-44
-24
-3
10
25
34
51
82
119
131
121
122
140
157
155
143
146
145
148
151
148
137
124
125
124
117
107
100
87
71
69
71
74
70
40
11
14
55
73
51
32
37
38
27
24
34
44
51
45
22
14
37
73
92
98
96
78
57
53
71
87
84
73
68
83
116
126
114
92
88
106
116
113
97
91
91
81
51
15
-18
-43
-58
-78
-95
-122
-139
-141
-141
-145
-168
-186
-198
-208
-226
-238
-234
-232
-232
-236
-246
-254
-252
-232
-222
-221
-212
-199
-181
-160
-142
-135
-137
-121
-98
-96
-96
-88
-76
-76
-75
-52
-30
-16
-6
2
6
23
68
107
103
91
106
136
144
127
114
109
115
120
123
117
104
101
99
97
89
84
89
94
88
80
81
94
105
117
137
139
111
74
69
90
101
96
94
110
121
109
95
88
93
102
113
119
116
115
127
131
130
124
125
140
153
145
119
110
111
100
78
80
95
95
75
53
37
31
28
11
-17
-34
-39
-49
-83
-115
-123
-134
-163
-204
-210
-209
-233
-262
-265
-241
-234
-251
-285
-302
-293
-273
-266
-260
-248
-244
-250
-245
-223
-216
-219
-211
-185
-169
-176
-175
-158
-127
-102
-82
-66
-58
-47
-24
8
35
51
63
77
93
109
121
129
132
133
138
150
170
189
194
192
195
191
182
179
190
186
157
123
104
103
103
107
118
125
117
88
62
47
31
16
16
35
51
54
57
74
74
54
41
62
91
87
73
76
111
144
150
147
155
173
169
139
136
165
188
177
164
167
167
156
147
150
146
126
102
89
92
75
21
-31
-47
-49
-67
-100
-127
-157
-183
-205
-240
-291
-327
-325
-314
-333
-364
-378
-369
-346
-333
-332
-336
-325
-304
-302
-312
-305
-283
-278
-279
-257
-218
-184
-179
-189
-173
-129
-89
-69
-41
8
34
28
22
44
72
86
101
130
134
115
119
162
189
166
157
203
262
271
226
186
183
198
211
209
187
158
139
141
145
138
130
120
114
98
85
67
52
49
49
53
50
39
32
31
27
19
26
52
70
74
83
103
114
115
113
111
113
118
135
147
147
141
136
143
148
154
150
142
139
146
169
172
142
91
57
58
55
29
-7
-33
-56
-87
-120
-142
-160
-185
-205
-224
-256
-299
-325
-322
-322
-343
-356
-346
-336
-345
-357
-360
-367
-371
-356
-324
-296
-284
-281
-266
-244
-214
-191
-171
-159
-160
-146
-105
-58
-38
-39
-29
-1
31
54
60
61
72
84
92
105
131
165
189
202
214
219
222
227
228
225
222
216
217
214
210
194
168
151
148
142
127
112
104
92
67
45
39
38
28
33
52
68
58
35
37
58
80
94
94
98
92
94
116
147
154
135
128
146
154
145
144
154
177
195
205
192
180
182
165
128
115
138
140
110
90
75
32
-18
-43
-53
-71
-103
-140
-167
-186
-214
-253
-282
-279
-283
-308
-346
-377
-391
-392
-381
-370
-361
-366
-365
-360
-342
-320
-306
-300
-289
-265
-242
-228
-204
-175
-157
-152
-139
-106
-79
-59
-35
-6
18
48
80
115
136
148
152
153
164
181
197
202
206
215
225
242
256
257
242
229
228
209
196
211
218
180
123
109
120
107
73
48
29
14
7
5
5
8
31
63
73
63
50
66
90
101
113
125
139
146
160
160
143
140
165
197
210
194
172
159
184
218
219
195
177
168
146
124
130
137
125
89
48
27
15
18
9
-28
-80
-123
-147
-171
-199
-242
-291
-348
-366
-355
-360
-382
-411
-412
-400
-394
-405
-435
-440
-405
-360
-355
-375
-380
-357
-328
-324
-330
-323
-293
-250
-211
-183
-173
-160
-125
-79
-55
-50
-20
24
47
44
57
85
115
137
160
187
208
220
232
247
262
264
267
286
291
269
243
244
251
239
209
193
190
185
171
158
149
127
99
97
119
123
96
68
55
48
48
71
96
103
96
85
83
84
98
114
129
134
140
164
212
242
233
213
219
249
254
238
224
228
232
224
222
211
195
173
165
162
130
84
43
32
17
-28
-82
-123
-149
-190
-232
-260
-283
-328
-386
-417
-428
-427
-426
-435
-450
-460
-459
-457
-468
-480
-480
-470
-443
-404
-366
-352
-354
-350
-325
-296
-276
-259
-240
-208
-165
-135
-116
-91
-44
8
39
51
60
84
129
188
219
219
232
269
291
275
257
267
284
300
310
307
280
240
223
221
222
198
163
141
129
119
102
80
55
25
13
5
-1
-8
-5
-3
-11
-11
2
23
35
43
57
77
111
157
186
200
214
248
277
278
278
293
314
318
318
333
346
345
341
360
354
311
271
256
233
169
107
95
105
83
17
-63
-110
-134
-171
-228
-274
-311
-358
-402
-421
-435
-470
-514
-532
-522
-513
-523
-533
-532
-530
-531
-533
-518
-504
-481
-446
-409
-392
-378
-333
-280
-260
-255
-217
-164
-126
-102
-64
-25
-6
14
54
102
152
195
223
243
262
304
333
347
363
373
374
366
369
369
358
345
338
320
291
264
237
205
169
148
123
94
72
54
33
-1
-27
-37
-41
-38
-42
-41
-55
-78
-86
-68
-35
-16
7
52
107
156
188
193
199
226
275
309
315
318
334
378
426
439
404
360
363
407
434
415
365
309
272
239
195
134
71
13
-47
-98
-126
-144
-207
-314
-401
-437
-457
-496
-555
-612
-653
-668
-663
-672
-691
-694
-678
-661
-658
-654
-629
-591
-554
-530
-500
-460
-422
-388
-334
-272
-235
-211
-166
-93
-33
0
31
77
126
166
201
240
290
337
361
371
390
429
459
468
453
444
445
443
417
371
344
344
342
310
264
232
201
152
110
89
68
23
-26
-58
-81
-104
-130
-149
-159
-146
-140
-144
-135
-106
-80
-80
-72
-37
22
83
133
177
216
266
326
374
403
415
422
429
454
503
537
517
471
446
443
429
392
350
308
259
204
147
92
28
-44
-111
-168
-228
-299
-375
-440
-481
-508
-550
-614
-674
-701
-711
-718
-717
-714
-702
-682
-670
-676
-680
-641
-569
-518
-502
-483
-449
-407
-369
-326
-284
-249
-205
-143
-69
-7
49
106
161
208
259
325
377
408
428
469
511
523
515
522
532
522
491
468
453
430
402
371
344
305
266
226
199
171
125
63
10
-14
-31
-53
-82
-112
-143
-161
-158
-146
-132
-118
-98
-68
-33
-12
3
37
101
157
188
214
261
326
387
422
435
463
502
528
536
555
564
525
469
446
448
415
354
290
223
145
57
-22
-104
-195
-286
-357
-408
-458
-515
-574
-627
-674
-698
-702
-722
-769
-814
-833
-836
-838
-812
-773
-745
-722
-691
-641
-583
-528
-489
-452
-398
-330
-273
-226
-180
-129
-70
-4
63
127
194
248
287
326
371
421
452
468
483
494
502
501
508
530
542
532
493
452
417
383
336
281
227
189
153
122
97
47
-17
-73
-98
-113
-140
-175
-202
-211
-192
-172
-163
-154
-128
-74
-2
67
103
118
159
249
350
423
462
469
477
514
577
630
647
637
611
580
546
514
485
463
429
362
281
196
109
47
-4
-69
-174
-268
-308
-332
-392
-486
-577
-634
-658
-690
-723
-759
-790
-815
-829
-820
-793
-768
-758
-757
-730
-660
-588
-545
-508
-448
-388
-339
-295
-238
-193
-150
-88
-3
82
141
177
222
289
353
390
425
463
476
460
446
456
468
471
485
489
464
408
350
315
287
248
184
116
64
22
-21
-61
-96
-137
-192
-243
-273
-268
-256
-263
-292
-291
-245
-196
-155
-118
-64
-8
50
130
216
304
374
413
445
505
584
644
661
648
623
610
618
605
562
505
448
387
336
290
219
134
58
-23
-122
-216
-272
-316
-380
-456
-527
-568
-578
-586
-600
-618
-635
-635
-621
-606
-614
-623
-593
-558
-549
-549
-524
-467
-405
-355
-310
-258
-192
-129
-70
-5
64
132
190
249
313
372
413
451
502
572
611
590
544
531
550
548
511
457
396
322
263
246
235
180
76
-26
-98
-137
-164
-200
-268
-348
-385
-369
-333
-328
-344
-359
-368
-357
-317
-243
-168
-117
-72
-13
62
153
241
294
309
346
422
504
555
567
543
494
445
421
429
432
366
234
127
84
54
5
-59
-155
-281
-386
-427
-457
-506
-562
-614
-659
-684
-674
-653
-645
-659
-669
-652
-608
-569
-538
-505
-466
-431
-386
-322
-255
-188
-138
-69
26
150
260
311
326
351
411
492
573
636
658
647
646
685
733
742
701
653
619
581
541
504
456
367
257
181
143
100
36
-46
-137
-234
-317
-355
-363
-389
-446
-494
-512
-510
-501
-469
-415
-365
-321
-268
-180
-69
43
130
208
289
355
411
468
522
552
567
599
623
618
577
519
477
432
361
260
164
79
-8
-91
-172
-279
-406
-502
-571
-640
-710
-759
-801
-848
-882
-891
-869
-829
-785
-755
-728
-674
-617
-577
-523
-437
-336
-252
-176
-90
-2
90
188
285
360
417
475
559
646
715
757
784
807
814
812
834
861
844
786
729
692
649
602
561
496
385
273
182
97
11
-64
-130
-208
-306
-391
-452
-496
-540
-585
-603
-594
-569
-531
-482
-437
-412
-362
-271
-148
-37
74
178
225
265
352
471
546
562
563
532
481
455
453
407
294
152
30
-60
-144
-241
-343
-458
-611
-768
-862
-904
-973
-1085
-1178
-1235
-1259
-1247
-1201
-1147
-1128
-1110
-1060
-962
-832
-700
-587
-524
-427
-258
-57
97
215
341
451
553
678
832
970
1070
1133
1155
1178
1252
1349
1384
1330
1257
1244
1264
1246
1157
1040
932
818
718
635
544
418
274
141
16
-99
-180
-224
-294
-407
-515
-562
-563
-568
-579
-586
-579
-538
-443
-293
-159
-67
19
130
281
427
519
551
590
683
793
860
868
805
690
565
491
457
388
233
22
-163
-328
-468
-591
-735
-965
-1226
-1398
-1469
-1512
-1583
-1692
-1810
-1887
-1885
-1803
-1690
-1604
-1562
-1518
-1412
-1228
-1006
-819
-699
-599
-432
-202
34
226
380
504
636
819
1033
1203
1314
1396
1452
1495
1563
1666
1716
1648
1528
1438
1376
1304
1216
1090
908
693
520
402
292
151
-32
-219
-382
-498
-566
-608
-676
-782
-874
-879
-803
-708
-619
-548
-460
-334
-137
84
303
503
688
839
902
970
1094
1249
1348
1354
1314
1228
1136
1061
985
864
681
443
176
-55
-247
-419
-629
-902
-1193
-1432
-1585
-1694
-1792
-1902
-2022
-2133
-2177
-2155
-2089
-2001
-1909
-1819
-1708
-1533
-1286
-1038
-855
-707
-532
-290
-15
276
553
769
928
1078
1274
1486
1649
1736
1749
1738
1755
1811
1849
1791
1631
1445
1299
1209
1116
955
696
387
117
-55
-173
-320
-518
-742
-966
-1125
-1160
-1113
-1097
-1138
-1153
-1088
-949
-760
-545
-359
-205
-39
210
515
836
1133
1377
1480
1457
1502
1665
1872
1936
1839
1618
1344
1140
1035
943
722
357
-59
-441
-776
-1019
-1178
-1380
-1738
-2144
-2418
-2482
-2454
-2442
-2509
-2618
-2642
-2533
-2295
-2005
-1732
-1526
-1351
-1117
-744
-274
158
452
645
855
1141
1484
1807
2001
2052
2071
2153
2258
2310
2289
2203
2045
1833
1635
1449
1253
1015
742
429
99
-176
-383
-599
-871
-1165
-1392
-1541
-1637
-1689
-1690
-1674
-1673
-1649
-1525
-1305
-1058
-835
-639
-427
-144
235
636
995
1300
1588
1880
2181
2491
2617
2513
2336
2260
2311
2276
2057
1637
1103
586
169
-142
-458
-874
-1392
-1941
-2454
-2779
-2880
-2943
-3173
-3516
-3753
-3733
-3502
-3170
-2879
-2695
-2535
-2275
-1790
-1136
-473
33
385
722
1162
1712
2284
2752
2997
3060
3144
3363
3584
3611
3455
3238
2998
2723
2464
2220
1912
1445
886
359
-114
-544
-947
-1345
-1790
-2254
-2610
-2790
-2871
-2950
-3013
-3010
-2923
-2732
-2423
-2031
-1650
-1289
-932
-552
-87
506
1125
1581
1908
2249
2656
3041
3387
3705
3919
4013
4073
4026
3611
3007
2470
2207
1962
1474
727
-272
-1244
-1994
-2449
-2816
-3291
-3908
-4562
-5158
-5464
-5360
-5057
-4921
-5033
-5118
-4862
-4199
-3317
-2492
-1887
-1443
-974
-276
715
1841
2784
3373
3685
3978
4408
4916
5308
5401
5180
4850
4606
4452
4197
3706
3046
2333
1564
811
150
-399
-977
-1748
-2583
-3323
-3841
-4101
-4217
-4374
-4676
-4906
-4763
-4284
-3711
-3162
-2629
-2101
-1533
-768
187
1121
1837
2403
2888
3348
3874
4475
5019
5289
5299
5232
5238
5303
5351
5227
4936
4276
3114
1875
921
514
154
-591
-1772
-3241
-4542
-5311
-5479
-5450
-5699
-6298
-6947
-7381
-7280
-6575
-5550
-4772
-4471
-4366
-3886
-2775
-1227
289
1336
1870
2222
2844
3915
5145
6103
6511
6394
6037
5801
5845
5975
5791
5106
4072
2985
2045
1278
611
-137
-1103
-2253
-3297
-4077
-4626
-5040
-5351
-5575
-5849
-6118
-6115
-5717
-5076
-4387
-3616
-2754
-1938
-1148
-205
908
1949
2818
3626
4376
4959
5441
5873
6139
6142
6043
5977
5879
5678
5387
5009
4577
4124
3669
2824
1337
-296
-1554
-2051
-2348
-2941
-4067
-5634
-7004
-7602
-7393
-6941
-6791
-6901
-7056
-7026
-6478
-5281
-3721
-2462
-1730
-1258
-522
706
2275
3754
4761
5199
5391
5697
6229
6769
7075
6986
6468
5611
4703
3941
3275
2521
1594
552
-579
-1768
-2923
-3865
-4546
-5052
-5515
-5964
-6348
-6559
-6429
-5913
-5144
-4393
-3748
-3077
-2315
-1434
-373
878
2087
2950
3516
4050
4653
5237
5694
5913
5795
5457
5172
5024
4814
4443
3992
3532
2995
2438
1976
1695
1336
260
-1350
-3014
-3794
-3696
-3451
-3730
-4955
-6533
-7513
-7319
-6270
-5187
-4627
-4588
-4795
-4666
-3666
-1808
152
1418
1763
1687
1956
2988
4557
5921
6411
5995
5171
4586
4595
5008
5272
4817
3502
1774
300
-566
-959
-1289
-1855
-2785
-3965
-5092
-5746
-5687
-5122
-4507
-4268
-4392
-4499
-4129
-3019
-1377
153
1073
1462
1740
2226
3018
4095
5094
5471
5105
4469
4018
3862
3938
4019
3711
2860
1832
1125
843
812
890
808
501
70
-147
-585
-1621
-2877
-3673
-3474
-3015
-2849
-3372
-4476
-5457
-5602
-4833
-3662
-2855
-2581
-2651
-2713
-2248
-1121
325
1508
2089
2148
2107
2358
3115
4064
4669
4648
4118
3374
2755
2431
2328
2133
1563
563
-637
-1744
-2538
-2956
-3054
-3015
-3144
-3665
-4450
-4915
-4649
-3656
-2445
-1534
-1163
-1174
-1027
-186
1305
2792
3722
3956
3727
3390
3392
3937
4639
4863
4344
3238
2040
1342
1367
1727
1704
1070
243
-307
-368
-20
468
950
1241
1383
832
-592
-2176
-2880
-2149
-1104
-813
-1914
-3905
-5517
-5771
-4658
-3144
-2312
-2496
-3342
-4033
-3740
-2310
-345
1235
1753
1291
682
792
1932
3551
4748
4865
3945
2700
2033
2207
2827
3172
2690
1357
-353
-1767
-2466
-2502
-2252
-2172
-2566
-3474
-4523
-5030
-4540
-3221
-1904
-1259
-1343
-1640
-1413
-280
1432
2931
3670
3606
3106
2694
2854
3618
4377
4491
3792
2640
1608
1174
1393
1904
2077
1624
822
168
86
588
1440
2201
2541
1858
49
-2078
-3263
-2759
-1520
-741
-1480
-3684
-6066
-7059
-6129
-4137
-2537
-2090
-2795
-3861
-4071
-2814
-432
1965
3258
3079
2123
1586
2283
3907
5473
6093
5406
3806
2245
1551
1839
2397
2311
1164
-813
-2916
-4298
-4579
-3969
-3134
-2851
-3545
-4878
-5828
-5450
-3687
-1471
107
446
-58
-361
347
1992
3783
4969
5154
4375
3129
2334
2508
3289
3842
3512
2322
780
-332
-450
294
1159
1463
1068
441
142
562
1611
2950
3515
2363
-132
-2523
-3126
-2123
-679
-335
-1871
-4553
-6803
-7269
-5921
-3925
-2511
-2350
-3236
-4216
-4217
-2733
-207
2187
3353
3049
2007
1492
2233
3928
5538
6074
5191
3412
1716
946
1206
1842
1941
903
-1182
-3535
-5101
-5195
-3996
-2560
-2083
-2975
-4573
-5501
-4756
-2475
174
1807
1885
1024
405
898
2441
4230
5272
4917
3347
1634
893
1383
2458
3070
2634
1241
-280
-881
-271
1075
2318
2819
2573
2056
2008
2779
3997
4302
2939
295
-1929
-2500
-1715
-753
-1109
-3060
-5691
-7525
-7728
-6510
-4805
-3520
-3253
-3801
-4313
-3902
-2218
223
2370
3485
3460
2860
2568
3187
4557
5795
6001
5007
3278
1535
482
296
542
400
-683
-2590
-4630
-5923
-5832
-4484
-2861
-2108
-2682
-3786
-4149
-3034
-689
1820
3311
3343
2515
1904
2168
3143
4296
4824
4158
2441
535
-581
-582
55
590
419
-473
-1487
-1838
-1047
585
2240
3231
3467
3471
3889
4764
5062
3990
1789
-57
-611
-221
85
-811
-2975
-5578
-7303
-7447
-6377
-5048
-4235
-4174
-4464
-4460
-3635
-1857
386
2306
3371
3565
3311
3195
3739
4865
5778
5667
4499
2824
1239
148
-342
-517
-946
-2010
-3652
-5422
-6614
-6521
-5094
-3218
-2148
-2336
-3007
-2988
-1681
641
3038
4495
4567
3721
3033
3142
3919
4717
4820
3852
1957
-24
-1145
-1189
-688
-395
-717
-1500
-2153
-2019
-900
724
2153
3031
3509
3955
4739
5526
5268
3430
794
-857
-870
-3
162
-1356
-4222
-7108
-8534
-7992
-6166
-4407
-3656
-3908
-4398
-4233
-2835
-319
2415
4295
4896
4576
4061
3989
4692
5807
6336
5549
3622
1369
-473
-1510
-1725
-1657
-2125
-3535
-5501
-7164
-7732
-6767
-4587
-2346
-1318
-1665
-2258
-1817
91
2831
5253
6311
5747
4315
3207
3137
3855
4398
3899
2128
-385
-2493
-3239
-2590
-1565
-1161
-1483
-2114
-2420
-1861
-234
1856
3520
4413
4883
5389
6187
6515
5377
2787
170
-952
-666
-129
-761
-3060
-6342
-8940
-9553
-8126
-5846
-4157
-3676
-3990
-4084
-3102
-858
2129
4813
6294
6436
5779
5108
5037
5647
6346
6193
4626
2026
-690
-2631
-3451
-3504
-3539
-4237
-5757
-7525
-8615
-8221
-6188
-3290
-861
73
-201
-410
587
2863
5520
7405
7674
6391
4443
3000
2557
2733
2742
1900
-8
-2482
-4413
-4905
-3999
-2576
-1529
-1231
-1449
-1567
-868
868
3152
5145
6476
7138
7388
6780
4946
2292
-29
-962
-787
-579
-1659
-4309
-7646
-9989
-10318
-8721
-6307
-4410
-3627
-3618
-3407
-2109
390
3527
6253
7771
7954
7244
6453
6196
6482
6695
6051
4184
1447
-1451
-3721
-4859
-5026
-4943
-5398
-6609
-8065
-8990
-8506
-6179
-2702
353
1722
1540
1138
1700
3584
6132
8069
8266
6546
3884
1649
643
718
1045
530
-1291
-3867
-5836
-6052
-4531
-2302
-604
1
-214
-421
261
2106
4542
6705
8063
8579
8348
6845
4045
771
-1425
-1861
-1288
-1249
-2985
-6454
-10176
-12043
-11202
-8402
-5434
-3649
-3173
-3272
-2762
-809
2410
5909
8357
9141
8509
7195
6115
5834
6111
6074
4817
2205
-1038
-4051
-6091
-6824
-6557
-6075
-6258
-7245
-8331
-8583
-7098
-3768
350
3496
4506
3906
3275
3777
5533
7703
8974
8328
5772
2514
-110
-1591
-2117
-2206
-2545
-3682
-5425
-6692
-6453
-4699
-2288
-212
1039
1496
1687
2371
3902
5945
7827
9114
9618
9258
7515
4304
454
-2479
-3495
-3066
-2761
-4076
-7240
-10949
-13043
-12358
-9221
-5325
-2419
-1168
-1071
-824
710
3696
7321
10114
11051
10084
7941
5774
4466
4097
3896
2757
199
-3274
-6692
-9073
-9794
-8965
-7439
-6445
-6518
-7134
-7255
-5773
-2255
2465
6491
8116
7360
5826
5186
6091
7843
8992
8219
5165
898
-2823
-4835
-5068
-4409
-3974
-4598
-6186
-7506
-7174
-4855
-1510
1420
3013
3234
2844
2944
4163
6217
8300
9716
10105
9438
7231
3433
-1012
-4279
-5207
-4416
-3696
-4659
-7649
-11415
-13570
-12634
-8840
-4156
-641
947
1104
1204
2527
5326
8808
11382
11982
10663
8111
5348
3252
2132
1514
306
-2060
-5228
-8407
-10623
-11145
-9852
-7525
-5525
-4640
-4613
-4532
-3218
-38
4460
8492
10159
9167
6952
5301
5137
5996
6616
5740
2805
-1432
-5393
-7688
-7899
-6720
-5346
-4842
-5470
-6297
-5851
-3471
51
3233
5035
5343
4732
4247
4743
6328
8243
9585
9752
8698
6183
2105
-2594
-6119
-7174
-6266
-5161
-5460
-7679
-10987
-13089
-12212
-8222
-2963
1238
3393
3779
3604
4273
6336
9255
11508
11828
10156
7131
3769
1060
-537
-1293
-2228
-4114
-6719
-9293
-10935
-10949
-9192
-6220
-3434
-1885
-1442
-1224
-117
2433
6072
9451
10808
9567
6821
4267
2959
2769
2850
2156
-139
-3798
-7419
-9407
-9067
-7014
-4524
-2869
-2670
-3246
-3022
-1013
2287
5397
7151
7213
6058
4809
4582
5679
7368
8569
8554
7206
4161
-542
-5617
-8892
-9080
-7134
-5360
-5526
-8030
-11450
-13079
-11195
-6146
-365
3815
5620
5485
4810
5137
7073
9893
11769
11442
8955
5133
1254
-1559
-2845
-3135
-3727
-5362
-7703
-9897
-10944
-10173
-7553
-3996
-1052
441
754
802
1703
4012
7306
10035
10500
8464
5217
2420
956
621
627
-72
-2174
-5275
-8068
-9262
-8435
-6147
-3452
-1519
-936
-1112
-723
1075
3807
6258
7448
7141
5828
4553
4230
5072
6442
7451
7444
6232
3603
-594
-5409
-8952
-9691
-8019
-5930
-5384
-7150
-10313
-12333
-11176
-6661
-807
3848
6115
6201
5367
5206
6531
8912
10772
10693
8505
4865
917
-2148
-3677
-3931
-4096
-5145
-6994
-8927
-9967
-9369
-6954
-3386
-168
1625
2039
1887
2279
3946
6766
9393
10012
7997
4457
1246
-459
-792
-707
-1287
-3117
-5783
-8047
-8744
-7637
-5396
-2930
-1066
-217
-47
449
2003
4246
6227
7201
7009
5984
4836
4350
4834
5835
6651
6659
5696
3469
-321
-4921
-8531
-9531
-8037
-5857
-4951
-6286
-9206
-11314
-10522
-6457
-959
3515
5783
5955
5152
4855
5857
7867
9506
9524
7662
4319
454
-2719
-4361
-4548
-4426
-5033
-6435
-8057
-9009
-8514
-6240
-2721
615
2613
3121
2767
2672
3724
6034
8456
9195
7436
4026
702
-1258
-1747
-1561
-1766
-3120
-5394
-7477
-8166
-7083
-4809
-2237
-236
676
789
1091
2341
4319
6134
7044
6803
5737
4618
4157
4610
5563
6346
6393
5581
3565
-167
-4908
-8659
-9605
-7953
-5665
-4652
-5922
-8875
-11150
-10623
-6802
-1458
3068
5610
6043
5258
4663
5286
7110
8796
8989
7331
4136
258
-3085
-4871
-4990
-4635
-4911
-5951
-7347
-8355
-8152
-6085
-2530
934
3028
3568
3197
2906
3648
5745
8109
8823
7055
3694
444
-1564
-2206
-2047
-2098
-3171
-5171
-7070
-7768
-6951
-5013
-2597
-518
587
829
1115
2195
3895
5520
6467
6433
5549
4439
3900
4245
5122
5973
6344
6066
4867
1977
-2471
-6908
-9138
-8347
-5885
-3963
-4219
-6906
-10087
-11155
-8685
-3548
1719
5250
6383
5664
4556
4405
5717
7617
8566
7849
5426
1786
-2056
-4822
-5647
-5138
-4740
-5192
-6435
-7818
-8382
-7187
-4012
-144
2722
3871
3612
2927
2963
4533
7217
9059
8392
5401
1774
-834
-1920
-1834
-1489
-1971
-3678
-5871
-7251
-7126
-5718
-3550
-1343
67
356
231
816
2318
4091
5413
5868
5373
4264
3438
3533
4410
5395
5961
5831
4995
3307
400
-3392
-6760
-8187
-7321
-5427
-4245
-4907
-7349
-9687
-9870
-6957
-2035
2648
5580
6353
5669
4881
4980
6174
7556
7932
6834
4313
847
-2598
-4940
-5598
-5270
-5106
-5535
-6495
-7520
-7804
-6489
-3483
-6
2537
3580
3318
2650
2758
4333
6719
8048
7095
4316
1217
-931
-1815
-1734
-1505
-2105
-3730
-5536
-6407
-5998
-4581
-2595
-654
539
853
976
1658
2891
4119
4918
5096
4639
3830
3351
3571
4298
5021
5424
5346
4705
3042
-71
-4000
-7140
-8080
-6887
-5019
-4156
-5398
-8256
-10452
-9942
-6289
-1204
3140
5661
6210
5526
4844
5139
6553
7988
8301
7125
4519
999
-2435
-4601
-5033
-4662
-4591
-5218
-6430
-7627
-7853
-6247
-3064
188
2290
2961
2577
2047
2449
4364
6830
7877
6556
3675
848
-907
-1498
-1298
-1121
-1905
-3756
-5678
-6510
-5982
-4533
-2608
-774
337
670
957
1811
3038
4148
4956
5301
4945
4095
3558
3798
4526
5135
5391
5242
4641
3609
1653
-1469
-5032
-7447
-7618
-6236
-5061
-5355
-7468
-9969
-10786
-8648
-4110
658
4054
5630
5675
5112
4885
5662
7144
8219
8129
6538
3484
-298
-3475
-4815
-4570
-4146
-4410
-5441
-6794
-7728
-7239
-4806
-1449
1191
2373
2340
1837
1755
2977
5373
7326
7248
5160
2402
233
-899
-1047
-829
-1270
-2893
-5059
-6506
-6668
-5743
-4062
-2073
-496
138
249
740
1824
3190
4528
5532
5721
4999
4171
3997
4359
4838
5234
5524
5403
4812
3772
1536
-2141
-6045
-8209
-7865
-6395
-5566
-6300
-8593
-10703
-10709
-7716
-2849
1582
4391
5462
5247
4744
4887
6190
7915
8702
8034
5904
2634
-882
-3427
-4215
-4037
-4155
-4853
-5950
-7094
-7668
-6771
-4190
-1176
973
1956
2002
1656
1874
3592
6351
8174
7683
5378
2694
701
-260
-338
-359
-1419
-3616
-5827
-6955
-6885
-5909
-4201
-2282
-1034
-727
-553
240
1620
3242
4818
5883
5911
5125
4396
4254
4529
5012
5652
6199
6159
5487
4432
2294
-1445
-5716
-8397
-8460
-7098
-6074
-6297
-8107
-10266
-10769
-8325
-3719
659
3576
5083
5469
5257
5262
6207
7691
8451
8006
6358
3507
-61
-3138
-4570
-4675
-4667
-5038
-5784
-6847
-7784
-7559
-5510
-2568
-116
1375
1965
1946
2153
3649
6312
8403
8444
6649
4164
1992
620
74
-323
-1559
-3698
-5724
-6800
-6975
-6508
-5345
-3737
-2431
-1784
-1255
-262
1169
2834
4549
5812
5981
5235
4528
4447
4868
5484
6124
6346
5833
4757
3767
2823
852
-2499
-6169
-8531
-8913
-8045
-6944
-6664
-7765
-9086
-9014
-6710
-3040
629
3780
5952
6729
6476
6149
6544
7293
7655
7329
5846
2971
-649
-3655
-5083
-5356
-5243
-5190
-5620
-6620
-7589
-7382
-5512
-2768
-155
1736
2633
2687
2794
3981
6079
7689
7767
6365
4119
1697
-247
-1336
-1924
-2689
-3830
-5052
-5992
-6508
-6334
-5273
-3650
-2059
-880
110
1136
2176
3250
4336
5252
5687
5636
5396
5117
4884
4860
5131
5440
5437
4978
4267
2790
-306
-4523
-7994
-8987
-7654
-5757
-4827
-5936
-8685
-10846
-10319
-6610
-1648
2486
5040
5828
5307
4604
4889
6436
8069
8809
8281
6115
2498
-1341
-3719
-4118
-3679
-3524
-4195
-5830
-7858
-8963
-7936
-5092
-1969
344
1488
1504
1114
1719
4133
7200
8868
8261
6010
3246
985
-85
-14
165
-611
-2483
-4733
-6562
-7444
-7009
-5384
-3416
-2123
-1675
-1439
-855
293
2103
4287
6009
6555
6079
5229
4491
4216
4554
5207
5498
4986
3926
2830
2161
1964
1197
-1032
-4481
-7708
-9193
-8883
-7653
-6722
-7067
-8025
-8395
-7157
-4347
-980
2330
4969
6442
6774
6357
6084
6395
7003
7468
6973
5020
1885
-1463
-3813
-4945
-5321
-5352
-5481
-5901
-6504
-6723
-6006
-4484
-2450
-239
1552
2455
2739
3294
4486
5615
5982
5501
4509
3358
2281
1370
268
-1311
-3056
-4331
-4864
-5023
-5081
-4917
-4443
-3732
-2878
-1735
-292
1194
2611
3914
4910
5291
5088
4743
4574
4631
4868
5146
5294
5130
4787
4545
4444
3996
1954
-1963
-6340
-9052
-8996
-7162
-5447
-5394
-7516
-10178
-11167
-9175
-4876
-214
3471
5483
5720
5014
4622
5520
7400
9102
9735
8563
5427
1284
-2175
-3733
-3787
-3483
-3587
-4595
-6510
-8510
-9256
-8033
-5488
-2690
-467
601
597
597
1885
4469
6949
8114
7801
6484
4743
3196
2281
1728
874
-526
-2170
-3810
-5483
-6801
-7109
-6378
-5218
-4170
-3174
-2170
-1150
157
1866
3531
4550
4886
4933
4889
4857
5035
5531
5986
5867
5005
3809
2797
2315
2379
2724
2198
-384
-4502
-8225
-9759
-8998
-7117
-5395
-5148
-6517
-8003
-7900
-5469
-1751
2067
5248
6967
6903
5756
4866
5018
5765
6523
6730
5506
2603
-1002
-3721
-4806
-4770
-4215
-3793
-4274
-5767
-7283
-7482
-6102
-3838
-1372
664
1621
1515
1405
2300
4026
5580
6266
5964
4765
3102
1760
1145
848
224
-820
-1975
-3253
-4537
-5239
-4910
-3866
-2824
-2029
-1409
-994
-623
132
1410
2775
3785
4411
4672
4487
4028
3802
4107
4702
5163
5265
4982
4335
3508
2872
1870
-317
-3560
-6516
-7773
-7409
-6390
-5784
-6512
-8110
-9225
-8535
-5928
-2703
229
2470
3843
4419
4424
4552
5152
6000
6879
7232
6364
4159
1411
-687
-1755
-2176
-2381
-2894
-4012
-5518
-6813
-7282
-6834
-5631
-3963
-2441
-1499
-1038
-373
950
2663
4251
5358
5883
5847
5460
5013
4534
3853
2989
2051
970
-481
-2195
-3651
-4480
-4711
-4617
-4408
-4226
-4049
-3651
-2772
-1456
38
1513
2775
3603
3928
4056
4321
4833
5465
5915
5944
5500
4864
4393
4227
4190
4000
3228
1292
-1788
-5187
-7604
-8224
-7442
-6310
-6136
-7377
-9001
-9650
-8371
-5534
-2204
746
2648
3478
3628
3655
4206
5379
6924
8242
8426
7024
4386
1639
-206
-1132
-1591
-2111
-3149
-4778
-6649
-8058
-8495
-7881
-6311
-4325
-2749
-1988
-1669
-929
653
2797
4849
6143
6447
6030
5414
4950
4592
4243
3797
3051
1765
-60
-1969
-3417
-4202
-4409
-4320
-4200
-4263
-4402
-4134
-3206
-1776
-221
1216
2345
3019
3388
3741
4287
5073
5976
6688
6766
6151
5253
4637
4463
4383
4050
3158
1302
-1525
-4616
-6915
-7875
-7774
-7152
-6836
-7517
-8823
-9726
-9236
-7279
-4452
-1372
1181
2736
3366
3501
3832
4699
6082
7565
8262
7580
5665
3305
1370
146
-392
-567
-1055
-2238
-3955
-5623
-6778
-7173
-6580
-5294
-4080
-3534
-3469
-3235
-2379
-834
1133
3061
4372
4806
4687
4569
4684
4976
5332
5525
5089
3806
2082
400
-949
-1802
-2155
-2352
-2836
-3522
-4058
-4203
-3873
-3032
-1798
-547
422
1054
1494
1935
2533
3382
4320
4924
4942
4651
4580
4843
5132
5173
4906
4329
3184
1290
-1165
-3516
-5049
-5565
-5461
-5505
-6408
-7996
-9458
-9949
-9211
-7521
-5274
-3059
-1377
-323
439
1344
2609
4276
6207
7809
8342
7627
6252
4902
3932
3376
3011
2321
891
-1113
-3223
-5024
-6217
-6612
-6344
-6003
-6080
-6408
-6372
-5551
-4018
-2146
-312
1163
2224
3135
4099
5016
5760
6431
7143
7585
7391
6531
5219
3722
2340
1331
471
-665
-2099
-3370
-4175
-4632
-4800
-4579
-4011
-3336
-2677
-1980
-1182
-311
719
1942
3051
3689
3899
4125
4630
5086
5232
5053
4728
4348
3570
2280
436
-1710
-3417
-4277
-4369
-4525
-5477
-6882
-8139
-8601
-8098
-6929
-5387
-3892
-2614
-1527
-722
-47
703
1764
3173
4412
5040
4908
4226
3419
2767
2463
2403
2253
1836
1106
72
-1155
-2280
-2904
-2994
-2885
-2905
-3094
-3258
-3203
-2832
-2185
-1451
-771
-81
779
1690
2353
2717
2949
3229
3554
3785
3746
3364
2831
2345
1904
1417
901
484
259
164
-13
-423
-941
-1287
-1310
-1110
-886
-798
-810
-806
-734
-592
-407
-86
415
1075
1804
2414
2836
3099
3399
3679
3575
3021
2112
1175
406
-240
-769
-1556
-2714
-4058
-5367
-6253
-6725
-6823
-6591
-6311
-6071
-5907
-5636
-4969
-3910
-2446
-846
507
1522
2270
2995
3827
4716
5608
6242
6525
6482
6115
5450
4593
3746
2949
2070
950
-328
-1617
-2789
-3732
-4478
-5075
-5547
-5753
-5491
-4857
-4120
-3347
-2437
-1344
-139
1067
2240
3280
4148
4874
5402
5661
5641
5383
4995
4555
4044
3345
2398
1330
263
-718
-1503
-2008
-2332
-2638
-2934
-3095
-3037
-2823
-2474
-1947
-1239
-428
386
1193
2022
2821
3256
3057
2326
1457
851
592
507
230
-703
-2198
-3794
-4979
-5375
-5160
-4599
-4042
-3735
-3653
-3758
-3709
-3232
-2369
-1213
-21
999
1718
2175
2592
3000
3428
3857
4163
4261
4101
3708
3074
2236
1387
666
109
-387
-916
-1460
-2030
-2589
-3071
-3371
-3405
-3144
-2520
-1677
-975
-618
-565
-500
-141
600
1603
2506
3032
3106
2857
2565
2405
2422
2570
2704
2617
2200
1547
942
555
392
310
100
-329
-921
-1495
-1847
-1871
-1613
-1274
-1046
-1015
-1065
-992
-656
-25
729
1373
1698
1757
1629
1300
806
264
-144
-321
-329
-384
-803
-1432
-1979
-2336
-2495
-2496
-2319
-2143
-2025
-1906
-1811
-1772
-1745
-1613
-1293
-848
-435
-139
154
532
956
1320
1592
1673
1586
1579
1753
1973
2047
1913
1534
887
201
-299
-483
-455
-406
-546
-912
-1323
-1599
-1649
-1468
-1103
-659
-202
199
472
613
716
929
1239
1530
1673
1578
1328
1091
981
967
920
767
508
226
6
-136
-204
-227
-267
-392
-544
-573
-496
-381
-212
45
301
483
604
692
722
742
790
829
869
954
1005
867
474
-41
-426
-568
-484
-370
-400
-629
-1051
-1474
-1737
-1808
-1737
-1627
-1489
-1385
-1354
-1338
-1283
-1148
-933
-717
-561
-485
-427
-290
-70
229
488
577
509
418
434
589
777
884
878
849
860
823
738
679
635
533
322
53
-213
-384
-359
-269
-294
-448
-567
-563
-453
-249
20
273
408
371
234
175
253
382
530
709
826
779
625
514
436
413
491
610
654
601
515
405
249
93
-34
-129
-190
-245
-301
-384
-506
-632
-692
-648
-568
-508
-433
-308
-169
15
270
550
721
723
652
576
558
649
798
896
786
478
95
-199
-267
-172
-52
-28
-194
-548
-943
-1173
-1201
-1172
-1089
-963
-932
-1125
-1422
-1555
-1465
-1204
-940
-782
-758
-781
-694
-455
-88
252
421
391
250
147
197
376
578
681
670
574
412
236
109
106
221
384
530
533
403
212
152
282
492
673
729
736
665
586
488
436
391
323
282
203
103
-47
-146
-240
-355
-462
-506
-494
-459
-401
-286
-170
-46
82
213
290
310
315
328
432
599
818
907
935
925
933
916
845
759
694
660
578
401
109
-212
-576
-827
-900
-845
-780
-798
-822
-852
-844
-768
-644
-519
-437
-425
-500
-599
-631
-560
-438
-308
-220
-221
-300
-367
-375
-341
-303
-223
-102
-39
-54
-79
-22
81
186
259
249
141
-17
-147
-214
-202
-137
-148
-244
-313
-241
-127
-105
-118
-60
71
160
172
150
178
271
410
533
601
570
422
254
192
285
410
504
591
639
606
488
346
242
189
284
448
554
507
304
60
-109
-153
-66
42
135
139
38
-102
-173
-79
164
400
487
383
204
108
18
-103
-213
-278
-339
-451
-554
-656
-838
-992
-999
-881
-696
-527
-395
-288
-169
4
177
299
388
407
447
513
505
395
272
221
144
18
-58
-89
-165
-268
-362
-430
-481
-481
-455
-450
-389
-279
-205
-203
-192
-145
-134
-135
-66
42
156
239
273
292
326
410
483
545
585
557
425
278
134
-13
-153
-279
-401
-555
-651
-711
-728
-644
-437
-213
-61
52
222
416
622
796
914
960
1021
1052
1031
905
725
537
332
216
111
29
-110
-298
-553
-727
-748
-707
-644
-635
-630
-719
-764
-653
-456
-270
-158
-114
-181
-264
-252
-96
54
179
278
331
359
333
317
306
363
424
435
264
43
-202
-329
-349
-382
-447
-565
-605
-595
-546
-473
-346
-193
7
210
357
465
601
795
975
1036
990
826
582
381
258
207
109
1
-135
-314
-530
-727
-824
-792
-647
-447
-288
-244
-258
-300
-255
-113
90
318
480
596
621
629
630
622
630
599
554
439
282
112
-85
-237
-329
-376
-491
-665
-801
-859
-872
-850
-745
-612
-516
-425
-304
-131
81
300
467
560
644
756
830
873
837
690
405
85
-139
-275
-340
-437
-542
-719
-857
-941
-959
-856
-658
-367
-149
-19
4
-15
52
232
463
628
731
790
750
626
487
415
414
419
432
355
220
102
17
-50
-193
-249
-219
-139
-82
-44
-39
-120
-178
-168
-35
41
66
68
30
-12
-55
-41
4
22
18
-2
-63
-125
-185
-195
-161
-114
-89
-53
-43
-50
1
89
187
197
170
150
45
-35
-59
10
43
54
11
-22
-95
-161
-203
-234
-153
-56
-8
-62
-116
-184
-165
-99
7
33
-80
-210
-379
-429
-336
-119
17
-18
-121
-207
-233
-247
-144
20
221
314
322
303
283
275
313
410
511
560
461
348
178
105
120
144
142
6
-142
-329
-479
-562
-534
-503
-497
-503
-493
-403
-349
-216
-168
-120
-5
181
422
539
579
503
468
509
636
729
669
524
308
165
137
162
167
73
-63
-199
-314
-428
-497
-470
-340
-210
-148
-143
-170
-231
-238
-86
114
262
273
202
158
57
38
22
60
128
62
7
-151
-188
-165
-29
116
135
101
19
12
-15
10
29
55
55
1
-70
-135
-191
-207
-162
-73
-14
-33
-53
-29
-30
-62
0
100
218
174
130
68
0
2
-7
-1
-87
-189
-258
-303
-299
-285
-263
-211
-166
-172
-218
-225
-110
67
228
344
356
301
220
211
243
240
220
162
46
-124
-263
-301
-306
-291
-278
-248
-254
-315
-414
-474
-401
-231
-39
113
169
144
91
166
323
495
626
641
566
413
315
248
183
119
85
35
-109
-328
-514
-585
-593
-559
-566
-544
-502
-407
-278
-126
49
192
348
463
609
709
765
735
649
555
510
457
420
258
102
-84
-279
-436
-556
-539
-576
-571
-566
-485
-359
-221
-83
-10
95
206
399
515
548
487
408
419
398
318
149
43
-6
-13
-108
-231
-395
-554
-583
-588
-517
-478
-390
-264
-136
3
89
213
376
588
746
802
802
682
614
525
456
382
277
192
-27
-231
-420
-537
-625
-672
-655
-642
-643
-646
-595
-506
-343
-147
44
160
241
310
361
361
387
393
359
295
227
194
19
-147
-313
-372
-418
-473
-464
-477
-470
-527
-477
-393
-223
-88
15
96
128
181
220
276
352
385
381
312
222
178
127
71
-44
-115
-125
-146
-254
-390
-430
-405
-350
-298
-183
-72
30
160
270
369
441
495
503
511
514
475
356
292
219
145
70
43
-11
-136
-224
-295
-303
-292
-164
-61
-3
-5
3
92
212
362
457
478
437
376
282
211
125
112
26
-77
-178
-289
-366
-510
-501
-457
-363
-296
-316
-329
-313
-240
-139
-96
-37
-1
-3
13
-12
-8
29
153
209
122
-72
-213
-184
-97
21
26
-27
-102
-155
-139
-114
-85
-26
99
173
168
95
92
135
170
251
317
339
243
156
95
23
-52
-154
-191
-209
-193
-156
-176
-189
-189
-129
2
104
218
287
382
447
513
521
500
491
469
445
306
204
68
-5
-100
-185
-232
-296
-334
-377
-382
-357
-341
-308
-202
-116
-66
-94
-128
-94
-53
9
100
105
44
-90
-167
-189
-239
-277
-282
-292
-300
-356
-403
-439
-415
-334
-242
-165
-160
-158
-149
-42
76
173
248
316
337
332
314
302
270
234
246
248
191
81
-22
-105
-154
-182
-161
-147
-148
-138
-120
-52
36
170
296
430
538
552
558
602
665
670
628
582
503
416
319
175
14
-122
-189
-251
-322
-392
-449
-417
-340
-262
-216
-198
-160
-171
-185
-128
-27
93
60
11
-16
-6
-6
-61
-58
-85
-37
-51
-78
-175
-282
-288
-262
-200
-213
-280
-346
-366
-298
-175
-78
-36
-68
-110
-115
-73
-33
-22
10
14
12
-4
13
74
30
-4
-85
-131
-139
-159
-106
-130
-97
-19
90
175
233
275
308
331
377
443
446
482
503
550
539
493
445
404
378
296
205
29
-112
-208
-220
-233
-327
-378
-383
-366
-376
-353
-282
-238
-219
-216
-195
-139
-86
20
70
108
106
79
93
72
104
88
64
-4
-70
-90
-149
-171
-227
-228
-231
-238
-244
-304
-280
-237
-155
-61
25
139
184
168
156
139
169
164
160
120
69
0
-36
-33
-36
-15
-78
-110
-126
-134
-78
-58
19
41
47
90
118
191
225
250
295
384
478
510
469
410
400
396
359
268
139
42
-13
-47
-80
-189
-247
-289
-312
-324
-306
-220
-195
-199
-210
-127
-61
7
20
45
60
77
66
35
-9
-11
17
-53
-130
-208
-216
-233
-244
-233
-262
-290
-280
-247
-232
-197
-158
-97
-66
2
82
136
185
159
125
82
101
154
160
123
86
83
82
16
-53
-81
-57
-37
3
-1
-20
1
6
-10
-98
-86
-2
74
130
165
235
249
261
277
314
360
338
284
186
115
64
-22
-114
-147
-149
-157
-188
-216
-221
-222
-203
-150
-86
-11
86
125
109
44
17
72
128
148
132
57
1
-92
-170
-175
-189
-204
-316
-398
-434
-468
-458
-382
-226
-173
-150
-163
-102
-58
-10
107
180
235
223
211
237
264
285
250
209
181
158
136
115
154
170
131
38
-36
-62
-108
-143
-142
-109
-48
-23
36
53
24
28
54
174
230
214
144
52
28
33
51
48
-15
-97
-155
-166
-127
-57
1
4
-36
-38
41
107
89
53
120
240
307
255
182
120
93
116
130
126
31
-36
-113
-135
-159
-192
-220
-260
-231
-220
-217
-209
-208
-200
-150
-75
40
88
83
101
131
207
267
288
324
296
231
138
49
17
-4
-16
-62
-133
-227
-307
-310
-272
-199
-167
-150
-165
-188
-192
-179
-135
-45
-8
-42
-127
-148
-80
-47
-14
9
6
-3
-30
-78
-93
-25
115
194
158
92
35
-7
20
45
77
107
126
58
-30
-88
-71
-64
-89
-81
-119
-144
-187
-200
-194
-132
-57
-7
4
-2
18
26
61
121
186
197
215
228
260
257
232
215
185
205
245
252
222
193
139
82
71
105
138
99
92
90
77
78
79
84
63
25
5
3
34
88
46
21
-22
-40
-106
-220
-266
-310
-319
-322
-299
-281
-258
-229
-207
-157
-108
-50
-34
-14
41
99
162
207
166
129
143
218
237
141
56
5
-17
-69
-99
-121
-212
-305
-353
-304
-268
-231
-184
-197
-202
-228
-192
-146
-102
-7
49
79
86
77
120
158
220
307
312
266
177
106
93
61
97
105
104
74
36
38
26
57
42
60
69
85
80
44
32
9
48
90
107
69
19
29
42
41
9
-7
11
-36
-97
-160
-156
-169
-153
-88
-58
-108
-215
-245
-247
-206
-186
-145
-123
-91
-36
0
56
104
155
137
104
94
78
46
20
47
44
-25
-72
-89
-59
-57
-45
-58
-91
-108
-132
-116
-62
10
15
-25
-39
-17
-48
-50
-8
116
202
249
252
211
229
226
270
284
259
202
133
108
94
67
47
14
-30
-43
-70
-125
-156
-75
38
55
-3
-43
-16
42
64
47
34
48
42
-4
-44
-34
-72
-146
-143
-66
-36
-64
-154
-194
-195
-153
-93
-147
-203
-228
-183
-126
