9
-8
-11
32
24
10
-21
-25
-6
7
14
13
4
-23
-31
-46
-30
3
-1
-3
-21
-3
26
-17
-26
-43
-25
-8
13
17
-14
-12
5
14
-15
19
37
31
-6
-34
-14
-6
22
30
27
40
18
35
12
-11
3
24
42
-5
-33
-33
-21
5
30
24
-7
-13
-10
10
17
26
28
9
18
12
-11
-18
15
32
4
2
1
1
-21
-22
3
1
11
6
-6
-1
-8
6
-5
-2
18
31
42
29
19
-2
-20
-26
-15
18
21
12
-24
-17
2
-9
22
8
30
30
33
30
-11
-15
4
11
30
11
-27
-26
-36
-17
-40
-21
10
-23
-50
-48
-12
-29
-43
-27
4
29
1
-20
-35
-37
-4
-3
-12
13
12
23
-3
-26
-12
-7
11
30
4
2
3
20
53
27
19
14
19
43
5
-31
-40
-42
-15
-17
-25
-22
-16
37
29
25
17
-13
-29
-18
4
2
6
23
1
-30
-28
-5
5
-16
-2
-22
-18
19
-14
-14
-39
-13
21
-2
6
8
-4
18
-11
6
36
28
40
-14
-3
9
27
28
-1
-3
-5
18
16
-15
19
18
15
-14
-12
0
13
24
37
-1
-3
-2
-48
-18
-10
11
-2
-6
17
-25
-35
-8
15
-3
-9
-1
-5
21
16
15
-28
-20
16
-14
-23
10
58
78
54
32
5
-9
-2
9
-17
9
13
2
-12
-44
-22
-18
-6
4
-7
23
24
-7
-30
-7
2
10
4
-11
12
0
32
26
-7
20
3
11
0
-7
20
2
1
6
-8
0
23
18
8
-12
-3
-3
-25
-29
-23
-21
-10
-29
-26
-34
-27
-42
-38
-27
-22
-6
-17
-10
4
-10
14
-11
-12
-16
-42
4
30
56
9
-29
-49
-37
-14
4
25
-5
-2
-6
-37
-15
-2
-2
-13
9
18
25
-11
1
30
-29
21
13
37
37
17
47
-13
-34
-2
10
37
28
20
8
-28
-12
-33
-4
-9
15
51
41
35
-26
-32
-26
-13
15
28
40
32
24
-10
-4
-2
7
8
11
44
24
3
-22
2
2
9
26
17
33
9
0
21
35
52
33
19
23
-19
-55
-35
-5
-5
-2
-37
-15
-20
-36
-8
-53
-13
8
12
-8
-26
-11
-4
-17
-17
4
0
6
23
47
58
27
-23
4
-20
-21
-8
-13
21
-14
-30
-39
-50
-1
36
31
13
-23
-14
-22
-2
-31
-21
-10
10
56
-26
-25
-47
0
42
0
40
14
3
-13
-9
61
53
13
-9
-36
-18
-27
12
37
7
-12
-40
-14
-25
-24
3
-11
-8
-33
-43
-49
-52
-16
12
-9
-12
-19
-8
4
-49
1
-1
26
-1
-6
10
-9
-8
-20
-2
21
7
23
38
42
23
-2
37
25
43
8
29
8
9
14
-22
2
-2
32
2
4
-25
-12
-12
-23
-5
-27
7
-10
-16
-1
2
6
-4
-6
10
0
0
23
8
10
14
39
37
29
21
20
15
7
14
1
10
16
-13
-13
-23
-16
-3
-16
7
9
4
17
-1
-18
-15
-50
-13
-22
-16
18
-14
-3
-42
-21
4
8
-10
7
9
14
14
30
28
22
22
20
-28
-21
30
1
-22
-47
6
1
14
34
36
2
-18
-24
-40
-31
-24
-29
-43
-3
15
15
0
21
17
-3
16
18
30
28
30
-9
5
16
9
-11
4
0
17
4
-3
0
-20
21
-38
-40
-24
5
17
28
1
3
-20
9
0
-3
-5
-15
-7
3
6
-19
-5
-11
-14
-27
-6
9
0
-4
4
0
18
32
-6
-21
-24
10
-11
-10
2
9
10
14
27
-5
-10
-4
30
44
59
1
-16
-34
-22
17
-8
17
-16
-29
1
-5
-10
-32
-15
17
26
17
11
-5
1
12
27
3
-18
-13
17
38
-15
-41
-50
-16
-4
-6
-19
-14
14
59
38
5
-13
13
18
18
27
26
8
-7
9
24
-5
-21
-10
27
48
24
-8
-51
-36
-8
1
-1
27
52
29
-8
-14
-10
-20
-28
8
9
14
-12
-45
-79
-63
2
45
31
9
-19
-23
-7
-12
0
-26
3
12
23
0
-41
-56
-37
11
14
-6
-3
19
17
-7
-38
-23
0
39
46
22
16
-5
-12
-3
14
22
4
13
3
-14
-18
-4
5
-22
-15
0
9
7
-4
-4
-40
-44
-21
-3
-7
-10
-8
3
-14
-7
-10
-18
-5
8
9
-7
8
21
24
-8
8
20
16
-3
-35
-39
-19
-8
-1
-7
36
27
-13
-33
-14
26
17
28
34
41
35
28
19
-1
-20
-13
13
16
19
10
5
-8
-26
-27
-26
-51
-43
-11
17
12
-17
-10
14
21
18
12
4
28
41
47
13
-31
-30
-19
6
44
40
15
1
8
21
-4
-13
7
15
27
26
-4
-21
-29
-30
-14
8
38
14
-36
-40
-1
30
21
-20
-31
6
41
50
22
10
-4
-14
-12
-10
4
2
15
4
-2
14
12
5
-4
28
40
26
20
25
17
3
-6
2
10
17
-6
-42
-49
-39
-32
-24
-17
0
1
7
-22
-59
-43
6
27
-6
-35
-32
-24
-21
-21
-31
-46
-53
-65
-68
-48
-30
-23
-11
4
-20
-59
-68
-28
9
33
29
-13
-28
16
77
99
81
62
70
108
141
131
102
87
81
87
114
121
79
24
-2
-9
-13
-12
-41
-95
-120
-127
-150
-192
-198
-181
-169
-158
-163
-188
-216
-215
-182
-145
-107
-95
-111
-118
-106
-77
-28
40
112
192
273
339
346
307
299
341
433
527
573
580
560
549
509
408
282
163
98
116
164
143
-3
-211
-389
-519
-571
-588
-598
-609
-605
-603
-645
-740
-839
-928
-965
-933
-908
-930
-973
-942
-826
-680
-553
-448
-320
-101
193
503
782
990
1139
1260
1412
1554
1680
1790
1894
1987
2077
2140
2029
1710
1295
949
738
666
658
528
157
-385
-935
-1424
-1819
-2089
-2179
-2158
-2108
-2104
-2180
-2331
-2510
-2550
-2322
-1849
-1307
-848
-521
-297
-147
-57
-15
39
127
286
483
674
802
808
770
755
829
1018
1238
1476
1722
1926
2021
1972
1926
1955
2084
2306
2546
2727
2768
2582
2077
1367
689
257
117
169
133
-309
-1151
-2155
-3041
-3586
-3736
-3608
-3403
-3202
-3057
-3096
-3289
-3430
-3294
-2762
-1850
-803
30
458
590
611
656
821
1023
1274
1516
1665
1609
1244
716
160
-147
13
499
1072
1447
1544
1471
1369
1392
1513
1788
2268
2831
3273
3448
3373
3070
2550
1884
1202
661
353
189
-59
-605
-1506
-2598
-3569
-4145
-4245
-4075
-3859
-3702
-3647
-3682
-3727
-3619
-3244
-2560
-1561
-434
471
936
1033
1009
1039
1137
1221
1241
1254
1315
1331
1163
781
292
-83
-167
111
619
1141
1532
1761
1885
1946
2030
2264
2712
3355
4073
4696
4960
4523
3353
1868
627
35
64
318
194
-771
-2458
-4357
-5843
-6505
-6380
-5797
-5118
-4593
-4438
-4717
-5133
-5125
-4282
-2623
-567
1256
2328
2598
2459
2460
2901
3656
4379
4704
4387
3410
2033
729
-77
-314
-275
-243
-403
-769
-1274
-1674
-1613
-1063
-228
632
1335
1777
1983
2176
2626
3430
4436
5322
5634
5041
3696
2090
856
387
493
608
69
-1277
-3092
-4885
-6122
-6591
-6406
-5834
-5142
-4611
-4465
-4638
-4757
-4358
-3208
-1455
420
1852
2613
2855
2934
3194
3584
3873
3809
3291
2467
1441
500
-136
-489
-669
-906
-1167
-1360
-1398
-1119
-522
266
989
1503
1875
2242
2713
3346
4172
5137
6000
6207
5325
3594
1712
392
-62
71
104
-745
-2605
-4886
-6830
-7866
-7924
-7272
-6257
-5256
-4599
-4432
-4487
-4197
-3108
-1149
1293
3486
4755
5009
4721
4532
4780
5359
5829
5757
4946
3316
928
-1627
-3464
-4185
-4068
-3788
-3931
-4673
-5588
-5871
-5110
-3420
-1290
617
1896
2549
2855
3187
3910
5249
7001
8584
9444
9341
8403
6745
4611
2493
854
-96
-724
-1595
-3223
-5734
-8440
-10365
-10818
-9896
-8396
-7045
-6137
-5537
-4976
-4180
-2769
-589
2126
4803
6771
7589
7321
6640
6354
6741
7365
7346
6088
3579
329
-2896
-5387
-6490
-6310
-5670
-5541
-6358
-7606
-8327
-7595
-5248
-2073
820
2674
3435
3649
3966
4851
6435
8467
10366
11483
11462
10467
8706
6272
3656
1424
-42
-907
-1826
-3441
-6153
-9458
-12183
-13384
-12784
-11070
-9255
-7901
-6970
-6123
-5022
-3256
-549
2841
6157
8627
9801
9742
9050
8543
8665
9131
9124
7961
5600
2328
-1354
-4859
-7600
-9010
-9309
-9181
-9308
-9908
-10342
-9928
-8113
-5031
-1542
1484
3549
4877
5880
6874
8124
9650
11185
12214
12418
11871
10888
9763
8395
6135
2751
-1026
-4065
-5672
-6310
-7016
-8726
-11484
-14140
-15469
-14863
-12662
-9762
-6826
-4220
-2126
-602
742
2745
5776
9273
12109
13362
12850
11123
9198
7867
7170
6491
5069
2688
-396
-4017
-7867
-11185
-13070
-13131
-12077
-10952
-10271
-9834
-8840
-6817
-3609
388
4224
7166
9051
10233
10936
11332
11822
12535
13090
12886
11770
10011
7892
5422
2252
-1475
-5051
-7753
-9332
-10261
-11134
-12481
-14154
-15161
-14697
-12623
-9585
-6293
-3048
-13
2647
4740
6450
8249
10292
12235
13424
13341
11903
9554
7058
4941
3178
1355
-904
-3512
-6149
-8684
-11143
-13191
-14172
-13780
-12253
-10152
-7883
-5746
-3776
-1608
1124
4381
7567
10091
11739
12585
12828
12737
12570
12345
11861
10843
9212
7099
4599
1399
-2580
-6542
-9478
-10871
-11179
-11262
-11859
-13251
-14554
-14545
-12479
-8740
-4537
-764
2219
4422
5968
7199
8722
10676
12533
13526
13080
11151
8175
5027
2552
902
-460
-2296
-4816
-7617
-10191
-12095
-13044
-12960
-12022
-10732
-9359
-7752
-5621
-2873
157
3246
6154
8490
10068
11041
11734
12170
12317
12238
11817
10830
9196
7104
4899
2871
1094
-1042
-4235
-7985
-11168
-12812
-12854
-11932
-10862
-10539
-10806
-10623
-9076
-5945
-1932
2146
5635
8000
9050
9071
8964
9478
10437
11054
10494
8423
5068
1198
-2077
-4119
-5176
-6016
-7189
-8619
-10048
-11252
-11826
-11267
-9469
-7036
-4691
-2681
-793
1206
3392
5727
7982
9733
10662
10855
10651
10269
9764
9169
8454
7325
5605
3514
1582
199
-744
-1956
-4242
-7350
-10189
-11601
-11259
-9763
-8098
-7284
-7357
-7455
-6584
-4232
-787
2942
6135
8121
8647
7987
7109
6973
7628
8278
7923
6100
2998
-634
-3703
-5470
-6023
-6080
-6370
-7071
-8113
-9198
-9835
-9441
-7633
-5015
-2435
-330
1333
2781
4046
5433
7030
8506
9502
9739
9313
8497
7573
6710
5929
5026
3800
2336
1050
351
59
-512
-2341
-5381
-8381
-9964
-9567
-7869
-5973
-5104
-5643
-6622
-6733
-5110
-2012
1615
4826
6835
7273
6358
5051
4625
5370
6426
6670
5477
2932
-412
-3498
-5280
-5645
-5321
-5168
-5537
-6334
-7422
-8398
-8470
-7049
-4595
-2153
-260
1220
2419
3455
4705
6272
7764
8697
8933
8585
7803
6866
5946
5178
4480
3626
2562
1560
1076
983
760
-719
-3852
-7421
-9683
-9491
-7600
-5378
-4145
-4706
-6178
-7036
-5958
-3010
669
4102
6472
7238
6315
4539
3531
4059
5364
6077
5307
3071
-219
-3625
-5834
-6351
-5869
-5488
-5617
-6003
-6607
-7230
-7343
-6300
-4164
-1950
-174
1309
2805
4161
5103
6033
7067
7920
8245
7984
7425
6624
5695
4885
4288
3684
2828
1846
1344
1469
1727
867
-1947
-5687
-8630
-9327
-7876
-5499
-3739
-4065
-6016
-7784
-7644
-5156
-1486
2104
4595
5441
4792
3412
2652
3226
4578
5634
5538
4070
1431
-1710
-4102
-4993
-4687
-4126
-4100
-4666
-5551
-6336
-6502
-5748
-4050
-2010
-508
515
1553
2754
3841
4776
5884
6817
7134
6905
6371
5760
5132
4650
4365
4100
3640
2941
2262
2048
2271
2439
1429
-1521
-5432
-8468
-9098
-7459
-5084
-3740
-4756
-7316
-9222
-8697
-5591
-1468
2143
4381
4945
4160
2957
2682
3873
5668
6879
6789
5182
2210
-1293
-3690
-4108
-3335
-2766
-3059
-3940
-5138
-6296
-6642
-5710
-3865
-2137
-1133
-407
555
1732
2826
3916
5171
6049
6195
5898
5561
5246
4853
4585
4478
4256
3652
2873
2415
2594
3057
3052
1616
-1696
-5712
-8514
-8756
-6835
-4549
-3708
-5231
-8025
-9780
-8886
-5424
-1056
2490
4356
4564
3836
3158
3468
4960
6782
7842
7493
5637
2623
-613
-2682
-2995
-2438
-2311
-3161
-4626
-6196
-7248
-7142
-5872
-4064
-2664
-2034
-1617
-815
422
1784
3333
4982
5951
5824
5134
4635
4482
4613
4989
5318
5164
4326
3233
2511
2523
3128
3823
3456
724
-3784
-7853
-9305
-7967
-5556
-3940
-4555
-7048
-9438
-9641
-6915
-2672
1230
3836
4980
4911
4153
3824
4734
6355
7567
7645
6413
3819
257
-2754
-3859
-3458
-3040
-3555
-4744
-6209
-7538
-7823
-6591
-4515
-2847
-2169
-1910
-1284
-48
1631
3430
5086
6077
6014
5418
4982
4858
4819
4937
5295
5403
4772
3665
2745
2470
2852
3607
3849
1932
-2244
-6824
-9398
-8874
-6455
-4087
-3731
-5875
-8766
-10052
-8216
-4045
378
3628
5230
5429
4716
4015
4339
5589
6908
7524
6955
4895
1420
-2203
-4297
-4544
-3973
-3845
-4510
-5744
-7195
-7922
-7257
-5407
-3431
-2249
-1604
-963
12
1340
2908
4656
5950
6226
5698
5024
4656
4471
4540
4974
5317
5028
4053
3038
2523
2685
3448
4321
3958
1018
-3719
-7841
-9216
-7780
-5229
-3588
-4401
-7285
-10059
-10358
-7479
-3006
1036
3612
4692
4616
3964
3742
4597
6130
7445
7892
7051
4588
916
-2349
-3761
-3549
-3062
-3302
-4311
-5873
-7429
-7956
-6967
-5067
-3368
-2389
-1789
-1014
220
1810
3519
5072
5995
6002
5493
5112
4994
4929
4977
5137
4998
4283
3223
2475
2338
2771
3464
3857
2782
-618
-5218
-8665
-9225
-7376
-4937
-3749
-4994
-7969
-10382
-9965
-6407
-1635
2265
4452
5135
4817
4168
4191
5349
6961
8039
8053
6785
4062
362
-2692
-3829
-3478
-3061
-3540
-4845
-6594
-8082
-8183
-6643
-4535
-3256
-3021
-2848
-2008
-318
1901
4078
5623
6055
5645
5164
5124
5393
5561
5688
5706
5260
4171
2919
2185
2142
2660
3457
3987
2761
-1021
-5904
-9335
-9644
-7526
-4793
-3460
-4838
-7998
-10389
-9667
-5792
-821
3252
5546
6153
5548
4587
4423
5449
6988
8134
8253
6879
3695
-509
-3760
-4820
-4304
-3771
-4149
-5373
-7154
-8648
-8748
-7202
-4965
-3343
-2506
-1883
-996
399
2228
4285
5975
6683
6419
5768
5371
5253
5223
5328
5349
4813
3656
2461
1926
2068
2616
3286
3640
2672
-462
-4805
-8211
-9052
-7538
-5195
-3737
-4516
-7257
-9822
-9771
-6477
-1732
2283
4630
5392
4984
4193
4147
5343
6997
8048
8050
6862
4266
661
-2485
-3906
-3915
-3769
-4294
-5470
-7051
-8493
-8780
-7466
-5450
-4036
-3448
-2942
-1851
-59
2222
4489
6058
6584
6325
5981
5963
6074
5984
5707
5394
4835
3859
2743
1962
1720
1975
2655
3408
3165
619
-3793
-7925
-9619
-8401
-5697
-3445
-3461
-6017
-9097
-10019
-7478
-2893
1432
4293
5562
5565
4811
4340
4956
6279
7399
7813
7269
5304
1795
-1974
-4221
-4662
-4392
-4499
-5203
-6435
-8005
-8855
-8086
-6084
-4206
-3185
-2374
-1335
-7
1635
3514
5279
6185
6155
5733
5407
5275
5001
4646
4392
4045
3326
2426
1862
1779
2057
2671
3488
4056
3287
328
-3904
-7284
-8068
-6395
-3828
-2179
-3021
-6145
-9240
-9642
-6518
-1787
2213
4468
5014
4385
3395
3197
4294
5885
7022
7247
6341
3999
430
-2909
-4609
-4727
-4326
-4309
-4911
-6241
-7929
-8725
-7775
-5637
-3715
-2625
-1869
-1007
111
1624
3495
5235
6120
6136
5911
5812
5650
5146
4574
4336
4226
3866
3286
2859
2745
2863
3313
3963
4239
2939
-444
-4581
-7438
-7696
-5896
-3683
-2817
-4476
-7745
-10109
-9406
-5703
-1195
2211
3866
4061
3479
3010
3467
4750
6004
6674
6625
5609
3272
-55
-2986
-4465
-4640
-4272
-4104
-4591
-6010
-7715
-8272
-7094
-4992
-3168
-1912
-932
-136
634
1710
3113
4427
5258
5673
5849
5671
5051
4176
3581
3579
3878
4060
3953
3643
3346
3287
3632
4176
4384
3331
452
-3370
-6378
-7254
-6198
-4504
-3696
-4896
-7624
-9864
-9648
-6718
-2787
456
2425
3260
3282
3022
3277
4256
5400
6241
6685
6442
4802
1769
-1348
-3163
-3573
-3329
-3119
-3480
-4835
-6828
-8025
-7424
-5507
-3651
-2530
-1975
-1789
-1505
-508
1466
3729
5285
5869
5784
5421
4949
4541
4588
5129
5702
5726
5204
4450
3657
3104
3123
3754
4426
3881
1189
-3091
-7081
-8885
-8096
-5825
-3971
-4286
-6847
-9750
-10555
-8237
-4150
-227
2419
3619
3758
3447
3592
4449
5524
6440
7134
7378
6350
3658
275
-2335
-3513
-3596
-3291
-3309
-4322
-6247
-7853
-7977
-6730
-5254
-4307
-3612
-2805
-1678
-148
1647
3278
4248
4766
5326
5980
6357
6147
5648
5284
5141
5004
4662
4200
3742
3427
3433
3780
4162
3866
1967
-1592
-5506
-7973
-8114
-6609
-4865
-4385
-5928
-8567
-10255
-9362
-6160
-2300
902
2946
3861
3929
3838
4308
5242
6136
6814
7303
7167
5624
2777
-198
-2285
-3346
-3704
-3720
-3998
-5196
-6951
-8035
-7827
-6866
-5957
-5118
-3982
-2618
-1161
416
2034
3263
3861
4470
5568
6683
7001
6447
5735
5280
5035
4911
4836
4671
4321
4043
4139
4387
4316
3299
851
-2700
-6135
-8059
-7943
-6445
-4923
-4876
-6775
-9327
-10493
-9014
-5541
-1722
1285
3036
3696
3782
4019
4801
5690
6367
6992
7594
7497
5887
3050
84
-2190
-3447
-3727
-3499
-3761
-5193
-7110
-8249
-8156
-7352
-6434
-5420
-4309
-3218
-1876
22
2123
3552
4078
4502
5356
6293
6820
6931
6795
6279
5498
4966
4930
5029
4867
4579
4425
4240
3800
2774
590
-2839
-6480
-8634
-8526
-6928
-5372
-5318
-7116
-9521
-10547
-8948
-5425
-1681
1124
2821
3769
4357
4940
5644
6124
6345
6733
7496
7884
6722
3923
526
-2272
-3886
-4266
-3899
-3883
-5086
-7038
-8419
-8580
-7998
-7279
-6314
-4964
-3457
-1873
-87
1680
2763
3217
3997
5477
6986
7753
7837
7565
6901
6061
5633
5802
5974
5609
4998
4590
4182
3457
2384
695
-2069
-5495
-8102
-8838
-8076
-6925
-6330
-6902
-8476
-9909
-9608
-7168
-3709
-550
1812
3415
4303
4774
5331
5962
6323
6539
7082
7792
7545
5646
2613
-492
-2902
-4189
-4219
-3753
-4151
-5813
-7631
-8477
-8346
-7844
-7092
-6012
-4857
-3693
-2079
101
2017
2987
3605
4743
6259
7419
8024
8281
8040
7258
6579
6501
6576
6086
5202
4586
4261
3829
3271
2453
520
-3005
-6911
-9255
-9361
-8051
-6465
-5670
-6502
-8655
-10359
-9791
-7033
-3560
-480
2011
3759
4574
4866
5241
5624
5723
5939
6870
7957
7829
5974
3165
331
-2062
-3520
-3783
-3628
-4289
-5768
-6950
-7296
-7373
-7643
-7746
-7333
-6434
-4890
-2453
321
2201
2838
3170
4035
5278
6472
7605
8544
8819
8320
7655
7193
6567
5613
4934
4955
5165
4856
4013
2716
442
-2953
-6401
-8518
-9029
-8530
-7582
-6770
-6963
-8389
-9921
-10020
-8339
-5648
-2620
462
3041
4537
5155
5582
5939
5987
6074
6796
7916
8344
7371
5275
2570
-320
-2767
-4042
-4261
-4384
-4995
-5763
-6377
-7096
-8092
-8899
-8922
-8055
-6347
-3820
-902
1426
2537
2882
3340
4255
5478
6850
8194
9054
9110
8568
7879
7093
6097
5138
4663
4696
4755
4471
3804
2503
38
-3485
-6947
-9081
-9474
-8475
-6879
-5851
-6424
-8331
-10045
-10090
-8342
-5571
-2444
596
3010
4473
5246
5681
5710
5343
5233
5986
7235
7895
7314
5595
3050
129
-2279
-3367
-3416
-3476
-4015
-4666
-5241
-6028
-7130
-8049
-8365
-7988
-6695
-4260
-1252
1010
1859
1940
2177
2869
3983
5528
7231
8372
8575
8157
7561
6759
5692
4811
4610
4944
5255
5216
4766
3677
1512
-1588
-4783
-7154
-8283
-8170
-7162
-6168
-6259
-7576
-9200
-9933
-9303
-7497
-4906
-1994
662
2611
3861
4635
4904
4615
4259
4631
5856
7148
7620
7030
5468
3192
867
-687
-1354
-1798
-2491
-3217
-3740
-4264
-5045
-5965
-6780
-7391
-7533
-6717
-4916
-2845
-1262
-220
593
1243
1721
2295
3278
4534
5667
6588
7348
7735
7443
6682
6011
5741
5793
6086
6494
6674
6025
4075
951
-2608
-5633
-7460
-7878
-7232
-6404
-6378
-7408
-8860
-9824
-9900
-9054
-7293
-4774
-2017
403
2316
3672
4244
4016
3648
3991
5201
6678
7777
8172
7602
5965
3732
1774
439
-602
-1556
-2163
-2392
-2726
-3565
-4786
-6149
-7545
-8587
-8583
-7285
-5366
-3680
-2426
-1409
-683
-281
223
1307
2864
4472
6059
7604
8645
8659
7894
7199
7042
7268
7567
7836
7827
7239
5862
3666
689
-2727
-5750
-7511
-7751
-7070
-6475
-6717
-7863
-9366
-10385
-10380
-9285
-7394
-5053
-2589
-261
1764
3218
3807
3604
3294
3648
4870
6493
7845
8385
7794
6185
4163
2447
1259
361
-407
-981
-1444
-2056
-3003
-4176
-5479
-6810
-7820
-8046
-7433
-6451
-5410
-4228
-2871
-1610
-686
45
814
1679
2759
4256
6084
7627
8345
8362
8112
7821
7575
7509
7653
7723
7457
6772
5413
3025
-286
-3624
-5981
-7002
-7060
-6797
-6902
-7713
-9011
-10024
-10193
-9609
-8612
-7239
-5308
-2901
-376
1833
3268
3633
3265
3091
3851
5407
7024
8093
8319
7657
6322
4783
3333
1903
459
-656
-1183
-1390
-1842
-2850
-4322
-6016
-7535
-8343
-8208
-7436
-6511
-5530
-4349
-3057
-1895
-943
-87
754
1669
2956
4799
6839
8364
9049
9108
8812
8299
7834
7629
7590
7407
6986
6322
4998
2485
-1057
-4588
-7054
-8124
-8110
-7644
-7494
-8098
-9197
-9956
-9822
-8934
-7690
-6185
-4292
-2022
407
2700
4356
4959
4701
4409
4843
6006
7321
8176
8216
7347
5796
4070
2548
1130
-386
-1831
-2857
-3382
-3731
-4307
-5298
-6609
-7847
-8506
-8323
-7501
-6490
-5463
-4194
-2541
-702
885
1899
2349
2627
3350
4842
6779
8413
9176
9041
8329
7473
6804
6430
6165
5802
5339
4889
4270
2900
402
-2914
-6082
-8122
-8610
-7881
-6876
-6558
-7170
-8170
-8684
-8325
-7324
-6060
-4619
-2847
-681
1735
4001
5459
5647
4870
4160
4370
5432
6631
7286
7021
5786
3962
2209
848
-398
-1816
-3175
-4053
-4368
-4463
-4685
-5196
-6009
-6869
-7221
-6665
-5471
-4282
-3320
-2339
-1170
60
1175
2056
2587
2812
3166
4179
5770
7186
7710
7293
6386
5480
4953
4917
5125
5127
4764
4228
3737
3060
1687
-558
-3247
-5607
-6930
-6942
-6042
-5177
-5203
-6136
-7226
-7593
-6955
-5658
-4180
-2721
-1207
515
2431
4142
5009
4689
3647
2875
3050
4004
4994
5364
4804
3451
1798
409
-561
-1408
-2369
-3270
-3776
-3806
-3679
-3768
-4214
-4935
-5605
-5726
-5023
-3779
-2653
-1930
-1411
-795
11
948
1909
2708
3236
3698
4414
5337
6006
6020
5459
4713
4186
4101
4393
4745
4702
4111
3296
2718
2513
2260
1358
-405
-2618
-4501
-5438
-5346
-4671
-4212
-4457
-5199
-5799
-5782
-5241
-4521
-3754
-2843
-1608
-15
1733
3115
3483
2845
1980
1728
2272
3150
3857
4040
3511
2407
1220
324
-461
-1529
-2725
-3503
-3606
-3306
-3023
-3017
-3499
-4396
-5131
-4958
-3813
-2430
-1471
-861
-276
364
1013
1750
2487
2855
2811
2879
3451
4201
4576
4468
4114
3658
3260
3215
3583
3988
4052
3895
3933
4223
4486
4342
3443
1568
-1013
-3369
-4633
-4731
-4332
-4156
-4551
-5430
-6439
-7021
-6888
-6262
-5440
-4383
-2850
-954
824
2027
2379
1939
1203
924
1611
2957
4130
4529
4068
2954
1495
166
-730
-1352
-1948
-2412
-2487
-2248
-2125
-2432
-3143
-3975
-4493
-4279
-3240
-1839
-717
-132
95
235
449
815
1325
1872
2356
2894
3635
4425
4843
4658
4085
3484
3149
3291
3895
4622
5012
4879
4413
3873
3383
2988
2737
2394
1414
-431
-2677
-4554
-5638
-5985
-5895
-5863
-6273
-7051
-7605
-7370
-6434
-5276
-4156
-3032
-1873
-727
486
1703
2548
2796
2756
2923
3358
3731
3813
3631
3171
2409
1511
714
-39
-964
-1909
-2460
-2537
-2442
-2504
-2766
-3213
-3775
-4078
-3690
-2598
-1326
-318
396
945
1388
1826
2418
3132
3714
4021
4214
4414
4479
4260
3868
3484
3091
2654
2307
2178
2173
2109
1984
1872
1709
1396
1025
886
966
748
-272
-2010
-3872
-5306
-5996
-5854
-5253
-4913
-5224
-5871
-6137
-5734
-4905
-3895
-2754
-1514
-317
831
2011
2939
3168
2751
2336
2481
3111
3789
4210
4101
3229
1796
486
-252
-710
-1307
-1928
-2277
-2400
-2512
-2593
-2561
-2591
-2783
-2745
-2008
-739
490
1354
1900
2124
2055
2002
2313
2873
3244
3273
3197
3114
2772
2086
1343
787
366
79
108
448
726
712
539
429
397
475
828
1477
2199
2503
1928
387
-1692
-3573
-4615
-4557
-3696
-2891
-2860
-3634
-4648
-5205
-5077
-4356
-3226
-1842
-396
917
2080
2930
3041
2323
1409
1143
1746
2772
3670
4063
3577
2172
408
-882
-1470
-1793
-1993
-1864
-1417
-1067
-1112
-1404
-1847
-2393
-2623
-1935
-321
1391
2465
2867
2742
2135
1302
778
823
1088
1250
1363
1448
1196
324
-875
-1863
-2405
-2450
-1931
-963
-45
365
385
459
771
1255
1978
3053
4318
5416
6261
6612
5760
3378
211
-2331
-3414
-3204
-2410
-2036
-2911
-5017
-7307
-8405
-7979
-6704
-5252
-3811
-2395
-1097
93
1133
1663
1484
1148
1538
2956
4708
5845
5905
4879
3219
1671
906
860
844
474
-62
-481
-866
-1469
-2312
-3230
-3953
-4001
-3068
-1530
-331
-112
-605
-1174
-1414
-1251
-789
-201
197
320
505
947
1294
1094
495
92
201
754
1536
2217
2451
2178
1804
1815
2233
2710
2999
3126
3292
3598
4085
4573
4744
4319
2928
632
-1950
-3940
-4840
-4838
-4383
-4114
-4656
-6002
-7451
-8001
-7307
-5845
-4115
-2301
-509
993
2053
2834
3306
3318
3163
3479
4469
5483
5735
5039
3609
1770
41
-982
-1207
-1295
-1735
-2321
-2762
-3210
-3930
-4690
-5048
-4889
-4182
-2771
-865
677
1120
773
500
676
1189
1931
2706
3076
2766
2256
2108
2131
1769
988
309
4
-45
145
546
775
465
-216
-652
-637
-443
-168
324
1081
1837
2420
2907
3232
3309
3323
3669
4292
4236
2732
127
-2374
-3744
-3795
-3003
-2419
-3106
-5095
-7167
-7839
-6754
-4829
-3031
-1679
-704
25
712
1496
1993
1871
1670
2264
3717
5031
5223
4122
2158
67
-1280
-1386
-718
-428
-1070
-2114
-2929
-3375
-3622
-3696
-3542
-3208
-2447
-970
854
2034
1947
1141
594
739
1552
2648
3401
3175
1973
703
33
-159
-340
-644
-811
-809
-694
-501
-466
-835
-1450
-1629
-919
294
1299
1719
1671
1479
1514
2088
3097
4043
4522
4659
4899
5384
5891
5650
3919
879
-2221
-3900
-3847
-2906
-2350
-3211
-5502
-8108
-9415
-8612
-6424
-4113
-2310
-1022
-182
306
784
1428
1938
2314
3078
4411
5506
5354
3963
2097
387
-699
-767
-59
261
-618
-2075
-3093
-3549
-3867
-4039
-3754
-3148
-2447
-1437
-136
703
443
-280
-281
637
1803
2664
2974
2486
1325
417
493
1086
1187
578
-126
-511
-647
-547
-267
-152
-420
-634
-168
747
1317
1271
1044
1118
1640
2609
3805
4617
4629
4220
4062
4410
4933
5271
5235
4206
1768
-1428
-4027
-5157
-5160
-4683
-4435
-5183
-6937
-8668
-9073
-7876
-5864
-3745
-1776
-235
589
877
1211
1705
2077
2568
3602
4875
5348
4523
2922
1177
-353
-1230
-1125
-491
-397
-1138
-2093
-2897
-3601
-4070
-3883
-3097
-2168
-1179
-34
861
944
430
301
1016
2072
2951
3554
3748
3233
2140
1178
710
418
181
292
793
941
238
-850
-1729
-2183
-2048
-1166
45
638
330
-295
-629
-524
-58
773
1761
2537
2993
3311
3594
3762
3867
4206
4892
5595
5976
5787
4277
1051
-2910
-5667
-6177
-5170
-3916
-3636
-5093
-7825
-10109
-10149
-7880
-4806
-2213
-396
656
904
759
983
1665
2421
3453
5059
6531
6529
4763
2346
383
-655
-565
480
1337
677
-1252
-3026
-3930
-4300
-4324
-3706
-2604
-1623
-837
-93
230
-318
-1093
-727
972
2850
4016
4294
3705
2378
1116
835
1270
1537
1344
984
552
-292
-1571
-2798
-3706
-4213
-4046
-2937
-1398
-587
-705
-950
-721
4
1171
2673
3837
4101
3813
3608
3596
3531
3396
3455
3796
4193
4443
4461
4248
3733
3173
2847
1975
-231
-3296
-5672
-6516
-6330
-5737
-5469
-6213
-7711
-8621
-7700
-5366
-2970
-1123
366
1550
2243
2671
3223
3615
3523
3525
4134
4687
4018
2176
234
-1193
-2045
-2180
-1716
-1601
-2654
-4158
-4859
-4691
-4379
-4081
-3430
-2592
-1905
-1120
-61
720
830
944
1953
3487
4579
4953
4836
4286
3433
2934
3130
3341
2849
1824
821
-82
-1202
-2243
-2742
-2865
-2946
-2884
-2439
-2079
-2169
-2173
-1556
-551
367
1183
1941
2314
2153
1876
1953
2333
2716
3143
3758
4323
4485
4338
4203
4039
3736
3499
3492
3443
2361
-169
-3384
-6037
-7219
-7022
-6048
-5350
-5919
-7425
-8522
-8071
-6165
-3808
-1731
-150
812
1145
1138
1170
1287
1465
2126
3353
4272
3859
2204
384
-807
-1189
-790
76
577
27
-1084
-1729
-1733
-1548
-1289
-737
-35
478
947
1442
1504
991
616
1172
2284
2957
2923
2446
1756
1056
721
913
1060
732
247
-19
-265
-906
-1724
-2204
-2307
-2103
-1461
-569
-124
-442
-788
-473
263
908
1378
1726
1726
1272
758
480
298
107
209
792
1427
1662
1593
1528
1575
1762
2226
2880
3361
3488
3442
2683
529
-2464
-4736
-5226
-4456
-3367
-2830
-3679
-5720
-7487
-7355
-5294
-2765
-828
455
1121
1044
638
669
1198
1799
2672
4021
4946
4306
2348
409
-709
-981
-493
399
680
-370
-1978
-2908
-3087
-3096
-2883
-2097
-1148
-631
-282
188
371
129
262
1400
2842
3556
3546
3232
2671
1953
1617
1903
2110
1693
1093
722
274
-637
-1733
-2427
-2763
-2858
-2641
-2264
-2290
-2947
-3362
-2854
-1835
-907
-130
569
883
924
1270
1900
2298
2318
2380
2666
2834
2741
2583
2571
2671
2797
3030
3265
3195
2806
2469
2417
2426
2345
1868
241
-2495
-5107
-6233
-5856
-4913
-4163
-4251
-5331
-6576
-6763
-5451
-3406
-1492
190
1602
2296
2097
1594
1458
1696
2292
3346
4229
3859
2135
245
-891
-1349
-1366
-977
-626
-954
-1792
-2321
-2429
-2581
-2665
-2120
-1085
-328
43
400
648
573
652
1464
2591
3139
3072
2906
2677
2227
1834
1808
1780
1305
741
528
391
-68
-667
-1020
-1225
-1468
-1588
-1653
-2022
-2684
-3034
-2661
-1981
-1477
-1161
-930
-850
-848
-465
340
1038
1430
1794
2185
2221
1886
1636
1644
1799
2095
2528
2823
2666
2202
1902
1969
2236
2470
2691
2891
2992
2559
983
-1481
-3738
-4555
-3969
-2926
-2336
-2856
-4294
-5669
-5846
-4619
-2850
-1335
-208
557
764
374
-133
-226
172
1093
2410
3283
2737
955
-699
-1337
-1120
-435
354
634
-43
-1199
-1981
-2290
-2403
-2156
-1336
-370
82
112
102
-1
-137
241
1380
2505
2820
2545
2187
1724
1166
956
1252
1518
1376
1141
929
376
-514
-1156
-1173
-957
-873
-837
-858
-1189
-1786
-2148
-2101
-2132
-2295
-2104
-1479
-910
-666
-415
-154
-4
367
1226
2242
2801
2899
2888
2780
2490
2137
1997
2066
2095
2119
2270
2415
2307
2109
2177
2461
2666
2818
3016
3150
2793
1405
-824
-3111
-4407
-4414
-3760
-3296
-3782
-5143
-6508
-6935
-6125
-4613
-3016
-1611
-594
-160
-310
-649
-650
-95
1033
2417
3275
2912
1481
-12
-802
-905
-534
82
524
359
-314
-968
-1465
-1808
-1666
-798
378
1078
1106
761
236
-140
139
1195
2361
2858
2670
2142
1394
624
287
592
1131
1393
1372
1119
467
-459
-1104
-1102
-735
-444
-278
-314
-711
-1282
-1603
-1499
-1314
-1303
-1255
-1120
-1070
-1130
-1015
-658
-387
-105
481
1191
1656
1872
2123
2316
2313
2298
2364
2384
2214
1955
1799
1649
1358
1032
915
1042
1183
1290
1388
1373
1263
1303
1521
1120
-428
-2478
-3889
-4186
-3832
-3355
-3284
-3984
-5081
-5704
-5354
-4358
-3211
-1972
-721
174
453
307
182
337
947
2083
3266
3693
3068
1973
1082
534
357
598
1018
1155
850
336
-335
-1204
-1850
-1783
-1134
-523
-290
-306
-517
-870
-997
-582
212
904
1318
1572
1635
1402
1067
961
1164
1461
1684
1768
1499
855
151
-254
-396
-543
-676
-708
-736
-891
-1174
-1434
-1598
-1582
-1292
-950
-908
-1239
-1614
-1636
-1292
-727
-143
274
508
710
1077
1551
1936
2176
2332
2424
2393
2178
1844
1496
1275
1217
1208
1093
857
661
613
677
769
861
981
1117
1306
1268
453
-1153
-2862
-3735
-3589
-2892
-2255
-2220
-2823
-3565
-3816
-3301
-2298
-1155
-34
865
1288
1142
693
364
425
984
1842
2392
2135
1191
148
-610
-1013
-1028
-730
-405
-342
-548
-935
-1515
-2040
-2008
-1298
-408
127
310
284
81
-26
280
925
1496
1838
2090
2143
1826
1317
986
910
962
1135
1383
1371
828
31
-601
-971
-1171
-1140
-870
-657
-762
-1094
-1456
-1742
-1794
-1461
-843
-349
-211
-384
-714
-1048
-1161
-794
-89
516
737
722
677
596
565
755
1077
1248
1221
1147
959
552
156
61
257
553
860
1129
1288
1383
1554
1881
2275
2633
2933
3173
3216
2619
1262
-349
-1465
-1733
-1480
-1213
-1417
-2267
-3346
-4029
-3990
-3391
-2528
-1591
-845
-537
-705
-1148
-1524
-1509
-861
283
1314
1600
1047
141
-618
-1028
-993
-536
43
352
276
-83
-705
-1481
-1932
-1703
-1030
-401
-5
144
-16
-352
-387
79
755
1377
1911
2267
2210
1831
1530
1460
1532
1741
2102
2333
2091
1524
987
561
159
-93
-43
73
-94
-532
-1019
-1469
-1838
-1957
-1746
-1422
-1213
-1130
-1222
-1616
-2103
-2242
-1777
-951
-108
542
737
496
128
113
563
1171
1694
1997
1993
1601
941
390
130
198
561
1044
1347
1235
915
697
690
905
1349
1915
2364
2526
2422
1858
635
-893
-2008
-2251
-1943
-1614
-1622
-2198
-3176
-4023
-4256
-3867
-3127
-2160
-1109
-333
-114
-371
-725
-785
-242
937
2249
2930
2661
1813
949
392
303
682
1218
1520
1407
915
83
-888
-1485
-1377
-795
-252
1
-47
-437
-1028
-1370
-1185
-662
-76
479
857
783
304
-123
-183
119
661
1239
1527
1326
821
377
114
-10
33
246
437
365
35
-383
-797
-1088
-1094
-814
-506
-384
-412
-525
-767
-1133
-1430
-1465
-1234
-764
-169
241
191
-156
-317
-122
309
820
1299
1553
1500
1281
1029
779
647
783
1175
1577
1729
1595
1307
1098
1173
1576
2129
2520
2609
2495
2311
1988
1283
218
-874
-1588
-1801
-1790
-1916
-2433
-3215
-3865
-4111
-3943
-3561
-3040
-2397
-1779
-1367
-1221
-1207
-1111
-747
-22
892
1585
1770
1507
1103
781
626
725
1030
1353
1490
1327
856
134
-552
-840
-680
-362
-186
-221
-416
-736
-1062
-1195
-1064
-717
-220
306
652
659
479
370
471
791
1245
1655
1824
1763
1614
1417
1086
685
402
329
330
217
-71
-539
-1063
-1455
-1613
-1634
-1652
-1635
-1541
-1468
-1480
-1552
-1609
-1605
-1507
-1229
-818
-442
-183
-18
183
413
625
874
1167
1478
1712
1865
1930
1843
1689
1592
1651
1822
1957
1998
1909
1743
1601
1540
1595
1703
1807
1896
1908
1825
1534
865
-133
-1210
-1967
-2261
-2255
-2169
-2272
-2676
-3237
-3678
-3767
-3518
-2995
-2221
-1387
-778
-632
-894
-1228
-1235
-714
177
1005
1424
1356
971
496
105
-57
35
320
659
850
725
242
-415
-882
-959
-705
-327
8
237
295
190
31
-47
88
472
1020
1533
1779
1724
1521
1329
1232
1241
1332
1429
1410
1228
866
335
-274
-792
-1091
-1196
-1193
-1166
-1212
-1411
-1714
-1925
-1917
-1733
-1426
-1018
-583
-264
-118
-86
-146
-274
-341
-164
231
656
940
1023
914
647
399
352
522
792
1018
1097
917
497
77
-125
-38
243
602
928
1076
1051
992
1013
1133
1326
1601
1921
2154
2220
2090
1688
946
-35
-967
-1548
-1716
-1637
-1576
-1775
-2207
-2718
-3104
-3232
-3062
-2573
-1910
-1317
-1029
-1103
-1365
-1536
-1350
-699
231
1053
1440
1380
1055
690
475
578
1011
1564
1930
1913
1495
788
84
-322
-374
-247
-128
-92
-186
-403
-641
-789
-784
-603
-263
100
308
308
215
154
169
238
348
472
558
576
545
479
370
229
95
44
79
156
203
154
4
-212
-409
-517
-526
-477
-429
-408
-389
-348
-329
-389
-514
-602
-563
-402
-166
70
218
224
143
85
124
224
351
508
648
688
562
337
122
2
35
220
476
681
769
751
674
599
627
791
1071
1358
1560
1644
1594
1385
966
384
-206
-612
-739
-676
-590
-641
-898
-1288
-1690
-1941
-1960
-1723
-1315
-902
-646
-626
-767
-924
-939
-750
-382
56
401
565
539
366
134
-70
-151
-85
44
157
178
59
-212
-568
-833
-902
-810
-623
-391
-156
-13
31
71
134
161
163
232
408
619
813
949
964
866
733
642
604
639
763
907
948
848
630
350
60
-160
-260
-270
-283
-349
-481
-707
-999
-1244
-1337
-1306
-1212
-1034
-800
-666
-728
-901
-1047
-1116
-1073
-837
-419
8
296
411
413
384
432
667
1057
1440
1691
1796
1775
1628
1412
1235
1151
1192
1299
1402
1408
1275
1055
812
658
664
806
983
1073
1058
943
724
380
-43
-415
-666
-784
-805
-787
-853
-1126
-1568
-1986
-2217
-2252
-2144
-1938
-1700
-1543
-1513
-1536
-1529
-1430
-1221
-930
-655
-456
-297
-138
17
144
247
320
350
355
401
507
625
693
716
687
571
370
186
98
95
160
302
458
487
345
129
-55
-152
-89
161
502
741
791
676
445
205
60
84
202
276
281
224
113
-79
-295
-440
-479
-435
-347
-268
-230
-228
-220
-213
-219
-209
-154
-47
85
215
295
270
145
-13
-133
-176
-142
-48
32
15
-92
-217
-306
-338
-284
-126
69
215
278
267
219
191
243
374
566
798
1008
1109
1079
1010
968
964
1013
1110
1225
1303
1313
1182
870
455
70
-191
-321
-344
-313
-340
-536
-898
-1287
-1529
-1591
-1529
-1399
-1272
-1220
-1286
-1385
-1431
-1394
-1295
-1152
-949
-720
-536
-452
-414
-330
-184
-21
115
233
326
384
443
558
705
775
729
623
543
498
486
511
515
457
347
247
152
31
-76
-96
-35
38
101
142
158
127
78
46
17
-41
-104
-126
-86
-39
-12
-21
-90
-194
-282
-299
-268
-218
-141
-46
8
-9
-46
-31
57
150
191
183
142
74
-2
-46
-43
-37
-56
-91
-152
-234
-303
-331
-303
-225
-93
44
122
140
123
123
169
284
464
648
760
779
745
713
730
830
1010
1209
1355
1435
1449
1402
1307
1206
1109
961
700
345
21
-202
-366
-549
-790
-1052
-1302
-1507
-1654
-1746
-1766
-1723
-1648
-1566
-1460
-1326
-1180
-1053
-945
-829
-697
-554
-431
-303
-129
77
254
338
323
240
155
143
242
409
533
534
435
301
175
50
-42
-72
-53
-8
37
51
-2
-103
-186
-202
-157
-67
41
123
138
108
68
18
-29
-28
59
177
253
250
205
167
164
219
292
358
404
444
469
464
448
421
351
235
136
75
6
-117
-260
-362
-409
-402
-373
-364
-389
-423
-421
-371
-280
-140
36
191
268
263
226
224
290
417
550
621
615
572
522
468
438
476
554
600
598
582
589
628
690
740
725
661
614
625
647
617
544
440
289
85
-114
-240
-293
-326
-380
-491
-652
-819
-961
-1057
-1114
-1128
-1135
-1147
-1161
-1199
-1260
-1313
-1296
-1201
-1084
-963
-849
-741
-645
-544
-421
-298
-215
-166
-104
-17
88
191
270
284
217
133
82
74
82
109
166
210
214
201
195
189
142
106
148
278
431
535
556
489
374
291
287
336
388
410
399
353
292
226
159
100
57
30
29
53
88
121
144
156
153
157
185
213
200
177
187
205
200
179
173
161
136
113
98
77
49
43
57
74
75
82
115
160
183
177
179
201
240
299
356
363
321
280
275
275
284
311
333
314
272
248
253
274
286
264
181
42
-112
-224
-251
-215
-222
-361
-588
-792
-923
-990
-997
-943
-893
-880
-888
-896
-905
-900
-827
-695
-565
-488
-463
-462
-454
-412
-316
-201
-112
-103
-138
-183
-188
-135
-33
100
178
191
138
71
16
19
101
207
292
323
294
204
94
23
23
105
242
368
418
371
281
204
187
224
307
421
530
599
597
543
482
451
461
483
508
534
539
491
395
297
235
201
177
163
167
172
134
54
-49
-125
-139
-109
-98
-135
-190
-254
-314
-361
-368
-339
-294
-232
-196
-214
-278
-312
-284
-224
-171
-103
-17
41
62
84
128
157
167
212
303
393
442
441
390
302
232
229
266
324
406
507
549
481
338
179
35
-80
-119
-87
-73
-147
-298
-479
-653
-798
-869
-848
-777
-720
-715
-743
-775
-799
-797
-756
-679
-589
-487
-419
-418
-453
-461
-405
-340
-291
-243
-187
-127
-66
-10
27
62
106
147
140
104
106
161
247
310
342
339
316
290
291
328
403
498
587
643
647
608
555
522
522
531
527
505
471
431
390
358
329
302
283
271
245
189
120
53
6
-9
11
29
-16
-127
-240
-304
-348
-395
-395
-315
-231
-216
-245
-276
-324
-362
-325
-208
-97
-46
-34
-41
-56
-78
-100
-110
-81
14
140
246
277
250
211
202
236
307
421
533
585
560
515
488
490
501
516
527
525
485
372
196
14
-120
-204
-250
-310
-442
-659
-896
-1064
-1136
-1143
-1128
-1104
-1073
-1060
-1076
-1090
-1040
-913
-760
-623
-510
-415
-347
-309
-262
-186
-79
30
127
200
261
329
411
493
554
589
604
615
645
699
741
736
704
669
601
498
386
309
249
186
140
110
88
68
87
145
207
235
224
185
156
150
161
162
149
144
117
36
-72
-142
-170
-192
-193
-139
-87
-107
-167
-202
-208
-199
-178
-134
-88
-79
-117
-176
-204
-206
-187
-134
-59
-11
-13
-21
-13
3
27
59
97
129
152
150
108
47
23
52
82
78
56
43
41
45
56
67
82
105
120
108
83
61
49
44
26
-14
-62
-79
-70
-72
-80
-61
-14
31
58
92
107
91
78
125
181
171
78
-43
-134
-172
-158
-142
-177
-285
-423
-517
-521
-479
-458
-449
-434
-416
-428
-445
-429
-385
-345
-310
-262
-218
-188
-153
-88
-27
25
94
208
312
364
370
352
352
377
437
490
491
454
411
384
363
345
326
308
293
278
255
218
203
204
185
140
101
87
76
52
17
-21
-68
-104
-107
-75
-33
-27
-71
-139
-198
-215
-179
-112
-65
-61
-96
-174
-275
-350
-367
-334
-288
-244
-220
-235
-260
-267
-245
-209
-145
-51
33
76
86
91
106
132
178
253
320
378
418
431
416
381
363
355
356
364
367
341
280
220
173
115
56
-15
-95
-186
-253
-260
-248
-243
-251
-254
-269
-326
-368
-343
-276
-241
-227
-208
-196
-234
-295
-318
-300
-268
-250
-227
-200
-176
-157
-134
-127
-151
-174
-179
-164
-130
-44
73
139
147
145
165
208
281
371
418
401
383
397
396
355
294
247
223
235
267
277
258
228
184
121
63
28
-4
-47
-84
-104
-121
-150
-183
-219
-248
-256
-245
-226
-203
-167
-136
-130
-129
-85
-7
54
85
106
121
120
108
86
58
53
57
21
-53
-109
-134
-154
-173
-180
-191
-225
-250
-255
-252
-256
-250
-213
-160
-108
-74
-50
-13
14
17
36
98
177
208
213
245
275
268
225
222
275
331
337
298
257
206
132
55
20
24
31
23
-4
-36
-66
-89
-92
-85
-70
-69
-82
-83
-60
-20
14
52
99
131
115
71
28
6
-2
5
32
59
81
90
97
115
141
142
99
62
92
175
238
234
179
126
117
132
131
107
95
81
41
-27
-101
-169
-250
-323
-368
-364
-340
-330
-354
-400
-446
-471
-460
-434
-400
-375
-349
-320
-299
-282
-271
-253
-223
-191
-152
-121
-85
-41
-16
-23
-35
-25
-22
-61
-117
-128
-95
-44
6
46
70
66
62
87
134
155
137
120
144
167
162
132
122
136
149
162
202
280
347
357
314
284
297
334
356
357
363
378
382
371
373
388
395
393
401
410
385
340
298
275
273
285
275
193
52
-79
-160
-195
-185
-156
-168
-223
-287
-341
-407
-473
-483
-443
-387
-341
-325
-357
-401
-415
-388
-352
-302
-235
-187
-175
-151
-88
-21
1
-8
-4
22
50
74
98
119
133
132
116
86
62
55
61
64
52
24
-17
-64
-123
-170
-186
-158
-114
-91
-87
-88
-74
-62
-62
-74
-70
-48
-27
-24
-23
-4
17
13
-3
4
30
39
14
-19
-27
-3
30
61
73
72
48
7
-43
-83
-87
-67
-50
-49
-52
-56
-61
-35
28
97
142
158
159
137
111
112
142
190
221
230
222
213
199
164
127
104
80
39
-3
-10
0
-3
-34
-70
-84
-71
-52
-44
-52
-58
-43
-20
-7
-21
-36
-32
-19
-17
-17
-16
-7
11
25
14
-13
-10
20
53
85
128
173
203
223
237
220
173
136
128
127
116
101
93
84
74
39
-18
-84
-116
-123
-135
-171
-214
-226
-210
-176
-162
-155
-153
-155
-149
-134
-110
-94
-75
-41
-23
-62
-131
-164
-138
-95
-74
-66
-66
-71
-69
-85
-129
-175
-173
-111
-40
-5
2
-20
-66
-96
-58
40
105
99
45
6
-8
-12
-12
-21
-25
-28
-40
-60
-75
-72
-54
-20
30
63
60
43
43
62
80
102
134
158
174
195
229
269
290
293
276
263
269
268
233
172
116
77
61
58
38
-2
-27
-13
4
-10
-28
-14
19
30
22
31
51
57
37
6
-18
-38
-38
-2
36
45
18
-26
-57
-76
-86
-102
-115
-119
-113
-115
-123
-133
-143
-154
-165
-176
-182
-169
-152
-160
-184
-189
-159
-136
-132
-136
-136
-146
-170
-171
-148
-117
-90
-57
-38
-46
-56
-48
-30
-31
-38
-37
-27
-13
-4
9
17
13
2
-5
5
9
-14
-59
-94
-95
-70
-32
4
42
65
63
56
66
104
133
159
203
265
309
314
293
278
293
327
367
396
410
410
405
421
425
392
349
323
311
272
209
131
57
10
-20
-67
-136
-203
-253
-302
-353
-397
-417
-413
-411
-413
-398
-358
-333
-344
-353
-346
-338
-335
-315
-277
-223
-188
-180
-183
-163
-116
-98
-90
-53
23
90
104
95
83
81
95
124
154
172
179
180
196
209
197
170
142
133
135
143
151
126
110
140
180
171
129
105
94
66
21
-4
3
38
71
56
11
-8
11
31
32
27
29
21
-3
-6
-8
-9
-9
-11
-12
-33
-49
-59
-75
-101
-124
-123
-87
-37
-21
-57
-123
-162
-159
-149
-144
-125
-93
-84
-98
-93
-75
-72
-77
-41
23
49
29
23
69
128
167
194
218
212
192
184
191
203
223
258
272
245
220
217
219
194
138
87
59
45
20
-26
-83
-139
-186
-228
-276
-319
-327
-310
-316
-355
-372
-348
-303
-272
-249
-223
-191
-161
-140
-127
-100
-54
-8
17
24
28
23
10
-11
-7
27
65
68
42
16
1
-11
-11
-12
-10
-3
13
12
2
24
66
80
79
109
160
174
159
158
163
153
136
131
122
108
89
71
52
35
17
1
1
6
-3
-28
-36
-32
-51
-90
-104
-80
-66
-86
-107
-101
-85
-70
-53
-35
-24
-21
3
31
41
59
105
161
173
144
112
93
99
117
149
149
110
67
50
55
59
82
108
108
74
48
55
58
53
51
52
32
12
17
35
35
28
40
61
71
59
23
-21
-60
-87
-96
-82
-61
-65
-95
-123
-112
-99
-123
-158
-166
-128
-90
-67
-67
-87
-106
-106
-96
-105
-120
-122
-106
-86
-76
-80
-90
-86
-83
-98
-114
-91
-45
-16
-19
-41
-49
-21
10
20
-23
-87
-132
-139
-118
-114
-122
-102
-38
33
63
53
40
43
52
57
71
97
115
114
108
94
79
70
80
77
56
30
16
12
10
20
23
12
-14
-35
-40
-28
-2
16
23
15
9
18
35
50
58
84
120
140
136
129
132
140
154
177
206
226
242
252
258
248
231
224
232
236
224
212
201
186
162
149
136
119
115
116
108
71
29
-10
-64
-132
-191
-202
-186
-191
-239
-313
-373
-400
-397
-390
-397
-402
-413
-426
-415
-382
-365
-376
-370
-317
-258
-228
-225
-231
-241
-222
-169
-118
-99
-98
-70
-18
25
51
82
146
194
180
118
78
120
201
256
256
239
245
267
280
277
263
252
232
198
181
181
188
154
105
71
74
107
120
86
14
-36
-38
-18
16
67
93
69
30
20
26
30
27
26
23
21
15
-17
-40
-16
33
43
16
-4
-1
-5
-7
16
53
65
29
-17
-35
-20
-5
10
26
43
44
35
41
66
88
83
62
53
50
31
13
-1
-18
-51
-75
-73
-77
-86
-93
-105
-148
-208
-256
-269
-269
-277
-286
-290
-274
-272
-285
-296
-285
-257
-234
-212
-191
-180
-168
-140
-99
-77
-77
-68
-33
14
42
48
24
-6
-9
14
49
76
98
107
101
95
107
134
153
166
177
187
190
185
191
221
260
287
297
283
