0
0
-1
0
0
0
0
-1
0
0
0
0
0
0
0
0
0
0
0
0
-1
0
-1
1
0
1
-1
1
-2
1
-2
2
-2
4
-6
21
224
547
736
451
-105
-536
-649
-621
-626
-630
-602
-558
-507
-413
-273
-121
16
133
232
324
407
473
499
475
416
351
296
247
190
121
45
-20
-56
-66
-67
-70
-68
-44
-2
41
75
94
96
64
2
-68
-113
-133
-144
-158
-160
-139
-96
-41
9
51
80
102
123
155
204
258
293
297
283
265
243
219
206
221
245
252
233
201
176
152
132
120
125
136
139
131
121
106
86
57
37
23
8
-20
-57
-102
-160
-225
-277
-301
-301
-305
-328
-357
-369
-356
-342
-344
-353
-340
-314
-315
-368
-451
-515
-525
-494
-451
-413
-376
-326
-245
-138
-25
67
127
169
200
213
199
158
111
75
47
8
-45
-85
-84
-45
1
23
21
17
35
84
155
228
270
271
232
183
142
101
55
12
-15
-43
-91
-153
-190
-175
-127
-74
-25
36
110
176
223
251
281
315
340
327
269
177
81
-6
-81
-145
-191
-203
-178
-130
-80
-41
-14
12
43
90
149
208
241
246
227
197
176
187
219
247
243
200
133
68
31
20
14
-5
-31
-55
-75
-93
-107
-107
-85
-41
10
49
63
63
65
76
79
57
20
-7
-13
-21
-58
-117
-162
-169
-138
-108
-97
-103
-102
-90
-79
-75
-77
-69
-42
8
52
63
44
22
19
19
9
-11
-22
-10
11
15
-8
-39
-51
-38
-20
-7
1
18
54
98
116
101
70
41
17
-10
-40
-82
-134
-194
-246
-290
-333
-367
-382
-376
-360
-342
-306
-252
-184
-116
-58
-6
35
69
97
121
138
153
166
171
161
146
151
187
240
278
278
248
214
199
207
235
264
273
244
189
138
110
112
134
175
227
271
284
245
172
96
45
13
-17
-42
-58
-59
-60
-72
-88
-92
-79
-69
-72
-95
-122
-143
-146
-140
-119
-80
-24
31
63
57
14
-40
-68
-46
10
60
75
68
48
13
-43
-95
-119
-115
-107
-109
-112
-112
-106
-90
-80
-79
-96
-125
-155
-174
-177
-184
-217
-276
-329
-344
-335
-321
-314
-304
-286
-267
-246
-218
-178
-124
-67
-14
21
32
23
12
20
45
76
94
104
113
119
110
97
95
114
150
188
223
254
281
304
320
336
358
385
403
392
359
313
269
221
172
124
83
51
27
7
-13
-36
-52
-46
-18
19
42
45
26
7
-10
-31
-57
-66
-52
-41
-69
-133
-201
-239
-237
-202
-151
-108
-94
-106
-116
-108
-93
-85
-75
-54
-36
-26
-22
-10
1
-10
-56
-119
-169
-190
-200
-206
-213
-199
-170
-131
-90
-47
-8
16
22
11
-13
-44
-72
-94
-104
-108
-115
-139
-179
-217
-230
-208
-169
-123
-66
-1
57
86
94
88
84
85
93
100
88
53
23
21
46
74
97
122
149
174
181
173
157
144
135
121
113
126
160
191
185
150
107
89
100
123
141
156
172
193
209
215
222
230
230
210
163
95
17
-44
-69
-71
-71
-71
-61
-38
-15
-4
-6
-11
-5
18
54
92
134
174
204
213
199
155
96
36
-1
-13
-7
-3
-3
1
5
4
-2
16
51
87
91
60
6
-49
-85
-97
-100
-104
-122
-142
-168
-190
-211
-218
-189
-131
-71
-32
-20
-30
-62
-105
-137
-158
-180
-216
-250
-259
-239
-201
-169
-145
-136
-147
-177
-213
-228
-206
-154
-85
-16
44
94
125
135
125
110
97
80
60
43
36
48
66
82
81
59
27
-10
-27
-17
10
33
33
24
-3
-38
-66
-74
-64
-62
-73
-101
-115
-98
-55
-6
22
31
18
0
-22
-50
-95
-142
-170
-167
-148
-123
-95
-67
-43
-38
-42
-48
-32
5
64
118
161
188
213
241
264
265
245
220
194
165
138
129
137
146
142
135
132
129
124
117
101
83
65
56
54
50
47
39
17
-28
-77
-103
-112
-134
-175
-214
-223
-207
-177
-140
-116
-99
-87
-70
-66
-75
-80
-66
-44
-16
20
58
92
115
126
123
111
97
90
96
130
188
245
277
291
306
320
327
306
269
224
180
147
127
119
100
68
28
8
13
25
21
-15
-65
-113
-171
-242
-326
-397
-457
-509
-546
-561
-531
-465
-371
-281
-216
-189
-191
-205
-210
-195
-173
-166
-186
-217
-246
-275
-297
-304
-293
-266
-226
-168
-97
-33
10
29
46
74
116
146
165
179
194
192
166
122
61
-10
-76
-105
-92
-57
-25
3
33
67
106
156
202
231
226
201
180
171
159
131
87
37
-4
-22
-15
13
45
85
135
194
243
275
310
357
413
457
478
475
453
424
393
351
297
228
165
110
77
74
104
144
175
195
214
223
230
239
248
234
192
143
97
53
-2
-53
-87
-112
-148
-192
-227
-232
-217
-187
-157
-141
-139
-132
-111
-97
-99
-121
-141
-146
-141
-146
-179
-230
-273
-282
-258
-213
-165
-111
-57
10
73
126
139
118
78
36
-1
-43
-76
-103
-121
-149
-184
-229
-277
-341
-396
-424
-406
-351
-273
-190
-127
-90
-93
-127
-183
-228
-263
-289
-319
-339
-354
-357
-355
-333
-283
-205
-105
-23
26
46
67
86
98
105
107
95
62
25
7
10
17
6
-15
-20
2
47
105
165
215
254
286
307
299
259
209
165
115
66
24
-2
-15
-20
-27
-53
-84
-98
-81
-38
19
96
183
272
350
411
446
456
444
416
381
343
286
209
135
92
90
118
152
163
163
168
198
228
255
278
296
303
289
263
225
180
139
114
104
95
68
29
-6
-25
-27
-19
-5
-1
-22
-57
-78
-84
-97
-117
-142
-177
-233
-275
-282
-264
-253
-266
-299
-337
-363
-376
-389
-398
-400
-389
-378
-368
-358
-344
-331
-312
-290
-262
-234
-210
-194
-180
-164
-157
-162
-168
-164
-149
-122
-80
-34
4
41
85
127
138
117
74
30
-2
-6
20
64
104
142
177
228
275
311
326
330
324
299
261
212
154
94
45
21
18
10
-7
-31
-39
-39
-32
-21
5
37
58
73
84
84
73
55
59
62
44
9
-8
1
15
33
44
46
18
-4
1
33
55
66
65
60
37
1
-39
-67
-84
-121
-175
-222
-235
-247
-266
-279
-255
-214
-172
-133
-94
-64
-48
-47
-50
-60
-67
-81
-86
-84
-92
-116
-134
-130
-113
-104
-89
-53
11
83
144
186
209
226
243
249
240
211
177
149
131
112
94
95
116
147
175
203
215
212
211
235
269
292
305
309
291
253
205
158
107
59
21
4
-2
-2
-2
11
31
46
47
37
26
31
60
102
131
135
132
132
135
126
109
80
44
4
-40
-84
-116
-112
-67
-15
21
37
56
64
55
29
3
-26
-55
-80
-105
-133
-167
-195
-209
-201
-191
-178
-168
-153
-143
-136
-135
-124
-99
-65
-49
-71
-119
-170
-214
-256
-298
-327
-335
-321
-288
-262
-256
-275
-281
-259
-216
-176
-133
-90
-71
-72
-86
-87
-85
-86
-94
-107
-126
-144
-147
-138
-129
-135
-140
-134
-93
-32
27
55
64
61
59
58
50
40
21
7
-9
-30
-51
-59
-48
-25
16
76
146
200
227
219
191
157
127
109
106
109
98
66
29
22
46
93
147
189
209
208
206
206
202
182
160
156
156
147
128
138
176
217
226
211
188
179
195
237
284
319
341
348
341
322
299
276
249
216
166
105
40
-3
-26
-33
-46
-74
-118
-157
-174
-162
-138
-104
-69
-41
-29
-40
-56
-71
-77
-85
-105
-132
-176
-237
-293
-320
-306
-286
-270
-264
-250
-234
-212
-196
-172
-139
-87
-47
-26
-34
-60
-110
-167
-210
-232
-230
-230
-228
-220
-188
-141
-105
-94
-102
-101
-87
-76
-77
-73
-46
7
61
89
82
54
39
31
26
13
10
4
0
-14
-10
0
11
7
11
23
49
62
57
26
-9
-40
-60
-70
-64
-51
-47
-49
-51
-40
-23
6
19
23
1
-8
-10
2
9
14
25
48
88
128
169
196
224
238
244
241
238
243
249
247
228
193
162
137
122
111
96
84
56
27
4
8
27
54
78
107
135
176
208
228
218
200
177
168
161
143
117
99
100
101
95
93
106
135
160
165
147
114
88
74
80
85
82
70
56
35
10
-8
1
10
19
10
-6
-45
-90
-129
-158
-182
-197
-199
-202
-218
-236
-244
-242
-235
-218
-183
-145
-105
-77
-51
-52
-80
-127
-154
-136
-88
-43
-26
-30
-42
-56
-71
-76
-74
-62
-61
-62
-68
-73
-82
-79
-53
-17
1
-7
-25
-44
-69
-99
-113
-119
-130
-163
-204
-256
-307
-344
-348
-318
-282
-239
-193
-145
-130
-142
-174
-197
-209
-193
-150
-101
-78
-84
-84
-74
-75
-105
-135
-145
-144
-160
-182
-193
-171
-128
-67
-6
47
73
82
80
76
70
58
45
39
33
21
3
-5
2
23
63
115
165
192
206
219
235
242
247
260
285
294
287
269
264
255
244
222
204
189
185
185
194
209
228
255
297
346
387
411
409
385
345
324
328
343
344
338
339
332
297
249
222
229
249
254
233
188
143
95
51
15
5
6
-9
-40
-76
-115
-167
-215
-252
-276
-301
-307
-295
-281
-293
-327
-353
-365
-364
-358
-334
-308
-301
-327
-365
-395
-426
-444
-427
-367
-306
-279
-281
-278
-265
-240
-200
-148
-96
-71
-57
-43
-13
3
3
-8
2
26
48
62
81
100
122
147
190
227
236
215
184
158
122
79
37
16
3
-20
-51
-79
-97
-104
-93
-54
-4
43
76
107
127
129
126
138
157
169
156
142
121
97
62
27
-7
-41
-68
-81
-80
-93
-121
-150
-151
-127
-76
-18
43
76
93
97
90
46
-11
-37
-17
9
5
-14
-24
-29
-29
2
63
127
148
155
167
183
172
166
182
201
184
152
110
56
-6
-25
19
66
79
71
93
118
111
71
56
80
110
112
99
91
81
56
35
33
29
8
-14
-28
-45
-78
-99
-96
-85
-97
-109
-97
-74
-67
-75
-71
-60
-67
-90
-97
-91
-110
-164
-211
-232
-243
-251
-227
-174
-135
-139
-156
-161
-159
-161
-155
-139
-140
-158
-181
-187
-184
-165
-133
-89
-56
-30
-7
14
28
37
51
59
56
42
39
42
50
46
29
3
-7
9
53
93
110
97
81
79
93
96
89
95
110
116
97
70
61
77
111
142
155
141
98
54
26
21
12
3
0
6
-4
-19
-13
19
61
93
123
150
150
134
105
88
69
51
46
49
54
47
49
54
45
18
-5
-18
-22
-30
-42
-51
-59
-58
-48
-44
-40
-46
-63
-104
-139
-156
-155
-158
-160
-138
-105
-93
-115
-150
-186
-220
-259
-272
-255
-226
-207
-192
-164
-136
-118
-96
-62
-35
-33
-31
-18
0
-20
-35
-25
27
70
98
117
124
107
93
125
197
270
322
368
391
374
318
282
283
326
344
336
288
245
205
180
147
110
73
50
30
3
-38
-77
-101
-102
-71
-23
18
24
7
-11
-31
-63
-87
-77
-53
-58
-93
-120
-118
-119
-131
-129
-85
-37
0
20
43
50
46
33
47
55
43
15
10
29
22
-8
-37
-9
31
59
59
56
38
-11
-81
-124
-137
-138
-160
-172
-172
-169
-177
-172
-125
-73
-39
-42
-44
-65
-105
-147
-175
-191
-215
-234
-231
-208
-167
-136
-123
-118
-104
-84
-69
-52
-24
-1
3
-1
23
68
108
130
148
167
165
134
103
88
88
88
112
146
166
145
129
149
181
185
175
197
225
209
141
95
97
116
127
140
152
125
62
12
2
-3
-27
-37
-7
32
38
20
28
48
46
17
-11
-26
-52
-87
-103
-94
-90
-118
-151
-165
-160
-172
-187
-172
-121
-66
-38
-20
11
61
108
145
164
166
143
110
87
85
76
37
-28
-87
-138
-183
-224
-248
-253
-262
-283
-305
-299
-267
-221
-155
-61
18
44
19
-17
-50
-84
-100
-77
-23
17
17
-20
-63
-85
-78
-47
-5
18
4
-33
-51
-41
-33
-36
-38
-26
-19
-28
-34
-26
-24
-43
-70
-58
-15
31
64
79
83
55
18
-9
1
29
58
80
101
112
103
88
75
64
48
49
64
83
86
85
89
88
81
70
77
83
86
90
114
150
181
201
213
211
189
152
125
115
105
84
61
57
70
74
76
80
103
122
133
144
162
175
165
145
116
85
46
18
14
23
23
-1
-26
-33
-21
3
12
7
-8
-9
12
47
77
81
58
21
-16
-49
-77
-94
-99
-106
-123
-141
-147
-144
-148
-158
-150
-128
-105
-100
-95
-82
-53
-37
-22
-12
7
23
34
35
26
20
13
7
-20
-70
-126
-160
-161
-151
-152
-159
-164
-152
-130
-110
-111
-123
-134
-126
-122
-145
-189
-215
-202
-163
-131
-117
-111
-95
-69
-41
-27
-23
-15
6
17
-1
-49
-102
-133
-145
-150
-162
-169
-169
-155
-135
-97
-51
-11
20
47
70
82
88
94
95
73
37
8
10
27
53
77
102
108
99
92
105
123
126
124
132
146
149
155
177
207
215
196
173
151
131
119
124
141
145
140
133
128
97
46
-11
-36
-34
-19
0
29
62
80
79
74
80
101
122
143
156
171
180
175
150
113
83
58
42
31
29
24
17
10
21
39
53
58
68
84
87
62
26
21
37
41
23
20
52
85
95
87
79
57
30
29
55
68
44
13
5
-4
-50
-113
-151
-162
-179
-202
-206
-189
-176
-179
-172
-143
-110
-94
-96
-106
-125
-171
-227
-252
-232
-198
-185
-189
-194
-215
-260
-323
-362
-360
-323
-269
-221
-192
-185
-191
-192
-181
-157
-126
-95
-79
-80
-87
-86
-83
-84
-93
-103
-115
-140
-169
-183
-171
-153
-151
-154
-143
-116
-85
-51
-9
29
55
71
84
88
87
90
114
153
187
203
203
198
195
195
197
205
218
243
271
298
312
319
318
311
286
247
206
182
181
191
193
178
164
168
186
201
218
233
258
275
285
277
252
216
192
187
184
155
105
53
19
1
-3
1
20
56
103
149
186
213
216
182
129
99
100
107
96
74
54
37
14
-5
-25
-55
-97
-132
-151
-158
-153
-139
-120
-108
-123
-156
-196
-237
-271
-288
-276
-252
-235
-232
-242
-261
-288
-310
-312
-295
-270
-250
-239
-231
-224
-226
-234
-233
-223
-210
-205
-199
-194
-193
-200
-200
-187
-166
-146
-115
-74
-36
-13
5
24
38
46
51
61
76
85
80
60
34
6
-26
-58
-69
-41
17
76
119
145
155
150
136
130
124
110
89
81
93
112
118
122
131
137
122
86
53
36
43
66
88
94
80
64
56
71
104
147
183
201
201
177
145
119
117
131
155
182
201
206
190
165
144
126
106
77
51
26
1
-23
-27
-8
20
34
22
-10
-51
-76
-77
-55
-36
-37
-57
-87
-108
-121
-132
-155
-172
-171
-157
-143
-133
-125
-127
-145
-164
-164
-159
-159
-155
-129
-91
-67
-69
-71
-58
-36
-27
-36
-46
-50
-50
-58
-65
-62
-38
-3
27
36
31
15
0
-6
-2
7
22
48
69
64
37
15
13
19
15
1
-13
-33
-63
-102
-128
-132
-115
-80
-35
19
64
101
129
161
201
254
302
331
328
305
282
271
262
245
212
172
115
44
-28
-63
-60
-53
-65
-82
-76
-45
-7
11
6
-15
-19
5
40
51
33
2
-30
-71
-115
-151
-162
-155
-143
-139
-144
-158
-177
-199
-219
-230
-225
-209
-198
-188
-177
-166
-160
-163
-167
-168
-159
-141
-124
-110
-103
-97
-94
-92
-84
-82
-85
-90
-76
-37
17
78
121
137
126
109
101
97
86
72
72
85
88
62
22
-2
-8
-8
4
38
84
112
109
88
64
46
43
63
89
88
53
7
-23
-42
-67
-100
-124
-125
-102
-67
-29
6
48
90
119
121
100
70
55
74
127
194
244
269
272
266
261
270
297
331
356
351
327
291
255
219
196
183
174
169
185
213
242
264
273
256
206
129
52
-10
-42
-53
-54
-59
-61
-60
-63
-79
-92
-81
-43
11
59
77
48
-24
-126
-233
-316
-350
-343
-316
-293
-283
-295
-313
-318
-296
-272
-264
-265
-254
-230
-209
-202
-199
-189
-169
-143
-120
-99
-80
-58
-41
-40
-62
-96
-129
-150
-149
-117
-57
-3
22
27
25
8
-38
-108
-190
-270
-316
-302
-242
-176
-120
-70
-19
34
90
147
190
209
204
177
116
17
-103
-219
-298
-324
-292
-233
-189
-188
-214
-231
-210
-137
-32
84
192
282
343
378
385
369
336
302
280
269
262
247
217
162
103
51
7
-32
-34
25
123
217
293
358
396
391
357
316
282
248
222
207
198
184
156
107
39
-32
-87
-113
-100
-45
13
35
7
-50
-111
-142
-131
-86
-42
-38
-78
-153
-233
-288
-293
-248
-171
-93
-29
11
34
39
29
4
-21
-28
-4
43
87
115
123
119
103
80
52
35
41
70
125
189
231
226
177
115
67
54
81
128
159
157
132
99
57
25
15
22
30
20
-20
-88
-177
-273
-356
-411
-428
-409
-378
-363
-375
-420
-482
-539
-560
-531
-457
-365
-284
-244
-240
-241
-219
-177
-125
-65
9
68
74
15
-78
-159
-200
-193
-152
-91
-24
35
70
70
41
11
3
30
89
178
284
382
439
445
414
378
355
351
360
366
353
312
239
134
10
-104
-178
-194
-149
-76
-18
-13
-74
-168
-239
-243
-172
-53
83
193
249
237
187
127
89
89
131
181
198
165
95
8
-82
-155
-174
-124
-20
105
216
297
327
307
252
199
174
190
245
311
371
393
371
300
214
153
144
176
224
257
255
203
107
-7
-105
-157
-150
-109
-74
-75
-114
-186
-276
-364
-423
-414
-333
-210
-101
-41
-32
-57
-98
-141
-173
-172
-137
-79
-39
-45
-107
-199
-273
-295
-269
-221
-169
-121
-94
-94
-111
-128
-132
-110
-50
43
148
230
266
255
223
190
173
170
164
143
105
42
-48
-157
-261
-336
-386
-418
-427
-410
-388
-387
-398
-396
-360
-298
-221
-140
-66
-14
13
11
-9
-35
-59
-79
-84
-69
-57
-66
-98
-125
-133
-117
-70
9
111
206
271
284
249
193
153
153
190
255
336
420
497
568
629
665
678
666
628
551
445
323
215
129
67
21
-15
-39
-64
-88
-111
-119
-117
-108
-83
-36
19
61
88
107
111
89
35
-39
-106
-145
-153
-150
-170
-230
-307
-372
-403
-397
-355
-291
-226
-192
-196
-226
-245
-228
-170
-101
-50
-36
-47
-65
-76
-62
-23
30
76
95
71
4
-99
-206
-281
-293
-251
-186
-134
-113
-134
-176
-209
-201
-154
-89
-33
2
0
-47
-141
-256
-340
-359
-323
-267
-218
-182
-164
-163
-168
-152
-100
-15
100
217
311
352
335
274
196
132
102
115
165
234
301
347
372
392
431
502
588
657
691
687
644
557
447
354
308
291
271
226
165
100
39
-8
-24
-3
40
83
108
111
90
49
-3
-51
-87
-111
-125
-138
-157
-182
-215
-253
-294
-325
-328
-299
-252
-213
-199
-218
-250
-276
-260
-206
-137
-77
-23
36
102
161
211
245
265
261
230
173
102
22
-63
-145
-213
-267
-313
-341
-339
-319
-304
-297
-283
-236
-159
-71
-7
21
21
14
14
19
28
30
23
12
-3
-28
-65
-111
-155
-180
-169
-100
7
98
131
91
8
-79
-132
-136
-97
-22
76
177
251
281
278
273
285
316
345
340
293
209
104
-7
-97
-136
-124
-89
-60
-62
-92
-125
-124
-71
35
169
292
371
397
377
329
267
200
138
89
58
23
-51
-176
-312
-395
-401
-333
-220
-97
1
48
39
-16
-90
-141
-139
-80
8
89
132
116
49
-49
-139
-188
-178
-129
-76
-50
-60
-102
-172
-243
-272
-248
-188
-120
-62
-28
-25
-47
-67
-56
-5
67
126
148
124
54
-45
-132
-170
-149
-93
-43
-33
-71
-136
-196
-228
-227
-194
-122
-25
65
101
57
-47
-160
-229
-225
-151
-34
85
168
191
170
134
119
144
208
286
346
365
320
217
73
-65
-156
-179
-148
-109
-105
-139
-177
-185
-153
-89
-5
84
162
213
222
185
119
54
27
43
87
120
106
40
-43
-89
-65
28
157
272
330
326
278
202
116
46
16
39
109
198
270
288
252
179
107
75
99
165
230
259
226
145
29
-94
-193
-252
-265
-254
-239
-229
-223
-212
-187
-143
-88
-30
26
73
91
76
36
-15
-64
-99
-106
-101
-120
-188
-281
-364
-424
-447
-411
-318
-207
-130
-113
-156
-223
-267
-247
-157
-18
131
252
328
355
332
267
188
134
122
135
140
110
34
-77
-198
-302
-360
-361
-323
-266
-198
-123
-47
26
106
200
314
441
558
617
594
499
365
228
107
14
-59
-131
-205
-279
-345
-389
-390
-337
-239
-112
9
90
109
92
67
53
53
89
167
268
354
399
392
336
255
188
162
165
176
176
152
95
6
-98
-182
-213
-185
-120
-50
7
39
44
32
24
35
67
110
144
148
100
11
-93
-175
-218
-237
-254
-281
-305
-320
-324
-306
-241
-119
29
153
212
196
117
13
-63
-67
3
118
232
309
341
333
295
249
218
220
240
261
261
218
118
-26
-167
-275
-337
-344
-296
-218
-145
-110
-107
-128
-149
-151
-119
-54
14
44
14
-70
-195
-323
-421
-473
-486
-485
-493
-519
-542
-534
-481
-398
-298
-193
-95
-26
-4
-25
-68
-99
-76
6
110
189
222
215
170
100
28
-13
1
56
109
117
74
7
-54
-93
-107
-103
-95
-87
-73
-50
-27
-15
0
43
113
192
244
259
238
191
134
82
55
53
48
14
-51
-122
-167
-178
-147
-80
6
86
142
178
194
200
208
229
271
339
424
512
583
620
617
580
519
451
382
323
272
215
131
17
-111
-221
-290
-309
-289
-238
-164
-71
25
112
185
244
280
295
298
301
303
289
242
160
57
-50
-160
-271
-364
-418
-431
-413
-364
-282
-178
-83
-15
12
8
-8
-9
19
72
132
179
210
220
202
149
75
-2
-67
-116
-139
-135
-115
-120
-174
-263
-352
-413
-440
-437
-397
-312
-198
-89
-7
51
91
119
137
149
151
135
98
39
-45
-145
-238
-310
-357
-389
-405
-408
-398
-370
-322
-260
-199
-140
-84
-45
-35
-53
-87
-115
-121
-92
-18
86
181
228
207
135
47
-12
-18
22
70
95
86
58
17
-29
-69
-98
-99
-65
9
95
161
187
188
189
202
222
236
242
238
226
197
155
113
84
57
11
-53
-114
-147
-141
-89
3
109
197
243
241
200
142
88
59
69
124
208
297
368
408
409
371
310
248
218
219
241
253
232
167
65
-52
-165
-253
-307
-317
-274
-195
-103
-23
36
76
103
114
109
81
41
0
-30
-60
-94
-141
-205
-288
-379
-459
-510
-522
-484
-400
-286
-175
-100
-81
-118
-176
-211
-198
-145
-61
48
179
306
392
421
409
370
306
225
141
73
24
-6
-22
-34
-53
-84
-120
-147
-155
-132
-73
12
103
176
221
243
247
226
178
105
31
-33
-85
-142
-218
-314
-426
-549
-666
-756
-789
-752
-650
-509
-361
-223
-108
-31
10
31
49
77
127
201
277
337
370
371
329
255
163
76
5
-39
-50
-40
-30
-45
-88
-151
-215
-264
-286
-279
-236
-153
-32
103
225
313
362
381
370
334
280
217
152
95
43
0
-44
-96
-173
-279
-395
-479
-492
-428
-322
-199
-70
61
166
231
255
256
258
281
338
414
492
554
581
560
484
370
249
132
30
-39
-52
-18
31
64
71
52
16
-24
-30
14
93
176
237
269
270
252
223
187
133
60
-26
-103
-153
-171
-167
-162
-168
-192
-223
-241
-230
-197
-156
-104
-26
72
155
195
184
134
73
44
75
167
286
387
438
435
395
335
271
211
175
172
190
210
208
173
97
-16
-136
-229
-272
-265
-234
-207
-178
-126
-44
29
54
10
-81
-179
-250
-281
-279
-253
-218
-192
-211
-295
-440
-624
-795
-898
-891
-782
-623
-475
-368
-295
-254
-246
-252
-249
-217
-146
-53
50
137
201
239
235
170
54
-76
-185
-256
-290
-294
-279
-255
-241
-252
-293
-343
-361
-314
-199
-44
118
266
385
460
475
431
356
286
230
180
126
72
29
0
-35
-94
-176
-265
-327
-338
-284
-166
7
207
394
528
597
601
560
490
427
405
444
518
593
639
631
561
434
277
129
30
-5
23
103
211
300
327
274
168
55
-22
-43
6
123
287
454
575
620
579
464
310
151
14
-88
-146
-168
-170
-161
-160
-189
-255
-346
-431
-473
-447
-356
-219
-66
72
165
192
141
27
-109
-208
-226
-160
-49
53
110
114
64
-32
-166
-303
-397
-418
-365
-264
-147
-61
-34
-60
-123
-194
-256
-287
-276
-220
-123
-3
113
198
236
226
165
58
-72
-192
-267
-288
-271
-254
-272
-332
-431
-533
-610
-632
-580
-454
-271
-79
61
105
52
-58
-176
-275
-336
-343
-288
-185
-72
28
92
109
70
-18
-125
-204
-226
-194
-133
-71
-28
-14
-26
-47
-62
-60
-32
36
148
291
435
542
585
544
430
280
137
30
-30
-42
-7
54
108
121
72
-37
-163
-252
-271
-217
-106
44
203
340
422
437
402
350
312
300
318
370
447
531
581
576
506
381
231
99
20
8
53
139
243
336
396
403
356
272
188
138
138
181
250
320
361
350
281
170
43
-80
-198
-298
-355
-355
-320
-296
-319
-407
-527
-619
-632
-557
-407
-207
-2
149
223
239
213
151
60
-26
-58
-25
50
129
191
215
187
111
-4
-144
-284
-383
-409
-356
-242
-103
16
78
78
39
-15
-68
-110
-130
-128
-109
-75
-31
-1
-16
-96
-215
-329
-399
-411
-369
-288
-201
-151
-170
-267
-418
-571
-659
-623
-454
-212
11
151
205
198
171
150
154
191
260
344
412
433
384
275
133
-2
-106
-159
-160
-119
-65
-27
4
54
137
229
297
315
278
188
69
-33
-75
-34
61
161
209
179
76
-71
-232
-366
-443
-450
-408
-356
-327
-320
-319
-316
-300
-253
-150
-2
151
276
352
370
331
257
168
79
9
-29
-32
-6
43
107
172
213
213
162
76
-13
-83
-136
-190
-255
-301
-289
-188
-17
162
270
269
198
135
142
217
320
397
409
350
244
137
75
73
95
87
3
-152
-324
-414
-340
-102
209
467
595
581
486
390
355
384
429
422
323
139
-78
-240
-278
-181
-2
191
326
351
253
81
-62
-105
-55
16
53
26
-65
-180
-253
-248
-186
-115
-63
-25
8
36
72
132
213
270
242
104
-122
-381
-603
-733
-764
-730
-675
-619
-556
-484
-395
-272
-120
16
79
58
-20
-108
-166
-174
-148
-139
-181
-253
-292
-275
-238
-226
-232
-215
-182
-184
-256
-354
-407
-389
-329
-265
-210
-158
-99
-16
95
231
383
522
606
582
454
298
214
224
256
231
114
-58
-225
-318
-286
-128
112
366
552
581
423
168
-21
-51
44
167
258
293
281
246
227
233
240
234
217
195
144
61
-9
-7
66
147
177
145
80
17
-11
25
136
303
472
586
617
582
531
492
451
376
261
129
14
-63
-101
-107
-99
-99
-139
-232
-354
-446
-468
-407
-297
-198
-163
-195
-241
-249
-199
-98
24
121
148
85
-44
-183
-272
-293
-267
-231
-198
-159
-104
-40
8
8
-40
-105
-138
-123
-75
-16
30
56
54
26
-32
-115
-208
-278
-285
-215
-104
-16
23
45
81
115
104
23
-121
-294
-446
-538
-558
-512
-428
-360
-337
-341
-324
-280
-228
-182
-131
-67
-4
32
25
-5
-10
43
144
246
300
288
228
149
74
20
11
59
155
263
348
389
380
335
291
277
294
319
336
340
331
307
270
236
214
198
164
100
19
-47
-84
-98
-107
-125
-165
-230
-302
-346
-340
-295
-245
-205
-168
-122
-65
9
101
197
251
221
115
-11
-97
-114
-69
13
84
104
58
-31
-94
-71
54
229
355
366
258
89
-70
-170
-173
-92
13
81
99
99
112
149
210
271
296
260
176
80
-6
-81
-143
-192
-253
-333
-428
-502
-531
-492
-375
-196
-5
138
216
241
248
261
289
319
329
302
231
134
42
-21
-56
-80
-111
-150
-182
-179
-111
16
160
278
340
337
279
191
115
82
105
161
208
221
193
143
89
57
72
112
111
8
-185
-394
-555
-648
-690
-687
-643
-568
-497
-449
-421
-388
-328
-241
-158
-108
-92
-84
-58
-15
34
72
89
72
23
-39
-95
-138
-174
-197
-203
-196
-180
-147
-93
-27
27
66
92
109
103
73
47
62
127
209
268
283
268
249
235
223
205
182
149
91
8
-80
-151
-185
-184
-151
-88
-9
56
93
120
167
238
313
364
371
338
307
307
329
343
315
245
140
32
-41
-59
-43
-19
4
27
56
94
140
183
209
210
180
121
60
28
28
48
75
106
135
150
161
181
216
253
279
285
258
175
34
-133
-272
-344
-345
-290
-202
-120
-73
-74
-102
-127
-112
-46
45
120
160
165
142
101
51
0
-56
-122
-194
-273
-361
-441
-481
-459
-393
-325
-272
-224
-178
-149
-147
-154
-144
-119
-103
-106
-102
-65
1
68
117
133
114
69
20
-28
-88
-175
-283
-386
-449
-453
-405
-326
-237
-155
-97
-71
-85
-129
-171
-170
-119
-50
9
63
120
156
127
33
-88
-190
-260
-309
-350
-381
-388
-349
-265
-159
-52
46
135
221
300
364
411
446
481
507
522
528
527
510
470
414
359
311
273
231
186
129
58
-13
-69
-97
-94
-56
18
120
209
250
228
167
108
81
101
158
219
242
212
148
80
16
-43
-111
-190
-273
-350
-392
-379
-307
-205
-100
0
100
196
271
297
279
239
210
192
163
109
42
-11
-23
12
64
84
41
-43
-117
-148
-137
-106
-80
-72
-85
-109
-134
-161
-182
-186
-160
-121
-108
-130
-152
-135
-72
11
81
114
105
65
5
-73
-169
-273
-347
-364
-324
-275
-245
-224
-170
-78
30
123
202
265
294
278
229
188
172
176
181
193
217
244
265
280
278
238
145
17
-107
-202
-258
-264
-218
-145
-85
-58
-57
-67
-84
-112
-153
-182
-165
-84
36
152
237
284
293
260
195
120
45
-38
-135
-239
-336
-415
-463
-468
-434
-374
-307
-230
-142
-53
13
46
65
85
98
96
89
96
121
154
179
188
156
71
-48
-156
-222
-251
-259
-250
-220
-183
-149
-125
-98
-73
-66
-86
-113
-120
-101
-63
-11
57
141
241
332
361
289
135
-25
-130
-170
-177
-171
-165
-151
-120
-58
29
126
219
303
387
459
513
536
528
490
438
395
376
387
399
391
344
257
141
35
-19
-13
13
19
2
0
29
59
56
5
-62
-109
-116
-80
-15
73
175
274
352
395
398
358
284
188
75
-61
-207
-331
-412
-459
-487
-497
-489
-482
-491
-493
-456
-387
-326
-293
-261
-217
-179
-185
-231
-289
-325
-333
-318
-295
-280
-291
-339
-413
-485
-534
-547
-515
-442
-338
-234
-155
-118
-117
-125
-120
-99
-69
-27
27
77
127
200
317
449
532
527
427
275
117
-14
-113
-192
-229
-190
-70
68
162
220
290
378
435
435
417
431
480
522
528
503
465
415
357
302
263
233
205
168
120
65
15
-7
-3
9
25
51
86
106
98
77
65
76
104
137
175
244
363
500
595
612
566
473
336
175
34
-53
-96
-125
-167
-211
-235
-228
-196
-159
-136
-137
-138
-105
-33
40
80
79
48
9
-20
-21
7
26
-7
-117
-275
-436
-561
-629
-632
-567
-448
-306
-184
-122
-125
-167
-216
-254
-276
-284
-284
-279
-262
-210
-123
-24
50
77
68
41
10
-39
-121
-242
-360
-425
-418
-371
-330
-322
-328
-313
-245
-133
-26
36
66
107
181
260
300
281
210
121
49
6
-18
-37
-63
-108
-182
-274
-358
-389
-323
-158
47
193
222
166
95
54
31
9
-9
-8
22
80
156
231
287
302
276
220
158
109
86
74
39
-42
-147
-199
-156
-43
60
98
78
62
91
160
237
297
336
369
408
451
482
482
442
352
217
73
-30
-77
-81
-69
-53
-32
4
77
189
298
355
335
268
209
182
171
153
137
157
228
316
369
348
264
157
59
-31
-135
-263
-398
-508
-561
-544
-489
-456
-455
-434
-330
-147
36
166
241
278
274
220
145
94
89
106
123
110
58
-33
-147
-255
-333
-356
-314
-210
-68
68
153
171
143
110
95
78
21
-88
-207
-266
-237
-152
-75
-24
27
93
151
171
159
127
68
-44
-203
-356
-441
-458
-438
-406
-357
-286
-227
-211
-225
-219
-151
-37
65
109
111
117
154
202
231
236
215
160
72
-29
-113
-166
-187
-174
-131
-71
-15
30
45
13
-69
-161
-225
-247
-241
-228
-197
-134
-48
20
38
23
12
13
-1
-50
-119
-170
-197
-227
-280
-342
-369
-350
-297
-223
-138
-61
-12
19
54
102
162
234
307
353
374
393
427
455
445
362
213
38
-103
-174
-170
-105
-17
69
130
146
97
2
-80
-88
-11
101
205
292
382
477
545
557
521
477
451
431
388
307
203
114
59
28
6
-17
-40
-60
-70
-42
41
158
265
325
337
326
314
306
286
248
213
193
174
125
41
-61
-163
-255
-316
-344
-346
-322
-258
-159
-62
-3
17
8
-27
-87
-149
-177
-158
-103
-26
58
124
142
106
50
12
-5
-23
-56
-107
-179
-273
-378
-465
-507
-498
-455
-420
-410
-398
-349
-272
-203
-159
-125
-99
-101
-138
-175
-168
-105
-19
30
-1
-104
-226
-315
-363
-388
-392
-371
-343
-330
-317
-247
-119
8
67
58
23
0
-16
-14
37
159
300
369
337
260
193
132
52
-48
-137
-190
-203
-184
-149
-113
-90
-87
-101
-116
-117
-83
-13
60
92
80
57
53
70
90
118
165
230
277
276
232
177
136
114
100
88
92
135
212
286
313
289
250
241
275
342
396
403
373
361
400
470
525
535
506
453
394
330
245
131
24
-21
1
25
-2
-79
-161
-222
-265
-280
-247
-147
-29
43
42
5
-5
45
127
179
151
54
-47
-101
-112
-119
-145
-179
-203
-213
-223
-262
-318
-340
-274
-132
17
114
133
113
116
165
212
191
111
42
35
71
99
95
58
-16
-131
-255
-339
-357
-330
-282
-235
-205
-209
-233
-254
-252
-233
-214
-205
-207
-210
-218
-232
-253
-261
-230
-151
-56
4
28
33
19
-55
-189
-340
-451
-485
-438
-334
-221
-131
-62
5
68
121
171
229
290
349
404
445
439
372
263
137
17
-84
-163
-229
-289
-338
-357
-335
-274
-190
-95
-13
31
26
1
-9
1
29
89
182
256
257
204
160
156
154
106
15
-70
-107
-85
-26
43
81
64
11
-19
13
75
114
137
200
303
391
410
372
315
276
271
290
314
338
369
383
343
247
140
73
56
55
37
-3
-20
27
123
202
213
167
106
74
87
129
168
189
189
186
176
154
101
16
-88
-177
-223
-230
-209
-181
-161
-168
-201
-242
-266
-251
-209
-171
-173
-210
-234
-202
-128
-62
-41
-49
-57
-41
-9
13
-1
-56
-141
-234
-319
-390
-429
-409
-324
-207
-122
-104
-136
-172
-170
-130
-95
-109
-181
-270
-320
-310
-253
-177
-98
-14
65
120
135
118
98
91
90
79
48
12
-10
-26
-65
-117
-138
-93
1
98
164
181
148
94
63
72
98
108
107
117
147
161
106
-30
-199
-316
-338
-287
-222
-170
-117
-40
53
128
159
142
95
58
65
111
172
217
236
227
208
212
256
292
271
193
118
82
74
61
39
36
62
94
108
96
77
75
105
159
223
293
365
419
424
384
340
322
323
310
244
121
-24
-130
-167
-167
-194
-263
-323
-310
-229
-146
-117
-135
-156
-165
-169
-154
-102
-31
32
89
165
237
245
162
34
-68
-122
-155
-198
-230
-221
-168
-105
-75
-92
-145
-206
-239
-234
-191
-125
-38
48
101
102
85
94
132
158
146
100
34
-29
-85
-128
-176
-247
-331
-373
-334
-237
-145
-94
-66
-34
-9
-10
-19
-2
42
71
56
0
-62
-84
-63
-33
-32
-57
-75
-73
-55
-33
-22
-28
-49
-74
-108
-156
-215
-271
-305
-289
-216
-92
48
171
251
288
294
290
295
309
328
342
336
292
199
67
-85
-239
-375
-456
-438
-324
-167
-44
11
22
29
27
-9
-86
-150
-141
-39
101
194
199
145
78
35
8
-5
-16
-25
-46
-83
-112
-105
-62
-16
9
13
14
12
9
9
11
10
21
62
130
193
239
271
306
333
330
283
206
126
62
0
-69
-139
-171
-147
-75
15
106
193
250
260
223
177
158
169
174
136
52
-30
-52
8
105
178
182
126
58
26
50
107
153
160
140
115
96
78
52
30
5
-37
-94
-122
-84
8
101
172
228
280
308
292
242
173
105
42
-15
-67
-118
-168
-219
-264
-280
-253
-201
-161
-154
-182
-217
-231
-215
-201
-196
-191
-175
-171
-202
-249
-263
-214
-120
-52
-63
-136
-204
-221
-215
-218
-241
-271
-308
-363
-409
-426
-400
-349
-275
-183
-82
17
106
175
209
205
172
117
37
-54
-118
-132
-136
-194
-313
-414
-417
-331
-239
-215
-231
-220
-164
-102
-72
-63
-46
-5
44
70
67
62
87
144
215
288
346
380
382
367
348
335
341
359
368
350
317
283
253
246
291
393
494
534
511
477
474
473
441
369
304
269
249
213
157
96
46
13
-6
-20
-34
-36
-19
-3
-8
-37
-61
-66
-60
-59
-76
-96
-111
-134
-193
-282
-328
-271
-134
-6
45
42
47
83
103
65
-22
-94
-120
-117
-112
-94
-51
1
36
39
32
33
48
54
36
1
-28
-42
-64
-107
-178
-275
-400
-530
-607
-576
-448
-289
-181
-149
-164
-163
-131
-94
-92
-127
-170
-208
-229
-233
-216
-201
-210
-254
-319
-375
-405
-410
-393
-321
-185
-31
59
56
14
-3
11
8
-40
-115
-160
-144
-88
-32
10
66
144
220
251
230
194
176
176
174
169
181
212
236
219
171
123
107
131
192
258
299
302
284
251
211
167
121
72
31
15
39
94
157
207
228
219
207
225
256
256
204
128
65
30
32
77
147
193
191
170
183
235
298
349
388
409
406
378
331
271
189
96
25
2
16
23
-3
-45
-72
-75
-73
-79
-75
-43
-3
8
-18
-49
-72
-99
-136
-158
-145
-121
-121
-165
-223
-257
-236
-162
-69
-4
30
64
112
131
75
-61
-238
-405
-514
-525
-443
-326
-252
-266
-339
-390
-365
-276
-170
-89
-35
-2
0
-38
-100
-142
-146
-122
-107
-115
-136
-152
-163
-179
-183
-146
-74
-32
-74
-171
-235
-220
-180
-166
-172
-153
-111
-80
-73
-75
-75
-71
-49
1
60
98
96
52
-16
-86
-135
-152
-129
-65
34
145
228
258
244
220
199
166
111
42
-24
-52
-9
85
155
164
148
166
223
285
317
311
283
264
261
249
203
132
82
75
108
160
219
259
255
204
147
123
137
172
216
258
282
290
285
262
200
118
64
77
131
167
154
103
54
42
73
112
119
61
-38
-135
-197
-228
-230
-204
-157
-117
-90
-54
-5
24
-1
-67
-130
-161
-174
-186
-209
-253
-333
-448
-548
-576
-527
-454
-402
-364
-320
-264
-218
-188
-161
-122
-71
-20
9
19
24
51
93
131
146
150
161
183
202
201
172
111
27
-66
-138
-175
-185
-176
-149
-87
3
82
130
149
175
220
258
244
159
47
-38
-68
-77
-113
-197
-297
-362
-380
-380
-383
-362
-285
-169
-54
48
150
239
277
256
214
200
237
304
356
356
309
254
227
216
193
157
133
140
159
154
94
-19
-134
-199
-195
-148
-83
-8
83
176
267
344
382
346
240
136
84
81
54
-32
-147
-232
-283
-345
-435
-512
-524
-469
-374
-256
-137
-48
-11
-10
-1
42
116
205
286
332
330
298
259
231
212
184
116
4
-103
-156
-148
-115
-85
-73
-63
-37
14
87
186
306
424
491
489
441
384
343
326
339
348
286
112
-135
-350
-458
-477
-490
-532
-555
-501
-373
-220
-90
-17
-8
-24
-1
79
178
249
278
280
256
212
179
197
256
281
206
68
-59
-147
-230
-321
-385
-392
-346
-270
-172
-67
19
64
50
-11
-66
-41
75
225
308
286
192
88
-1
-94
-200
-316
-428
-530
-610
-644
-606
-502
-370
-266
-207
-173
-123
-60
-11
26
76
158
243
308
341
342
300
222
130
45
-45
-150
-271
-383
-463
-480
-426
-323
-218
-143
-94
-47
26
121
208
246
233
217
242
280
265
163
16
-124
-218
-261
-272
-286
-323
-360
-354
-311
-282
-303
-331
-299
-194
-74
6
38
39
33
41
84
166
275
376
432
422
356
269
197
148
129
120
117
108
98
88
76
78
118
215
353
484
548
525
444
357
289
240
202
174
160
163
171
135
35
-88
-167
-187
-174
-131
-58
15
46
35
28
54
105
179
269
352
411
461
512
539
494
387
277
200
146
110
103
121
127
98
36
-36
-94
-116
-86
-14
91
193
258
241
151
41
-33
-71
-112
-184
-275
-366
-438
-464
-433
-374
-338
-331
-315
-280
-259
-283
-338
-409
-491
-573
-611
-580
-503
-432
-375
-294
-168
-46
-22
-124
-278
-378
-394
-391
-421
-471
-497
-483
-454
-434
-397
-299
-137
26
126
170
213
278
334
334
257
137
26
-47
-117
-216
-318
-355
-309
-222
-169
-172
-199
-202
-158
-98
-52
-13
61
183
309
385
407
407
407
411
425
446
475
490
477
427
331
186
20
-100
-121
-30
127
293
424
516
597
680
755
791
783
745
675
564
417
264
148
85
55
17
-40
-87
-84
-28
35
70
70
62
70
110
177
259
317
320
262
172
100
97
172
275
323
266
135
-22
-183
-350
-507
-615
-643
-586
-466
-324
-212
-160
-147
-126
-70
1
54
80
99
121
117
58
-55
-180
-286
-382
-485
-582
-637
-627
-586
-557
-556
-573
-588
-579
-519
-417
-308
-220
-136
-40
50
99
116
143
198
263
295
257
149
12
-101
-192
-295
-417
-523
-594
-631
-624
-542
-380
-180
-5
100
136
132
119
112
111
123
141
136
75
-35
-144
-212
-250
-289
-342
-386
-393
-337
-221
-94
-16
-11
-42
-56
-37
17
106
240
407
567
668
676
608
519
468
457
444
375
257
138
52
0
-22
6
95
209
299
352
387
429
484
554
627
673
659
573
447
340
282
231
134
11
-65
-81
-105
-179
-256
-275
-251
-223
-194
-152
-117
-106
-75
45
251
462
592
625
599
544
459
338
200
69
-45
-146
-232
-295
-315
-281
-215
-157
-121
-85
-38
8
37
64
113
175
222
215
140
-1
-173
-319
-393
-418
-457
-546
-649
-710
-711
-685
-641
-555
-417
-276
-211
-248
-326
-348
-266
-122
3
86
148
208
240
217
144
38
-82
-197
-274
-283
-234
-162
-117
-117
-134
-107
0
156
301
391
440
463
451
391
294
184
73
-36
-131
-199
-251
-294
-333
-364
-388
-395
-365
-300
-226
-168
-141
-143
-168
-191
-193
-154
-72
51
190
301
352
345
307
250
184
123
79
24
-64
-157
-200
-175
-124
-95
-79
-22
103
265
391
446
459
474
489
464
380
255
121
-14
-151
-269
-334
-320
-249
-168
-120
-111
-113
-99
-72
-37
9
76
169
269
359
434
492
534
564
578
556
469
314
131
-29
-132
-186
-218
-243
-254
-245
-210
-142
-35
98
230
330
383
392
387
395
422
431
380
256
91
-63
-179
-250
-281
-256
-175
-83
-59
-132
-248
-341
-372
-348
-281
-191
-114
-78
-82
-82
-41
43
134
191
211
222
250
274
259
179
43
-122
-285
-409
-475
-489
-469
-424
-374
-344
-332
-296
-205
-84
8
45
57
72
87
89
69
12
-93
-215
-287
-268
-206
-192
-268
-393
-504
-550
-520
-434
-336
-249
-156
-41
78
173
246
315
363
348
265
172
122
94
31
-83
-188
-228
-201
-158
-142
-157
-172
-161
-129
-96
-67
-10
96
222
290
243
103
-36
-82
-21
74
124
108
67
40
33
27
1
-45
-96
-126
-123
-88
-20
70
161
220
232
212
207
243
304
346
350
331
313
303
289
250
180
106
67
72
101
118
107
74
40
32
48
62
64
89
167
261
300
275
231
215
206
154
44
-76
-141
-122
-48
40
102
116
78
7
-57
-85
-56
20
100
141
127
79
34
19
52
124
193
202
143
66
40
83
146
156
75
-73
-214
-278
-249
-157
-63
-7
14
45
98
131
88
-23
-142
-214
-227
-209
-190
-203
-252
-308
-329
-307
-286
-302
-343
-363
-340
-283
-214
-159
-139
-155
-176
-177
-158
-134
-114
-108
-134
-173
-190
-162
-118
-113
-154
-206
-230
-219
-194
-178
-166
-136
-66
21
74
59
-1
-54
-56
-10
52
101
139
158
140
80
20
6
40
81
99
108
137
181
206
204
194
194
198
184
154
137
160
231
330
410
428
390
341
313
296
274
251
236
213
167
114
73
38
-9
-73
-150
-232
-310
-351
-319
-222
-109
-43
-33
-53
-91
-144
-190
-188
-135
-74
-46
-63
-103
-148
-182
-193
-174
-129
-65
8
77
133
166
162
107
27
-21
13
115
227
289
282
232
182
159
163
177
177
152
115
113
179
289
367
351
242
96
-30
-95
-93
-54
-20
-25
-66
-120
-167
-200
-230
-264
-283
-254
-170
-87
-70
-133
-219
-267
-258
-230
-220
-238
-261
-279
-306
-355
-400
-393
-317
-212
-139
-122
-128
-123
-99
-68
-32
23
71
83
56
34
18
-37
-158
-302
-379
-344
-220
-74
21
42
17
-18
-41
-49
-23
55
164
249
272
255
243
239
209
144
91
119
227
326
333
261
194
183
202
209
200
191
187
181
171
154
132
100
60
28
20
32
44
42
44
75
134
194
217
186
121
59
14
-22
-63
-106
-148
-179
-192
-190
-190
-185
-154
-81
32
174
316
427
487
488
431
327
202
96
43
31
26
7
-26
-67
-116
-158
-168
-135
-89
-67
-71
-71
-49
-6
47
110
164
163
103
24
-27
-41
-41
-43
-55
-89
-156
-245
-310
-309
-234
-129
-54
-44
-96
-170
-214
-199
-140
-84
-65
-90
-131
-157
-139
-73
23
106
122
57
-38
-98
-83
-16
57
101
108
80
25
-34
-74
-78
-54
-28
-31
-74
-140
-205
-246
-254
-218
-144
-53
4
2
-46
-113
-163
-175
-138
-83
-55
-83
-141
-183
-175
-123
-55
-2
47
119
218
287
280
208
127
57
-10
-73
-98
-68
-1
49
38
-28
-88
-92
-59
-32
-29
-14
46
138
223
272
283
273
258
237
190
102
-12
-119
-181
-198
-180
-139
-90
-68
-91
-125
-111
-30
84
176
215
187
103
8
-47
-43
-10
27
59
84
94
72
31
8
38
100
140
133
94
58
60
96
139
158
155
147
142
138
124
98
63
37
52
105
155
155
106
51
17
-4
-29
-48
-47
-24
13
48
47
5
-29
-7
69
138
154
132
111
108
107
87
49
11
-8
-1
32
88
152
189
165
89
3
-68
-123
-167
-170
-116
-42
-9
-43
-116
-181
-208
-215
-239
-311
-411
-479
-465
-384
-285
-209
-181
-204
-255
-296
-316
-311
-272
-191
-89
-10
29
60
119
194
237
221
158
83
10
-64
-137
-199
-227
-212
-163
-99
-26
53
134
195
222
224
219
213
194
160
113
44
-66
-202
-316
-387
-426
-448
-448
-426
-408
-412
-428
-428
-396
-341
-277
-217
-163
-118
-95
-97
-100
-65
21
121
179
187
177
191
233
278
291
261
218
203
241
308
366
399
410
397
362
329
327
356
405
452
496
527
532
506
454
404
385
415
477
534
551
499
365
180
0
-104
-108
-35
35
37
-18
-52
-15
66
127
144
151
182
219
206
124
34
9
54
102
100
52
-10
-61
-102
-145
-190
-201
-160
-86
-27
-9
-26
-46
-45
-26
0
29
54
46
-11
-86
-117
-94
-61
-65
-113
-175
-233
-286
-343
-412
-488
-558
-608
-630
-620
-592
-554
-516
-473
-424
-376
-337
-304
-278
-258
-237
-225
-248
-321
-395
-388
-280
-148
-84
-108
-172
-226
-259
-278
-284
-265
-231
-198
-191
-205
-206
-162
-84
-16
15
36
90
191
303
371
363
305
268
299
371
417
402
342
285
262
265
263
241
200
160
141
143
134
81
10
-19
24
88
120
123
135
180
234
235
152
24
-66
-73
-31
4
21
52
116
187
229
228
218
223
217
157
51
-35
-56
-26
15
52
97
159
226
281
315
326
309
257
184
129
115
116
112
101
93
79
44
-10
-67
-102
-107
-95
-97
-120
-139
-125
-86
-49
-32
-27
-13
10
32
34
8
-48
-140
-232
-260
-188
-65
11
-3
-58
-69
-6
86
131
87
-10
-68
-24
89
176
196
187
211
259
272
213
102
-2
-68
-107
-142
-175
-209
-245
-280
-311
-336
-347
-329
-265
-186
-137
-128
-154
-189
-206
-187
-151
-138
-161
-198
-229
-250
-264
-267
-261
-265
-294
-357
-432
-474
-435
-302
-127
10
60
43
19
21
44
46
19
-3
17
78
117
100
65
76
140
190
182
127
68
21
3
24
78
132
154
143
126
135
170
214
229
206
163
140
155
191
224
244
246
196
75
-75
-162
-145
-73
-13
16
43
84
136
181
203
194
169
148
144
158
180
197
190
151
93
35
-2
-2
61
196
374
517
569
518
404
287
208
173
160
146
131
121
105
71
40
47
85
107
82
34
-8
-24
-21
-12
-8
5
32
52
34
-14
-48
-55
-55
-64
-78
-91
-126
-202
-290
-337
-325
-293
-278
-275
-267
-259
-266
-282
-275
-227
-157
-106
-108
-169
-244
-280
-255
-200
-163
-169
-196
-213
-212
-219
-252
-289
-304
-310
-330
-352
-345
-310
-273
-239
-196
-141
-110
-124
-153
-136
-53
36
68
20
-57
-109
-110
-82
-62
-62
-72
-79
-92
-125
-153
-138
-79
-20
4
8
30
74
117
130
119
112
120
128
127
134
171
220
234
181
72
-27
-59
-17
56
106
118
103
84
88
126
179
216
219
218
256
344
425
441
379
283
205
154
135
150
177
179
136
81
55
70
103
128
138
155
188
237
275
274
228
164
124
130
157
164
133
80
35
21
30
25
-21
-96
-163
-187
-175
-159
-151
-126
-61
39
133
184
165
93
11
-27
-11
21
26
9
11
54
105
104
17
-121
-247
-314
-307
-228
-107
-10
15
-26
-73
-86
-67
-33
6
54
100
126
115
67
-9
-88
-146
-167
-149
-114
-90
-96
-138
-202
-246
-227
-145
-63
-27
-36
-52
-52
-45
-49
-57
-52
-29
-13
-31
-75
-123
-156
-176
-183
-178
-163
-142
-115
-81
-45
-27
-46
-96
-144
-171
-164
-114
-27
59
95
75
39
11
-36
-113
-191
-230
-219
-182
-144
-123
-123
-134
-126
-72
23
114
156
143
102
63
45
49
64
71
60
34
-2
-30
-38
-29
-28
-54
-97
-114
-82
1
104
183
210
191
162
153
171
201
216
202
165
120
70
1
-81
-132
-106
-19
60
69
15
-35
-29
27
83
102
102
127
195
277
323
325
321
345
378
375
345
323
309
267
195
139
136
165
181
167
139
131
144
153
139
120
123
151
200
260
324
369
364
284
135
-32
-154
-211
-229
-237
-231
-202
-154
-115
-125
-190
-282
-340
-331
-260
-163
-66
19
106
208
295
307
212
48
-115
-227
-274
-267
-242
-238
-271
-317
-348
-365
-388
-413
-412
-368
-314
-295
-326
-377
-398
-366
-290
-204
-146
-140
-187
-273
-375
-475
-545
-569
-562
-566
-597
-622
-598
-526
-452
-414
-409
-398
-358
-288
-198
-111
-41
5
41
84
138
194
248
298
339
348
306
220
152
155
210
256
265
270
303
340
355
346
336
352
417
530
636
654
557
406
299
277
305
334
341
326
287
238
198
174
164
167
181
190
179
165
182
232
280
301
298
289
294
310
327
315
272
227
217
249
291
310
299
266
219
158
85
21
-12
3
43
63
31
-52
-155
-252
-326
-363
-354
-298
-223
-173
-174
-209
-237
-233
-201
-179
-199
-252
-286
-252
-177
-120
-119
-153
-178
-180
-168
-157
-148
-125
-85
-48
-35
-39
-44
-73
-145
-224
-243
-176
-67
25
74
89
85
72
55
41
39
41
17
-45
-118
-161
-160
-151
-178
-233
-275
-282
-272
-274
-273
-234
-146
-62
-46
-112
-219
-301
-311
-243
-142
-73
-64
-85
-88
-58
-28
-25
-37
-31
3
45
79
96
98
87
73
62
56
63
97
165
263
365
440
454
412
352
296
242
187
146
135
147
148
111
36
-50
-104
-109
-89
-84
-102
-102
-55
15
61
71
74
83
76
29
-58
-153
-215
-214
-158
-99
-85
-121
-184
-242
-276
-277
-244
-188
-132
-89
-78
-92
-101
-83
-36
18
71
120
169
240
329
422
479
484
439
355
243
122
23
-29
-34
-21
-12
2
29
46
24
-26
-46
-2
85
162
198
201
195
178
143
92
49
33
38
48
53
47
25
-12
-50
-90
-126
-141
-107
-17
83
138
131
98
87
98
106
101
107
142
177
177
149
126
121
117
106
96
94
90
61
-12
-120
-223
-270
-242
-162
-80
-34
-54
-142
-267
-366
-388
-350
-315
-319
-337
-326
-302
-319
-398
-495
-554
-562
-537
-499
-455
-410
-373
-352
-347
-336
-308
-269
-237
-219
-205
-182
-148
-119
-101
-95
-82
-37
56
187
301
342
292
202
145
163
225
277
284
260
228
193
145
102
94
131
190
237
261
262
257
253
249
244
247
269
303
327
318
270
217
205
241
288
296
251
174
98
49
38
42
40
36
66
147
249
313
310
275
265
290
313
322
348
418
483
469
373
261
200
195
212
224
218
194
164
138
119
97
58
-4
-86
-165
-217
-214
-155
-72
-9
9
1
-15
-47
-118
-219
-304
-354
-383
-401
-395
-363
-335
-346
-398
-461
-502
-518
-516
-499
-466
-423
-394
-403
-423
-405
-331
-234
-160
-126
-115
-126
-168
-239
-310
-347
-329
-260
-170
-94
-49
-29
-19
-16
-24
-40
-53
-43
-6
38
67
77
78
77
67
64
77
100
125
142
145
131
94
33
-32
-78
-104
-139
-174
-164
-91
2
63
76
55
0
-72
-114
-92
-17
62
106
106
74
25
-18
-13
46
127
181
194
180
157
134
126
143
185
249
323
382
400
377
343
322
316
308
284
240
192
161
149
138
123
112
119
150
187
202
167
109
80
102
146
170
167
154
147
137
102
34
-45
-110
-137
-132
-122
-131
-161
-188
-199
-197
-185
-160
-124
-101
-103
-129
-149
-142
-101
-44
-2
19
35
54
63
61
57
51
26
-18
-62
-82
-75
-62
-68
-85
-83
-49
-11
-5
-33
-67
-82
-66
-24
28
58
52
21
-16
-65
-134
-197
-208
-153
-62
34
110
155
162
118
32
-69
-149
-180
-157
-89
-12
29
2
-86
-200
-307
-384
-418
-406
-360
-298
-251
-251
-297
-332
-284
-146
4
70
29
-44
-64
-29
9
10
-12
-30
-43
-67
-111
-164
-213
-242
-247
-223
-167
-84
5
80
125
136
126
110
106
118
146
189
248
299
325
308
253
170
80
29
47
121
193
214
185
156
150
158
157
158
180
214
239
245
239
239
271
338
411
432
371
256
152
109
115
126
103
35
-63
-154
-205
-204
-164
-115
-85
-91
-139
-200
-208
-113
65
228
288
240
141
46
-26
-60
-49
-8
20
15
-14
-55
-105
-150
-167
-136
-70
-12
2
-23
-46
-19
67
173
271
357
441
496
483
401
296
218
174
139
102
89
109
136
119
44
-61
-153
-203
-215
-217
-233
-248
-229
-174
-119
-110
-134
-156
-155
-141
-120
-96
-85
-103
-148
-200
-258
-309
-330
-320
-314
-340
-372
-360
-284
-171
-73
-23
-40
-113
-210
-294
-346
-366
-360
-328
-285
-244
-225
-231
-252
-277
-305
-338
-360
-359
-327
-271
-196
-123
-76
-61
-44
5
83
154
198
223
241
245
227
195
170
166
180
194
172
103
18
-18
15
75
115
127
150
212
279
310
313
337
396
445
436
383
331
310
301
289
259
210
153
102
56
1
-70
-135
-166
-165
-160
-183
-226
-268
-290
-288
-256
-193
-117
-50
0
44
90
130
151
161
171
194
223
249
262
265
258
264
294
333
338
290
225
195
224
285
332
338
315
287
259
231
202
174
140
98
57
20
-15
-54
-88
-107
-111
-98
-82
-90
-141
-226
-310
-371
-399
-396
-360
-293
-207
-122
-74
-85
-136
-183
-209
-233
-272
-315
-353
-382
-402
-390
-344
-268
-178
-89
-22
0
-15
-21
27
110
154
113
19
-31
17
133
232
257
217
152
100
62
29
3
-9
-15
-29
-55
-89
-133
-184
-230
-242
-213
-180
-192
-257
-337
-379
-364
-309
-248
-206
-191
-205
-247
-296
-325
-318
-292
-273
-265
-238
-165
-66
10
37
32
47
97
147
156
135
140
203
282
326
324
311
309
315
323
345
385
421
413
348
269
248
313
418
475
448
367
290
251
246
245
224
177
138
142
205
285
323
298
230
154
77
8
-45
-68
-62
-55
-72
-122
-169
-181
-151
-99
-47
-9
-5
-34
-82
-134
-189
-231
-233
-180
-94
-17
30
47
37
7
-13
6
74
159
231
276
288
255
185
109
62
50
39
2
-71
-163
-254
-331
-391
-434
-456
-463
-451
-417
-351
-253
-147
-79
-71
-99
-118
-103
-65
-21
17
36
17
-35
-95
-131
-134
-122
-116
-122
-140
-168
-194
-203
-177
-109
-17
72
146
209
257
273
239
167
102
75
69
52
14
-17
-17
10
36
18
-54
-148
-204
-204
-175
-150
-139
-137
-147
-164
-164
-129
-69
-7
41
70
77
61
34
9
-12
-28
-31
-16
-7
-29
-89
-170
-238
-268
-253
-204
-146
-97
-66
-42
-11
35
83
116
142
182
241
301
346
377
394
388
359
313
260
203
163
162
212
289
364
425
481
533
570
584
564
515
433
345
271
212
142
45
-70
-173
-241
-264
-252
-218
-181
-162
-169
-191
-218
-251
-280
-275
-215
-123
-40
6
18
-3
-41
-78
-103
-142
-219
-312
-362
-336
-262
-195
-163
-156
-139
-95
-40
2
35
75
120
146
143
128
125
136
155
167
150
98
32
-20
-53
-81
-117
-151
-185
-229
-279
-298
-255
-169
-85
-43
-38
-63
-118
-193
-251
-256
-219
-185
-177
-181
-169
-152
-144
-148
-139
-116
-98
-89
-57
19
110
161
150
103
58
43
54
70
58
21
-24
-56
-71
-67
-45
-9
30
46
23
-24
-45
-13
43
71
61
59
103
169
193
144
59
-8
-35
-39
-44
-62
-80
-79
-62
-40
-23
-11
-2
1
-2
-15
-22
1
66
141
183
179
152
122
88
54
43
66
109
136
134
104
46
-46
-161
-246
-260
-207
-134
-77
-33
5
43
85
131
169
191
199
208
218
218
204
187
183
188
195
205
234
276
296
257
190
144
143
151
142
135
157
189
204
198
203
231
266
274
246
204
178
172
170
153
129
115
122
138
134
105
76
73
74
41
-31
-100
-135
-149
-169
-196
-208
-194
-178
-193
-245
-293
-299
-266
-239
-256
-304
-351
-376
-385
-388
-378
-341
-275
-203
-167
-173
-198
-207
-189
-158
-113
-49
25
69
60
13
-51
-106
-140
-157
-173
-191
-212
-237
-263
-273
-243
-170
-76
13
77
123
152
170
172
162
143
120
102
88
69
45
21
-5
-61
-160
-269
-336
-341
-316
-308
-313
-305
-271
-250
-279
-340
-385
-385
-351
-316
-307
-326
-336
-302
-229
-172
-167
-181
-149
-42
102
228
308
339
340
317
281
248
246
278
315
335
344
361
379
378
354
333
328
352
398
463
529
576
583
550
495
451
437
436
428
411
393
371
326
246
149
79
73
118
154
118
20
-67
-90
-65
-53
-73
-100
-91
-38
33
92
124
144
164
176
165
144
130
116
65
-41
-166
-247
-264
-261
-282
-316
-314
-243
-126
-12
59
78
46
-20
-91
-146
-166
-147
-93
-31
26
62
66
25
-49
-136
-208
-265
-322
-400
-495
-573
-589
-534
-459
-404
-373
-334
-280
-234
-212
-200
-168
-115
-74
-76
-120
-177
-215
-222
-209
-197
-192
-197
-210
-231
-239
-209
-141
-73
-37
-27
-30
-34
-33
-15
19
43
44
34
17
-18
-69
-104
-94
-37
43
117
161
166
152
153
192
248
276
259
222
204
218
247
262
243
216
213
242
261
232
162
81
30
33
99
200
301
375
425
454
442
387
306
246
231
267
319
363
388
394
377
330
279
244
232
216
178
118
56
11
-12
-29
-41
-24
38
108
139
110
48
-7
-24
-10
-6
-31
-67
-97
-129
-173
-209
-213
-191
-169
-154
-138
-132
-153
-192
-224
-225
-199
-173
-171
-191
-218
-238
-255
-286
-339
-404
-449
-454
-427
-384
-336
-291
-260
-238
-209
-163
-111
-82
-89
-115
-118
-81
-23
30
74
110
110
42
-76
-187
-255
-280
-276
-256
-237
-227
-220
-194
-141
-80
-39
-17
11
58
99
110
87
55
40
48
60
32
-46
-124
-149
-124
-96
-93
-100
-92
-69
-37
10
71
143
218
291
350
373
372
374
399
440
473
489
482
459
425
390
368
364
380
388
361
283
175
68
0
-17
22
88
141
141
91
27
-12
-24
-25
-30
-32
-27
-17
-7
16
57
89
71
-15
-121
-194
-207
-178
-145
-138
-176
-222
-231
-181
-91
-5
56
90
108
106
76
19
-52
-120
-182
-240
-288
-311
-302
-287
-279
-273
-240
-178
-124
-97
-85
-66
-43
-30
-26
-41
-82
-136
-180
-196
-209
-240
-290
-325
-331
-325
-324
-333
-333
-320
-288
-240
-192
-145
-105
-55
18
111
202
264
297
305
305
303
296
291
277
248
186
99
13
-26
19
131
258
341
368
358
345
328
301
260
226
224
244
262
264
249
229
208
205
222
228
197
129
54
-7
-46
-72
-76
-56
-2
71
144
200
234
241
207
142
70
10
-26
-28
5
55
101
123
103
22
-94
-191
-221
-202
-173
-153
-139
-141
-165
-191
-185
-138
-67
-2
32
13
-48
-111
-148
-174
-217
-282
-336
-373
-407
-446
-481
-501
-515
-515
-476
-391
-279
-162
-41
68
144
171
169
174
174
149
94
43
3
-44
-103
-157
-179
-168
-124
-38
80
189
240
218
156
103
106
154
203
223
226
226
217
175
111
36
-33
-103
-187
-288
-400
-469
-462
-380
-266
-169
-103
-74
-72
-100
-133
-135
-95
-31
30
109
208
290
332
347
374
392
384
379
400
429
422
377
317
256
192
138
113
125
160
202
246
282
279
232
176
151
152
146
129
134
162
186
175
118
14
-118
-235
-303
-344
-385
-414
-380
-282
-175
-101
-62
-33
-43
-91
-143
-165
-167
-186
-200
-202
-199
-221
-257
-279
-271
-238
-194
-135
-63
15
78
121
151
191
236
275
294
284
245
181
119
65
3
-83
-177
-226
-212
-170
-153
-184
-226
-250
-236
-211
-183
-163
-154
-138
-120
-103
-104
-118
-129
-140
-171
-221
-257
-249
-228
-229
-260
-284
-279
-240
-166
-75
25
103
151
182
210
239
235
201
174
191
233
253
239
206
193
229
316
406
442
429
399
362
292
195
121
101
120
128
101
52
8
1
28
81
131
146
132
112
100
81
50
33
31
20
-26
-96
-169
-229
-266
-294
-320
-343
-334
-267
-163
-65
-16
-14
-33
-58
-73
-95
-110
-125
-133
-117
-65
12
75
112
127
116
86
66
104
198
312
418
485
503
465
409
372
355
329
269
189
104
24
-66
-161
-235
-253
-231
-203
-189
-203
-232
-268
-295
-318
-340
-327
-265
-160
-73
-30
-37
-87
-162
-233
-259
-251
-242
-262
-313
-369
-413
-427
-406
-352
-272
-193
-128
-75
-24
45
134
238
328
378
381
354
328
330
357
378
373
361
355
328
251
148
85
98
162
214
211
156
77
17
-15
-30
-51
-81
-95
-89
-80
-82
-82
-51
6
57
55
-2
-87
-180
-269
-352
-395
-384
-325
-261
-211
-160
-69
64
186
238
224
204
224
264
282
267
226
164
79
7
-11
20
50
19
-59
-145
-203
-222
-198
-121
-29
49
93
120
127
114
91
51
-12
-92
-146
-163
-165
-183
-219
-262
-311
-351
-340
-262
-144
-41
34
82
101
87
70
100
175
249
259
215
150
92
59
39
34
26
30
71
154
232
246
190
121
90
102
132
152
147
112
58
-9
-88
-161
-185
-140
-82
-69
-100
-126
-136
-152
-188
-228
-264
-303
-359
-399
-391
-321
-226
-153
-121
-135
-152
-152
-128
-97
-61
-8
45
76
77
84
113
138
130
85
45
43
88
167
235
263
250
235
236
219
176
128
118
133
136
111
74
69
87
95
60
-7
-60
-77
-63
-45
-39
-52
-79
-115
-142
-144
-114
-43
50
140
187
185
151
97
33
-38
-103
-158
-206
-222
-188
-130
-106
-151
-218
-244
-196
-111
-40
0
22
57
106
170
246
319
366
365
324
261
202
149
89
14
-49
-63
-19
46
87
78
35
8
24
74
117
149
189
243
299
325
314
245
143
55
14
19
19
11
-2
-3
-3
-19
-28
-20
-4
-8
-38
-72
-114
-160
-199
-218
-221
-229
-216
-178
-137
-118
-129
-135
-141
-147
-160
-194
-243
-327
-414
-467
-465
-426
-388
-334
-267
-189
-130
-87
-35
19
50
45
19
-4
-32
-52
-53
-46
-54
-93
-119
-113
-73
-44
-36
-37
-21
27
104
185
253
318
399
483
529
524
481
435
399
377
358
338
315
268
188
87
-15
-104
-176
-222
-222
-185
-109
-22
59
116
149
180
211
244
249
215
133
43
-22
-41
-36
-50
-91
-142
-167
-176
-180
-179
-159
-126
-92
-74
-57
-46
-47
-78
-132
-190
-220
-214
-197
-188
-182
-153
-99
-43
-20
-24
-17
28
94
116
68
-23
-91
-112
-115
-127
-148
-146
-135
-141
-165
-160
-101
-22
44
76
79
52
30
48
104
150
156
136
105
74
56
66
81
65
20
-6
13
52
75
93
128
171
199
190
160
126
108
104
107
90
37
-26
-49
1
93
169
208
225
233
235
225
223
222
214
171
86
-7
-66
-72
-51
-26
-21
-57
-129
-203
-261
-289
-295
-277
-264
-265
-264
-239
-193
-150
-115
-91
-90
-126
-188
-237
-246
-236
-229
-246
-265
-298
-355
-416
-444
-402
-314
-209
-130
-90
-65
-30
46
149
241
291
288
254
219
205
216
237
261
271
264
253
258
281
290
263
218
183
171
148
103
34
-50
-130
-193
-211
-194
-155
-128
-137
-157
-165
-139
-122
-153
-219
-267
-255
-203
-150
-119
-117
-134
-167
-193
-190
-171
-135
-81
20
141
245
299
305
286
268
274
315
356
364
342
306
270
221
184
171
198
258
354
488
616
696
689
622
531
444
380
347
328
295
221
124
5
-116
-224
-293
-310
-292
-244
-190
-146
-147
-194
-249
-265
-232
-175
-135
-111
-104
-117
-162
-223
-266
-291
-288
-258
-192
-123
-77
-51
-40
-52
-98
-145
-150
-104
-28
47
98
102
45
-39
-112
-144
-158
-180
-225
-282
-327
-353
-365
-388
-409
-388
-312
-229
-183
-160
-136
-111
-111
-125
-125
-93
-35
36
105
154
171
151
104
38
-31
-76
-92
-81
-56
-19
18
42
62
79
89
65
29
24
86
189
271
285
240
166
115
108
153
209
219
163
57
-51
-139
-178
-168
-139
-134
-163
-198
-210
-197
-155
-86
-3
72
122
150
157
168
184
207
225
224
200
155
111
77
57
42
33
32
33
33
44
61
79
97
139
216
283
298
253
197
168
181
215
230
188
86
-27
-101
-123
-126
-113
-90
-66
-84
-141
-202
-235
-218
-158
-48
81
189
241
228
178
101
45
26
40
50
35
25
37
80
115
124
97
56
24
16
35
52
44
10
-24
-41
-41
-26
-7
-8
-47
-112
-181
-229
-262
-300
-341
-375
-374
-348
-307
-289
-287
-299
-320
-353
-392
-408
-392
-346
-307
-283
-262
-230
-192
-165
-135
-92
-32
16
46
68
91
107
116
126
146
176
191
197
200
213
241
275
304
322
343
379
429
477
502
496
469
441
409
354
263
163
92
60
36
-1
-41
-56
-53
-65
-115
-180
-228
-248
-240
-216
-215
-267
-346
-393
-374
-312
-258
-226
-226
-261
-325
-381
-413
-433
-443
-434
-392
-328
-261
-199
-141
-77
-7
61
124
169
201
218
231
240
237
235
274
377
493
548
526
480
454
432
382
319
284
302
351
400
424
407
353
275
201
151
148
187
239
256
211
129
55
28
32
29
13
10
21
16
-8
-32
-44
-63
-89
-120
-148
-186
-230
-282
-328
-353
-335
-289
-248
-239
-251
-256
-228
-181
-143
-119
-94
-35
46
142
235
295
298
245
189
167
188
218
226
201
144
65
-12
-61
-80
-90
-118
-168
-217
-238
-223
-183
-140
-108
-101
-123
-166
-203
-230
-254
-293
-332
-356
-361
-364
-383
-424
-481
-560
-639
-676
-648
-568
-471
-377
-287
-211
-158
-112
-46
50
148
218
255
267
265
270
288
312
328
322
297
262
229
206
202
218
248
265
256
228
200
173
141
108
92
108
128
117
67
9
-48
-120
-210
-294
-356
-402
-426
-407
-336
-254
-215
-234
-274
-292
-269
-214
-146
-74
-14
40
103
179
243
293
345
417
492
543
571
577
556
516
494
513
572
626
645
626
599
574
534
465
398
370
389
422
425
378
296
214
147
82
12
-58
-128
-203
-279
-345
-395
-439
-479
-512
-539
-555
-559
-561
-590
-637
-666
-634
-560
-490
-453
-434
-412
-394
-387
-387
-370
-331
-274
-193
-80
34
112
153
183
209
210
184
157
149
171
209
256
287
297
286
263
245
246
267
292
317
341
357
357
363
396
440
448
385
252
86
-52
-115
-126
-140
-197
-281
-369
-445
-497
-505
-468
-420
-374
-321
-256
-207
-210
-246
-277
-276
-259
-232
-207
-192
-189
-185
-179
-175
-162
-126
-65
-10
23
19
4
8
45
103
168
229
270
286
289
298
304
302
304
313
312
286
243
204
178
152
132
140
195
277
349
376
344
258
142
37
-24
-41
-39
-50
-92
-155
-212
-232
-214
-178
-151
-143
-150
-163
-183
-204
-202
-162
-116
-104
-117
-116
-95
-77
-66
-62
-73
-109
-139
-114
-38
43
86
91
82
67
66
83
102
81
13
-51
-59
-32
-23
-34
-19
44
130
197
220
190
126
77
77
115
146
143
113
82
60
33
3
-25
-42
-71
-105
-130
-146
-155
-166
-173
-171
-134
-54
45
113
123
83
16
-59
-115
-127
-91
-26
27
45
28
-10
-56
-93
-97
-64
-17
20
45
61
56
34
11
6
13
22
28
33
24
-18
-81
-130
-153
-147
-118
-69
-17
14
31
50
63
51
17
-2
5
26
42
46
54
60
41
-20
-101
-161
-188
-211
-243
-263
-243
-186
-115
-57
-23
-4
13
50
106
149
147
105
64
53
58
51
31
15
5
-6
-18
-22
-20
-12
8
36
51
36
-2
-36
-45
-25
17
67
118
172
233
302
355
372
349
302
263
248
248
243
221
180
111
16
-83
-155
-182
-171
-130
-66
10
76
117
151
203
258
290
279
236
170
79
-29
-130
-192
-211
-218
-245
-306
-380
-437
-450
-427
-387
-354
-323
-267
-178
-88
-39
-38
-50
-41
-15
15
25
8
-25
-45
-27
22
73
103
102
75
42
37
74
121
140
118
88
73
80
103
144
191
217
200
145
100
92
105
101
77
58
47
24
-25
-76
-108
-128
-152
-181
-204
-215
-220
-217
-194
-155
-106
-70
-59
-73
-96
-110
-121
-135
-146
-144
-128
-122
-136
-171
-212
-234
-212
-156
-96
-48
1
63
129
185
232
282
322
335
313
268
213
160
118
100
112
136
146
128
93
53
17
-12
-26
-14
36
124
226
300
321
298
248
182
109
33
-37
-90
-122
-143
-174
-204
-217
-206
-183
-150
-107
-62
-34
-21
-12
0
5
-4
-10
-3
15
27
28
13
-16
-58
-103
-141
-165
-164
-144
-120
-112
-116
-110
-83
-46
-2
36
60
57
33
-4
-46
-84
-109
-113
-109
-104
-95
-77
-59
-70
-119
-179
-206
-174
-93
4
70
64
3
-56
-58
-2
72
124
142
122
69
8
-23
0
56
89
65
3
-34
-15
56
128
167
163
136
104
75
54
43
40
55
84
109
107
83
61
53
58
73
104
141
158
148
124
99
83
86
109
123
107
70
55
80
135
205
280
342
359
317
242
174
122
75
30
-14
-65
-120
-161
-175
-177
-193
-227
-266
-294
-313
-317
-296
-251
-202
-173
-170
-175
-176
-159
-122
-68
-7
47
84
101
102
100
111
141
173
190
192
196
201
196
183
178
196
234
267
287
294
288
269
233
187
144
109
59
-14
-92
-145
-167
-181
-213
-272
-335
-367
-362
-349
-350
-363
-380
-400
-427
-444
-438
-417
-405
-412
-421
-425
-429
-431
-419
-389
-344
-293
-238
-196
-185
-192
-182
-134
-66
-1
50
79
81
55
22
19
67
153
244
322
378
413
430
436
445
454
450
424
374
310
246
195
167
151
124
72
7
-44
-68
-65
-55
-55
-71
-93
-113
-124
-136
-160
-189
-207
-191
-148
-106
-95
-107
-120
-127
-128
-126
-120
-116
-111
-88
-37
32
82
102
107
119
147
191
244
291
315
315
305
295
296
317
364
420
448
431
385
335
292
259
240
238
241
231
207
177
160
165
182
198
194
162
108
50
19
16
23
16
-16
-69
-140
-203
-236
-241
-229
-211
-202
-216
-259
-324
-396
-445
-442
-388
-313
-250
-199
-152
-118
-108
-121
-144
-163
-153
-96
-13
40
19
-62
-145
-185
-174
-130
-62
18
93
144
172
184
178
149
112
84
68
50
34
33
35
15
-24
-58
-69
-64
-43
-4
44
76
85
91
103
102
61
-1
-54
-85
-109
-136
-168
-211
-258
-294
-298
-281
-257
-219
-164
-114
-88
-86
-80
-53
0
63
117
159
196
223
239
236
218
197
183
183
183
188
198
213
210
172
104
23
-36
-41
12
92
163
202
197
158
113
76
40
-4
-51
-94
-128
-139
-138
-152
-208
-297
-382
-442
-473
-466
-418
-346
-290
-268
-279
-319
-376
-426
-423
-356
-240
-109
16
103
131
118
107
120
141
155
179
227
274
286
259
225
207
204
213
247
310
374
419
450
478
494
477
422
345
269
216
202
224
254
239
161
46
-57
-121
-133
-104
-74
-82
-119
-153
-180
-216
-275
-335
-364
-331
-246
-147
-78
-62
-93
-147
-199
-230
-252
-269
-273
-258
-240
-228
-200
-150
-91
-38
25
107
185
240
270
283
285
273
253
229
205
190
204
259
326
357
331
259
168
82
24
20
51
74
67
40
8
-38
-77
-84
-65
-55
-63
-76
-79
-66
-57
-84
-169
-278
-356
-378
-359
-318
-276
-260
-279
-315
-337
-342
-337
-336
-340
-350
-345
-311
-241
-150
-59
19
68
87
84
73
62
37
-1
-36
-39
7
84
169
240
283
276
217
155
132
151
183
236
323
389
362
239
87
-34
-102
-108
-64
-21
-25
-67
-112
-146
-161
-148
-103
-60
-41
-57
-98
-151
-195
-200
-161
-110
-85
-105
-145
-171
-157
-85
45
202
329
376
335
244
163
117
98
99
136
220
316
383
399
397
409
450
514
570
588
542
458
371
307
269
254
257
244
185
97
39
48
107
155
167
161
153
131
79
26
-2
-16
-61
-147
-248
-347
-444
-533
-576
-552
-486
-425
-403
-416
-438
-431
-389
-330
-252
-156
-62
-8
-4
-12
-14
-10
-24
-42
-41
-15
11
0
-33
-52
-36
-4
4
-9
-19
-12
9
40
82
102
68
-18
-107
-158
-166
-135
-101
-99
-159
-269
-383
-453
-475
-470
-463
-470
-489
-504
-493
-461
-424
-385
-321
-248
-200
-182
-153
-93
-33
-5
-11
-14
-9
-26
-69
-112
-128
-120
-99
-50
28
114
179
216
255
305
365
412
430
416
390
392
422
463
494
502
477
410
330
285
300
354
408
433
420
368
272
155
52
-1
-12
13
77
158
219
214
157
99
81
99
107
75
9
-72
-145
-182
-151
-57
49
120
134
100
36
-12
-19
6
44
74
100
123
139
131
84
29
12
44
94
110
76
-5
-107
-193
-220
-162
-54
56
126
164
184
182
161
126
88
63
65
93
122
118
75
21
-14
-21
-17
-23
-41
-67
-100
-142
-191
-235
-269
-286
-288
-280
-267
-272
-313
-377
-425
-412
-346
-263
-216
-230
-286
-349
-405
-452
-472
-446
-379
-307
-261
-259
-284
-321
-361
-373
-326
-203
-54
43
59
34
27
48
76
111
175
250
290
263
179
64
-60
-164
-210
-183
-107
-35
12
50
92
134
169
209
254
287
278
215
118
40
29
84
154
202
235
266
285
257
182
87
-1
-61
-80
-43
28
98
148
166
161
156
175
232
316
400
459
472
428
323
192
86
37
22
14
7
9
17
22
45
107
205
305
382
419
401
324
211
84
-38
-150
-240
-297
-332
-370
-426
-480
-506
-487
-423
-304
-142
11
99
117
118
143
206
280
336
351
314
238
147
65
6
-29
-60
-107
-168
-226
-264
-281
-266
-211
-118
-11
67
95
76
47
26
21
18
10
-18
-71
-134
-187
-227
-275
-336
-382
-382
-334
-257
-173
-86
-12
42
60
44
14
8
44
113
191
248
260
217
134
51
9
10
31
37
11
-36
-97
-155
-192
-185
-153
-128
-130
-145
-159
-171
-192
-201
-181
-117
-36
21
36
9
-49
-129
-194
-212
-189
-162
-164
-201
-245
-262
-239
-178
-83
32
135
210
243
238
184
102
24
-26
-47
-45
-27
-17
-21
-28
-19
16
57
87
97
96
113
166
251
336
385
384
350
311
267
208
123
24
-75
-165
-245
-301
-309
-266
-190
-132
-104
-102
-93
-68
-25
39
123
205
258
264
232
189
157
144
144
153
162
153
116
64
22
0
-4
24
74
132
172
193
205
218
242
281
323
348
357
371
398
406
370
297
242
224
241
259
240
171
69
-27
-83
-96
-73
-36
8
44
67
72
57
35
14
4
-12
-44
-90
-132
-163
-193
-226
-262
-296
-329
-363
-394
-424
-461
-514
-564
-585
-554
-471
-359
-248
-167
-121
-108
-113
-126
-128
-116
-107
-119
-158
-212
-261
-302
-330
-354
-365
-344
-292
-240
-224
-243
-263
-247
-184
-90
16
117
188
211
196
160
121
75
25
-21
-52
-72
-86
-92
-81
-56
-26
7
59
123
174
188
169
135
99
71
54
46
34
15
-14
-50
-83
-103
-108
-96
-62
-12
40
75
93
107
129
148
153
145
131
126
141
165
185
194
209
240
282
327
367
410
451
479
480
454
411
367
335
327
340
378
421
457
464
429
363
297
261
253
239
193
127
71
45
38
35
39
61
86
87
55
17
-4
-5
-7
-12
-14
-18
-36
-77
-129
-160
-153
-118
-82
-72
-91
-132
-185
-248
-310
-356
-383
-402
-416
-423
-421
-423
-440
-472
-500
-517
-514
-496
-467
-434
-410
-394
-374
-347
-312
-280
-262
-263
-283
-301
-302
-271
-220
-155
-101
-78
-89
-125
-158
-165
-136
-76
-11
43
88
121
136
134
128
133
155
184
201
184
154
134
142
154
162
174
203
228
221
185
159
165
184
181
162
146
149
151
138
112
81
56
44
55
83
109
103
60
1
-40
-52
-29
26
97
157
184
168
115
42
-9
-6
61
141
198
208
175
110
22
-65
-130
-163
-171
-158
-135
-109
-76
-36
13
70
129
189
252
327
397
428
395
317
255
232
241
243
233
206
162
108
56
5
-57
-115
-137
-100
-15
94
177
209
186
141
108
111
146
186
193
153
75
-12
-93
-167
-235
-305
-366
-404
-412
-401
-392
-394
-402
-403
-384
-342
-280
-220
-180
-169
-183
-202
-213
-210
-203
-191
-174
-151
-126
-107
-88
-67
-50
-50
-69
-86
-90
-90
-97
-97
-71
-22
36
84
131
183
244
304
337
328
284
234
204
189
164
110
35
-34
-75
-79
-62
-49
-59
-91
-126
-149
-157
-152
-147
-151
-169
-185
-179
-141
-87
-47
-34
-44
-66
-98
-130
-148
-139
-103
-51
-3
26
39
46
62
101
161
227
283
314
313
288
267
287
334
364
334
260
177
111
58
5
-46
-87
-119
-146
-159
-146
-96
-28
41
92
120
125
119
97
65
30
9
-7
-30
-73
-127
-190
-249
-285
-278
-234
-168
-108
-65
-36
2
65
142
205
229
225
208
179
129
82
71
93
113
114
112
120
127
122
110
104
101
95
94
107
139
171
198
225
266
309
328
308
261
208
155
104
50
-7
-69
-133
-180
-201
-191
-172
-160
-163
-175
-186
-192
-179
-148
-106
-68
-52
-62
-94
-139
-182
-221
-255
-293
-333
-381
-442
-515
-574
-593
-564
-500
-415
-323
-238
-174
-134
-100
-61
-25
-8
-5
0
15
23
9
-19
-36
-26
-3
22
33
34
37
46
66
91
110
133
170
229
286
319
328
333
346
350
326
273
212
158
95
17
-61
-108
-126
-132
-137
-135
-124
-111
-100
-93
-79
-48
1
46
71
71
66
74
103
130
133
100
46
-1
-25
-24
-20
-15
-7
17
60
118
184
241
269
264
253
254
263
271
275
267
242
214
195
179
148
102
61
39
32
30
30
32
33
23
7
-10
-15
-9
-11
-30
-62
-70
-43
-6
3
-29
-76
-113
-137
-153
-167
-172
-167
-159
-155
-161
-177
-195
-208
-211
-204
-187
-144
-66
33
124
186
218
220
189
133
67
12
-19
-20
1
23
19
-19
-80
-139
-166
-157
-130
-112
-115
-126
-136
-143
-147
-142
-125
-95
-67
-49
-47
-48
-61
-90
-135
-179
-219
-247
-258
-245
-222
-208
-203
-196
-177
-143
-91
-27
35
88
133
169
184
173
149
132
121
107
83
58
26
-5
-27
-13
37
91
119
124
130
146
164
175
181
188
185
161
114
48
-27
-96
-140
-163
-176
-195
-233
-294
-357
-388
-370
-324
-278
-238
-201
-162
-121
-64
9
80
126
135
117
92
84
103
139
168
170
158
147
143
147
161
188
228
282
345
407
462
507
546
577
597
599
583
558
530
501
467
422
365
301
237
170
97
32
-14
-37
-54
-74
-99
-120
-127
-131
-141
-137
-106
-51
5
52
84
84
42
-24
-76
-110
-147
-205
-270
-322
-357
-379
-391
-396
-399
-402
-395
-369
-323
-276
-236
-206
-182
-165
-155
-159
-173
-189
-201
-208
-225
-252
-275
-289
-299
-309
-305
-276
-220
-155
-99
-53
-22
2
11
16
19
33
45
52
51
50
39
6
-50
-110
-159
-190
-213
-233
-246
-239
-214
-184
-162
-145
-125
-103
-85
-72
-60
-47
-42
-53
-74
-91
-97
-111
-140
-171
-190
-203
-209
-199
-152
-80
-13
36
90
179
307
441
546
607
633
646
661
676
677
668
644
610
550
475
405
356
326
300
270
243
228
224
225
219
205
183
159
130
107
92
81
61
31
7
-5
-12
-25
-46
-72
-106
-148
-190
-227
-244
-242
-225
-197
-159
-123
-88
-43
25
107
166
177
146
104
87
101
120
115
79
24
-27
-66
-82
-68
-26
29
72
91
88
68
39
11
-8
-19
-32
-43
-53
-61
-79
-104
-126
-143
-156
-158
-152
-149
-172
-224
-283
-317
-313
-285
-250
-221
-203
-198
-207
-221
-242
-265
-276
-261
-222
-191
-178
-180
-176
-179
-184
-201
-218
-236
-242
-238
-225
-213
-200
-187
-179
-178
-169
-132
-70
-6
43
70
73
54
20
-7
-23
-30
-22
13
62
92
81
39
-11
-40
-42
-28
-22
-18
-1
38
86
133
174
210
232
243
244
242
231
202
164
135
137
159
183
182
158
111
58
9
-27
-59
-82
-97
-102
-96
-83
-63
-35
14
68
111
138
172
225
282
310
313
305
309
316
313
295
276
277
307
355
388
388
366
349
337
318
278
223
160
110
86
85
90
78
37
-24
-73
-83
-55
-10
3
-39
-129
-218
-262
-258
-225
-183
-138
-93
-62
-49
-74
-137
-220
-281
-304
-297
-278
-251
-230
-223
-228
-240
-245
-244
-226
-193
-134
-57
21
80
127
175
226
258
261
247
229
218
206
190
174
159
128
79
14
-49
-101
-147
-204
-266
-323
-358
-365
-336
-292
-258
-249
-259
-261
-257
-251
-246
-225
-186
-161
-167
-192
-209
-217
-220
-220
-211
-198
-179
-148
-103
-50
11
73
127
144
118
61
11
-15
-20
-15
-2
11
3
-24
-62
-91
-121
-139
-137
-133
-132
-140
-127
-108
-90
-75
-49
1
76
161
234
276
288
277
244
192
135
96
91
117
155
200
230
223
184
155
167
205
241
285
334
376
388
387
382
362
320
263
213
165
121
93
92
102
119
138
186
249
293
288
243
187
137
109
121
164
199
178
125
80
64
60
55
50
24
-25
-81
-115
-127
-126
-115
-101
-108
-136
-163
-150
-105
-46
8
44
61
62
58
47
12
-37
-89
-120
-155
-214
-277
-309
-295
-259
-233
-202
-164
-127
-122
-130
-116
-80
-49
-48
-67
-113
-162
-203
-225
-266
-337
-411
-448
-455
-440
-401
-322
-245
-212
-231
-261
-276
-273
-255
-209
-140
-64
1
54
107
148
169
150
101
45
-3
-39
-68
-85
-87
-78
-61
-48
-50
-64
-82
-89
-92
-88
-66
-5
83
152
173
149
101
47
4
-21
-33
-59
-107
-166
-205
-227
-223
-202
-166
-132
-104
-80
-41
18
88
163
237
299
336
354
364
375
377
365
328
259
170
93
60
87
166
270
365
434
478
516
554
583
593
573
523
463
413
378
335
282
218
152
82
12
-42
-82
-115
-162
-204
-226
-217
-195
-169
-134
-77
-5
58
102
126
143
155
163
160
129
54
-40
-137
-226
-312
-381
-409
-392
-340
-266
-175
-84
-11
36
67
93
118
130
129
106
75
