5.01854 2.59094 -0.336033 -1.43811 -1.08062 -0.159057 1.08475 1.60076 0.979799 0.0804241 0.165237 0.00633675 
2.58804 1.71835 0.99997 0.465547 0.316811 0.519663 0.774768 0.784633 0.604302 0.330167 0.108712 -0.019921 
2.9165 2.39464 2.02044 1.66768 1.36076 1.03588 0.670454 0.331401 0.112229 0.0581249 0.0796374 -0.00362653 
3.6185 2.91529 2.01929 1.26323 1.03604 1.25471 1.44661 1.25131 0.728617 0.183107 -0.105367 -0.0349239 
3.54281 2.56944 1.51481 0.841663 0.91053 1.45629 1.83412 1.60858 0.891569 0.172925 -0.196336 -0.0649105 
3.56361 2.59905 1.38535 0.492592 0.448582 1.09499 1.70123 1.66266 1.02143 0.308615 -0.081041 -0.0755788 
3.70994 2.79006 1.40156 0.297349 0.169629 0.833319 1.49404 1.56873 1.06823 0.40205 -0.0519546 -0.0818371 
3.71235 2.43096 0.879962 -0.0167162 0.270259 1.23163 1.88698 1.72847 1.04084 0.37632 -0.0169867 -0.0876501 
4.04739 2.68875 0.881529 -0.187932 0.138999 1.244 1.9953 1.84309 1.13312 0.428408 -0.0226402 -0.0876895 
3.6865 2.44872 0.904241 0.0110896 0.355742 1.37832 2.02716 1.83232 1.10453 0.385679 -0.0601792 -0.0839936 
3.78526 2.63606 0.966291 -0.0841587 0.270368 1.44433 2.19953 1.92336 1.05722 0.319282 -0.0409229 -0.0742437 
3.39082 2.03646 0.691759 0.227959 0.873729 1.86418 2.27553 1.85884 1.05957 0.387273 -0.0027922 -0.0521082 
5.33917 3.01699 -0.208931 -1.13535 0.760749 3.08513 3.3382 1.72849 0.495667 0.386705 -0.0604551 0.020281 
5.17645 2.6688 -0.375461 -1.0692 1.10673 3.55598 3.51519 1.52073 0.247622 0.424841 -0.0467651 0.0402621 
5.61313 3.0105 -0.40219 -1.01543 1.37673 3.78475 3.66184 1.43949 0.0305626 0.343055 -0.0971824 0.0330972 
4.74112 2.32751 -0.128469 -0.359555 1.36012 3.02019 2.99585 1.4313 0.180119 0.138498 -0.160979 -0.0133326 
5.03501 2.83004 -0.0733884 -0.545151 1.48806 3.39245 3.09347 1.18959 -0.024533 0.111494 -0.214613 0.000861434 
5.31755 2.74861 0.0652302 -0.142439 1.5202 2.94117 2.72708 1.28932 0.159693 -0.00990881 -0.220279 -0.0398534 
6.1348 2.25332 -0.655155 0.0396193 2.04367 3.34582 3.49266 1.68049 -0.420344 -0.203326 -0.265822 -0.0326536 
3.72213 1.6449 -0.0996072 0.162982 1.77361 2.80803 2.47994 1.2714 0.183035 -0.208808 -0.338242 -0.0491235 
4.66183 2.27281 -0.324519 -0.333602 1.63917 3.05309 2.78231 1.28293 -0.0424261 -0.273389 -0.362663 -0.0498206 
4.90481 1.8818 -0.522431 0.0273825 1.81515 2.84061 2.78212 1.40574 -0.145786 -0.260544 -0.321902 -0.0416528 
4.47106 1.92916 -0.18842 0.272822 1.94091 2.78291 2.55291 1.40693 0.0288966 -0.32683 -0.292866 -0.0239135 
3.5258 1.71443 0.373761 0.806244 2.07929 2.70821 2.37848 1.32158 0.185823 -0.342193 -0.282268 0.00195181 
4.62819 1.85619 -0.192956 0.808569 2.2207 2.40401 2.3766 1.69692 0.150702 -0.475973 -0.17158 0.0387516 
4.14017 1.61583 0.0701712 1.11298 2.53681 2.73667 2.32493 1.4075 0.0341888 -0.478847 -0.119814 0.0651254 
4.33135 1.39689 -0.13817 1.39348 2.65467 2.26151 1.96761 1.6402 0.127355 -0.791583 -0.0927001 0.106565 
3.65629 1.35037 0.163653 1.40443 2.67723 2.50894 2.02785 1.35278 -0.0222924 -0.815676 -0.0946812 0.0912185 
4.45052 1.64033 -0.154788 1.58538 2.90216 1.97067 1.70289 1.77008 0.134152 -1.03069 -0.114535 0.130127 
3.97848 1.11692 0.145537 2.17617 3.49677 2.57529 1.93885 1.57867 0.0724465 -0.752549 -0.156288 0.13821 
4.56477 1.24133 -0.137033 2.05622 3.60275 2.61155 1.75669 1.45328 0.145095 -0.676329 -0.123224 0.134148 
3.40237 1.53797 0.553679 1.54305 2.78896 2.64687 1.87854 0.977258 -0.0895269 -0.531793 -0.0164386 0.085199 
4.1099 1.68128 0.0795075 1.38806 2.87887 2.5097 1.68987 1.0953 0.030256 -0.616388 0.0509809 0.100009 
4.76434 1.03999 -0.171912 2.54279 4.01438 2.67577 1.72295 1.0207 -0.110792 -0.423715 0.00770295 0.15194 
4.55905 1.35387 -0.188054 1.98164 3.75003 2.91492 1.58192 0.815259 -0.0859126 -0.512872 0.0494093 0.137341 
3.71317 1.68267 0.490344 1.35973 2.6395 2.85683 2.15633 0.724277 -0.523445 -0.530663 0.18536 0.130266 
4.0638 1.45775 0.106701 1.75825 3.31316 2.76631 1.7424 0.922672 -0.218125 -0.6581 0.10581 0.141535 
5.38457 0.857393 -0.273695 2.54748 3.61311 2.37771 1.83338 1.23971 -0.311837 -0.627677 -0.00844512 0.183366 
6.83578 -0.416728 -0.46188 3.46939 3.8885 2.78204 1.75138 1.47225 -0.19134 -0.616581 -0.0145565 0.191489 
5.30864 0.839556 -0.457592 2.75357 3.80394 2.23507 1.60191 1.24117 -0.0766992 -0.526668 0.0101033 0.190168 
3.93602 1.06714 0.415869 2.57401 3.71484 2.96337 1.81521 0.664382 -0.1989 -0.424726 0.176862 0.166524 
5.32564 0.922854 0.0612758 2.70606 3.58993 2.72125 1.575 0.748144 -0.124762 -0.472102 0.119214 0.183485 
4.39593 1.17146 0.422577 2.95707 4.27678 3.19681 1.72577 0.758446 -0.158825 -0.443518 0.13658 0.178252 
4.41533 1.27316 0.507633 2.70558 3.92569 3.1254 1.73317 0.657802 -0.225527 -0.509159 0.188977 0.179611 
3.62797 1.46788 0.600481 2.24782 3.77349 3.20444 1.75633 0.575691 -0.275314 -0.393245 0.243476 0.157603 
4.44889 1.39747 0.445613 2.76725 4.35532 3.21926 1.57785 0.710109 -0.112456 -0.359664 0.216158 0.174511 
3.65837 1.59704 1.06117 2.72595 4.05749 3.54615 2.04431 0.591334 -0.234944 -0.214979 0.294322 0.176131 
3.3827 1.92915 1.06474 1.77769 2.99957 3.09433 1.90501 0.461094 -0.340372 -0.226024 0.30922 0.120565 
3.46937 1.81008 1.16482 2.3365 3.56165 3.3288 2.11072 0.671722 -0.302555 -0.326643 0.263574 0.151235 
3.57747 1.63653 1.00516 2.37728 3.53772 3.19985 2.05909 0.712248 -0.348331 -0.423705 0.326867 0.167613 
3.51012 1.83872 0.980096 1.91926 3.11762 3.00818 1.91847 0.593162 -0.426722 -0.404314 0.376489 0.136971 
3.08146 1.7428 1.02871 1.70438 2.7295 2.71053 1.75908 0.546133 -0.299948 -0.20833 0.379456 0.0863938 
3.3037 1.94294 1.17648 1.79593 2.80514 2.87338 1.87599 0.505679 -0.359196 -0.169751 0.396929 0.103578 
3.43165 2.19787 1.3949 1.75264 2.664 2.81676 1.8881 0.468689 -0.343029 -0.0411568 0.454075 0.106138 
3.329 2.33007 1.65608 1.80691 2.3136 2.40727 1.83657 0.637488 -0.259789 -0.0848896 0.461456 0.079592 
3.02543 2.17318 1.55589 1.66949 2.24939 2.33081 1.57018 0.593995 0.0908082 0.169396 0.350248 0.0479911 
2.97365 2.18499 1.63697 1.59966 2.00168 2.16678 1.65599 0.716657 0.131771 0.198175 0.389367 0.0459346 
3.88277 2.06537 1.06658 2.15 3.45443 3.25278 1.99537 0.684717 -0.262021 -0.239034 0.450947 0.17015 
3.23958 2.43169 1.78657 1.72771 2.19475 2.48141 1.92745 0.796995 0.0137159 0.0882324 0.368283 0.0707037 
2.79019 2.05051 1.68313 1.74416 1.92183 1.76721 1.24723 0.69431 0.386153 0.340353 0.324825 0.0195023 
3.05749 2.33074 1.78229 1.67166 1.93925 2.07293 1.6292 0.753674 0.205986 0.192823 0.294975 0.0443601 
3.0357 2.29127 1.8281 1.81564 2.06057 2.06684 1.55491 0.761303 0.231996 0.184046 0.290622 0.0443189 
3.12309 2.20676 1.50742 1.51704 1.98165 2.24498 1.83436 0.800072 -0.043587 0.013547 0.432347 0.0609616 
3.19904 2.28988 1.65004 1.78529 2.48339 2.7037 1.89591 0.541478 -0.158997 0.06115 0.433376 0.0865652 
3.18072 2.39363 1.85232 1.94874 2.49816 2.70761 1.9082 0.654399 -0.0322734 0.120427 0.359534 0.079236 
2.8902 2.2458 1.8478 1.73244 1.81594 1.75216 1.35024 0.739207 0.302189 0.218422 0.228621 0.0210882 
3.12259 2.52478 1.91064 1.6838 1.95417 2.16988 1.70829 0.91076 0.324955 0.209502 0.241591 0.0514249 
2.92934 2.37572 2.05402 1.94447 2.01532 1.91832 1.45518 0.814454 0.418362 0.276282 0.214337 0.0422016 
2.98192 2.27846 1.84809 1.75079 1.91494 1.87378 1.49011 0.8899 0.422086 0.223835 0.198704 0.0324418 
2.92293 2.28631 1.89017 1.73384 1.77773 1.79919 1.51961 0.987093 0.445318 0.202186 0.193107 0.0318518 
3.1608 2.36107 1.7506 1.73467 2.18828 2.3423 1.83322 0.940633 0.283457 0.116116 0.245491 0.0546905 
4.21645 2.58833 1.41354 2.15283 3.24372 3.41933 2.56551 1.01162 -0.0462205 -0.234701 0.199729 0.130616 
3.03407 2.33644 1.94469 1.90115 1.91054 1.84027 1.51772 0.952092 0.427613 0.245398 0.210175 0.0316648 
2.81709 2.2063 1.82578 1.64025 1.67453 1.53741 1.09471 0.620034 0.410753 0.325926 0.199112 0.0154891 
5.67977 1.71917 0.535034 2.64369 3.93777 3.09638 2.40332 0.837654 -0.0790931 0.20332 0.294468 0.133921 
4.15532 2.51116 1.04301 1.96579 3.24138 3.02532 1.71111 0.663113 0.0407092 0.258057 0.349748 0.122571 
3.20492 2.20914 1.55359 1.85286 2.47998 2.5272 1.5491 0.602257 0.235459 0.373145 0.384757 0.0841665 