4.68005 1.82052 -0.115569 1.24835 1.54334 0.434213 0.687914 0.886507 0.263345 -0.00661212 0.024829 0.00441773 
4.41099 2.33357 0.533137 0.416419 1.06148 1.56569 1.51114 0.749763 0.218751 0.0767391 -0.0298852 -0.0243298 
4.03742 2.35538 0.498837 -0.0888052 0.438031 1.19025 1.59669 1.23822 0.564264 0.205497 0.0364217 -0.0635138 
5.63715 2.64404 -0.0341707 -0.298539 0.650181 1.45608 2.09753 1.13787 0.332059 0.630568 0.0825921 -0.0480716 
4.32831 2.50591 0.816624 0.360627 0.865375 1.34436 1.44272 0.953948 0.684684 0.584336 0.0190043 -0.0481817 
4.2212 2.70601 0.795404 0.0719605 0.604795 1.38287 1.44109 1.00769 0.590681 0.451658 0.0345453 -0.0442761 
3.91677 2.556 0.767343 -0.0309041 0.558355 1.45277 1.59834 1.05261 0.598807 0.36492 0.0401189 -0.054054 
3.29777 2.18551 1.07317 0.533466 0.744308 1.25886 1.45364 1.12211 0.576147 0.168725 -0.0690539 -0.0789351 
4.95723 2.86476 0.65169 -0.172346 0.530562 1.46037 1.57805 0.999461 0.815453 0.857977 -0.043409 -0.106514 
5.44916 3.19072 0.361239 -0.745521 0.342035 1.83628 1.89289 0.958379 0.479909 0.803815 -0.0289096 -0.0873093 
3.38253 2.13268 0.821577 0.127852 0.317115 0.886524 1.29039 1.23167 0.824055 0.327737 -0.120223 -0.137611 
3.87381 2.83116 1.29646 0.136659 0.055783 0.724502 1.30773 1.36246 0.932552 0.336765 -0.186609 -0.130993 
3.67861 2.45811 0.874714 -0.0607739 0.177847 0.90718 1.26598 1.12173 0.736252 0.280316 -0.204562 -0.147874 
7.71461 2.32133 0.460095 -0.654444 0.729948 2.14764 2.51603 1.50713 -0.0971048 0.158874 0.0502591 -0.0975201 
4.05983 2.5357 0.61042 -0.315298 0.214811 1.15083 1.40578 1.01473 0.570477 0.22985 -0.237361 -0.146311 
4.09097 2.46913 0.653533 -0.192594 0.187817 0.935865 1.21691 0.985966 0.599757 0.21169 -0.302095 -0.168628 
3.92341 2.43854 0.529108 -0.444915 0.0116054 0.9071 1.21767 0.892526 0.480815 0.118901 -0.345993 -0.182375 
4.97794 3.01893 0.15216 -1.10338 -0.00815324 1.5254 1.57198 0.560463 0.0969875 0.201453 -0.375776 -0.161105 
5.55857 3.34199 -0.145698 -1.5954 -0.0433434 1.95941 1.94393 0.465723 -0.232056 0.0346799 -0.426004 -0.148417 
4.31561 2.14456 -0.0893078 -0.814815 0.0204996 1.07535 1.23631 0.57605 0.0934646 -0.0117099 -0.441536 -0.212899 
4.1069 2.29129 -0.0931912 -1.113 -0.170123 1.15486 1.29437 0.544902 -0.00100305 -0.171038 -0.497375 -0.213199 
4.90051 2.74161 -0.305345 -1.48813 -0.0723184 1.71355 1.67684 0.40623 -0.247728 -0.109557 -0.519545 -0.186102 
5.0962 2.72183 -0.456455 -1.47691 0.143581 1.97489 1.822 0.347478 -0.338716 -0.10375 -0.477274 -0.169708 
3.94217 1.86622 -0.322232 -0.923692 0.190294 1.47976 1.48284 0.582785 -0.0773017 -0.224177 -0.403494 -0.187221 
4.57459 2.45442 -0.472539 -1.4513 0.141569 1.92581 1.78212 0.44163 -0.159629 -0.0328748 -0.455509 -0.171817 
4.66127 2.49565 -0.324919 -1.21043 0.316205 1.98977 1.8395 0.516402 -0.0826193 0.0415152 -0.407799 -0.15789 
4.70666 2.64001 -0.153226 -1.17541 0.268747 1.93405 1.86525 0.690362 0.0654014 0.0638013 -0.386746 -0.156196 
3.83477 2.18887 0.283844 -0.489137 0.18606 1.1972 1.41881 0.934995 0.462366 0.104403 -0.323366 -0.181688 
4.78025 2.72539 -0.0842041 -1.02774 0.301361 1.90966 1.87615 0.715713 0.322241 0.384583 -0.30325 -0.156834 
4.35609 2.41733 -0.0403855 -0.975293 0.186644 1.667 1.85389 1.0895 0.554272 0.361791 -0.222189 -0.154728 
4.78623 2.79321 -0.138286 -1.19788 0.218089 1.98275 2.11058 0.948352 0.423578 0.53259 -0.187111 -0.110346 
4.73829 3.04819 0.00360322 -1.40857 0.0339303 2.01354 2.03948 0.863938 0.449421 0.494333 -0.157834 -0.0701009 
4.12328 2.305 -0.0211002 -0.795073 0.380841 1.70511 1.65908 0.943093 0.582931 0.490379 0.0425918 -0.0732878 
4.92851 2.76336 -0.134099 -0.902624 0.555797 2.20594 2.13743 0.886636 0.244715 0.515175 -0.0123972 -0.0313805 
4.78725 2.7539 0.396715 -0.232769 0.679571 1.47665 1.72167 1.24128 0.649981 0.545238 0.00260311 -0.0552319 
3.92203 2.45793 0.917216 0.27034 0.69234 1.38219 1.6664 1.27494 0.76029 0.488728 0.00118935 -0.0504172 
3.61789 2.62735 1.39273 0.604452 0.598876 0.922391 1.32769 1.3755 1.06854 0.45017 -0.0581113 -0.0661365 
4.03847 2.75515 1.31228 0.703462 0.735022 0.935945 1.56164 1.61077 1.15263 0.472959 -0.143901 -0.0925188 
4.54592 3.04607 1.40421 0.970558 0.970659 1.16034 1.59206 1.34698 0.789557 0.280796 -0.107971 -0.0697373 
4.19602 2.86871 1.56322 0.988505 1.01314 1.28631 1.67803 1.3143 0.665651 0.298572 -0.12569 -0.0591261 
3.63803 2.55155 1.6221 1.16425 0.995184 1.08042 1.37087 1.15898 0.632948 0.260179 0.0442275 -0.0159188 
4.5359 2.5136 0.908605 1.12027 1.44537 1.36651 2.08999 1.30152 0.551245 0.218519 0.0718342 0.0182422 
3.54091 2.47304 1.43775 1.25271 1.39445 1.46582 1.48299 1.1274 0.641576 0.108775 -0.100354 -0.0185358 
4.68227 2.77864 0.787958 1.44885 2.19895 1.63177 1.76066 1.12058 0.683068 0.190881 -0.166796 -0.0528416 
4.63171 2.53633 0.753641 1.41549 2.34879 1.32698 1.98985 1.12802 0.393677 0.30269 -0.141283 -0.025824 
4.13673 2.63989 1.42231 1.43152 1.62089 1.27244 1.59643 0.841713 0.231232 -0.0308555 -0.0472724 -0.0137461 
3.5485 2.34922 1.50159 1.25863 1.31187 1.55838 1.42507 0.834723 0.294732 0.106361 -0.0210146 -0.0150153 
5.28854 2.19898 0.800979 1.94661 1.96219 0.344865 2.39316 0.960928 0.37682 0.353527 0.0591004 -0.00246731 
4.52084 2.39942 0.952089 1.33904 1.40554 0.705552 1.78298 1.62924 0.883645 0.430669 -0.0366656 -0.0248707 
3.81626 2.23484 1.16403 1.04904 1.05821 0.886289 1.52701 1.75642 1.02928 0.425502 0.0350055 -0.00790053 
3.96792 2.08241 0.741423 1.12785 1.22117 0.542009 1.74129 1.8501 1.12139 0.402216 0.137363 0.0146957 
5.50139 1.99756 -0.352973 1.39467 1.29967 0.15348 2.97973 2.29234 0.549638 0.436838 0.118665 0.0227976 
4.54933 1.75876 0.0633164 0.455056 0.979345 1.10542 2.86403 2.17148 0.512639 0.326929 0.0818251 -0.0126009 
3.48272 1.99325 0.715313 0.453513 1.03106 1.71515 2.11913 1.6707 0.80696 0.278198 -0.0259802 -0.0518386 
3.45752 1.96173 0.622149 0.564993 1.43249 2.12315 2.11952 1.45706 0.754416 0.286731 -0.0731077 -0.0339035 
3.37274 2.277 0.995765 0.385516 1.11878 2.23854 2.23152 1.24136 0.445666 0.169464 0.0168291 0.00171413 
3.66776 1.98803 0.466783 0.332255 1.52093 2.70763 2.60778 1.39748 0.512781 0.265879 -0.00619013 0.0125794 
3.80971 1.99801 0.358585 0.342267 1.25761 2.2218 2.55583 1.85637 0.677524 0.215382 -0.0191592 -0.0148791 
3.8633 1.94838 0.427622 0.386988 1.37616 2.38751 2.56147 1.80354 0.897824 0.427995 -0.147694 -0.0465201 
3.50911 2.06324 0.878885 0.623144 1.14759 1.94842 2.34198 1.88402 0.981849 0.276245 -0.196004 -0.0530183 
4.14715 2.27473 0.751869 0.555211 1.14191 2.14371 2.58607 1.98536 0.931797 0.322892 -0.21761 -0.0688044 
4.7859 2.487 0.272241 0.326458 1.41824 2.29872 2.4416 1.75582 0.799229 0.303306 -0.155575 -0.0615277 
7.17043 1.70367 -0.46327 0.733055 1.60202 2.35099 3.1342 2.26865 0.165784 0.0419862 0.0148772 -0.0209283 
4.99954 2.75057 -0.0243994 -0.390701 1.22553 2.42829 2.50078 1.60968 0.628183 0.187017 -0.178667 -0.0650806 
6.15561 2.94048 -0.710561 -0.678858 1.05153 2.1702 2.92022 1.87353 0.225858 0.0620888 -0.230157 -0.0648445 
6.01628 2.97638 -0.614731 -1.15632 0.22388 2.29998 3.25357 1.97868 0.261767 0.0165522 -0.324789 -0.103578 
5.87534 2.85715 -0.624622 -1.34117 0.159823 2.02393 3.18603 2.02183 0.3354 0.0272145 -0.360394 -0.134428 
4.77556 2.56539 -0.3651 -1.29378 0.0426306 1.97117 2.67818 1.93591 0.683803 -0.0643725 -0.338526 -0.160087 
5.07698 2.40895 -0.346448 -1.44309 -0.207456 1.95801 2.78751 1.96096 0.592009 -0.083656 -0.344041 -0.159519 
4.19409 2.26552 -0.0388984 -1.13621 -0.362266 1.46364 2.6106 2.02635 0.609045 -0.285267 -0.215377 -0.166117 
3.59774 2.16492 0.283183 -0.753672 -0.121534 1.39171 2.21088 1.6257 0.407189 -0.267831 -0.140304 -0.161283 
3.74246 2.40097 0.506074 -0.656025 -0.231554 1.13864 2.02709 1.58925 0.407438 -0.280432 -0.0710348 -0.143819 
4.71337 2.71238 0.291926 -0.90732 -0.390854 0.979411 1.91479 1.61952 0.405979 -0.41259 -0.0705797 -0.0800952 
4.31732 2.73165 0.701118 -0.411335 -0.110333 0.852034 1.51241 1.22985 0.183433 -0.408625 0.0818977 -0.0495798 
3.37897 2.40032 1.23896 0.508266 0.536232 0.864128 0.930283 0.593697 0.116862 -0.094759 0.074012 -0.0787453 
3.46684 2.60523 1.47471 0.583671 0.42946 0.752618 0.886865 0.49995 -0.026 -0.1529 0.109971 -0.0683352 
4.70823 3.38096 1.56609 0.368755 0.0488855 0.356634 0.757017 0.486899 -0.312415 -0.567598 0.114226 0.00156069 
3.92759 3.17172 2.00523 1.03067 0.579315 0.484886 0.454143 0.157297 -0.244692 -0.249045 0.135826 -0.0335022 
3.26944 2.67771 2.08055 1.47144 0.937074 0.477349 0.0880732 -0.196712 -0.241458 -0.0375897 0.173389 -0.0565285 
3.79124 3.16241 2.32645 1.47548 0.840049 0.362913 -0.0828977 -0.481003 -0.580007 -0.254066 0.205462 -0.0232007 
3.83068 3.27138 2.48905 1.65402 0.944228 0.299811 -0.342606 -0.833258 -0.833947 -0.342211 0.225458 -0.0208445 
3.73321 3.32519 2.62875 1.79944 1.05001 0.295725 -0.47945 -1.02827 -0.99974 -0.423402 0.230621 -0.0369503 
3.54595 3.10023 2.61389 1.91721 1.04167 0.114264 -0.626407 -0.939789 -0.762386 -0.2548 0.221473 -0.0423893 
3.95062 3.30899 2.55056 1.82293 0.973345 0.118837 -0.530742 -0.805789 -0.725128 -0.35401 0.168679 -0.0201161 
3.39581 2.90516 2.40734 1.76075 1.04408 0.305282 -0.345966 -0.650413 -0.534 -0.158221 0.139393 -0.0574845 
3.74226 3.40194 2.97058 2.37115 1.5789 0.487897 -0.439091 -0.9011 -0.803671 -0.416272 0.00125212 -0.089874 
3.73944 3.29752 2.80327 2.12144 1.27474 0.346752 -0.378834 -0.695663 -0.65388 -0.338197 -0.0224961 -0.0747528 
3.70994 3.26093 2.66527 1.98221 1.29866 0.513346 -0.281456 -0.812256 -0.791909 -0.396592 0.0118279 -0.0743924 
3.36345 2.83762 2.39798 1.8907 1.17267 0.302762 -0.39194 -0.663599 -0.577083 -0.313978 -0.0385667 -0.0851275 
4.16365 3.59674 2.87787 2.31002 1.7093 0.676197 -0.537876 -1.25032 -1.20631 -0.687207 -0.0628007 -0.0968645 
3.89529 3.50292 2.98089 2.43615 1.74007 0.659059 -0.604634 -1.38238 -1.26316 -0.613448 -0.0472372 -0.115511 
4.19727 3.6729 3.07597 2.58759 1.84028 0.542294 -0.717789 -1.28415 -1.23526 -0.765294 -0.117548 -0.119758 
3.81986 3.49096 3.11492 2.53795 1.59723 0.42106 -0.654445 -1.22553 -1.12969 -0.638021 -0.0803478 -0.120132 
3.91887 3.48926 2.94288 2.2885 1.44746 0.38844 -0.54396 -1.07158 -1.07462 -0.638963 -0.0782502 -0.0987985 
4.1291 3.64791 3.04015 2.40705 1.56272 0.38355 -0.678507 -1.15516 -1.03604 -0.655817 -0.144326 -0.103721 
3.42628 3.03449 2.60661 1.98236 1.12317 0.196205 -0.541612 -0.891719 -0.811297 -0.48083 -0.100874 -0.0934868 
3.94146 3.61606 3.10891 2.34049 1.35305 0.296972 -0.535925 -1.01602 -1.0142 -0.664947 -0.139235 -0.105545 
4.0694 3.69166 3.04019 2.18716 1.29312 0.393319 -0.384603 -0.918391 -1.01757 -0.685913 -0.120233 -0.0942099 
3.65627 3.33176 2.90898 2.19977 1.30325 0.368184 -0.413739 -0.872897 -0.889261 -0.545859 -0.0810592 -0.0961836 
3.36291 2.96297 2.53101 1.87058 1.07222 0.309629 -0.264677 -0.595513 -0.620243 -0.394925 -0.0919183 -0.0855349 
3.72362 3.40052 2.97443 2.33531 1.5182 0.558919 -0.296331 -0.772557 -0.774309 -0.457116 -0.0487689 -0.0921772 
4.23477 3.86921 3.35607 2.5565 1.56347 0.576746 -0.173682 -0.651182 -0.861091 -0.646696 -0.0904943 -0.0938165 
3.43896 3.0384 2.64623 2.08184 1.36323 0.643578 0.101718 -0.199799 -0.29357 -0.224444 -0.0188033 -0.0716166 
3.32279 2.91848 2.58214 2.14541 1.52474 0.758873 0.110409 -0.204932 -0.234713 -0.134855 -0.00322055 -0.0726832 
3.63417 3.28878 2.83956 2.2446 1.55534 0.844328 0.241673 -0.12331 -0.245178 -0.192795 -0.0326236 -0.0679793 
4.56881 3.92312 3.20616 2.49839 1.7232 0.862337 0.13498 -0.282267 -0.443742 -0.420001 -0.0906695 -0.0679585 
3.99586 3.54815 2.96493 2.2892 1.57561 0.84068 0.260109 -0.075495 -0.21889 -0.215488 -0.0399042 -0.056471 
3.47687 3.09019 2.70597 2.21783 1.65171 1.04628 0.457911 0.0140188 -0.16512 -0.131106 -0.00415026 -0.0584053 
3.38923 3.0461 2.71386 2.21775 1.62105 1.00727 0.44512 0.048301 -0.0953224 -0.0615914 0.0202452 -0.0537849 
3.68793 3.37566 2.95528 2.36499 1.66741 0.952198 0.40569 0.0918717 -0.00944221 -0.0463285 -0.0166946 -0.0474479 
3.72518 3.36614 2.9619 2.4901 1.89447 1.14138 0.506752 0.161503 0.02164 -0.0377466 -0.00903608 -0.0450041 
3.02333 2.56523 2.25025 1.87299 1.4428 1.02596 0.684357 0.39223 0.171613 0.0479396 0.00740091 -0.0443422 
3.1776 2.69252 2.33153 1.9715 1.55091 1.07036 0.625472 0.348273 0.175193 0.0763205 0.0421226 -0.0329976 
3.1875 2.73317 2.40571 2.03245 1.55289 1.03195 0.634286 0.377604 0.193496 0.1002 0.0757924 -0.0277972 
4.14626 3.64411 3.11072 2.60669 1.94389 1.11623 0.580851 0.248633 0.0108445 -0.105837 0.0544798 -0.0221346 
2.89912 2.41273 2.09723 1.72621 1.31545 0.927623 0.642283 0.46588 0.328757 0.199487 0.107541 -0.0319577 
3.46191 3.06857 2.69878 2.31614 1.94483 1.40061 0.839878 0.454074 0.279745 0.12579 0.014834 -0.0187123 
3.05083 2.60169 2.27655 1.93112 1.53244 1.04164 0.583423 0.332125 0.243703 0.201286 0.136734 -0.0215466 
3.82395 3.42131 2.87546 2.16668 1.54534 1.20982 0.975254 0.64439 0.283308 0.0974588 -0.000128381 -0.0206236 
3.60657 3.02404 2.51766 2.01534 1.59249 1.35591 1.22098 0.881796 0.403502 0.0967545 0.00337937 -0.0185034 
4.33931 3.45127 2.53552 2.2806 2.16135 1.78863 1.34626 0.657782 0.18222 0.0159872 0.0144452 -0.0140372 
3.29818 2.70601 2.34053 2.13629 1.81527 1.3809 0.921495 0.549358 0.281258 0.09473 0.00291761 -0.0250846 
3.59291 3.08105 2.5328 2.06013 1.6092 1.17332 0.808846 0.541464 0.236357 0.0564556 0.013457 -0.0157757 
3.42804 2.7539 2.14966 1.73528 1.469 1.09545 0.728586 0.388107 0.204374 0.120056 0.06721 -0.00847468 
3.38136 2.74799 2.33464 2.00799 1.42008 0.769552 0.544623 0.604565 0.479525 0.167325 0.0737061 0.00102164 
3.76197 2.87639 2.20093 2.08739 1.9611 1.3531 0.704028 0.450993 0.409502 0.258568 0.109163 0.00724359 
3.85221 2.99291 2.07612 1.80239 1.79393 1.29481 0.563741 0.324019 0.478085 0.408702 0.17997 0.0267453 
3.13178 2.50033 1.94626 1.68328 1.59492 1.29803 0.779724 0.398057 0.268535 0.243123 0.167492 0.00107486 
3.29269 2.53283 2.11403 2.01502 1.82207 1.3026 0.669022 0.421428 0.441011 0.351134 0.0466058 -0.00886518 
3.87056 2.99665 2.30518 2.30317 2.03437 1.29534 0.691342 0.447118 0.425182 0.282292 0.0323071 -0.00701267 
4.24567 2.96249 2.00571 2.1499 2.2815 1.72702 1.01076 0.449594 0.342813 0.204681 0.0358523 -0.00613261 
3.18326 2.57466 2.12844 1.88534 1.62663 1.33195 1.05871 0.800608 0.445388 0.138653 0.0206333 -0.00349682 
3.75412 2.82583 2.13233 2.05442 2.00786 1.67037 1.31048 1.03499 0.580355 0.229514 0.0309745 0.00950999 
4.18475 2.83203 1.98125 2.27964 2.33386 1.69446 1.3448 0.941222 0.399182 0.164259 0.122756 0.0313367 
5.34023 2.74946 1.80687 2.54502 2.36725 1.63767 1.46419 1.20155 0.289866 0.216053 0.0877192 0.031192 
3.58911 2.54629 2.09833 2.28105 1.97583 1.48162 1.2405 0.863965 0.30947 0.192095 0.259449 0.0445139 
2.92653 2.271 2.06659 2.04209 1.6972 1.21779 0.929501 0.635925 0.359458 0.26752 0.233648 0.0242079 
4.0107 2.56337 1.77149 2.19023 2.20063 1.67557 1.31206 0.743275 0.333537 0.186666 0.148541 0.0332534 
5.06754 2.60308 1.64856 2.53572 2.45125 1.5355 1.30958 0.917824 0.335992 0.19504 0.0685181 0.0187306 
3.93613 2.69409 2.0227 2.3171 2.34443 1.56055 1.17601 0.84081 0.391559 0.065333 0.0597392 0.00988321 
2.98487 2.32678 2.04703 2.02923 1.91317 1.44237 0.760515 0.419057 0.226195 0.0822064 -0.0283086 -0.0246076 
3.9789 2.41131 1.73328 2.37105 2.26338 1.35253 0.850845 0.653391 0.200912 -0.0152 0.0977051 0.0136144 
4.3924 2.20327 0.951627 2.33052 2.45583 1.06971 0.539072 0.401992 0.195518 -0.0534719 0.170461 0.0428839 
4.03129 1.92076 1.13859 2.2572 2.31934 1.23527 0.673562 0.489449 0.37275 0.211434 0.302978 0.0536336 
3.45751 1.86631 1.08435 1.79832 2.14783 1.41213 0.533302 0.637445 0.700871 0.401475 0.242321 0.0119487 