-26
-20
4
26
18
-7
-18
-10
20
46
44
30
25
32
28
3
-10
5
28
31
4
-18
-16
8
27
25
18
26
41
36
22
15
16
16
11
8
4
5
3
4
7
13
15
11
8
4
1
0
7
12
10
4
-2
-6
-6
-4
-4
-6
-11
-13
-14
-12
-12
-17
-28
-39
-42
-42
-34
-25
-20
-22
-25
-24
-22
-24
-28
-28
-25
-25
-25
-24
-21
-26
-33
-39
-39
-34
-27
-16
-7
0
2
0
2
5
10
12
14
15
16
11
5
0
0
2
2
1
0
0
0
0
4
9
12
14
17
21
22
18
12
10
14
14
13
15
25
37
40
38
35
37
40
37
32
25
22
32
43
45
36
29
30
36
47
53
42
32
38
48
37
19
17
27
39
38
18
-6
-18
-2
15
6
-19
-33
-22
9
34
26
-5
-34
-37
-43
-86
-145
-179
-163
-119
-105
-128
-167
-175
-148
-127
-133
-149
-144
-105
-51
-7
17
23
28
36
47
64
85
112
136
149
150
140
132
125
114
93
68
44
26
13
13
20
19
-4
-41
-73
-90
-95
-93
-93
-92
-84
-68
-44
-28
-29
-36
-39
-33
-17
5
31
55
71
78
80
83
85
81
71
59
51
54
65
72
64
46
23
6
-8
-12
-12
-11
-14
-16
-15
-14
-8
-6
-7
-10
-12
-3
13
32
50
63
71
71
69
69
69
69
68
65
65
67
72
69
50
27
11
9
10
5
-3
-8
-13
-26
-40
-47
-59
-95
-144
-186
-203
-198
-178
-154
-146
-162
-189
-196
-178
-160
-152
-141
-115
-74
-29
3
25
49
73
82
66
49
70
123
169
169
137
121
133
151
136
80
25
1
11
29
14
-17
-38
-43
-58
-100
-129
-122
-94
-81
-104
-119
-94
-44
-5
-8
-37
-53
-36
4
38
52
62
69
77
84
86
87
85
84
77
74
79
90
86
66
42
18
3
-6
-5
2
2
-9
-18
-18
-12
-1
10
16
13
10
19
40
61
72
75
75
76
80
84
82
78
72
72
80
87
90
83
71
51
29
19
19
19
8
-7
-26
-61
-115
-174
-221
-229
-215
-198
-188
-187
-201
-224
-240
-238
-223
-211
-198
-171
-131
-78
-30
10
35
42
41
53
86
128
156
171
178
181
183
182
177
158
127
99
78
61
52
53
49
18
-32
-77
-105
-124
-131
-130
-124
-118
-107
-92
-79
-75
-78
-81
-79
-69
-44
5
59
92
98
96
88
80
89
109
109
94
100
133
152
130
91
58
42
40
39
30
17
12
11
5
-13
-27
-17
-5
-5
-21
-16
26
72
87
74
65
81
86
59
32
39
66
75
76
85
97
100
88
70
49
22
1
-9
-15
-39
-85
-146
-198
-228
-234
-224
-221
-231
-254
-279
-293
-292
-277
-260
-248
-222
-173
-114
-64
-25
9
33
45
59
94
144
192
223
231
220
209
212
218
209
183
146
110
89
88
95
84
44
-13
-67
-107
-130
-134
-138
-154
-175
-183
-172
-152
-133
-128
-139
-154
-148
-118
-71
-19
25
48
53
57
81
114
132
127
115
112
118
133
154
171
164
132
89
59
56
65
69
56
34
16
16
27
42
49
37
20
12
30
57
74
83
89
87
79
79
83
98
114
124
117
100
92
97
106
104
87
57
35
35
46
28
-38
-121
-187
-223
-233
-236
-240
-266
-310
-338
-339
-325
-329
-351
-355
-329
-282
-238
-204
-161
-104
-40
6
23
20
39
103
189
248
262
263
271
273
266
255
238
205
160
132
131
138
133
102
48
-15
-71
-107
-135
-153
-166
-174
-180
-185
-185
-180
-182
-190
-200
-203
-189
-152
-96
-51
-29
-19
-10
2
18
45
77
100
116
138
168
191
191
174
153
135
121
113
113
116
118
116
106
87
70
60
55
52
51
53
56
67
84
93
83
67
57
59
68
83
95
101
106
112
117
118
115
102
81
67
61
58
55
56
56
44
16
-23
-65
-116
-176
-231
-264
-264
-251
-248
-272
-316
-368
-405
-417
-405
-382
-355
-324
-288
-248
-206
-161
-123
-87
-45
-5
41
99
179
255
301
309
300
294
289
276
258
238
221
212
204
190
158
115
82
35
-31
-97
-122
-97
-78
-91
-133
-175
-210
-243
-250
-228
-209
-210
-211
-166
-103
-68
-65
-69
-49
-12
20
49
82
122
162
187
197
199
198
198
200
202
199
197
199
203
202
184
156
124
95
79
78
84
87
82
68
53
38
30
34
44
46
40
35
38
48
59
63
54
42
40
48
57
59
66
73
74
67
59
54
46
26
-8
-61
-130
-206
-260
-271
-252
-240
-267
-325
-394
-451
-473
-463
-439
-422
-410
-383
-338
-287
-238
-198
-164
-133
-97
-37
46
135
212
265
288
282
269
276
301
322
322
305
291
282
273
254
216
149
69
2
-29
-34
-35
-40
-62
-103
-152
-195
-220
-230
-225
-214
-207
-203
-198
-186
-165
-143
-126
-112
-93
-59
-8
44
89
128
157
178
194
211
236
258
276
286
281
261
237
220
210
204
191
171
149
134
122
110
97
77
54
35
24
22
20
18
18
17
15
14
22
38
56
66
67
66
63
63
70
81
87
83
73
69
71
60
24
-48
-142
-240
-313
-338
-315
-272
-259
-306
-402
-511
-585
-597
-551
-470
-401
-361
-348
-340
-315
-273
-221
-168
-113
-53
17
103
195
274
314
312
284
263
271
308
357
392
399
377
334
281
227
175
131
99
71
52
37
29
8
-41
-112
-177
-217
-228
-223
-209
-192
-181
-189
-213
-236
-242
-234
-211
-172
-118
-64
-17
22
53
77
95
115
144
183
234
287
324
327
301
272
253
242
240
243
251
252
241
220
183
148
130
132
137
128
108
88
79
66
43
22
15
23
31
32
41
64
82
77
60
48
58
85
98
91
75
77
89
59
-31
-160
-257
-286
-274
-253
-249
-276
-364
-498
-619
-668
-650
-594
-526
-458
-408
-403
-434
-461
-446
-365
-250
-142
-59
-1
53
102
150
194
231
259
288
328
381
432
459
451
414
366
322
289
266
252
235
212
176
131
77
11
-55
-108
-137
-152
-157
-162
-177
-205
-239
-264
-278
-280
-266
-235
-203
-187
-186
-186
-171
-135
-75
-3
53
86
97
103
114
139
182
229
267
286
291
287
275
264
260
260
261
260
258
254
246
231
209
185
168
160
153
147
148
147
133
102
75
58
59
66
71
71
63
57
58
59
59
60
66
73
74
63
26
-47
-145
-237
-294
-304
-275
-250
-274
-364
-494
-615
-680
-669
-600
-524
-484
-495
-537
-569
-560
-502
-410
-306
-210
-137
-84
-31
30
89
133
164
210
282
366
428
452
445
422
402
389
373
367
375
378
356
306
245
174
115
84
70
47
-5
-55
-78
-84
-107
-163
-220
-236
-213
-182
-164
-152
-138
-132
-145
-165
-176
-159
-124
-82
-46
-25
-23
-28
-24
0
41
90
136
167
182
185
187
193
206
231
255
277
293
299
291
272
248
232
226
228
225
217
210
197
167
121
85
72
83
102
115
110
78
38
18
25
43
55
63
70
77
81
75
41
-40
-157
-262
-306
-268
-196
-166
-235
-396
-578
-701
-719
-647
-545
-487
-511
-582
-645
-660
-627
-556
-462
-365
-273
-189
-114
-59
-26
2
39
101
189
293
388
451
465
437
393
372
392
441
485
494
463
398
323
267
236
218
187
136
74
33
21
10
-36
-112
-178
-209
-200
-170
-142
-138
-172
-219
-257
-269
-250
-199
-148
-123
-123
-119
-97
-72
-53
-35
-2
59
120
156
171
182
212
236
237
240
263
315
363
368
323
260
237
266
292
282
253
237
235
218
179
127
90
89
105
114
109
99
91
80
70
61
45
37
52
88
122
133
116
74
2
-98
-197
-263
-271
-241
-218
-256
-381
-553
-699
-754
-718
-638
-582
-588
-647
-708
-726
-691
-627
-557
-484
-400
-296
-190
-107
-62
-33
4
81
200
335
447
502
497
458
425
429
475
531
565
556
510
449
390
345
304
266
220
174
134
105
74
18
-69
-172
-244
-262
-233
-198
-184
-199
-240
-280
-298
-274
-226
-180
-156
-144
-131
-114
-102
-93
-81
-58
-21
24
76
122
155
164
158
146
152
193
255
305
326
325
314
298
285
284
289
287
277
268
263
256
237
208
183
177
203
245
273
261
220
187
177
171
161
171
209
250
247
180
74
-53
-182
-293
-359
-350
-298
-290
-405
-641
-883
-1013
-1001
-908
-826
-794
-802
-822
-832
-838
-836
-790
-661
-459
-236
-67
15
29
28
65
171
341
534
686
753
738
673
600
564
590
658
715
710
632
502
359
237
152
97
65
47
23
-26
-100
-205
-318
-410
-441
-402
-320
-243
-205
-220
-265
-308
-314
-273
-187
-79
24
89
112
108
95
87
86
108
151
205
249
268
255
203
135
88
87
128
184
217
205
154
95
58
61
105
175
240
273
280
276
267
263
285
334
390
441
473
475
442
400
372
359
365
386
411
408
345
187
-59
-325
-512
-555
-498
-448
-528
-775
-1135
-1460
-1606
-1533
-1334
-1157
-1096
-1140
-1206
-1208
-1117
-946
-732
-480
-195
100
353
525
604
612
637
770
1029
1302
1449
1408
1215
970
769
673
684
733
740
636
414
103
-218
-447
-546
-564
-580
-615
-660
-710
-755
-802
-849
-857
-765
-550
-283
-64
39
35
0
20
130
314
523
700
793
778
669
529
410
347
345
380
401
351
225
54
-120
-259
-335
-331
-266
-186
-138
-138
-177
-216
-217
-141
13
209
397
538
608
618
615
656
751
875
988
1055
1048
981
888
811
757
720
686
642
575
445
202
-184
-659
-1100
-1365
-1414
-1356
-1380
-1641
-2114
-2597
-2826
-2688
-2291
-1884
-1643
-1579
-1557
-1418
-1109
-693
-277
110
515
963
1397
1707
1823
1779
1710
1764
1972
2208
2281
2077
1639
1107
657
387
275
197
32
-274
-678
-1092
-1420
-1606
-1658
-1628
-1550
-1430
-1287
-1155
-1049
-937
-770
-517
-162
261
662
951
1096
1122
1107
1138
1267
1453
1571
1535
1333
1022
676
368
162
53
-32
-166
-375
-632
-877
-1042
-1076
-998
-877
-744
-590
-419
-287
-221
-146
33
335
698
1022
1238
1337
1367
1398
1453
1535
1634
1717
1725
1615
1410
1196
1023
884
751
609
464
278
-5
-453
-1074
-1746
-2267
-2483
-2440
-2337
-2426
-2811
-3361
-3742
-3673
-3152
-2447
-1876
-1571
-1421
-1206
-777
-177
447
989
1461
1936
2409
2771
2891
2754
2488
2307
2323
2451
2462
2158
1526
727
-20
-537
-780
-854
-950
-1198
-1597
-2034
-2363
-2474
-2339
-2041
-1687
-1358
-1063
-788
-518
-228
103
474
881
1306
1709
1989
2068
1960
1772
1607
1521
1489
1402
1136
656
72
-456
-820
-1007
-1103
-1224
-1422
-1621
-1709
-1641
-1451
-1207
-955
-708
-426
-79
292
607
837
1049
1324
1677
2033
2295
2391
2340
2235
2182
2192
2182
2074
1852
1553
1215
886
614
410
242
82
-82
-309
-688
-1282
-2020
-2694
-3073
-3065
-2822
-2657
-2843
-3367
-3907
-4034
-3561
-2683
-1807
-1233
-948
-729
-366
177
790
1360
1860
2329
2753
3042
3086
2863
2471
2100
1914
1910
1890
1609
962
64
-841
-1490
-1750
-1709
-1608
-1667
-1914
-2240
-2464
-2443
-2131
-1583
-931
-308
192
557
823
1052
1315
1650
2031
2377
2585
2568
2292
1832
1328
894
564
297
-18
-486
-1094
-1708
-2166
-2390
-2394
-2265
-2126
-2045
-1971
-1778
-1409
-903
-347
187
662
1065
1399
1669
1879
2044
2207
2404
2615
2760
2750
2576
2298
2008
1785
1653
1539
1353
1060
710
379
132
2
-24
-13
-32
-136
-407
-920
-1652
-2360
-2763
-2725
-2403
-2124
-2188
-2685
-3348
-3711
-3453
-2673
-1768
-1104
-803
-727
-631
-338
146
684
1186
1643
2055
2318
2306
2010
1576
1232
1133
1252
1356
1163
572
-286
-1135
-1706
-1858
-1634
-1272
-1038
-1061
-1285
-1527
-1573
-1259
-590
221
910
1319
1469
1470
1463
1547
1744
1988
2167
2174
1922
1412
749
132
-309
-567
-742
-972
-1352
-1902
-2490
-2887
-2906
-2553
-2010
-1521
-1228
-1080
-905
-532
48
724
1357
1847
2141
2218
2144
2034
1978
1993
2072
2183
2215
2038
1650
1214
902
787
829
923
933
790
540
310
213
309
569
883
1054
861
204
-807
-1781
-2298
-2181
-1674
-1274
-1392
-2104
-3070
-3739
-3699
-2969
-1950
-1099
-665
-611
-716
-725
-469
46
733
1446
2012
2237
2024
1485
908
595
676
1012
1256
1072
388
-582
-1486
-2006
-1984
-1503
-879
-487
-521
-891
-1304
-1424
-1056
-243
734
1516
1878
1826
1537
1266
1222
1459
1807
2006
1875
1371
598
-225
-859
-1201
-1329
-1430
-1644
-1997
-2377
-2608
-2579
-2295
-1855
-1362
-877
-432
-33
356
771
1201
1603
1953
2214
2316
2214
1976
1731
1557
1464
1420
1346
1155
831
473
228
171
266
411
497
481
416
420
574
856
1181
1460
1554
1281
568
-416
-1274
-1667
-1532
-1144
-973
-1389
-2346
-3346
-3788
-3428
-2544
-1643
-1093
-950
-1007
-979
-680
-117
567
1232
1775
2101
2125
1826
1325
899
793
984
1185
1066
506
-348
-1227
-1844
-2022
-1761
-1263
-851
-761
-983
-1285
-1365
-1031
-298
612
1387
1789
1788
1561
1378
1443
1753
2092
2186
1897
1276
502
-223
-757
-1083
-1289
-1473
-1705
-2025
-2435
-2831
-3000
-2789
-2208
-1442
-733
-263
-58
46
302
842
1571
2224
2580
2578
2326
2008
1773
1674
1650
1610
1492
1267
929
517
136
-89
-106
34
207
295
263
190
201
382
697
1052
1248
1035
317
-716
-1596
-1926
-1630
-1040
-701
-1037
-2018
-3117
-3661
-3321
-2316
-1189
-437
-250
-458
-688
-598
-80
725
1587
2262
2551
2361
1798
1157
752
740
1023
1284
1160
484
-576
-1614
-2263
-2348
-1941
-1307
-816
-744
-1085
-1543
-1710
-1307
-347
833
1771
2162
2043
1712
1523
1676
2113
2551
2660
2286
1526
626
-170
-735
-1086
-1319
-1565
-1891
-2312
-2773
-3122
-3191
-2891
-2308
-1652
-1101
-739
-500
-219
257
915
1581
2056
2262
2245
2111
1978
1913
1910
1909
1857
1712
1442
1069
683
404
293
318
381
376
260
106
42
147
401
692
907
831
317
-586
-1538
-2077
-2005
-1511
-1073
-1161
-1927
-3035
-3830
-3783
-2929
-1769
-882
-549
-649
-824
-697
-117
770
1694
2419
2813
2821
2503
2065
1754
1722
1912
2071
1883
1191
142
-902
-1609
-1862
-1765
-1529
-1388
-1490
-1825
-2196
-2336
-2058
-1349
-384
528
1093
1226
1126
1125
1450
2072
2737
3083
2880
2176
1275
538
156
80
86
-76
-545
-1262
-2019
-2564
-2744
-2558
-2146
-1718
-1443
-1370
-1391
-1315
-982
-383
302
852
1151
1231
1212
1238
1400
1689
1987
2154
2099
1837
1476
1175
1040
1071
1174
1227
1163
975
731
536
488
601
787
868
578
-198
-1322
-2338
-2793
-2591
-2058
-1763
-2125
-3093
-4122
-4516
-3975
-2813
-1634
-910
-725
-811
-765
-312
523
1505
2414
3115
3484
3420
3003
2528
2295
2399
2661
2724
2259
1240
-9
-1036
-1598
-1757
-1695
-1593
-1621
-1905
-2399
-2847
-2941
-2509
-1619
-565
270
640
635
611
909
1609
2501
3213
3419
3034
2266
1486
993
854
908
875
532
-170
-1085
-1926
-2414
-2439
-2120
-1732
-1533
-1606
-1833
-1978
-1826
-1312
-572
123
547
660
602
570
728
1118
1639
2082
2276
2182
1883
1540
1329
1346
1524
1682
1675
1470
1125
757
514
499
647
664
254
-655
-1796
-2683
-2971
-2672
-2214
-2136
-2699
-3654
-4399
-4431
-3711
-2621
-1652
-1094
-917
-863
-647
-137
642
1560
2447
3107
3365
3186
2758
2401
2364
2630
2924
2871
2273
1234
103
-769
-1234
-1345
-1282
-1243
-1420
-1850
-2391
-2781
-2781
-2298
-1452
-576
-11
124
38
108
592
1461
2406
3035
3116
2698
2057
1507
1242
1233
1316
1271
934
265
-609
-1400
-1828
-1794
-1454
-1130
-1083
-1352
-1726
-1904
-1700
-1158
-501
41
331
356
240
194
401
843
1334
1682
1815
1755
1575
1361
1245
1318
1543
1752
1784
1609
1305
1031
905
929
875
487
-317
-1372
-2295
-2759
-2673
-2343
-2271
-2776
-3713
-4562
-4807
-4312
-3349
-2375
-1735
-1489
-1417
-1208
-686
157
1194
2237
3059
3469
3436
3148
2894
2895
3164
3488
3539
3085
2157
1028
40
-593
-858
-905
-956
-1220
-1779
-2520
-3176
-3446
-3164
-2426
-1570
-987
-849
-989
-1009
-577
337
1443
2330
2717
2589
2193
1839
1731
1856
2065
2155
1978
1493
812
152
-320
-535
-530
-432
-413
-610
-996
-1396
-1602
-1510
-1175
-766
-465
-364
-406
-429
-278
94
609
1120
1501
1686
1689
1595
1539
1627
1862
2139
2311
2273
2031
1703
1446
1208
788
36
-972
-1909
-2488
-2610
-2540
-2704
-3348
-4274
-5003
-5168
-4769
-4092
-3462
-3054
-2807
-2515
-2034
-1369
-575
329
1316
2270
2994
3369
3441
3417
3521
3847
4252
4417
4090
3310
2380
1605
1064
664
301
-88
-535
-1094
-1790
-2540
-3125
-3288
-2995
-2511
-2173
-2141
-2284
-2322
-2011
-1303
-380
473
1039
1283
1325
1362
1537
1852
2177
2377
2391
2231
1939
1594
1288
1068
913
766
570
292
-52
-377
-592
-669
-659
-637
-670
-781
-925
-998
-920
-679
-327
66
435
731
940
1106
1296
1551
1863
2164
2387
2467
2425
2312
2087
1662
962
116
-633
-1092
-1264
-1409
-1845
-2708
-3767
-4565
-4790
-4498
-4031
-3736
-3738
-3898
-3936
-3635
-2982
-2119
-1194
-295
494
1085
1454
1705
2015
2532
3246
3938
4314
4193
3670
3032
2540
2287
2185
2077
1808
1294
546
-320
-1118
-1645
-1791
-1639
-1446
-1488
-1859
-2412
-2841
-2853
-2385
-1650
-1017
-723
-747
-866
-821
-475
124
801
1367
1696
1761
1638
1467
1401
1538
1864
2203
2308
2047
1504
942
605
583
765
925
856
505
17
-386
-557
-503
-318
-111
32
74
12
-97
-130
54
487
1038
1468
1628
1528
1251
893
474
48
-274
-397
-348
-368
-702
-1426
-2338
-3079
-3368
-3176
-2749
-2454
-2529
-2905
-3257
-3280
-2896
-2255
-1582
-1004
-543
-170
126
366
618
996
1558
2207
2714
2874
2660
2247
1884
1739
1814
1967
2014
1829
1381
732
41
-499
-737
-669
-451
-334
-503
-958
-1501
-1844
-1821
-1482
-1052
-757
-708
-868
-1077
-1160
-1019
-662
-168
321
653
744
642
492
469
669
1043
1428
1632
1559
1274
956
801
883
1116
1319
1349
1187
920
662
501
471
551
689
804
816
700
512
368
352
480
678
850
933
918
769
471
17
-507
-934
-1127
-1048
-899
-964
-1431
-2198
-2925
-3266
-3103
-2635
-2224
-2129
-2331
-2584
-2654
-2454
-2043
-1521
-946
-369
133
463
596
629
763
1154
1778
2423
2817
2805
2436
1937
1586
1527
1690
1865
1860
1601
1125
517
-108
-586
-784
-688
-470
-406
-663
-1181
-1693
-1935
-1819
-1467
-1090
-855
-818
-923
-1062
-1117
-994
-648
-130
377
693
746
617
484
511
749
1110
1426
1555
1443
1155
853
697
730
859
960
949
805
569
324
160
136
255
464
655
728
649
484
364
394
591
866
1094
1197
1159
976
673
268
-142
-458
-599
-566
-519
-670
-1139
-1817
-2443
-2768
-2724
-2453
-2199
-2143
-2283
-2469
-2550
-2463
-2232
-1875
-1410
-886
-395
-34
146
200
294
594
1131
1753
2223
2365
2192
1887
1653
1604
1725
1903
1998
1901
1581
1087
533
75
-165
-175
-70
-15
-141
-477
-924
-1311
-1484
-1416
-1193
-975
-895
-971
-1130
-1248
-1229
-1028
-670
-260
85
278
316
273
268
396
669
997
1243
1313
1211
1024
849
743
732
782
828
808
694
507
291
116
19
27
124
261
347
323
208
106
120
280
519
730
844
865
795
640
378
41
-266
-431
-380
-225
-185
-429
-918
-1438
-1789
-1888
-1794
-1612
-1463
-1420
-1488
-1626
-1732
-1741
-1618
-1356
-970
-520
-164
-31
-94
-167
-82
200
615
1024
1270
1274
1109
924
825
851
986
1159
1260
1214
1013
699
361
105
11
71
192
257
188
6
-202
-351
-409
-380
-295
-202
-148
-148
-201
-297
-394
-429
-352
-185
3
130
151
76
-17
-45
19
142
275
367
390
349
267
167
76
33
56
132
197
193
109
-5
-63
-31
94
253
374
415
385
342
334
381
472
577
666
727
757
769
743
669
540
377
200
40
-62
-111
-165
-280
-470
-693
-899
-1038
-1104
-1125
-1130
-1133
-1119
-1096
-1086
-1118
-1182
-1210
-1134
-930
-667
-448
-349
-362
-411
-421
-343
-173
58
285
425
446
374
265
196
223
350
510
627
648
556
362
156
73
162
369
566
659
638
567
520
524
573
645
745
850
904
841
637
384
210
164
183
170
86
-66
-258
-453
-623
-746
-794
-763
-705
-678
-695
-727
-762
-810
-853
-824
-694
-477
-262
-107
-24
13
57
148
300
487
669
829
953
1007
982
899
826
824
898
1002
1061
1024
883
705
581
533
510
445
324
170
20
-72
-102
-118
-174
-273
-383
-477
-553
-629
-708
-776
-812
-795
-762
-762
-831
-944
-1038
-1063
-1004
-897
-813
-806
-874
-972
-1030
-1005
-898
-755
-638
-585
-581
-587
-561
-466
-300
-92
123
301
430
527
627
759
912
1075
1240
1387
1475
1494
1473
1438
1407
1389
1389
1361
1255
1067
825
578
343
126
-75
-268
-449
-621
-775
-925
-1083
-1234
-1344
-1385
-1360
-1304
-1242
-1185
-1119
-1012
-864
-690
-533
-404
-269
-86
122
318
473
603
702
777
833
897
955
1006
1002
950
883
831
810
770
705
599
497
440
433
423
366
298
287
338
406
419
356
261
212
247
305
302
208
96
28
-6
-64
-168
-286
-399
-512
-623
-732
-846
-980
-1135
-1295
-1427
-1509
-1545
-1560
-1572
-1576
-1563
-1521
-1433
-1298
-1136
-972
-805
-614
-389
-130
145
415
664
894
1105
1281
1420
1519
1580
1597
1576
1518
1427
1319
1207
1090
966
841
707
541
339
120
-86
-263
-400
-509
-618
-749
-894
-1011
-1073
-1066
-998
-899
-801
-717
-646
-584
-518
-419
-267
-97
62
179
245
271
276
297
344
432
526
576
562
468
349
267
248
280
293
303
289
261
248
261
303
349
410
490
571
627
644
630
625
648
708
763
789
757
679
579
481
400
335
271
171
21
-166
-350
-510
-637
-753
-864
-976
-1076
-1153
-1218
-1281
-1336
-1367
-1363
-1333
-1288
-1218
-1128
-1026
-930
-842
-750
-641
-510
-351
-167
21
190
335
467
580
672
755
825
867
865
836
794
742
681
610
535
459
376
280
187
99
32
-31
-88
-143
-190
-218
-242
-247
-238
-202
-161
-132
-102
-70
-41
-20
-6
13
19
18
7
-20
-56
-98
-118
-129
-121
-101
-82
-75
-90
-106
-102
-65
14
102
179
236
266
298
342
425
522
598
643
659
637
583
538
526
550
564
560
517
453
379
311
277
256
248
223
190
135
59
-23
-100
-166
-220
-243
-253
-262
-289
-337
-397
-447
-454
-434
-422
-440
-493
-558
-614
-643
-656
-684
-723
-749
-742
-708
-660
-598
-538
-480
-430
-384
-332
-262
-175
-80
11
91
153
202
234
253
253
247
249
266
292
305
285
247
210
194
195
210
215
201
179
150
112
57
8
-8
-2
14
21
23
19
-4
-28
-40
-9
34
62
62
49
54
79
116
151
160
153
122
92
79
63
45
21
19
30
51
85
123
147
151
155
165
172
170
167
205
263
312
315
284
258
227
216
214
238
253
262
272
273
268
250
242
241
244
251
249
205
121
16
-60
-107
-138
-163
-182
-199
-237
-307
-402
-497
-554
-567
-547
-521
-506
-511
-529
-543
-540
-522
-490
-431
-356
-291
-253
-227
-204
-184
-160
-122
-79
-54
-44
-42
-44
-52
-59
-58
-50
-42
-33
-28
-14
7
44
77
92
96
105
133
167
197
213
206
182
151
132
132
127
116
87
50
2
-45
-83
-111
-114
-105
-84
-78
-83
-81
-63
-23
13
40
61
85
122
157
186
191
199
229
273
309
307
305
299
300
306
317
327
314
300
287
284
283
283
280
260
242
218
193
142
104
80
80
79
66
55
10
-48
-117
-135
-120
-91
-70
-69
-72
-83
-91
-81
-57
-17
20
29
4
-55
-93
-87
-68
-71
-96
-108
-123
-175
-254
-304
-299
-284
-297
-332
-358
-357
-340
-301
-260
-233
-225
-205
-176
-147
-117
-83
-42
-14
6
10
-2
-30
-58
-84
-115
-140
-158
-192
-244
-303
-336
-356
-360
-349
-330
-306
-292
-259
-214
-135
-51
29
111
177
237
276
314
346
377
412
455
490
492
470
443
404
363
327
292
256
211
160
104
61
29
-5
-44
-72
-95
-109
-102
-60
-17
2
8
14
34
57
97
140
170
188
197
211
216
221
216
211
209
211
206
188
151
110
89
105
122
95
43
-12
-37
-56
-42
-9
21
24
2
-24
-54
-77
-91
-72
-28
13
22
1
-34
-66
-67
-31
21
46
20
-40
-113
-172
-206
-233
-269
-318
-366
-401
-427
-465
-530
-602
-636
-609
-550
-494
-465
-459
-449
-412
-336
-246
-153
-51
35
82
80
82
129
209
276
302
298
281
259
244
233
220
199
163
139
105
58
-3
-60
-106
-143
-164
-164
-149
-115
-96
-85
-75
-50
-2
41
102
139
171
208
251
304
343
367
383
374
385
390
400
401
369
343
301
282
271
252
230
188
160
134
95
58
10
3
8
21
27
3
-12
-33
-23
-6
13
34
46
57
64
74
99
133
167
179
179
174
161
133
87
58
47
55
47
14
-50
-136
-215
-272
-308
-335
-377
-428
-473
-500
-499
-492
-467
-445
-424
-406
-380
-334
-278
-222
-180
-143
-109
-79
-57
-43
-54
-80
-99
-108
-103
-121
-147
-186
-233
-270
-294
-302
-302
-304
-296
-299
-298
-266
-199
-126
-92
-64
-16
68
153
220
274
316
361
390
410
422
460
493
490
447
398
399
411
414
376
331
291
245
184
117
73
50
42
45
45
30
-9
-16
1
11
7
16
71
110
130
154
176
212
229
256
279
283
302
279
278
263
280
299
310
290
241
188
122
67
27
22
13
-16
-60
-97
-132
-151
-166
-179
-198
-214
-217
-221
-218
-221
-227
-239
-248
-255
-266
-265
-270
-294
-323
-344
-348
-354
-367
-388
-418
-446
-460
-480
-499
-510
-520
-524
-531
-511
-487
-459
-430
-393
-331
-264
-172
-77
-3
37
64
100
150
185
227
266
309
337
342
334
320
321
314
312
299
279
241
206
175
153
133
128
122
112
110
91
71
50
71
100
122
148
172
199
207
203
219
252
293
331
365
398
405
400
404
417
428
423
390
357
330
330
317
274
212
158
129
84
59
38
31
6
-24
-55
-88
-113
-134
-163
-186
-181
-146
-115
-136
-183
-238
-233
-211
-188
-184
-185
-159
-164
-201
-243
-245
-216
-223
-250
-293
-331
-365
-394
-413
-451
-479
-484
-467
-441
-424
-397
-375
-360
-344
-324
-277
-223
-167
-122
-91
-69
-61
-42
-10
36
68
78
74
57
41
33
33
39
39
44
41
21
-2
-18
-27
-21
-7
20
50
81
112
121
129
134
153
185
227
264
288
321
366
414
445
470
476
492
500
496
490
468
454
434
397
348
294
250
234
223
216
201
172
132
81
61
43
26
3
-22
-56
-102
-111
-107
-88
-72
-61
-84
-129
-169
-170
-135
-115
-111
-117
-118
-131
-168
-190
-187
-176
-174
-186
-201
-221
-245
-260
-253
-236
-222
-202
-156
-124
-109
-115
-111
-92
-66
-27
-14
-12
-21
-28
-52
-103
-146
-158
-147
-156
-206
-266
-305
-303
-270
-251
-271
-321
-331
-283
-236
-227
-252
-269
-243
-188
-134
-113
-109
-86
-44
-7
5
8
21
64
124
187
246
296
329
348
360
371
387
409
459
497
514
483
435
388
356
366
389
401
367
312
259
208
186
188
191
180
149
111
64
19
0
-22
-19
6
31
50
10
-48
-118
-140
-121
-87
-49
-52
-96
-170
-216
-230
-228
-214
-185
-162
-135
-112
-98
-114
-126
-97
-56
4
37
54
42
40
85
148
197
201
196
184
178
156
120
86
54
28
6
-22
-71
-139
-217
-282
-330
-358
-380
-398
-417
-432
-451
-483
-511
-531
-532
-518
-483
-443
-431
-428
-403
-345
-271
-201
-157
-130
-97
-41
21
63
103
148
196
242
281
305
301
289
286
307
344
374
377
351
331
332
334
333
338
336
322
291
280
276
259
229
207
208
192
155
119
109
122
115
73
12
-37
-22
9
7
-38
-113
-162
-175
-140
-93
-75
-73
-58
-35
1
48
77
73
38
27
51
77
97
111
143
165
187
223
253
250
231
231
239
236
221
212
181
134
81
58
62
60
40
-7
-77
-169
-252
-305
-320
-338
-371
-430
-502
-564
-603
-624
-642
-649
-642
-621
-593
-562
-541
-528
-505
-452
-374
-296
-238
-199
-172
-145
-95
-14
80
146
178
188
180
161
164
198
233
249
248
245
234
225
229
245
258
268
280
302
316
317
287
258
235
230
245
261
262
229
170
107
73
75
92
99
94
86
62
16
-15
-29
-33
-53
-62
-50
-30
-11
3
32
53
66
92
144
176
190
199
229
265
283
303
322
325
323
320
328
339
328
341
344
335
293
225
146
61
0
-25
-18
1
-24
-102
-210
-311
-380
-405
-392
-404
-474
-560
-627
-679
-698
-669
-622
-611
-644
-667
-650
-610
-577
-558
-533
-475
-393
-321
-268
-246
-242
-236
-200
-116
-12
64
80
48
18
36
98
180
238
258
243
224
227
260
301
342
380
403
399
369
345
344
352
359
363
360
344
304
248
190
122
69
41
42
36
3
-46
-95
-127
-139
-123
-91
-66
-72
-93
-114
-98
-55
13
69
99
118
126
146
172
221
255
283
321
374
411
420
431
447
450
461
477
482
449
389
337
281
248
239
253
252
198
116
5
-96
-167
-190
-193
-230
-307
-393
-469
-537
-596
-628
-641
-650
-659
-676
-707
-755
-779
-764
-713
-646
-589
-568
-591
-617
-601
-537
-446
-353
-281
-237
-220
-191
-132
-48
37
117
195
246
267
273
284
313
366
435
487
502
485
454
435
446
488
521
510
445
343
255
224
232
218
147
42
-29
-56
-64
-83
-104
-122
-143
-145
-132
-135
-164
-170
-139
-95
-67
-29
-3
0
10
61
139
209
269
303
310
319
359
427
479
503
524
542
565
561
535
510
495
511
533
553
521
420
273
136
66
64
71
29
-84
-236
-379
-471
-505
-514
-537
-593
-690
-804
-898
-945
-931
-874
-814
-775
-766
-790
-832
-849
-802
-701
-595
-511
-458
-431
-420
-393
-321
-206
-78
27
92
124
144
179
238
329
444
549
607
606
569
535
540
594
664
687
629
516
403
328
301
317
324
267
145
21
-63
-118
-137
-128
-123
-150
-193
-230
-275
-317
-307
-243
-178
-142
-119
-117
-141
-126
-12
153
259
280
280
288
319
401
524
600
608
632
668
662
606
585
599
622
664
677
565
345
169
131
182
221
197
57
-171
-387
-471
-445
-424
-466
-558
-660
-763
-837
-868
-877
-872
-834
-778
-766
-834
-921
-935
-841
-676
-524
-446
-455
-486
-469
-372
-226
-80
27
91
127
158
188
238
321
433
541
613
630
592
536
520
567
641
674
631
540
433
343
292
277
258
200
121
44
-35
-123
-201
-239
-243
-243
-258
-296
-350
-397
-392
-324
-241
-190
-177
-172
-157
-106
-7
114
224
295
336
371
429
502
584
632
622
569
535
575
643
676
615
466
275
142
96
97
74
4
-96
-211
-324
-423
-502
-555
-571
-550
-545
-609
-722
-822
-848
-787
-680
-599
-587
-626
-664
-655
-593
-507
-428
-364
-305
-251
-229
-227
-201
-96
76
242
337
350
333
353
446
587
717
779
770
723
683
671
690
719
726
693
623
517
393
285
229
217
200
138
35
-93
-209
-283
-286
-256
-267
-332
-399
-428
-416
-380
-331
-278
-232
-174
-112
-51
12
99
221
364
491
576
576
495
410
404
488
578
619
560
375
122
-60
-96
-50
-31
-84
-239
-486
-730
-862
-859
-803
-760
-755
-825
-971
-1111
-1141
-1040
-863
-696
-614
-650
-749
-787
-698
-521
-327
-176
-89
-68
-73
-54
8
122
284
455
561
564
510
484
544
683
849
962
977
918
851
820
844
909
968
971
899
784
668
575
514
490
470
400
272
127
9
-69
-106
-115
-138
-206
-297
-365
-395
-404
-397
-368
-324
-285
-241
-177
-90
12
136
275
344
297
200
188
296
430
505
460
279
28
-150
-195
-161
-155
-218
-360
-572
-802
-973
-1048
-1035
-976
-930
-971
-1118
-1291
-1383
-1330
-1152
-942
-816
-821
-886
-906
-832
-683
-485
-281
-127
-45
-21
-15
21
142
364
594
732
751
712
689
724
845
1019
1169
1203
1109
974
913
959
1046
1085
1048
968
864
758
672
640
638
625
569
464
329
205
135
118
116
83
12
-79
-152
-188
-185
-157
-115
-67
-22
20
72
143
181
135
48
36
137
263
335
314
177
-32
-186
-201
-161
-201
-343
-510
-658
-786
-882
-932
-959
-997
-1047
-1102
-1172
-1258
-1311
-1281
-1179
-1063
-1000
-1003
-1016
-986
-898
-796
-699
-605
-513
-414
-313
-231
-175
-115
0
170
335
438
476
498
566
691
832
934
981
992
995
1009
1045
1094
1135
1144
1117
1056
966
878
817
788
754
688
581
452
331
244
197
177
164
139
93
40
14
20
54
110
196
292
368
402
351
224
117
147
299
439
462
330
59
-239
-404
-366
-240
-210
-348
-600
-862
-1040
-1094
-1064
-1012
-1000
-1052
-1165
-1303
-1398
-1389
-1241
-1006
-816
-779
-861
-912
-853
-705
-517
-321
-146
-58
-56
-74
-43
63
230
423
583
643
602
529
517
600
729
822
829
759
651
558
534
587
659
680
635
550
458
380
341
352
381
370
298
191
99
44
36
61
98
112
90
52
34
60
126
218
328
444
537
555
451
291
212
303
497
643
629
406
53
-245
-323
-193
-43
-61
-296
-650
-971
-1140
-1135
-1032
-943
-970
-1128
-1336
-1480
-1498
-1393
-1199
-975
-836
-858
-980
-1040
-931
-683
-394
-165
-40
-9
1
64
197
372
560
733
845
869
826
791
836
972
1120
1203
1185
1082
941
838
843
929
988
940
805
647
499
379
319
311
298
214
70
-80
-187
-229
-213
-167
-126
-118
-140
-143
-83
30
161
301
471
602
563
365
189
216
415
624
712
578
206
-256
-536
-518
-353
-275
-406
-734
-1164
-1514
-1632
-1520
-1334
-1265
-1386
-1618
-1817
-1888
-1826
-1644
-1373
-1101
-944
-942
-1006
-1000
-832
-508
-128
179
337
366
363
437
637
923
1194
1362
1398
1327
1225
1190
1282
1449
1575
1576
1453
1257
1054
935
942
1008
1007
878
655
407
196
75
54
76
39
-95
-276
-420
-484
-478
-415
-321
-251
-245
-269
-235
-111
71
283
527
743
774
579
338
283
477
784
1033
1032
672
85
-377
-447
-190
88
88
-273
-872
-1430
-1707
-1637
-1362
-1146
-1183
-1475
-1841
-2089
-2113
-1898
-1526
-1173
-1024
-1114
-1313
-1425
-1324
-1000
-537
-98
174
217
114
38
146
477
917
1284
1438
1344
1106
943
1029
1336
1663
1815
1729
1464
1143
931
929
1081
1198
1136
895
569
259
55
11
83
138
61
-145
-389
-569
-611
-508
-323
-165
-108
-129
-150
-87
98
424
802
976
789
375
126
239
603
983
1123
849
215
-431
-699
-510
-133
72
-125
-708
-1421
-1904
-1930
-1574
-1175
-1066
-1318
-1721
-2013
-2067
-1883
-1526
-1135
-882
-845
-938
-1028
-1012
-820
-438
52
484
715
713
568
467
593
984
1492
1870
1927
1656
1274
1081
1227
1600
1934
2003
1730
1222
742
534
635
844
913
720
295
-206
-584
-702
-590
-424
-383
-523
-769
-991
-1079
-978
-703
-372
-138
-61
-64
-21
158
507
896
1072
896
514
257
305
621
996
1114
757
35
-627
-861
-649
-288
-132
-411
-1075
-1800
-2204
-2119
-1712
-1343
-1298
-1589
-1989
-2224
-2154
-1803
-1332
-957
-803
-812
-825
-745
-559
-300
13
370
739
1046
1200
1173
1059
1020
1193
1579
2009
2232
2099
1712
1366
1294
1518
1863
2060
1897
1375
763
406
437
698
896
808
392
-189
-663
-828
-693
-456
-345
-452
-699
-923
-965
-761
-393
-45
146
211
294
473
769
1073
1208
1061
718
444
394
557
817
951
691
-5
-822
-1306
-1275
-939
-682
-834
-1452
-2278
-2870
-2912
-2475
-1949
-1738
-1951
-2372
-2674
-2631
-2197
-1553
-1013
-787
-825
-892
-781
-442
35
501
854
1101
1305
1502
1662
1754
1781
1791
1878
2098
2359
2462
2281
1900
1534
1377
1473
1686
1757
1475
865
203
-196
-214
-4
153
20
-452
-1058
-1465
-1459
-1116
-723
-521
-568
-753
-873
-745
-323
227
667
903
1020
1182
1506
1908
2133
1983
1537
1115
963
1122
1427
1558
1207
348
-665
-1344
-1471
-1231
-1019
-1170
-1767
-2597
-3263
-3425
-3092
-2622
-2421
-2601
-2946
-3143
-2987
-2467
-1782
-1249
-1058
-1091
-1042
-707
-129
500
980
1231
1331
1462
1741
2120
2444
2569
2480
2311
2262
2386
2540
2538
2311
1921
1529
1303
1289
1318
1142
669
43
-486
-732
-689
-536
-543
-866
-1386
-1787
-1819
-1507
-1077
-744
-609
-652
-714
-567
-106
530
1073
1372
1497
1648
1966
2324
2436
2122
1538
1038
868
1057
1369
1408
870
-160
-1250
-1928
-2040
-1789
-1575
-1739
-2335
-3118
-3679
-3731
-3352
-2927
-2804
-2987
-3184
-3092
-2609
-1853
-1122
-715
-682
-740
-508
128
974
1703
2103
2186
2141
2200
2466
2840
3106
3113
2889
2626
2487
2461
2425
2256
1920
1467
1019
708
553
412
132
-324
-839
-1261
-1492
-1533
-1483
-1488
-1633
-1852
-1950
-1782
-1395
-946
-578
-337
-174
48
455
1047
1675
2175
2489
2704
2909
3041
2972
2626
2108
1591
1215
1073
1101
1039
595
-274
-1318
-2203
-2752
-2971
-3012
-3078
-3300
-3678
-4052
-4240
-4191
-4032
-3907
-3804
-3614
-3250
-2682
-1941
-1175
-596
-295
-107
217
793
1508
2165
2636
2914
3090
3271
3512
3729
3765
3535
3136
2785
2620
2607
2589
2399
1948
1261
510
-77
-392
-545
-751
-1127
-1602
-2014
-2245
-2270
-2156
-2017
-1945
-1910
-1789
-1470
-955
-335
251
690
987
1263
1650
2156
2697
3208
3667
4057
4230
4015
3413
2611
1875
1297
914
694
486
50
-722
-1684
-2599
-3351
-3952
-4415
-4739
-4900
-4901
-4762
-4532
-4308
-4186
-4177
-4141
-3894
-3362
-2604
-1707
-764
102
784
1280
1685
2070
2444
2781
3076
3359
3644
3888
4033
4026
3836
3449
2897
2290
1744
1325
1032
831
641
342
-155
-799
-1467
-2053
-2504
-2772
-2824
-2710
-2537
-2369
-2188
-1962
-1699
-1411
-1060
-628
-127
422
1027
1671
2286
2813
3241
3590
3869
4107
4357
4649
4819
4645
4051
3161
2210
1328
625
122
-302
-846
-1592
-2438
-3241
-3966
-4619
-5149
-5509
-5668
-5642
-5449
-5104
-4681
-4258
-3873
-3464
-2957
-2355
-1689
-951
-130
730
1555
2310
2998
3564
3918
4027
3947
3814
3742
3761
3818
3815
3642
3211
2543
1814
1174
616
60
-523
-1070
-1557
-1992
-2350
-2615
-2835
-3081
-3321
-3461
-3432
-3220
-2794
-2169
-1479
-871
-356
169
749
1346
1923
2477
2971
3371
3704
4055
4451
4829
5114
5278
5302
5003
4292
3245
2075
966
-8
-735
-1244
-1695
-2278
-3008
-3791
-4547
-5256
-5867
-6298
-6513
-6480
-6212
-5698
-4978
-4177
-3439
-2842
-2313
-1753
-1106
-347
529
1470
2373
3164
3856
4462
4897
5065
4949
4642
4266
3910
3603
3340
3079
2748
2266
1640
957
265
-448
-1191
-1905
-2545
-3099
-3516
-3727
-3746
-3703
-3663
-3570
-3349
-3004
-2581
-2085
-1530
-941
-298
456
1318
2174
2900
3447
3852
4156
4409
4640
4870
5057
5171
5229
5268
5157
4696
3817
2607
1257
-104
-1294
-2194
-2829
-3349
-3860
-4356
-4809
-5244
-5685
-6097
-6442
-6639
-6610
-6272
-5591
-4645
-3575
-2535
-1574
-699
80
767
1390
1976
2533
3084
3677
4327
4910
5255
5263
4969
4491
3942
3399
2878
2351
1750
1074
401
-160
-605
-1034
-1533
-2130
-2788
-3436
-3942
-4180
-4163
-4023
-3828
-3529
-3073
-2475
-1765
-967
-168
509
1051
1560
2119
2707
3260
3769
4229
4611
4894
5119
5321
5463
5479
5367
5087
4519
3620
2469
1234
-6
-1154
-2106
-2869
-3544
-4199
-4789
-5269
-5657
-5978
-6183
-6292
-6340
-6290
-6037
-5494
-4713
-3767
-2724
-1640
-568
421
1287
2021
2618
3088
3472
3840
4232
4596
4832
4875
4712
4378
3924
3394
2784
2089
1315
505
-265
-902
-1381
-1790
-2218
-2678
-3131
-3547
-3887
-4065
-4058
-3925
-3702
-3330
-2748
-2015
-1244
-480
276
1005
1696
2371
3045
3630
4028
4245
4391
4543
4721
4919
5109
5243
5301
5271
5024
4444
3464
2152
649
-879
-2223
-3282
-4077
-4694
-5154
-5448
-5623
-5775
-5909
-5999
-6061
-6092
-6019
-5716
-5159
-4409
-3483
-2354
-1037
324
1563
2595
3366
3861
4133
4304
4462
4567
4532
4367
4128
3871
3608
3333
2991
2469
1711
772
-201
-1068
-1785
-2403
-2973
-3478
-3851
-4047
-4069
-3927
-3679
-3416
-3174
-2879
-2434
-1854
-1213
-525
231
1032
1822
2580
3309
3961
4460
4797
5029
5194
5253
5174
5002
4834
4752
4756
4675
4307
3540
2417
1118
-235
-1533
-2751
-3887
-4904
-5713
-6217
-6407
-6379
-6213
-5964
-5719
-5494
-5243
-4872
-4363
-3788
-3154
-2397
-1447
-328
849
1992
3018
3846
4466
4900
5162
5201
4957
4471
3858
3239
2678
2154
1628
1080
523
-16
-521
-991
-1481
-2081
-2798
-3518
-4121
-4549
-4793
-4818
-4606
-4191
-3608
-2864
-1965
-1008
-125
621
1262
1832
2326
2748
3154
3587
4018
4411
4767
5105
5383
5563
5680
5759
5769
5551
4963
4020
2804
1446
49
-1277
-2447
-3484
-4413
-5199
-5748
-6009
-6075
-6067
-5997
-5841
-5597
-5283
-4902
-4402
-3803
-3129
-2323
-1305
-83
1138
2206
3130
3948
4617
5049
5228
5203
4972
4523
3941
3343
2768
2168
1534
933
391
-137
-707
-1326
-1956
-2597
-3235
-3799
-4229
-4533
-4752
-4860
-4770
-4452
-3935
-3271
-2495
-1642
-781
46
843
1607
2283
2820
3248
3653
4048
4376
4600
4768
4942
5099
5220
5315
5404
5385
5066
4393
3419
2223
848
-631
-2063
-3357
-4456
-5323
-5905
-6174
-6201
-6088
-5868
-5534
-5121
-4680
-4241
-3764
-3240
-2687
-2059
-1276
-313
715
1700
2652
3585
4428
5068
5456
5603
5487
5075
4431
3663
2838
1968
1100
332
-288
-786
-1218
-1613
-1971
-2324
-2719
-3161
-3609
-4034
-4431
-4745
-4867
-4721
-4319
-3713
-2924
-1949
-867
194
1159
2028
2791
3381
3784
4064
4263
4360
4365
4375
4473
4628
4792
4978
5160
5164
4816
4091
3059
1810
383
-1106
-2535
-3848
-5017
-5978
-6589
-6821
-6779
-6534
-6045
-5332
-4514
-3737
-3055
-2467
-1978
-1523
-1012
-384
332
1072
1853
2702
3599
4450
5149
5626
5846
5775
5407
4773
3924
2930
1829
678
-425
-1366
-2092
-2625
-2967
-3117
-3138
-3147
-3199
-3287
-3415
-3621
-3876
-4065
-4104
-3961
-3601
-2929
-1950
-815
330
1443
2509
3432
4128
4593
4854
4929
4847
4687
4514
4357
4247
4213
4258
4267
4122
3773
3176
2287
1104
-265
-1643
-2974
-4235
-5392
-6299
-6851
-7065
-7005
-6671
-6053
-5216
-4268
-3294
-2324
-1419
-613
103
761
1355
1834
2220
2623
3119
3686
4229
4699
5077
5315
5325
5066
4540
3778
2812
1693
522
-624
-1693
-2655
-3444
-3975
-4250
-4345
-4321
-4178
-3933
-3648
-3369
-3090
-2819
-2596
-2419
-2189
-1799
-1237
-543
274
1211
2195
3117
3923
4590
5072
5315
5342
5225
5015
4747
4470
4233
3958
3534
2931
2177
1304
291
-829
-1969
-3074
-4105
-5042
-5815
-6395
-6784
-6957
-6825
-6352
-5601
-4694
-3733
-2757
-1788
-801
185
1113
1935
2612
3180
3671
4111
4503
4803
4991
5059
5005
4797
4411
3864
3214
2483
1679
802
-131
-1077
-2007
-2848
-3523
-4014
-4357
-4585
-4664
-4566
-4304
-3919
-3438
-2896
-2334
-1759
-1140
-492
123
693
1277
1901
2522
3087
3597
4051
4422
4692
4867
4955
4939
4835
4706
4561
4271
3701
2836
1762
589
-640
-1867
-3028
-4095
-5016
-5768
-6291
-6609
-6757
-6714
-6422
-5886
-5194
-4422
-3579
-2665
-1699
-695
317
1283
2134
2848
3471
4024
4502
4879
5130
5258
5278
5194
4960
4521
3876
3079
2178
1209
204
-798
-1742
-2587
-3265
-3743
-4077
-4342
-4560
-4675
-4644
-4481
-4204
-3808
-3292
-2678
-1981
-1196
-350
478
1247
1972
2661
3273
3773
4182
4540
4835
5024
5109
5118
5080
5016
4944
4764
4341
3616
2625
1455
156
-1212
-2553
-3820
-4942
-5878
-6568
-7001
-7214
-7207
-6926
-6371
-5613
-4762
-3874
-2963
-2052
-1123
-174
743
1571
2292
2960
3605
4192
4698
5088
5364
5524
5544
5372
4972
4364
3624
2791
1881
906
-92
-1056
-1950
-2736
-3382
-3915
-4364
-4706
-4860
-4797
-4580
-4264
-3860
-3352
-2770
-2158
-1523
-859
-193
471
1167
1921
2664
3310
3852
4319
4692
4930
5038
5064
5017
4905
4768
4632
4397
3935
3240
2365
1343
142
-1197
-2551
-3819
-4912
-5812
-6497
-6972
-7235
-7247
-6946
-6335
-5511
-4606
-3677
-2709
-1726
-771
117
936
1687
2353
2950
3511
4038
4504
4852
5096
5258
5302
5148
4773
4227
3578
2826
1949
972
-39
-1015
-1913
-2699
-3341
-3869
-4308
-4633
-4777
-4706
-4484
-4168
-3757
-3214
-2569
-1876
-1152
-402
338
1027
1677
2305
2876
3350
3757
4153
4535
4831
5011
5099
5146
5158
5111
4917
4480
3783
2854
1751
500
-863
-2232
-3532
-4684
-5655
-6423
-6981
-7350
-7483
-7288
-6743
-5957
-5066
-4125
-3124
-2094
-1079
-106
790
1574
2240
2828
3378
3864
4274
4602
4874
5080
5174
5104
4855
4436
3878
3188
2356
1383
325
-717
-1671
-2510
-3224
-3842
-4374
-4773
-4964
-4920
-4711
-4392
-3973
-3437
-2810
-2124
-1387
-621
120
802
1450
2084
2679
3211
3698
4159
4551
4823
4973
5058
5109
5123
5109
5053
4848
4387
3665
2729
1604
280
-1169
-2594
-3907
-5054
-6013
-6723
-7175
-7394
-7358
-7004
-6345
-5502
-4600
-3667
-2677
-1655
-652
269
1090
1823
2479
3055
3539
3938
4279
4556
4773
4913
4963
4876
4622
4192
3617
2917
2082
1136
122
-891
-1855
-2730
-3500
-4176
-4722
-5079
-5208
-5144
-4945
-4612
-4113
-3450
-2700
-1925
-1140
-339
452
1193
1881
2515
3078
3562
3991
4384
4715
4952
5109
5230
5321
5373
5360
5184
4772
4108
3207
2075
722
-758
-2236
-3623
-4859
-5921
-6763
-7363
-7714
-7774
-7494
-6894
-6068
-5105
-4037
-2893
-1753
-680
294
1174
1945
2591
3119
3556
3913
4216
4492
4760
4969
5061
5009
4809
4458
3965
3315
2503
1562
567
-419
-1380
-2302
-3164
-3938
-4572
-5022
-5262
-5309
-5195
-4915
-4454
-3814
-3064
-2276
-1475
-661
130
864
1531
2152
2723
3235
3705
4135
4488
4731
4901
5042
5160
5223
5232
5163
4948
4548
3913
3005
1815
397
-1098
-2556
-3904
-5109
-6137
-6919
-7434
-7673
-7616
-7235
-6565
-5681
-4656
-3537
-2382
-1250
-193
763
1599
2300
2852
3272
3590
3846
4079
4305
4504
4622
4619
4498
4272
3952
3500
2885
2115
1248
330
-633
-1612
-2552
-3405
-4149
-4743
-5152
-5367
-5419
-5304
-4970
-4402
-3673
-2879
-2060
-1196
-307
548
1335
2058
2722
3304
3788
4196
4529
4780
4962
5106
5220
5300
5344
5295
5081
4666
4013
3092
1892
502
-949
-2378
-3721
-4960
-6040
-6915
-7550
-7892
-7882
-7524
-6878
-6013
-4949
-3746
-2495
-1269
-109
966
1919
2699
3286
3703
3995
4218
4402
4567
4684
4716
4644
4476
4237
3928
3515
2987
2363
1659
858
-43
-1001
-1964
-2893
-3746
-4478
-5045
-5433
-5632
-5605
-5324
-4809
-4134
-3355
-2482
-1534
-576
323
1141
1893
2568
3141
3618
4011
4314
4527
4701
4872
5014
5094
5129
5094
4934
4598
4045
3244
2172
893
-457
-1792
-3073
-4306
-5442
-6404
-7155
-7662
-7871
-7731
-7267
-6537
-5595
-4481
-3264
-2018
-793
381
1475
2435
3201
3759
4137
4396
4561
4659
4699
4682
4588
4392
4106
3771
3385
2929
2406
1823
1168
419
-410
-1278
-2157
-3002
-3772
-4430
-4971
-5383
-5599
-5559
-5259
-4743
-4033
-3149
-2145
-1107
-102
820
1665
2449
3161
3755
4183
4462
4648
4798
4923
5016
5068
5093
5055
4893
4569
4043
3297
2311
1122
-171
-1483
-2751
-3946
-5035
-5967
-6732
-7298
-7609
-7608
-7306
-6748
-5955
-4949
-3795
-2557
-1291
-38
1151
2208
3082
3757
4242
4575
4777
4871
4880
4812
4665
4419
4087
3694
3251
2757
2224
1660
1048
365
-381
-1149
-1899
-2624
-3328
-3987
-4561
-5032
-5357
-5486
-5375
-5037
-4491
-3743
-2824
-1800
-738
318
1347
2312
3171
3897
4487
4937
5238
5409
5487
5497
5455
5369
5196
4895
4448
3821
2989
1930
710
-556
-1802
-2986
-4109
-5135
-6029
-6782
-7338
-7629
-7618
-7334
-6820
-6087
-5164
-4093
-2910
-1660
-378
870
2003
2965
3742
4350
4816
5143
5339
5390
5296
5073
4747
4346
3888
3373
2810
2218
1607
963
277
-444
-1175
-1896
-2590
-3247
-3868
-4429
-4884
-5167
-5251
-5140
-4850
-4386
-3762
-2993
-2108
-1145
-144
855
1813
2703
3509
4212
4785
5218
5519
5700
5761
5722
5613
5416
5103
4646
4008
3162
2097
873
-412
-1687
-2892
-4015
-5033
-5925
-6673
-7241
-7575
-7632
-7404
-6917
-6217
-5353
-4369
-3278
-2092
-833
438
1634
2676
3538
4220
4741
5110
5352
5469
5455
5310
5027
4623
4134
3595
3015
2394
1738
1050
318
-453
-1219
-1938
-2596
-3216
-3804
-4338
-4787
-5106
-5244
-5171
-4900
-4464
-3878
-3144
-2291
-1358
-391
595
1572
2497
3330
4050
4664
5168
5561
5835
5983
6014
5959
5802
5500
5037
4385
3519
2417
1129
-222
-1554
-2811
-3970
-5014
-5914
-6663
-7232
-7584
-7684
-7519
-7107
-6480
-5664
-4705
-3639
-2488
-1264
4
1238
2351
3303
4079
4687
5138
5458
5650
5706
5614
5366
4972
4464
3879
3244
2588
1923
1243
513
-267
-1065
-1837
-2572
-3267
-3922
-4509
-5004
-5360
-5524
-5475
-5224
-4796
-4194
-3438
-2573
-1657
-715
249
1220
2163
3036
3812
4472
5016
5453
5786
5994
6071
6050
5942
5714
5333
4769
4000
3012
1820
498
-863
-2190
-3424
-4549
-5539
-6380
-7059
-7541
-7787
-7762
-7472
-6955
-6249
-5375
-4357
-3233
-2034
-784
475
1683
2772
3704
4463
5046
5450
5696
5809
5804
5667
5378
4944
4394
3773
3113
2429
1726
1003
252
-534
-1336
-2115
-2845
-3528
-4162
-4719
-5162
-5455
-5573
-5491
-5203
-4730
-4105
-3338
-2443
-1456
-417
650
1712
2719
3618
4387
5030
5556
5967
6268
6464
6549
6516
6318
5935
5340
4512
3447
2163
754
-669
-2035
-3311
-4493
-5539
-6422
-7133
-7650
-7925
-7941
-7708
-7259
-6609
-5781
-4816
-3744
-2574
-1330
-79
1101
2187
3169
4025
4735
5282
5669
5901
5999
5958
5759
5410
4942
4376
3744
3066
2351
1586
761
-107
-981
-1835
-2651
-3418
-4116
-4718
-5204
-5544
-5708
-5680
-5460
-5059
-4493
-3786
-2978
-2101
-1149
-132
905
1914
2860
3722
4469
5098
5612
6010
6278
6410
6425
6350
6149
5783
5232
4475
3497
2298
951
-439
-1796
-3079
-4279
-5373
-6312
-7066
-7608
-7897
-7896
-7627
-7156
-6522
-5719
-4748
-3656
-2498
-1308
-106
1054
2118
3056
3850
4508
5033
5422
5664
5745
5663
5427
5062
4597
4058
3451
2792
2101
1381
628
-163
-965
-1755
-2523
-3250
-3917
-4506
-4989
-5328
-5491
-5473
-5277
-4915
-4386
-3701
-2889
-1989
-1025
-15
1012
2024
2982
3844
4587
5214
5737
6145
6419
6559
6581
6486
6244
5827
5203
4349
3256
1961
557
-858
-2206
-3449
-4591
-5610
-6488
-7198
-7684
-7890
-7810
-7488
-6978
-6301
-5472
-4510
-3436
-2277
-1062
164
1333
2388
3296
4061
4701
5203
5559
5763
5811
5691
5400
4976
4472
3909
3303
2662
1987
1260
473
-344
-1149
-1926
-2682
-3405
-4074
-4654
-5118
-5428
-5554
-5492
-5250
-4834
-4252
-3539
-2732
-1853
-907
88
1088
2040
2900
3672
4367
4970
5447
5796
6044
6189
6207
6101
5882
5546
5083
4440
3585
2510
1258
-84
-1424
-2690
-3859
-4929
-5860
-6621
-7211
-7597
-7708
-7518
-7086
-6503
-5779
-4893
-3848
-2693
-1502
-317
834
1905
2866
3687
4360
4887
5261
5481
5552
5481
5267
4912
4439
3879
3257
2600
1928
1257
573
-144
-892
-1645
-2364
-3017
-3617
-4172
-4662
-5036
-5257
-5318
-5218
-4949
-4507
-3895
-3127
-2226
-1246
-227
798
1803
2756
3619
4376
5009
5514
5883
6114
6208
6178
6059
5875
5585
5162
4577
3794
2784
1571
247
-1074
-2332
-3485
-4540
-5488
-6299
-6940
-7365
-7547
-7485
-7199
-6711
-6028
-5166
-4172
-3091
-1954
-784
384
1490
2482
3339
4054
4630
5063
5338
5455
5421
5246
4938
4504
3969
3355
2696
2035
1393
754
75
-654
-1382
-2069
-2710
-3309
-3865
-4353
-4742
-5005
-5114
-5076
-4889
-4541
-4026
-3359
-2569
-1688
-736
261
1269
2236
3106
3852
4470
4966
5335
5562
5647
5605
5462
5256
5030
4786
4463
4017
3430
2703
1825
788
-367
-1562
-2720
-3772
-4707
-5529
-6213
-6722
-7004
-7053
-6887
-6528
-5970
-5203
-4276
-3264
-2206
-1102
40
1168
2203
3091
3806
4349
4738
4980
5074
5021
4832
4514
4072
3532
2931
2302
1669
1058
481
-67
-620
-1191
-1758
-2298
-2810
-3302
-3765
-4162
-4462
-4640
-4687
-4595
-4362
-3972
-3415
-2694
-1850
-939
8
969
1905
2780
3553
4203
4707
5060
5276
5370
5350
5224
5022
4784
4534
4230
3842
3341
2695
1891
916
-177
-1302
-2382
-3368
-4261
-5059
-5738
-6276
-6630
-6759
-6657
-6345
-5843
-5174
-4346
-3397
-2371
-1303
-217
866
1879
2753
3451
3983
4376
4628
4729
4676
4488
4181
3771
3276
2733
2161
1582
1022
506
29
-448
-951
-1463
-1943
-2381
-2791
-3180
-3528
-3804
-3981
-4044
-3992
-3813
-3491
-3011
-2380
-1643
-862
-80
704
1493
2246
2898
3420
3804
4070
4231
4296
4268
4158
3988
3789
3583
3393
3218
3023
2777
2460
2036
1443
649
-279
-1229
-2134
-2978
-3769
-4493
-5103
-5563
-5842
-5910
-5765
-5420
-4913
-4269
-3489
-2594
-1631
-653
301
1208
2022
2687
3182
3504
3697
3780
3733
3553
3271
2950
2592
2167
1685
1202
765
375
12
-330
-665
-1021
-1391
-1739
-2054
-2352
-2644
-2897
-3072
-3157
-3140
-3018
-2786
-2454
-2034
-1533
-974
-382
227
841
1433
1975
2438
2805
3081
3289
3438
3511
3507
3450
3373
3283
3179
3087
2994
2871
2678
2355
1858
1149
276
-642
-1515
-2307
-3045
-3747
-4366
-4863
-5189
-5321
-5262
-5024
-4626
-4089
-3435
-2709
-1947
-1166
-352
470
1238
1873
2354
2705
2957
3112
3151
3078
2924
2709
2434
2097
1731
1368
1018
690
390
119
-161
-472
-783
-1055
-1292
-1531
-1783
-2014
-2190
-2297
-2326
-2277
-2155
-1967
-1716
-1406
-1055
-689
-313
88
509
913
1254
1537
1792
2039
2257
2414
2507
2549
2565
2583
2603
2620
2634
2661
2673
2633
2508
2263
1876
1308
594
-185
-956
-1675
-2356
-2993
-3553
-3995
-4295
-4447
-4454
-4319
-4055
-3691
-3235
-2708
-2111
-1462
-806
-185
384
906
1358
1705
1942
2112
2232
2293
2267
2148
1960
1736
1500
1253
1004
769
557
374
208
37
-144
-315
-470
-628
-801
-977
-1142
-1290
-1426
-1537
-1610
-1631
-1599
-1526
-1414
-1261
-1053
-779
-452
-87
302
697
1084
1445
1781
2085
2341
2542
2694
2819
2922
3014
3116
3213
3256
3209
3031
2691
2149
1432
642
-147
-886
-1597
-2294
-2940
-3501
-3937
-4236
-4415
-4471
-4406
-4227
-3949
-3592
-3156
-2636
-2053
-1427
-793
-185
366
835
1238
1591
1894
2127
2277
2335
2305
2203
2055
1878
1686
1499
1337
1199
1062
908
742
582
413
208
-54
-355
-665
-971
-1263
-1539
-1787
-1980
-2114
-2184
-2186
-2116
-1962
-1724
-1410
-1030
-616
-187
252
709
1164
1578
1917
2187
2415
2626
2821
2980
3107
3228
3354
3458
3507
3459
3260
2884
2339
1681
959
191
-601
-1393
-2142
-2817
-3432
-3982
-4433
-4741
-4903
-4945
-4871
-4668
-4328
-3862
-3294
-2667
-1990
-1262
-510
206
836
1370
1814
2170
2442
2632
2751
2805
2779
2660
2483
2309
2164
2040
1918
1782
1597
1347
1044
708
337
-79
-535
-1009
-1469
-1891
-2258
-2549
-2747
-2861
-2895
-2854
-2720
-2500
-2204
-1833
-1385
-880
-337
227
789
1327
1825
2283
2693
3050
3351
3587
3761
3896
4010
4105
4133
4055
3856
3510
2994
2293
1465
587
-295
-1162
-2016
-2827
-3570
-4225
-4764
-5164
-5406
-5493
-5444
-5270
-4968
-4544
-4020
-3419
-2747
-2007
-1228
-457
271
942
1555
2102
2552
2897
3136
3281
3344
3327
3228
3057
2845
2629
2415
2189
1934
1636
1284
879
436
-24
-494
-965
-1419
-1843
-2224
-2549
-2797
-2952
-3017
-3002
-2919
-2759
-2505
-2163
-1747
-1271
-748
-189
396
991
1569
2102
2564
2949
3262
3514
3710
3839
3913
3948
3961
3942
3854
3668
3356
2918
2326
1568
696
-196
-1031
-1807
-2566
-3305
-3978
-4529
-4935
-5218
-5399
-5464
-5395
-5177
-4831
-4377
-3818
-3151
-2391
-1575
-747
51
797
1479
2081
2578
2957
3243
3432
3507
3463
3328
3129
2877
2577
2252
1932
1621
1300
953
590
222
-150
-535
-926
-1311
-1666
-1980
-2242
-2446
-2587
-2653
-2636
-2543
-2379
-2160
-1876
-1519
-1092
-615
-120
381
880
1369
1828
2233
2573
2854
3082
3265
3390
3453
3449
3394
3313
3213
3070
2871
2606
2257
1788
1176
455
-303
-1045
-1736
-2385
-2990
-3545
-4027
-4401
-4637
-4727
-4688
-4548
-4319
-3994
-3573
-3082
-2538
-1947
-1312
-667
-54
516
1025
1478
1872
2192
2435
2594
2677
2689
2627
2498
2315
2101
1879
1666
1454
1226
972
693
402
95
-239
-591
-937
-1235
-1461
-1620
-1731
-1803
-1806
-1730
-1588
-1426
-1266
-1101
-905
-669
-409
-139
131
398
662
924
1173
1401
1614
1816
1993
2122
2206
2267
2321
2364
2389
2382
2333
2230
2074
1849
1541
1114
575
-19
-596
-1112
-1579
-2010
-2393
-2726
-3008
-3230
-3356
-3375
-3310
-3199
-3049
-2843
-2581
-2264
-1905
-1516
-1102
-680
-270
113
459
783
1071
1308
1497
1646
1762
1820
1799
1701
1557
1403
1264
1140
1005
852
690
549
424
298
162
25
-92
-185
-255
-321
-388
-443
-471
-471
-466
-485
-522
-560
-582
-592
-596
-593
-569
-502
-373
-187
32
260
499
747
981
1178
1337
1469
1591
1703
1796
1863
1913
1948
1959
1915
1786
1547
1208
810
396
-11
-409
-804
-1184
-1547
-1880
-2178
-2425
-2612
-2736
-2802
-2836
-2839
-2811
-2715
-2525
-2243
-1889
-1499
-1106
-739
-404
-93
191
437
637
795
910
980
1010
1015
1024
1056
1119
1198
1278
1344
1391
1410
1389
1325
1236
1132
1014
875
722
558
378
190
4
-175
-360
-558
-759
-940
-1082
-1174
-1217
-1216
-1173
-1084
-950
-779
-592
-393
-172
71
330
587
847
1103
1352
1586
1802
1992
2160
2307
2421
2486
2473
2354
2106
1740
1305
849
405
-24
-453
-892
-1334
-1758
-2152
-2490
-2745
-2904
-2988
-3016
-2992
-2921
-2794
-2607
-2366
-2097
-1826
-1559
-1286
-998
-696
-388
-87
200
474
730
966
1163
1315
1432
1525
1613
1687
1736
1743
1719
1666
1573
1444
1294
1131
943
733
513
298
90
-112
-301
-472
-623
-751
-858
-935
-983
-1007
-1010
-989
-934
-856
-758
-636
-481
-298
-94
131
381
647
908
1152
1365
1552
1717
1848
1933
1970
1967
1930
1860
1750
1581
1328
983
588
185
-196
-553
-891
-1206
-1501
-1775
-2022
-2229
-2380
-2462
-2477
-2435
-2358
-2254
-2119
-1947
-1725
-1454
-1148
-827
-525
-265
-45
145
320
476
613
722
799
838
836
804
759
730
723
721
708
673
616
545
480
427
382
342
320
314
300
265
222
192
183
186
194
200
206
217
240
269
294
312
330
339
334
317
302
299
302
315
331
350
358
351
349
368
405
428
426
421
436
474
516
519
458
345
202
36
-158
-362
-533
-655
-745
-825
-910
-982
-1044
-1091
-1117
-1117
-1080
-1016
-937
-855
-776
-700
-615
-513
-406
-317
-260
-231
-223
-234
-258
-294
-328
-355
-383
-422
-466
-496
-493
-444
-351
-236
-120
3
151
322
497
657
800
937
1077
1210
1313
1372
1399
1411
1406
1365
1286
1181
1060
923
764
596
433
277
129
-15
-154
-281
-390
-482
-558
-624
-674
-708
-724
-719
-691
-636
-564
-471
-353
-209
-50
114
277
429
559
655
699
678
598
496
407
339
268
163
21
-140
-288
-416
-527
-621
-681
-705
-727
-774
-844
-902
-927
-931
-924
-924
-932
-948
-962
-963
-951
-932
-901
-842
-757
-656
-547
-419
-258
-68
147
377
611
835
1037
1210
1355
1475
1565
1614
1625
1605
1547
1437
1279
1093
904
718
534
340
144
-36
-183
-298
-387
-455
-512
-553
-573
-567
-552
-529
-491
-433
-367
-311
-260
-196
-116
-33
43
122
212
304
383
444
492
535
583
632
670
683
649
567
446
298
126
-58
-218
-350
-475
-602
-715
-800
-857
-893
-911
-912
-896
-874
-850
-828
-800
-755
-684
-586
-485
-397
-323
-249
-177
-122
-83
-46
11
78
137
171
189
210
241
291
355
420
470
495
503
500
487
471
454
441
420
382
334
287
247
211
167
115
57
5
-36
-62
-73
-66
-48
-19
15
47
72
88
109
139
167
177
163
129
91
54
21
-7
-34
-57
-70
-66
-48
-25
3
37
85
147
217
291
350
371
343
275
185
97
34
-1
-14
-25
-52
-94
-141
-178
-198
-210
-216
-209
-193
-198
-245
-310
-354
-364
-365
-388
-431
-472
-495
-504
-523
-563
-605
-613
-572
-511
-459
-413
-353
-260
-139
-6
124
243
348
417
462
507
558
588
586
575
570
560
533
487
432
372
295
196
81
-28
-118
-193
-257
-301
-320
-328
-332
-328
-314
-293
-265
-216
-149
-79
-18
42
106
169
226
280
334
385
429
467
501
538
575
610
641
670
699
724
743
742
695
585
415
209
-2
-188
-338
-470
-593
-699
-778
-832
-873
-895
-881
-835
-767
-689
-609
-532
-456
-372
-276
-176
-75
12
76
116
137
146
141
125
104
88
64
26
-24
-68
-94
-105
-108
-112
-125
-155
-194
-239
-285
-331
-365
-385
-398
-409
-414
-407
-383
-350
-301
-231
-145
-59
23
101
181
272
381
502
626
759
893
1000
1056
1076
1087
1104
1105
1077
1020
941
847
733
594
425
248
71
-106
-273
-419
-530
-618
-698
-767
-808
-802
-749
-680
-614
-537
-416
-263
-111
1
64
94
128
175
227
271
324
388
425
419
391
387
414
440
436
393
326
251
163
54
-67
-187
-310
-446
-600
-763
-914
-1044
-1148
-1226
-1280
-1311
-1319
-1303
-1268
-1209
-1109
-970
-808
-639
-468
-295
-123
46
217
380
526
657
782
906
1009
1080
1125
1158
1193
1211
1191
1137
1069
993
886
754
621
501
391
287
191
97
-1
-100
-193
-270
-335
-394
-446
-490
-520
-537
-542
-542
-532
-511
-486
-456
-414
-348
-263
-168
-66
41
146
253
370
495
613
714
794
859
902
913
877
780
630
458
288
134
3
-114
-222
-321
-403
-476
-540
-583
-596
-583
-559
-544
-543
-540
-518
-479
-437
-400
-367
-350
-351
-366
-389
-412
-430
-442
-445
-443
-437
-422
-396
-362
-316
-250
-172
-97
-32
30
89
146
195
231
254
284
332
376
394
396
406
420
425
420
413
402
378
354
350
361
351
317
297
315
343
346
325
306
305
308
282
214
123
44
-13
-64
-120
-179
-232
-282
-331
-372
-399
-408
-400
-372
-333
-287
-228
-154
-69
17
108
204
301
405
512
618
713
794
848
860
819
727
600
461
328
216
125
35
-64
-166
-261
-347
-428
-506
-570
-613
-645
-684
-731
-769
-785
-778
-758
-738
-720
-709
-706
-709
-714
-706
-679
-641
-587
-521
-455
-405
-364
-301
-209
-106
-13
72
156
235
304
362
415
464
506
539
564
579
584
581
583
588
584
563
535
505
471
438
406
384
369
351
325
295
274
268
269
266
268
278
286
275
250
220
183
138
81
18
-55
-138
-218
-296
-367
-434
-482
-506
-522
-532
-531
-509
-470
-415
-341
-249
-147
-46
46
130
209
286
360
438
507
550
548
501
421
334
261
212
179
134
60
-28
-95
-137
-181
-246
-311
-351
-374
-414
-494
-587
-647
-659
-649
-649
-666
-688
-702
-700
-687
-657
-615
-561
-500
-433
-362
-292
-209
-103
26
169
306
426
522
600
668
723
769
806
831
834
812
774
721
655
583
515
446
362
265
167
80
10
-50
-101
-136
-150
-153
-157
-159
-161
-158
-146
-127
-110
-108
-108
-100
-85
-64
-44
-24
-12
-6
0
-4
-22
-47
-74
-97
-118
-142
-170
-203
-228
-245
-259
-274
-286
-293
-300
-302
-298
-283
-251
-203
-137
-63
16
107
214
339
458
540
576
577
560
536
516
514
536
578
617
638
630
597
554
502
434
348
249
141
21
-114
-247
-366
-468
-571
-680
-781
-872
-960
-1043
-1113
-1163
-1196
-1206
-1191
-1148
-1078
-986
-872
-738
-576
-387
-196
-30
115
253
385
492
568
633
702
768
817
848
874
895
896
891
880
851
787
705
621
530
430
328
235
141
41
-58
-148
-230
-303
-360
-405
-438
-461
-478
-491
-495
-484
-459
-427
-388
-347
-300
-248
-196
-144
-89
-19
61
135
194
245
290
320
332
328
316
308
303
296
275
247
221
204
197
192
182
163
149
153
176
210
244
264
261
227
176
130
106
101
108
118
124
116
89
45
-4
-44
-69
-88
-116
-164
-226
-292
-357
-419
-479
-539
-602
-665
-724
-779
-836
-892
-936
-960
-964
-945
-901
-842
-773
-688
-579
-447
-303
-155
-14
115
237
354
459
555
648
745
841
926
998
1047
1066
1068
1065
1057
1031
988
928
854
760
661
565
457
328
186
47
-75
-186
-290
-396
-498
-591
-669
-731
-769
-789
-802
-809
-804
-774
-735
-694
-653
-598
-523
-437
-356
-274
-192
-104
-16
64
145
228
315
397
467
522
562
596
629
655
665
656
637
613
588
563
538
514
486
452
419
389
365
339
300
230
135
33
-53
-113
-152
-178
-199
-222
-241
-254
-262
-268
-270
-265
-269
-292
-337
-393
-452
-501
-534
-554
-572
-592
-618
-660
-715
-761
-777
-766
-739
-712
-690
-662
-612
-542
-460
-361
-247
-128
-18
88
198
299
384
460
540
617
685
741
784
805
810
802
788
762
725
671
606
542
481
421
364
304
236
159
80
-4
-87
-154
-210
-258
-300
-328
-356
-390
-427
-458
-485
-506
-517
-515
-506
-493
-470
-428
-365
-292
-216
-136
-45
51
138
202
255
318
387
455
516
576
633
675
700
714
717
698
662
620
583
542
500
464
428
383
339
307
283
249
206
157
95
11
-94
-198
-285
-338
-366
-389
-424
-477
-538
-596
-651
-708
-749
-770
-785
-818
-855
-855
-813
-757
-713
-681
-647
-613
-582
-556
-532
-500
-452
-386
-314
-253
-202
-142
-72
8
92
176
250
309
364
421
476
518
550
579
611
635
640
637
634
629
617
604
584
553
513
471
434
394
351
303
258
214
166
112
52
-8
-67
-126
-183
-227
-260
-282
-296
-304
-310
-314
-316
-313
-308
-309
-315
-318
-313
-305
-298
-289
-275
-258
-230
-192
-152
-121
-87
-35
35
104
161
205
249
295
338
376
408
435
458
481
510
534
541
533
525
523
515
493
467
444
421
399
378
345
281
181
60
-71
-190
-283
-342
-391
-444
-497
-544
-578
-598
-602
-599
-596
-594
-592
-591
-590
-579
-557
-524
-486
-446
-408
-378
-359
-350
-334
-305
-257
-207
-155
-100
-46
4
46
90
135
177
211
239
262
278
284
279
274
272
278
278
271
260
249
241
232
219
197
169
145
124
100
77
67
75
88
89
82
76
83
90
77
44
4
-42
-91
-136
-162
-170
-169
-173
-183
-199
-222
-243
-263
-271
-260
-232
-201
-176
-150
-117
-75
-25
29
85
143
203
263
313
354
398
447
497
546
595
642
677
693
706
720
727
718
693
664
622
571
515
457
399
337
267
196
133
74
-6
-111
-233
-363
-495
-601
-671
-718
-763
-796
-811
-826
-853
-877
-880
-869
-851
-837
-819
-790
-746
-692
-636
-574
-505
-438
-376
-322
-276
-240
-208
-171
-128
-73
-13
38
69
87
110
149
196
239
266
278
290
304
319
331
342
356
370
376
374
365
357
351
341
330
321
319
326
334
340
339
337
342
351
358
359
356
342
324
306
287
260
217
167
117
61
1
-49
-79
-98
-125
-171
-231
-298
-357
-395
-412
-416
-418
-422
-422
-420
-402
-362
-313
-271
-226
-173
-117
-68
-25
20
71
136
202
253
292
332
370
406
433
452
464
470
471
462
441
409
378
351
318
277
240
217
203
183
150
103
38
-56
-163
-259
-334
-388
-430
-459
-481
-511
-549
-584
-605
-607
-600
-591
-586
-588
-579
-557
-519
-469
-409
-345
-289
-251
-231
-215
-199
-179
-161
-139
-111
-82
-54
-27
-1
23
56
98
140
172
196
219
236
254
279
309
336
357
379
396
400
401
406
416
420
418
410
395
370
337
305
274
251
229
204
171
139
117
96
74
51
25
-4
-34
-70
-116
-168
-209
-232
-246
-258
-269
-271
-268
-264
-255
-247
-241
-232
-210
-173
-133
-100
-69
-40
-10
26
69
107
136
165
199
232
252
262
267
280
300
318
328
326
319
307
294
285
279
269
245
209
169
134
125
128
114
75
41
38
51
47
16
-39
-106
-179
-249
-302
-333
-349
-365
-399
-447
-497
-538
-565
-581
-589
-591
-588
-585
-581
-572
-553
-524
-495
-464
-431
-398
-373
-353
-332
-305
-264
-206
-136
-59
12
74
132
202
280
357
423
478
523
554
575
591
608
617
613
600
583
555
516
475
443
418
385
339
298
263
227
183
146
118
82
39
2
-19
-36
-61
-88
-110
-123
-139
-157
-172
-180
-188
-203
-219
-225
-224
-219
-217
-215
-212
-209
-202
-192
-179
-169
-161
-148
-132
-114
-103
-99
-95
-82
-62
-51
-49
-44
-38
-33
-23
-5
13
31
63
116
169
203
233
275
325
364
396
429
462
478
480
476
468
445
411
370
331
291
251
207
158
100
37
-19
-71
-138
-245
-367
-451
-488
-513
-558
-611
-650
-666
-668
-669
-662
-630
-587
-564
-561
-543
-487
-416
-354
-297
-230
-157
-92
-41
0
38
77
120
160
190
208
225
245
263
281
298
308
306
304
304
298
280
255
233
218
204
192
181
174
170
169
173
184
196
209
222
233
242
247
256
266
274
275
270
264
256
241
216
182
134
74
10
-52
-110
-167
-224
-277
-329
-376
-419
-462
-502
-537
-562
-578
-588
-594
-591
-566
-518
-458
-396
-339
-285
-225
-156
-85
-28
15
56
102
148
189
229
267
296
321
343
363
380
391
396
395
391
387
374
348
316
277
235
194
166
150
136
118
103
100
100
91
77
73
79
87
97
114
140
154
153
143
129
105
80
65
65
65
53
33
11
-12
-43
-73
-92
-106
-130
-172
-215
-258
-298
-331
-344
-352
-372
-402
-421
-425
-433
-442
-441
-415
-376
-337
-297
-259
-207
-147
-92
-43
7
60
94
102
104
115
129
146
161
166
166
162
155
139
120
105
92
82
72
58
41
23
7
-4
-8
-8
-4
3
5
-4
-10
-2
13
15
13
16
23
31
36
37
30
22
24
29
28
18
7
-1
-5
-12
-23
-25
-21
-16
-20
-41
-62
-70
-66
-61
-62
-65
-69
-70
-65
-46
-16
17
48
78
106
134
158
176
193
221
256
287
304
316
327
346
373
396
404
396
382
367
347
321
289
256
228
206
184
156
128
108
95
90
81
58
9
-50
-112
-170
-221
-261
-284
-294
-296
-306
-329
-358
-373
-375
-378
-394
-418
-439
-452
-458
-465
-475
-480
-470
-451
-432
-418
-413
-401
-384
-362
-347
-335
-308
-252
-186
-135
-101
-65
-17
36
86
129
175
228
276
296
306
341
392
423
412
392
395
413
412
380
340
312
300
283
254
212
169
137
120
104
81
51
17
-16
-47
-77
-101
-121
-139
-153
-165
-172
-176
-175
-168
-161
-149
-143
-139
-135
-122
-98
-73
-49
-30
-13
6
30
59
81
91
89
87
93
106
124
148
169
189
201
210
216
217
220
229
240
247
249
246
245
247
245
242
240
244
245
234
215
199
180
155
127
104
80
44
-2
-45
-75
-96
-118
-150
-182
-209
-230
-246
-263
-281
-298
-319
-348
-388
-417
-424
-418
-412
-399
-378
-354
-337
-325
-312
-299
-277
-253
-232
-216
-196
-167
-140
-128
-117
-95
-69
-52
-49
-50
-48
-45
-41
-37
-24
-8
8
21
29
46
73
111
146
174
202
227
248
268
296
322
345
365
375
373
361
368
388
393
367
325
294
283
269
233
175
125
97
71
17
-64
-133
-170
-196
-230
-256
-273
-290
-317
-338
-350
-361
-368
-365
-350
-338
-333
-325
-303
-261
-203
-141
-82
-23
34
83
125
168
214
264
310
344
364
376
382
381
373
361
351
345
333
315
297
276
250
219
194
175
157
135
113
93
71
48
23
-3
-33
-63
-85
-96
-103
-115
-124
-131
-136
-143
-151
-162
-169
-170
-165
-165
-169
-173
-175
-182
-195
-214
-239
-264
-288
-304
-316
-322
-318
-312
-305
-305
-302
-293
-271
-248
-231
-218
-205
-186
-163
-137
-108
-77
-43
-9
24
52
80
98
115
140
175
213
240
261
277
288
294
303
315
320
319
309
293
276
266
258
242
221
197
174
147
120
93
69
50
30
10
-1
-7
-13
-30
-55
-67
-66
-58
-63
-76
-85
-91
-90
-92
-99
-116
-136
-143
-149
-156
-157
-147
-146
-167
-180
-152
-98
-65
-63
-64
-41
-2
35
62
83
97
111
132
152
160
159
156
156
155
152
144
127
99
75
63
58
45
28
18
7
-10
-27
-37
-44
-55
-65
-68
-63
-53
-40
-31
-23
-17
-10
2
18
32
38
43
49
55
56
56
53
42
31
29
30
22
6
-7
-14
-33
-61
-94
-122
-140
-154
-172
-185
-185
-177
-176
-180
-182
-173
-159
-146
-135
-118
-99
-83
-66
-46
-25
-7
13
37
59
72
74
72
74
84
94
92
87
82
79
77
74
68
58
46
32
12
-20
-49
-65
-68
-71
-74
-76
-73
-65
-50
-28
-6
14
36
58
77
96
114
120
121
130
151
168
171
171
174
172
154
123
104
99
81
40
-7
-41
-56
-61
-79
-116
-160
-187
-190
-177
-162
-153
-145
-132
-121
-119
-113
-82
-44
-26
-22
-11
27
75
115
143
163
180
185
185
188
194
190
175
164
154
135
115
100
82
55
24
1
-22
-48
-72
-93
-114
-133
-143
-143
-144
-151
-150
-141
-128
-117
-105
-89
-72
-54
-33
-17
-4
7
23
44
62
73
80
82
