3.7001 1.66651 1.01727 1.8443 2.02819 1.42222 1.54098 1.43003 0.573082 0.370533 0.523232 0.128163 
4.75571 2.44578 1.24707 2.52363 2.72178 1.64822 1.86625 1.80509 0.465908 0.442568 0.16848 0.0910754 
2.92661 2.47849 2.24969 2.02915 1.83959 1.57703 1.24791 0.951185 0.686354 0.478843 0.230685 0.0477849 
3.23082 2.72525 2.43126 2.27601 2.02787 1.76753 1.50435 1.21297 0.81028 0.377695 0.081021 0.0488046 
4.75565 3.16333 2.31536 2.87928 2.81951 2.34905 1.95273 1.41843 0.783905 0.355464 0.12037 0.0484752 
5.51274 3.13963 1.38825 2.70805 3.22516 2.36397 2.3056 1.69652 1.06998 0.588343 0.0548093 0.0102284 
3.00501 2.53482 2.24835 1.98848 1.80316 1.63739 1.3668 0.961507 0.588617 0.369579 0.198423 0.0369703 
3.39869 2.80955 2.31299 2.05505 2.00533 1.82258 1.50612 1.11953 0.728894 0.344506 0.0759466 0.0363251 
5.68047 3.36856 1.83071 2.21224 2.16876 2.06519 1.89818 1.38966 0.472528 0.794961 0.182927 0.0261505 
5.24039 3.59905 2.11272 1.7439 1.94824 2.15269 1.94979 1.42193 0.906885 0.94793 0.0951112 -0.000653356 
3.12374 2.68843 2.34203 1.97517 1.60806 1.4458 1.23563 1.00824 0.661646 0.394128 0.169565 0.030472 
3.50494 2.96993 2.56511 2.18229 1.833 1.64642 1.47479 1.15925 0.783793 0.377551 0.041901 0.0275436 
4.32529 3.45408 2.68802 2.24163 1.83534 1.50253 1.34844 1.12384 0.926292 0.619551 0.0593195 0.0213195 
4.2108 3.55737 2.55466 1.77817 1.47031 1.38353 1.34341 1.27218 1.07079 0.645209 0.0729731 0.0196028 
3.11381 2.57352 2.11622 1.68708 1.40276 1.22335 1.14628 1.02112 0.791906 0.489465 0.191824 0.0230492 
3.45973 2.91692 2.49033 2.02669 1.56297 1.35159 1.29786 1.21238 0.912924 0.462947 0.0236054 0.022509 
4.35199 3.56951 2.62753 1.92167 1.32554 1.02733 1.07092 1.14097 1.11739 0.770884 0.0901346 0.0247284 
4.26482 3.59467 2.68459 1.81272 1.2093 0.967286 1.18067 1.27798 1.16993 0.847784 0.0649226 0.0205615 
3.14439 2.65544 2.28264 1.87923 1.52924 1.35197 1.2787 1.09543 0.765112 0.380923 0.108778 0.0189928 
3.68688 3.15941 2.55327 1.90771 1.51897 1.42256 1.3852 1.2244 0.901141 0.457009 0.00725447 0.0120432 
3.0454 2.52398 2.19854 1.85887 1.40631 0.986501 0.756642 0.678547 0.611564 0.464247 0.231892 0.0181166 
3.18251 2.65817 2.11146 1.60652 1.23644 1.08215 0.989368 0.858947 0.679897 0.464733 0.214964 0.0193756 
4.09463 3.27143 2.10504 0.913924 0.0928665 -0.0209616 0.429526 0.942507 1.00928 0.605998 0.00149881 -0.0364558 
6.42015 4.04051 1.32718 0.12346 -0.0191414 0.0430393 0.376517 0.640262 0.644064 0.545489 0.0511486 -0.0763937 
5.09788 3.54827 1.48961 0.104173 -0.49958 -0.534949 -0.0343609 0.5414 0.693427 0.438053 -0.0660568 -0.0964295 
4.20665 3.09706 1.50064 -0.106937 -1.04016 -0.827544 0.0805673 0.629744 0.536889 0.257871 -0.0524368 -0.0879345 
5.52206 3.27311 0.903444 -0.107388 -0.65797 -1.0777 -0.54677 0.317812 0.49379 0.289528 -0.0512598 -0.0841612 
5.47579 3.06856 0.665613 0.0492001 -0.494298 -1.2897 -0.886635 0.0545411 0.365457 0.437818 -0.072889 -0.0918207 
8.60299 1.4096 -0.323204 0.700153 0.49067 -2.08054 -1.29721 0.650777 0.153271 -0.15532 -0.0240564 0.0284891 
4.62541 2.61751 0.764649 -0.0735124 -0.970365 -1.72902 -1.19601 -0.15033 0.163553 0.0642318 -0.189379 -0.0848208 
4.84077 2.62433 0.838816 0.188486 -0.934512 -2.00147 -1.33732 -0.108716 0.176187 0.0497644 -0.187033 -0.0714201 
5.2624 2.71501 0.752517 0.658336 -0.63793 -2.56938 -1.92372 -0.0456823 0.389666 0.0951235 -0.224009 -0.0610161 
5.21733 2.4717 0.658459 0.39814 -0.904212 -2.31549 -1.51094 -0.117136 0.0889762 0.0609143 -0.200278 -0.0732646 
7.27559 1.87011 -0.749783 1.52136 0.413276 -3.05856 -1.95591 0.194189 -0.0465835 0.0310408 -0.0389171 0.0418293 
4.758 2.33696 0.536603 0.321037 -0.574864 -2.01777 -1.8023 -0.527743 0.0692422 0.184994 -0.207407 -0.0751197 
3.85276 2.2109 0.373066 -0.378381 -0.6489 -1.1097 -1.27994 -0.783159 -0.29834 -0.0984856 -0.160147 -0.0552276 
4.80926 2.13228 0.435002 0.594291 -0.36436 -1.89186 -1.46124 -0.452175 -0.297355 0.0735229 -0.190631 -0.0592655 
5.87753 1.76504 -0.367271 1.19183 0.179589 -2.62949 -1.66976 -0.0520668 -0.610434 0.222939 -0.0898044 -0.03038 
5.2786 1.79095 -0.122457 0.859872 -0.16587 -2.41604 -1.61419 -0.261683 -0.435673 0.137011 -0.191517 -0.0664884 
3.92772 1.82015 0.0669946 -0.166506 -0.554626 -1.46122 -1.36454 -0.579523 -0.247317 -0.129763 -0.168296 -0.0756687 
5.13374 1.84597 -0.0946021 0.660417 -0.542296 -2.44448 -1.36646 -0.266863 -0.480704 0.225558 -0.125492 -0.0563814 
5.84836 1.68223 -0.314621 1.08239 -0.226099 -2.89685 -1.52161 0.200623 -0.598344 0.221572 -0.0588371 -0.0264047 
5.64906 1.69429 -0.414725 0.941951 -0.316955 -2.85328 -1.47695 0.0764898 -0.553257 0.271001 -0.0733901 -0.0369097 
7.53339 0.982431 -0.783323 1.78603 0.306057 -3.03326 -1.44121 0.134884 -0.223614 0.0637974 0.26726 0.0484945 
5.47894 1.74458 -0.233663 0.723788 -0.558529 -2.64697 -1.32256 0.0474571 -0.413826 0.291377 -0.0995458 -0.0596255 
6.94991 1.10767 -0.497285 1.55468 -0.0916675 -2.88352 -1.50204 0.475975 -0.371369 0.176793 0.206975 0.00911673 
5.77506 1.7024 -0.16497 1.09662 -0.580616 -3.0934 -1.23531 0.522742 -0.332346 0.285924 -0.0605357 -0.0329899 
7.72233 0.708157 -0.47123 1.60515 0.00542878 -3.37307 -0.87656 0.372235 0.0146654 -0.0292062 0.179889 0.0249827 
5.81206 1.64676 -0.02177 1.1182 -0.77568 -3.14038 -1.02327 0.801818 -0.171029 0.14867 -0.0818596 -0.0273821 
6.772 1.12842 -0.189936 1.30596 -0.725491 -2.93991 -0.839195 0.782009 -0.103312 -0.00803435 0.0693764 -0.0155017 
7.77712 0.200366 0.222882 0.892051 -0.641213 -2.78915 -0.527701 0.845268 0.0202796 -0.135971 0.0604599 -0.0230797 
7.88756 0.259105 -0.0430261 0.808124 -0.62683 -2.66942 -0.272609 1.04459 0.0618787 -0.206217 0.0469825 -0.0128873 
6.05641 1.48496 -0.382381 0.420428 -1.00784 -2.24562 -0.0447791 1.33952 -0.00993173 -0.100074 -0.108057 -0.0555343 
6.06015 1.33595 -0.470545 0.333509 -0.851478 -1.98515 0.114738 1.38134 -0.0100467 -0.078081 -0.121483 -0.0763769 
6.46533 1.05824 -0.762003 0.27485 -0.597138 -1.69371 0.299495 1.5711 -0.197768 -0.237971 -0.110233 -0.0630143 
7.84788 0.0569639 -0.712759 0.0146844 0.155805 -1.69598 0.599104 1.45189 -0.23098 -0.537638 -0.112398 -0.0258473 
5.97364 1.07206 -1.14863 0.0819162 -0.213018 -1.26531 0.52667 1.56266 -0.262074 -0.400608 -0.293831 -0.0792984 
6.06974 0.944031 -1.38995 0.196638 0.207371 -1.08196 0.752515 1.60841 -0.440693 -0.593935 -0.376247 -0.07225 
5.89217 0.865252 -1.50874 0.306377 0.340723 -0.797898 0.829897 1.51252 -0.480419 -0.705331 -0.467124 -0.0911972 
7.10177 0.477486 -1.94856 0.555454 0.94825 -0.710462 1.28439 1.53991 -0.627937 -1.05948 -0.430339 -0.0432878 
6.98131 0.480151 -2.01804 0.639097 1.16691 -0.384783 1.52953 1.56232 -0.843809 -1.14654 -0.447671 -0.0428658 
6.55802 0.555521 -1.90682 0.578334 1.07803 -0.0766744 1.50715 1.65041 -1.03051 -1.07019 -0.464733 -0.0619946 
6.04805 0.780184 -1.84264 0.563949 1.16008 0.226166 1.71393 1.46294 -1.18804 -0.922206 -0.480633 -0.0799596 
6.702 0.679295 -1.94424 0.792012 1.63662 0.536544 1.97976 1.58828 -1.25063 -1.15895 -0.437102 -0.0293334 
6.09553 0.776604 -1.69638 0.639581 1.58045 0.836323 1.94636 1.42437 -1.39705 -0.944115 -0.416054 -0.0436055 
5.70277 0.849984 -1.5645 0.654747 1.63335 1.07158 1.98306 1.16841 -1.37674 -0.82699 -0.413957 -0.0515695 
5.36719 0.790116 -1.44893 0.789434 1.92209 1.46989 2.01371 0.957179 -1.34055 -0.714763 -0.384891 -0.0473815 
4.80685 0.962476 -1.15312 0.561454 1.90659 1.92392 1.99443 0.67413 -1.07726 -0.558727 -0.352605 -0.0492612 
4.96139 0.710293 -1.05941 0.802167 2.12854 1.96765 2.02879 0.773527 -1.1235 -0.542462 -0.256759 -0.0237461 
5.47146 0.610372 -1.43473 1.28538 2.5854 1.85418 2.19613 0.859752 -1.25363 -0.594728 -0.187464 0.013001 
3.81542 0.98906 -0.438774 1.02733 2.36912 2.24503 1.48684 0.300084 -0.742906 -0.623793 -0.150397 0.0131739 
4.5083 1.25071 -0.770313 0.889908 2.1911 1.95914 1.53614 0.514315 -0.911871 -0.603779 -0.115332 0.0397182 
3.47663 0.763813 -0.175951 1.24038 2.53106 2.40851 1.5504 0.230282 -0.761469 -0.512507 -0.0544906 0.0316734 
5.40685 0.770034 -1.2519 1.57669 3.03081 1.92366 1.86665 0.827535 -1.21136 -0.478503 -0.0557814 0.0783471 
3.26251 0.754861 -0.185056 1.64183 3.31874 2.63126 1.13245 0.0750731 -0.580582 -0.426236 -0.0236775 0.0447542 
4.35691 1.10152 -0.634085 1.27914 2.52846 1.93946 1.44611 0.439622 -0.7966 -0.486794 0.0804696 0.0781039 
3.18825 0.977538 0.250443 1.55043 2.78453 2.60809 1.44604 0.0318143 -0.78669 -0.441816 0.108719 0.0605987 
4.42404 0.978933 -0.51012 1.46479 2.41642 1.76975 1.57703 0.565035 -0.910013 -0.422328 0.196051 0.109908 
3.26106 0.918622 0.0520956 1.69864 3.07894 2.48691 1.18718 0.11922 -0.582575 -0.412559 0.19057 0.0675933 
3.15332 0.95864 0.291982 1.76975 2.81705 2.25216 1.30754 0.21773 -0.616635 -0.370409 0.24565 0.0610908 
3.9948 1.47972 -0.0406024 1.12027 2.2728 2.07095 1.52239 0.269169 -0.749532 -0.185798 0.245086 0.0736266 
3.23118 1.30553 0.6359 1.76689 2.66855 2.34432 1.27208 -0.0217291 -0.690222 -0.216699 0.330292 0.0526119 
3.53689 1.35787 0.402639 1.55656 2.51641 2.11581 1.24471 0.144951 -0.637614 -0.236269 0.365376 0.0656908 
3.23 1.40226 0.493101 1.60842 2.96786 2.64407 1.14599 -0.180034 -0.536234 -0.115507 0.29728 0.0494349 
3.68899 1.72827 0.412874 1.20714 2.15376 2.0928 1.37919 0.107597 -0.730527 -0.204626 0.390466 0.0791995 
3.0936 1.34658 0.842677 1.99062 2.85958 2.40443 1.23742 -0.0588652 -0.680456 -0.158382 0.384537 0.0566672 
4.08944 1.46387 0.452609 2.01736 2.90744 2.27792 1.35375 0.145611 -0.785574 -0.142304 0.346498 0.107807 
5.27232 0.939688 -0.146464 2.82534 3.82543 2.48613 2.05545 0.740817 -1.32794 -0.0104243 0.331586 0.143503 
4.1196 1.60358 0.413361 2.13351 3.50096 2.81984 1.41377 0.0179861 -0.775627 -0.15745 0.297469 0.11718 
3.79821 1.57212 0.421256 1.57828 3.03428 3.02526 1.58087 -0.130172 -0.711992 -0.0464804 0.23773 0.092772 
4.42294 1.26731 0.156155 2.03456 3.60023 3.42443 1.94403 -0.142465 -0.893475 0.099702 0.188751 0.092153 
5.43171 1.20684 -0.587809 2.0107 3.63592 3.09408 2.22737 0.200695 -1.07656 -0.0308543 0.198298 0.0939441 
4.12012 1.43922 -0.0756203 1.39058 3.17642 3.28275 1.91766 -0.0254749 -0.822935 -0.0789856 0.0798248 0.0798543 
3.63246 1.61722 0.395369 1.18453 2.53758 2.82619 1.83816 0.136836 -0.712905 -0.279066 0.0586148 0.0616715 
4.25276 1.4871 0.304273 1.6081 2.97472 3.20909 2.2035 0.25121 -0.808101 -0.113259 -0.0661105 0.0533535 
3.99021 1.86714 0.598214 1.38277 2.76614 3.14484 2.07554 0.339102 -0.508039 -0.187477 -0.125927 0.0407859 
3.74865 2.13285 0.899653 1.17111 2.21145 2.72137 2.02172 0.489924 -0.500929 -0.291352 -0.0653615 0.0347177 
4.55818 2.13261 0.507595 1.45652 2.7643 3.00372 2.35178 0.824488 -0.375492 -0.124439 -0.131505 0.0281688 
4.38986 2.51908 1.08569 1.35556 2.24697 2.71782 2.3567 0.859012 -0.218072 -0.0419143 -0.127955 0.00799509 
3.26244 2.17545 1.76278 1.95804 2.18198 2.09805 1.58457 0.666378 0.00687212 0.00413859 0.0975283 0.0175362 
3.37073 2.69453 1.9996 1.59023 1.65197 1.76637 1.39631 0.711042 0.231706 0.0778926 0.0460544 -0.00417311 
4.16563 2.89225 1.63362 1.41023 1.98426 2.25773 1.7593 0.920544 0.419976 0.198693 -0.0876127 -0.0165321 
4.37832 2.94359 1.50454 1.07822 1.53999 2.0355 1.96304 1.1657 0.523617 0.262075 -0.0454725 -0.0152117 
3.25775 2.347 1.54742 1.34912 1.55348 1.58396 1.29209 0.924593 0.535607 0.287742 0.141301 2.04278e-005 
3.32459 2.5329 1.73951 1.37113 1.47164 1.5858 1.46301 1.09374 0.620554 0.281508 0.0876395 0.00298711 
4.38844 3.03711 1.5927 1.06035 1.42966 1.83722 1.74991 1.20985 0.756056 0.432099 -0.00819301 -0.0163574 
4.48044 3.10277 1.59463 1.04057 1.33486 1.74694 1.63659 1.20067 0.795838 0.432583 0.0572926 -0.00313272 
3.07753 2.4266 1.89339 1.54908 1.4133 1.36142 1.27447 1.07277 0.689101 0.31563 0.080304 -0.0039057 
3.26205 2.4911 1.87645 1.48758 1.24531 1.26799 1.35772 1.16226 0.737375 0.367691 0.0491632 -0.00884701 
4.08102 2.9022 1.88598 1.56811 1.59312 1.44852 1.39729 1.27642 0.796741 0.336157 -0.00261662 -0.013572 
3.78723 2.75949 2.04226 1.81578 1.50239 1.17791 1.13109 1.03641 0.629331 0.300469 0.109591 0.0158048 
4.60429 2.76828 1.33927 1.41806 1.80047 1.62946 1.59074 1.37111 0.785189 0.476136 0.00211355 -0.0174274 
3.48168 2.50816 1.75103 1.52762 1.61184 1.55549 1.45195 1.11663 0.642379 0.307074 0.10977 0.0165409 
3.62763 2.43826 1.57989 1.67602 1.82791 1.49424 1.12996 0.934325 0.645959 0.281723 0.113778 0.0173276 
3.62805 2.43102 1.6604 1.7051 1.68455 1.31908 1.28547 1.20017 0.725502 0.273211 0.110128 0.0191613 
3.8929 2.62143 1.81212 1.70062 1.52585 1.34061 1.32188 0.842622 0.384247 0.306628 0.259849 0.05276 
3.32538 2.57652 1.9855 1.63961 1.42842 1.19863 0.867835 0.559102 0.436647 0.392957 0.207693 0.03529 
3.70175 2.63514 1.76764 1.65859 1.58612 1.23154 1.28141 1.02182 0.537964 0.258689 0.188752 0.0357343 
3.40224 2.45752 1.93533 1.77624 1.62997 1.28766 1.0904 0.738352 0.480782 0.321982 0.171058 0.0254046 
3.90133 2.67182 1.8841 1.72732 1.57771 1.29428 1.25922 1.03348 0.548303 0.3248 0.169779 0.0327648 
4.06397 2.65354 1.67326 2.0254 1.88024 1.01881 0.944737 1.18077 0.891664 0.394907 0.0474861 0.00617161 
3.6781 2.60947 1.70696 1.58038 1.69171 1.35061 0.847746 0.625467 0.578773 0.437622 0.216567 0.0303002 
3.80387 2.51808 1.77716 1.71358 1.6489 1.32153 1.19136 0.976882 0.698808 0.417129 0.116015 0.0199235 
4.48875 2.4589 1.17459 1.6427 1.80378 0.989586 0.797171 0.997017 0.869361 0.589062 0.163197 0.0136373 
4.06311 2.55865 1.34251 1.24408 1.45958 1.1599 1.01158 0.813748 0.40265 0.418045 0.269366 0.04711 
3.26275 2.43296 1.94923 1.80084 1.46132 0.958375 0.756672 0.59188 0.395995 0.350981 0.358267 0.0392538 
4.33282 2.24231 0.818685 1.49214 1.66737 1.22836 1.27911 1.22356 0.705244 0.370467 0.392895 0.0913821 
4.5769 2.24008 0.918524 1.51719 1.73648 0.911624 1.29006 1.11545 0.756559 0.48608 0.326656 0.0745376 
6.7306 1.6531 -0.282076 2.29854 2.21897 -0.222544 1.78149 1.20354 1.16308 0.46911 0.318497 0.0919003 
3.35433 2.18909 1.37527 1.26334 1.30214 1.13101 1.11611 1.01161 0.845685 0.577588 0.273781 0.0189003 
3.33382 2.05949 1.25975 1.27332 1.16097 0.785387 0.729866 0.782086 0.638316 0.365235 0.1742 -0.00405032 
5.54656 1.58468 0.356765 2.04092 1.9624 0.0980447 0.908736 1.26541 1.12357 0.544699 0.19261 0.0469817 
6.20514 1.49695 -0.0588964 2.64115 2.45604 0.0701614 0.799404 1.73827 0.606496 0.391358 0.187624 0.0929884 
3.6959 2.16655 1.37427 1.85673 1.79909 0.910497 0.739153 1.21375 0.967636 0.32478 0.128123 0.0196102 
3.09602 2.0941 1.76668 1.80408 1.63756 1.15391 0.982189 0.800551 0.374343 0.193215 0.235762 0.0253528 
4.34928 1.72977 0.578287 1.95918 2.20991 1.0785 1.13659 1.22188 0.90563 0.324167 0.21078 0.0499219 
4.71474 1.90512 0.567793 2.02846 2.32703 1.01198 1.30687 1.26669 0.71047 0.633376 0.26625 0.0648321 