6.30579
4.49868
6.30579
11.7271
14.1366
13.5342
11.7271
14.1366
13.5342
11.7271
8.11291
8.11291
9.92002
11.1248
3.89631
-7.54874
-19.5962
-25.0175
-22.608
-15.3796
-2.1274
11.1248
20.7627
24.9793
26.7864
26.7864
18.9556
6.30579
-3.33214
-6.94637
-4.53689
-0.320289
0.884454
-0.320289
-2.72977
-4.53689
-6.344
-6.344
-12.3677
-20.1985
-23.2104
-12.3677
9.31765
30.4006
38.8338
31.6054
9.31765
-7.54874
-8.75348
5.70342
18.3532
15.9437
1.48682
-12.3677
-18.3914
-16.5843
-5.74163
15.3414
36.4243
41.8457
26.184
-1.52503
-22.0056
-25.6199
-9.35585
5.10105
20.1603
30.4006
26.7864
-5.74163
-48.51
-51.5218
-12.9701
24.3769
26.184
8.71528
-12.3677
-35.8602
-46.7029
-29.8365
-0.92266
15.3414
26.184
35.2196
27.3888
2.0892
-22.0056
-33.4507
-31.0412
-10.5606
18.9556
37.6291
35.822
26.184
15.3414
-5.13926
-31.0412
-46.1005
-38.2697
-11.7653
15.3414
30.4006
23.7746
5.70342
-13.5725
-26.2222
-28.6317
-15.3796
8.11291
27.3888
29.7983
20.7627
3.29394
-18.3914
-34.0531
-30.4388
-8.15111
12.9319
21.9674
13.5342
-2.72977
-17.789
-25.6199
-18.3914
2.0892
26.184
39.4362
33.4125
12.9319
-8.75348
-23.2104
-23.8128
-14.7772
-0.92266
9.92002
12.9319
8.11291
-10.5606
-39.4744
-63.5692
-67.7858
-47.9076
-22.608
-5.74163
-6.344
-18.9938
-33.4507
-42.4863
-38.872
-18.9938
9.92002
29.1959
25.5817
8.71528
-8.75348
-21.4033
-22.608
-9.95823
16.5461
40.6409
47.267
32.2077
2.69157
-29.2341
-50.3171
-50.3171
-26.8246
3.89631
27.9912
34.0149
17.7508
-8.75348
-32.8483
-40.0768
-29.2341
-2.72977
24.9793
35.2196
22.5698
-3.93451
-23.8128
-28.0294
-14.1748
7.51054
29.7983
50.8813
56.3026
40.0386
6.90816
-13.5725
-5.13926
21.3651
51.4836
73.169
85.8188
76.7832
39.4362
-7.54874
-32.8483
-15.9819
29.1959
65.9405
68.35
48.4718
24.9793
5.10105
-18.9938
-35.2578
-29.8365
0.884454
46.0623
76.1808
76.1808
52.6884
29.1959
5.70342
-20.1985
-25.6199
5.10105
47.267
52.086
22.5698
-2.72977
-5.13926
3.89631
6.90816
14.739
26.184
29.1959
12.9319
-12.9701
-26.2222
-18.3914
3.29394
19.558
21.3651
7.51054
-21.4033
-61.7621
-93.0854
-102.723
-87.6641
-50.9195
-14.7772
-2.72977
-30.4388
-81.038
-130.432
-159.949
-157.539
-131.035
-88.8688
-50.3171
-29.8365
-38.2697
-67.1835
-91.8807
-97.9044
-91.8807
-84.0499
-68.9906
-47.3052
-28.6317
-25.0175
-36.4626
-52.1242
-65.9787
-67.7858
-55.1361
-38.872
-26.8246
-28.0294
-39.4744
-56.3408
-63.5692
-53.9313
-36.4626
-19.5962
-10.5606
-5.74163
-3.93451
-6.94637
-11.7653
-11.7653
3.29394
23.1722
40.6409
52.6884
62.9287
70.7595
71.9642
73.7714
74.9761
80.9998
94.252
113.528
132.804
141.237
139.43
134.008
129.189
126.78
126.178
131.599
137.02
134.611
124.371
112.925
103.288
93.0472
91.8425
103.89
118.347
119.552
98.4686
69.5548
56.3026
65.3382
87.6259
104.492
109.914
106.299
97.8662
88.8306
77.9879
73.7714
74.9761
77.9879
74.9761
74.3737
75.5785
71.9642
58.1097
42.4481
35.822
35.822
34.6172
34.0149
39.4362
50.2789
53.8931
46.0623
31.6054
17.1485
0.282082
-22.0056
-51.5218
-91.8807
-135.854
-175.61
-199.705
-211.753
-225.005
-260.545
-320.179
-387.043
-435.232
-455.713
-451.496
-438.846
-438.846
-465.953
-508.721
-543.057
-559.923
-555.706
-529.804
-480.41
-426.197
-389.452
-376.802
-374.393
-360.538
-311.746
-227.414
-126.818
-34.6554
34.0149
82.2045
120.154
154.489
191.234
234.002
283.999
340.019
395.437
442.422
468.927
468.927
444.23
411.702
394.233
408.087
440.615
459.891
447.241
401.461
337.007
277.373
252.073
270.144
302.07
317.732
310.503
294.239
279.782
275.566
288.818
313.515
349.055
389.414
414.713
417.123
402.064
387.004
377.366
371.945
367.728
364.717
363.512
359.295
336.405
286.408
217.738
150.875
101.48
73.169
67.1453
66.5429
47.8694
-5.13926
-75.0143
-138.866
-178.622
-179.827
-148.504
-103.928
-71.4001
-64.1716
-85.2546
-138.263
-220.788
-317.167
-402.102
-449.087
-455.11
-437.642
-442.461
-503.902
-629.798
-798.462
-948.452
-1032.18
-1040.01
-1008.69
-987.004
-1002.67
-1057.48
-1128.56
-1184.58
-1196.63
-1152.66
-1069.53
-975.559
-888.818
-809.907
-743.044
-681.602
-611.125
-500.288
-343.672
-152.72
51.4836
240.026
387.607
479.769
537.597
602.653
704.454
839.987
976.726
1075.51
1109.85
1081.54
1013.47
943.595
894.803
867.094
852.637
839.987
803.845
732.163
633.374
529.766
437.001
371.343
350.862
371.343
397.245
396.642
370.138
332.791
297.853
282.192
299.058
349.657
403.268
440.013
448.446
429.17
400.859
378.571
373.752
381.583
394.233
401.461
385.197
333.393
250.266
156.296
77.3856
23.7746
-9.35585
-41.2815
-81.6404
-138.263
-202.115
-263.556
-307.53
-328.01
-323.191
-301.506
-275.001
-255.726
-244.281
-232.233
-205.126
-151.515
-78.0262
-17.1867
-1.52503
-40.0768
-117.783
-213.56
-296.084
-341.865
-345.479
-337.648
-370.778
-481.012
-661.121
-851.471
-986.402
-1042.42
-1046.04
-1047.84
-1076.15
-1138.8
-1211.09
-1262.89
-1274.34
-1244.22
-1177.96
-1084.59
-979.173
-873.758
-774.969
-686.421
-602.089
-502.698
-365.96
-180.429
41.2433
268.94
457.482
591.81
684.576
767.703
869.504
993.592
1123.1
1229.12
1285.14
1273.69
1200.81
1102.02
1017.69
961.666
927.933
891.791
826.133
718.308
585.184
463.505
371.343
308.094
268.94
252.073
252.073
247.857
227.978
194.246
160.513
141.237
147.863
182.198
226.774
259.904
273.759
275.566
266.53
253.88
239.423
220.75
195.45
173.163
163.525
149.67
115.335
56.905
-11.163
-70.1953
-109.349
-134.047
-159.949
-201.512
-249.702
-281.025
-285.844
-272.592
-255.123
-240.666
-226.812
-215.367
-199.705
-167.779
-114.168
-40.6791
41.2433
121.359
180.993
206.895
183.403
108.107
0.282082
-93.6878
-121.999
-85.2546
-44.8957
-73.8096
-211.15
-436.437
-681
-856.29
-915.322
-890.625
-864.12
-907.491
-1028.57
-1182.17
-1297.83
-1336.38
-1302.04
-1224.34
-1129.77
-1030.98
-934.598
-839.423
-741.839
-640.641
-518.359
-355.719
-149.106
73.169
270.747
419.532
524.947
624.941
752.644
903.839
1037.57
1110.45
1128.52
1131.53
1146.59
1163.46
1149.61
1082.74
974.316
859.866
766.498
691.202
606.267
491.214
359.295
234.002
143.646
97.2638
80.3974
62.3263
21.3651
-30.4388
-59.3527
-41.2815
15.9437
77.3856
109.914
107.504
87.6259
85.8188
117.744
176.174
226.774
236.412
212.317
187.017
173.765
149.67
109.914
89.433
100.276
112.925
99.6733
67.7476
24.3769
-33.4507
-86.4593
-98.5068
-79.2309
-55.7384
-45.4981
-49.7147
-72.0024
-104.53
-105.735
-61.1598
16.5461
96.0591
162.32
217.136
261.711
305.082
341.224
352.669
313.515
218.943
102.083
14.1366
-7.54874
17.1485
9.31765
-106.94
-338.853
-609.92
-819.545
-921.948
-938.212
-946.645
-1010.5
-1143.62
-1302.04
-1415.89
-1457.46
-1452.03
-1433.36
-1405.05
-1337.58
-1221.93
-1078.56
-942.429
-832.195
-726.78
-581.608
-367.767
-92.4831
192.438
426.761
583.377
688.19
791.798
917.091
1038.77
1127.32
1186.35
1233.34
1277.31
1296.58
1254.42
1127.92
939.981
752.041
618.917
557.475
530.971
476.758
353.272
170.151
-22.0056
-160.551
-216.571
-205.126
-173.201
-154.527
-149.106
-147.299
-140.673
-129.228
-103.928
-56.3408
23.1722
131.599
245.447
329.779
358.09
340.019
314.72
326.165
386.402
456.277
480.372
440.013
358.693
277.373
220.148
190.029
180.391
176.174
171.355
165.934
154.489
120.756
59.9168
-3.33214
-34.6554
-21.4033
29.1959
87.6259
122.563
118.949
91.2401
79.1927
105.697
168.946
246.049
313.515
365.921
392.426
359.898
247.254
80.3974
-73.2072
-155.732
-158.142
-134.047
-170.189
-318.975
-561.73
-826.171
-1042.42
-1167.11
-1197.23
-1192.41
-1223.74
-1315.9
-1435.17
-1539.98
-1611.66
-1620.7
-1555.64
-1438.78
-1286.38
-1103.26
-924.357
-806.293
-752.079
-673.169
-485.831
-184.043
153.887
437.001
635.181
770.715
882.153
987.568
1099.61
1227.31
1364.65
1474.89
1515.25
1468.26
1348.39
1187.56
1024.92
889.382
791.195
718.308
633.374
496.636
290.023
38.8338
-200.91
-359.333
-393.669
-319.577
-219.583
-182.236
-242.473
-356.322
-432.823
-400.295
-250.304
-55.1361
91.8425
152.682
152.682
138.827
143.646
182.801
255.085
343.634
417.725
460.494
470.734
447.241
398.449
345.441
317.129
315.322
306.287
253.278
156.296
57.5073
-5.13926
-30.4388
-40.6791
-49.1123
-58.1479
-77.4238
-108.145
-123.806
-106.94
-59.955
-0.92266
68.35
137.623
191.234
224.966
250.266
282.192
329.779
399.654
474.95
503.864
433.989
270.144
81.6022
-43.0886
-62.3645
-20.1985
-17.789
-134.649
-366.562
-635.219
-850.266
-977.366
-1038.21
-1082.78
-1148.44
-1235.18
-1311.08
-1358.06
-1388.79
-1420.11
-1439.99
-1410.47
-1312.89
-1159.88
-999.654
-882.794
-819.545
-759.91
-627.991
-394.271
-88.2665
211.112
438.206
575.546
667.709
779.75
936.969
1109.85
1252.01
1339.35
1373.69
1361.04
1309.84
1227.91
1126.72
1020.7
933.957
865.287
785.172
660.481
488.805
304.479
138.225
15.3414
-62.9669
-131.035
-228.619
-361.141
-478.603
-524.985
-474.386
-353.912
-229.824
-165.972
-166.575
-176.213
-129.228
-12.3677
127.382
230.388
268.94
255.085
223.159
206.895
207.498
204.486
193.041
191.836
199.667
190.631
140.032
70.1571
20.1603
11.1248
44.8575
91.2401
105.095
52.086
-48.51
-118.385
-106.94
-34.0531
32.2077
57.5073
61.1216
63.531
87.6259
150.272
238.821
311.106
352.067
403.871
496.033
606.267
691.804
710.478
641.205
486.998
297.251
158.103
135.816
214.124
283.396
215.931
-42.4863
-415.956
-749.068
-909.901
-898.456
-834.002
-850.266
-1005.68
-1251.44
-1483.96
-1614.67
-1619.49
-1542.99
-1447.22
-1372.52
-1317.71
-1268.91
-1228.55
-1196.03
-1137.6
-997.847
-752.079
-442.461
-158.142
26.184
99.6733
132.201
229.183
446.639
739.994
1004.43
1163.46
1217.07
1215.87
1208.04
1211.05
1219.48
1217.07
1206.23
1182.74
1127.92
1017.69
856.251
681.564
541.814
464.108
435.796
403.871
308.094
121.961
-120.794
-352.105
-513.54
-580.404
-553.899
-464.146
-379.814
-364.755
-432.22
-534.623
-582.211
-499.084
-273.194
7.51054
199.667
229.183
138.827
38.8338
16.5461
84.0117
181.596
221.352
164.127
53.8931
-23.8128
-4.53689
99.6733
231.593
333.996
390.619
406.883
384.595
337.007
301.468
313.515
379.776
473.746
553.861
580.365
540.609
474.348
446.037
495.431
613.496
746.017
838.783
870.708
882.153
912.874
921.91
817.097
564.704
271.951
100.878
117.744
227.978
252.676
58.7121
-349.695
-821.352
-1156.27
-1247.23
-1165.91
-1098.44
-1195.42
-1465.29
-1791.17
-2035.13
-2118.26
-2058.02
-1931.52
-1813.46
-1738.16
-1699.61
-1677.92
-1644.79
-1556.85
-1371.32
-1071.94
-696.059
-329.215
-73.2072
34.6172
80.3974
209.305
499.045
879.141
1203.22
1371.88
1399.59
1379.71
1399.59
1474.89
1553.8
1588.13
1561.63
1489.34
1389.35
1265.86
1116.48
947.209
794.207
682.166
607.472
531.573
408.69
218.943
-9.35585
-209.945
-343.672
-451.496
-602.691
-802.076
-971.945
-1018.93
-915.924
-742.441
-634.015
-671.964
-787.619
-815.931
-647.869
-332.829
-31.0412
129.189
138.225
90.6377
96.6615
190.029
311.708
371.343
353.874
321.346
338.815
403.871
478.565
541.814
600.244
659.878
713.489
741.198
724.332
677.95
651.445
687.587
779.75
864.685
868.299
776.136
653.252
611.689
699.635
859.263
979.135
997.809
925.524
769.51
523.14
229.785
22.5698
12.3295
155.694
254.483
112.323
-325.601
-927.972
-1432.76
-1606.24
-1429.75
-1156.87
-1109.29
-1410.47
-1909.84
-2326.68
-2468.23
-2324.27
-2038.74
-1800.81
-1709.25
-1734.55
-1783.34
-1776.11
-1648.41
-1350.23
-895.444
-399.692
-22.0056
152.682
165.934
173.163
351.464
771.919
1302.01
1680.29
1744.15
1565.84
1381.52
1379.71
1569.46
1799.56
1887.51
1759.21
1494.16
1241.77
1083.95
1000.22
936.969
856.854
733.97
554.463
333.996
105.697
-100.916
-267.171
-400.295
-538.84
-744.851
-1027.97
-1291.2
-1393
-1282.77
-1060.49
-899.66
-906.286
-1038.21
-1121.94
-986.402
-624.377
-209.343
67.1453
147.261
121.961
123.166
236.412
449.651
657.469
760.474
757.462
735.777
764.089
842.397
941.788
1047.81
1138.76
1191.17
1192.37
1145.39
1074.31
1013.47
1011.66
1073.71
1147.2
1141.78
1027.32
890.586
844.806
923.717
1059.85
1126.72
975.521
541.211
-34.6554
-447.882
-479.205
-203.922
56.905
-24.4151
-554.502
-1342.4
-2007.42
-2238.73
-2015.85
-1636.96
-1493
-1771.89
-2344.75
-2863.39
-3014.59
-2742.31
-2262.83
-1891.77
-1791.17
-1903.21
-2038.74
-2013.44
-1725.51
-1194.22
-560.525
-12.9701
314.72
432.784
471.939
620.724
1008.05
1589.34
2136.89
2392.3
2282.06
1992.93
1827.27
1957.99
2294.71
2546.5
2458.56
2029.67
1497.78
1140.57
1050.82
1106.84
1103.22
902.032
521.935
92.4449
-252.714
-455.713
-541.249
-566.549
-619.558
-806.895
-1190.61
-1692.38
-2083.32
-2126.09
-1792.37
-1318.91
-1044.83
-1148.44
-1504.44
-1749
-1553.84
-912.31
-170.189
265.325
276.168
77.9879
4.49868
246.652
739.391
1224.3
1448.98
1368.87
1174.91
1102.02
1251.41
1551.39
1848.36
1998.35
1931.48
1705.59
1459.22
1331.52
1368.27
1517.65
1656.2
1639.33
1408.63
1082.14
878.539
927.331
1129.13
1195.99
859.866
121.359
-662.326
-1029.17
-833.399
-413.547
-326.805
-845.447
-1753.22
-2561
-2850.74
-2574.85
-2091.15
-1935.14
-2333.91
-3004.34
-3442.87
-3371.79
-2909.17
-2376.07
-2055.01
-2018.26
-2133.92
-2154.4
-1923.09
-1458.66
-856.29
-225.005
306.889
603.858
691.202
786.376
1099.61
1663.43
2309.77
2761.55
2809.14
2512.17
2198.94
2188.09
2525.42
2921.18
2997.08
2588.67
1897.15
1327.31
1138.76
1252.61
1340.56
1132.74
622.531
25.5817
-441.256
-690.035
-793.643
-926.767
-1237.59
-1721.9
-2197.77
-2450.77
-2403.18
-2152.59
-1888.75
-1782.74
-1868.27
-2002
-1958.03
-1603.83
-1018.33
-406.921
17.7508
165.332
139.43
185.21
491.817
999.013
1473.08
1731.5
1765.23
1699.57
1696.56
1873.05
2201.35
2506.15
2603.13
2463.98
2210.98
1995.33
1909.8
1954.98
2041.12
2015.82
1806.79
1501.39
1256.83
1158.04
1127.32
935.764
372.547
-482.819
-1188.8
-1322.52
-949.657
-623.172
-864.723
-1724.91
-2786.29
-3486.24
-3488.05
-2920.01
-2380.29
-2474.86
-3218.19
-4011.51
-4212.1
-3711.53
-2904.35
-2295.96
-2159.82
-2397.15
-2632.08
-2475.46
-1830.93
-920.141
-84.0499
456.879
667.709
705.659
865.287
1353.81
2125.45
2911.54
3421.75
3491.62
3173.57
2804.92
2797.09
3248.27
3795.22
3920.51
3408.5
2510.36
1733.3
1462.84
1674.87
1927.87
1725.47
960.462
1.48682
-668.952
-869.542
-786.415
-808.702
-1247.23
-2084.52
-2944.11
-3377.81
-3233.25
-2735.69
-2295.35
-2229.09
-2559.19
-2956.76
-2960.97
-2369.45
-1421.92
-593.053
-194.284
-218.981
-370.176
-246.088
364.114
1240.56
1908.59
2100.75
1961.6
1825.47
1929.68
2330.25
2882.03
3288.02
3326.58
3053.7
2750.71
2615.17
2635.66
2706.13
2712.16
2548.91
2186.29
1771.25
1488.14
1291.77
929.741
288.215
-424.992
-895.444
-1042.42
-1062.9
-1238.19
-1742.38
-2518.83
-3274.81
-3662.13
-3576.6
-3297.1
-3257.94
-3617.56
-4134.39
-4421.12
-4278.96
-3818.75
-3329.02
-3054.34
-3012.18
-2997.72
-2784.48
-2295.96
-1603.83
-871.951
-258.135
169.548
479.167
817.7
1290.56
1901.37
2562.77
3121.77
3419.34
3413.92
3280.79
3312.12
3628.36
4040.38
4208.45
3927.14
3310.31
2703.12
2412.78
2446.51
2501.93
2238.69
1574.88
737.584
56.3026
-338.25
-588.234
-943.633
-1503.24
-2141.15
-2641.11
-2895.92
-2968.8
-2990.49
-3050.12
-3142.89
-3209.15
-3161.56
-2941.7
-2574.85
-2139.34
-1706.24
-1311.68
-968.933
-679.192
-374.995
41.2433
581.57
1129.13
1538.14
1785.11
1974.85
2229.05
2600.12
3030.21
3360.31
3466.33
3377.17
3271.76
3278.99
3362.72
3400.67
3307.3
3087.43
2818.78
2519.4
2046.54
1270.08
374.957
-203.922
-271.387
-143.082
-337.046
-1076.76
-2144.16
-3054.94
-3422.99
-3220.6
-2845.32
-2897.12
-3607.92
-4547.02
-5000
-4683.76
-3991.63
-3504.31
-3486.84
-3774.17
-3965.13
-3737.43
-3054.94
-2179.7
-1472.52
-1085.19
-857.494
-541.852
-1.52503
730.958
1520.67
2198.94
2636.86
2855.52
2959.13
3074.18
3350.07
3825.94
4306.03
4470.48
4168.69
3604.87
3166.34
3094.06
3287.42
3372.36
3020.57
2235.68
1363.45
808.062
633.374
503.262
40.0386
-789.426
-1638.77
-2118.86
-2177.29
-2114.04
-2261.02
-2674.85
-3126.02
-3342.27
-3204.93
-2826.65
-2446.55
-2218.85
-2103.2
-1940.56
-1654.43
-1309.87
-970.74
-608.715
-185.248
255.085
629.157
941.788
1262.25
1626.68
2017.02
2382.06
2685.65
2902.51
3015.15
3077.8
3167.55
3310.31
3415.12
3383.8
3176.58
2741.07
2091.11
1445.37
1100.81
1080.94
1053.23
674.938
-91.8807
-1014.71
-1773.7
-2150.18
-2152.59
-2054.41
-2279.09
-2993.5
-3869.95
-4372.93
-4279.56
-3857.3
-3554.91
-3627.2
-3989.82
-4296.43
-4198.24
-3636.83
-2882.67
-2300.78
-2049.59
-1970.68
-1776.71
-1264.09
-449.689
433.989
1103.83
1442.96
1598.97
1798.36
2168.82
2716.98
3330.79
3787.99
3897.02
3668.12
3342.84
3212.12
3363.92
3610.89
3642.22
3290.43
2662.76
2035.69
1614.64
1358.63
1082.14
653.252
102.685
-429.208
-809.907
-1047.84
-1297.83
-1652.62
-2012.84
-2217.65
-2234.51
-2166.45
-2106.21
-2052
-1957.42
-1792.98
-1558.05
-1280.36
-1043.63
-887.613
-712.323
-385.235
67.1453
477.962
766.498
988.171
1215.87
1477.9
1772.46
2066.41
2289.29
2394.1
2460.37
2576.02
2704.33
2653.73
2224.24
1525.49
970.099
899.02
1180.93
1276.1
791.798
-170.189
-1144.22
-1661.66
-1623.11
-1343.61
-1303.25
-1814.66
-2697.74
-3391.67
-3461.54
-3018.8
-2609.79
-2637.5
-3064.58
-3545.88
-3686.83
-3312.16
-2603.17
-1968.87
-1732.74
-1856.83
-1965.25
-1702.02
-1007.48
-158.744
494.829
790.593
820.109
839.385
1068.89
1569.46
2192.91
2685.05
2839.26
2695.29
2463.38
2360.37
2506.75
2829.62
3064.54
2903.11
2362.78
1796.55
1532.71
1549.58
1521.27
1163.46
479.167
-217.776
-568.356
-506.914
-359.936
-526.793
-1057.48
-1602.02
-1791.17
-1594.19
-1256.26
-1041.82
-1061.1
-1202.65
-1200.85
-888.818
-412.342
-106.338
-67.1835
-60.5574
155.694
581.57
1043.59
1398.99
1580.9
1618.25
1661.62
1859.2
2177.25
2429.64
2477.83
2396.51
2257.97
1920.64
1335.14
777.943
600.244
762.281
846.613
517.719
-258.135
-1211.69
-1895.38
-2022.48
-1725.51
-1485.77
-1782.74
-2608.59
-3403.11
-3585.63
-3143.49
-2618.83
-2506.79
-2857.97
-3346.49
-3522.38
-3159.15
-2439.92
-1797.19
-1577.93
-1716.48
-1796.59
-1470.71
-750.875
38.8338
590.003
808.664
822.519
900.827
1226.71
1741.13
2247.13
2554.34
2610.96
2508.56
2382.06
2353.75
2479.04
2683.24
2768.18
2560.36
2112.8
1601.38
1167.68
929.138
896.008
884.563
629.76
69.5548
-560.525
-956.283
-1041.22
-980.378
-987.004
-1135.79
-1380.95
-1616.48
-1667.08
-1433.96
-1049.05
-756.296
-661.121
-644.857
-536.431
-267.171
131.599
585.787
1008.05
1328.51
1544.76
1747.16
2024.85
2349.53
2650.71
2882.03
3009.73
2988.04
2694.69
2132.07
1583.31
1386.34
1551.99
1659.81
1303.81
443.627
-627.389
-1422.52
-1629.13
-1436.37
-1375.53
-1901.4
-2877.24
-3680.21
-3818.75
-3397.69
-3009.16
-3071.21
-3509.13
-3962.11
-4047.05
-3611.53
-2877.24
-2266.44
-2064.65
-2153.8
-2130.91
-1720.09
-983.39
-205.729
372.547
708.068
860.468
1016.48
1349.59
1867.63
2451.93
2903.11
3063.94
2925.4
2653.73
2525.42
2685.65
2977.8
3069.36
2721.79
2085.69
1540.54
1307.43
1317.07
1300.2
1011.06
429.773
-212.355
-609.92
-661.724
-588.837
-708.709
-1111.09
-1563.47
-1782.13
-1752.02
-1629.13
-1533.96
-1503.84
-1511.67
-1455.05
-1229.76
-868.939
-545.466
-329.817
-106.338
236.412
666.504
1064.07
1404.41
1718.85
1992.93
2247.73
2515.18
2788.06
2893.47
2628.43
2131.47
1827.88
1967.02
2295.32
2302.54
1778.48
907.453
76.7832
-379.814
-424.39
-350.9
-582.813
-1321.32
-2282.7
-2924.83
-2995.31
-2769.42
-2729.66
-3059.16
-3574.19
-3968.74
-3992.84
-3633.82
-3141.08
-2816.4
-2777.85
-2836.89
-2686.29
-2207.41
-1527.33
-886.408
-411.74
-99.7115
129.189
437.001
921.307
1520.67
2082.68
2468.2
2636.26
2668.79
2710.35
2894.67
3201.28
3431.39
3388.02
3053.1
2653.12
2407.96
2330.25
2261.58
2020.03
1555
978.533
474.95
175.572
27.9912
-164.165
-545.466
-1032.18
-1409.87
-1592.39
-1680.33
-1759.85
-1853.21
-1946.58
-1983.93
-1903.21
-1703.22
-1480.95
-1296.02
-1070.13
-715.937
-269.58
143.044
459.289
767.703
1140.57
1567.05
1923.05
1962.81
1656.8
1372.48
1521.27
2055.57
2455.55
2309.77
1648.97
854.444
409.894
460.494
730.958
758.065
233.4
-698.468
-1497.81
-1709.25
-1426.73
-1222.53
-1512.27
-2202.59
-2893.51
-3177.23
-2950.13
-2496.55
-2247.16
-2417.64
-2801.35
-2956.16
-2659.19
-2055.61
-1484.56
-1194.82
-1149.64
-1136.39
-935.803
-500.288
18.3532
473.746
780.955
950.824
1078.53
1237.55
1472.48
1788.72
2103.76
2270.62
2206.77
2068.82
2062.2
2193.52
2322.42
2319.41
2155.57
1889.32
1630.3
1499.58
1498.38
1475.49
1295.98
995.399
734.572
586.991
475.553
343.031
196.655
47.267
-95.4949
-214.162
-278.616
-318.372
-374.995
-409.933
-378.609
-290.061
-196.693
-115.976
8.71528
181.596
354.476
453.265
302.07
-103.326
-438.244
-341.262
115.937
412.304
202.679
-392.464
-1002.06
-1268.31
-1120.73
-804.486
-693.047
-1049.05
-1735.75
-2242.35
-2182.11
-1720.09
-1402.04
-1532.15
-1941.76
-2307.4
-2342.94
-1953.21
-1370.11
-972.547
-997.244
-1273.73
-1360.47
-999.654
-342.467
230.388
460.494
405.678
296.046
394.233
779.148
1235.75
1503.2
1494.76
1342.36
1254.42
1293.57
1385.74
1438.14
1411.04
1270.08
982.147
679.757
554.463
573.739
548.44
378.571
133.406
-87.6641
-246.088
-300.301
-243.076
-199.103
-294.88
-482.819
-547.273
-390.657
-163.563
-5.13926
106.902
244.845
435.796
662.288
904.441
1118.89
1259.84
1396.58
1621.26
1926.66
2178.46
2263.99
2273.03
2348.32
2483.86
2486.87
2141.11
1569.46
1146.59
1105.03
1263.45
1195.99
696.021
-101.519
-855.085
-1258.07
-1299.63
-1267.71
-1506.85
-2131.51
-2876.64
-3314.57
-3308.54
-3117.59
-3110.96
-3377.81
-3727.19
-3917.54
-3767.55
-3332.64
-2870.02
-2617.62
-2589.31
-2547.75
-2236.92
-1623.71
-900.263
-309.939
54.4955
287.613
553.861
990.58
1548.38
2039.31
2347.72
2499.52
2597.1
2711.55
2833.23
2916.36
2928.41
2862.15
2694.69
2420.01
2150.14
1983.29
1844.74
1606.81
1241.77
827.338
446.639
153.284
-35.8602
-193.681
-437.642
-778.584
-1077.96
-1192.41
-1153.26
-1130.97
-1191.81
-1243.01
-1173.74
-980.378
-737.02
-508.721
-332.227
-174.406
68.9524
476.758
976.726
1403.2
1681.5
1853.78
1854.38
1623.67
1394.17
1494.76
1901.37
2199.54
2067.02
1556.21
927.331
485.793
381.583
480.974
456.277
12.9319
-802.076
-1558.05
-1832.13
-1676.12
-1547.81
-1811.05
-2407.4
-3001.94
-3273.6
-3117.59
-2756.17
-2536.3
-2667.62
-3027.23
-3216.98
-2942.9
-2311.02
-1721.29
-1465.89
-1472.52
-1455.05
-1161.69
-573.175
76.1808
525.55
700.237
752.644
922.512
1294.78
1728.48
2029.67
2147.13
2148.94
2093.52
2059.19
2130.27
2246.52
2236.89
2035.09
1764.02
1573.68
1465.25
1367.06
1252.61
1087.56
827.94
526.754
330.381
293.034
262.916
93.0472
-155.732
-310.541
-288.254
-170.791
-67.7858
-17.1867
-15.9819
-17.1867
68.35
311.708
638.193
896.008
1039.37
1153.82
1209.24
1032.75
689.395
527.357
740.596
1068.29
1096
735.777
187.017
-275.604
-440.051
-326.805
-193.079
-368.369
-955.681
-1652.02
-1985.74
-1812.25
-1499.02
-1529.74
-1975.49
-2514.62
-2787.49
-2626.06
-2183.31
-1827.91
-1838.76
-2155
-2374.26
-2144.16
-1529.74
-943.633
-729.792
-820.147
-880.987
-658.712
-154.527
385.197
688.792
706.261
632.772
728.549
1052.02
1400.79
1551.39
1483.32
1361.64
1293.57
1285.14
1339.96
1402
1345.98
1118.89
840.59
669.516
612.893
567.716
477.36
344.838
180.993
15.3414
-79.8333
-53.3289
-4.53689
-60.5574
-176.815
-193.681
-28.0294
220.148
419.532
536.995
599.641
667.107
814.688
1079.73
1398.39
1617.65
1717.64
1820.05
1880.88
1709.21
1359.23
1172.5
1338.75
1591.75
1551.39
1116.48
462.903
-86.4593
-310.541
-256.93
-196.091
-452.701
-1096.64
-1807.43
-2158.01
-2054.41
-1861.65
-1974.29
-2411.01
-2885.68
-3086.27
-2914.59
-2571.24
-2349.57
-2408.6
-2640.51
-2716.41
-2396.55
-1764.67
-1191.21
-956.886
-974.354
-951.464
-665.338
-119.59
458.084
832.157
920.103
871.311
952.631
1267.67
1653.19
1861.01
1826.07
1684.51
1567.05
1533.32
1603.79
1688.13
1632.71
1389.35
1094.19
912.874
830.349
740.596
600.846
412.906
198.462
1.48682
-96.6997
-82.8451
-87.6641
-214.162
-387.645
-434.027
-299.096
-111.759
15.9437
82.8069
140.635
238.821
443.627
783.967
1147.2
1387.54
1444.77
1285.74
987.568
815.892
1011.06
1447.78
1700.17
1507.41
980.942
437.603
166.536
212.317
353.874
296.046
-134.047
-779.186
-1245.42
-1296.62
-1111.09
-1082.78
-1382.76
-1862.25
-2269.45
-2387.52
-2193.55
-1905.62
-1795.99
-1971.88
-2253.19
-2327.88
-2045.97
-1562.87
-1199.64
-1121.33
-1203.86
-1190
-916.527
-473.784
-108.145
57.5073
93.6496
168.344
392.426
690.599
897.213
929.138
900.827
942.993
1035.16
1106.24
1120.09
1060.46
949.016
844.806
804.447
808.062
770.112
660.481
527.959
424.954
367.126
343.031
359.898
370.138
279.782
124.371
61.7239
206.293
469.529
645.421
643.614
547.235
506.876
633.374
915.886
1244.78
1458.02
1486.33
1442.96
1349.59
1129.13
886.37
844.806
1046
1197.19
1046
631.567
128.587
-235.847
-334.034
-255.123
-248.497
-553.297
-1134.58
-1636.36
-1741.77
-1536.97
-1417.7
-1647.2
-2080.91
-2421.85
-2446.55
-2168.25
-1859.24
-1765.87
-1902.61
-2047.78
-1941.16
-1538.17
-1045.43
-732.803
-674.373
-676.181
-508.119
-121.999
322.551
589.401
643.614
651.445
763.486
1009.86
1256.23
1327.31
1197.19
1032.75
1021.9
1121.9
1176.71
1129.73
981.545
770.112
577.956
494.226
507.479
461.096
252.073
-17.1867
-198.5
-258.737
-267.171
-264.761
-262.954
-344.274
-496.072
-559.923
-405.114
-97.9044
138.225
202.076
187.017
231.593
409.894
700.84
1031.54
1292.37
1418.87
1474.89
1461.63
1314.66
1149.61
1170.69
1393.57
1548.38
1420.67
1047.81
594.822
271.951
191.836
248.459
199.667
-137.059
-696.661
-1142.42
-1222.53
-1071.94
-1052.06
-1339.39
-1759.85
-2058.62
-2088.74
-1891.16
-1692.38
-1685.15
-1860.44
-2023.08
-1950.8
-1614.07
-1222.53
-1003.27
-993.63
-1014.11
-870.144
-518.359
-103.326
145.454
176.777
150.272
240.628
499.045
793.002
929.138
855.047
715.899
688.792
773.124
879.744
931.548
860.468
673.733
499.045
453.867
511.093
531.573
439.411
296.649
185.812
141.237
149.068
197.257
251.471
235.809
153.887
136.418
283.999
519.526
672.528
693.009
690.599
774.931
962.269
1210.45
1439.35
1577.29
1565.84
1344.17
979.135
718.911
776.136
1038.77
1134.55
864.082
325.562
-209.343
-468.965
-411.137
-268.978
-357.526
-808.702
-1426.73
-1823.1
-1777.92
-1484.56
-1377.94
-1655.03
-2119.46
-2433.9
-2358
-1952.6
-1555.04
-1464.68
-1671.3
-1849
-1677.32
-1156.87
-586.427
-293.073
-309.939
-384.031
-250.304
168.946
671.926
957.45
947.209
843.602
886.972
1117.08
1367.66
1432.12
1266.47
1036.36
935.162
958.654
971.304
885.768
689.997
442.422
244.242
168.344
160.513
61.7239
-182.839
-445.472
-581.006
-580.404
-526.793
-490.65
-505.71
-592.451
-668.952
-614.739
-395.476
-117.783
55.0978
94.8543
130.997
302.07
614.098
962.269
1250.8
1430.91
1528.5
1653.19
1782.7
1735.11
1518.86
1388.14
1511.63
1713.43
1714.63
1442.36
976.726
529.164
302.07
295.444
303.877
80.3974
-424.39
-968.933
-1237.59
-1196.63
-1138.8
-1349.03
-1779.72
-2171.87
-2311.62
-2179.7
-1986.34
-1952.6
-2117.65
-2309.81
-2295.96
-2004.41
-1607.45
-1355.66
-1324.33
-1341.2
-1187.59
-814.726
-375.597
-93.0854
-3.33214
62.3263
261.711
599.641
930.343
1086.36
1046.6
975.521
1059.85
1274.3
1438.74
1440.55
1305.62
1134.55
1035.16
1056.24
1139.97
1122.5
902.032
600.846
421.339
396.04
379.776
274.361
107.504
-93.6878
-279.218
-348.491
-260.545
-111.157
-70.1953
-168.382
-268.375
-236.45
-58.1479
159.308
341.826
471.939
543.018
621.929
733.97
737.584
570.125
428.568
536.392
812.278
955.643
827.338
486.396
127.985
-13.5725
112.323
296.046
267.132
-82.8451
-548.478
-796.052
-696.059
-470.17
-465.351
-753.886
-1127.36
-1329.75
-1236.99
-981.583
-824.364
-903.274
-1127.96
-1254.46
-1126.15
-811.714
-531.009
-465.351
-573.175
-646.062
-529.804
-253.316
-15.3796
31.003
-52.7266
-104.53
-14.7772
188.824
336.405
278.578
62.9287
-68.3882
29.1959
232.195
347.85
299.058
127.985
-35.8602
-69.593
52.6884
197.257
186.415
12.9319
-149.106
-140.673
12.9319
161.718
211.714
158.706
53.8931
13.5342
127.382
361.102
571.33
639.398
599.039
583.377
690.599
888.779
1082.74
1218.28
1283.93
1308.03
1382.72
1518.26
1516.45
1209.84
780.955
600.846
767.703
1002.03
968.292
555.668
-62.3645
-527.395
-602.089
-384.031
-234.643
-463.544
-1058.08
-1634.55
-1777.31
-1483.36
-1179.76
-1266.5
-1680.94
-2035.13
-2033.92
-1706.24
-1308.67
-1087.6
-1127.36
-1290
-1303.25
-1005.08
-480.41
-21.4033
143.044
60.5192
3.29394
215.329
632.169
982.147
1092.38
1012.27
923.115
956.847
1078.53
1140.57
1068.29
908.055
777.943
715.899
693.009
654.457
503.262
231.593
-50.9195
-170.791
-125.613
-135.854
-368.971
-715.937
-918.936
-896.648
-770.753
-690.035
-715.335
-821.954
-903.274
-835.809
-612.932
-337.648
-147.299
-94.2902
-78.6285
55.7002
354.476
713.489
1002.03
1176.11
1268.27
1383.93
1618.25
1842.94
1811.01
1511.03
1249
1282.73
1513.44
1627.29
1415.85
909.862
376.162
120.154
178.584
277.975
85.8188
-468.363
-1106.88
-1450.23
-1385.17
-1202.05
-1296.62
-1730.33
-2202.59
-2375.47
-2178.49
-1843.58
-1664.07
-1760.45
-1998.39
-2077.9
-1801.41
-1258.07
-779.788
-614.136
-670.157
-644.255
-347.286
130.997
544.826
723.73
714.092
707.466
875.527
1212.86
1512.84
1576.08
1409.83
1237.55
1238.76
1376.1
1481.51
1416.46
1158.64
833.361
626.748
614.098
663.493
559.885
249.664
-111.157
-328.01
-342.467
-262.954
-253.919
-426.197
-727.985
-946.645
-925.562
-729.792
-577.994
-579.801
-649.676
-640.038
-468.363
-177.417
105.697
269.542
334.598
424.351
640.603
974.316
1295.98
1402.6
1188.16
868.901
829.145
1161.65
1525.49
1541.75
1188.76
714.694
400.256
368.933
498.443
512.297
203.883
-353.912
-835.809
-964.716
-815.931
-755.091
-1027.97
-1511.67
-1904.42
-2020.67
-1864.06
-1624.92
-1549.02
-1729.73
-1983.33
-2015.25
-1722.5
-1302.65
-1040.62
-1023.75
-1087
-996.04
-660.519
-207.536
117.744
194.848
173.163
290.625
619.52
1000.22
1208.04
1158.64
1005.04
993.592
1195.39
1433.32
1499.58
1345.38
1083.95
899.02
908.658
1037.57
1063.47
834.566
458.084
199.065
186.415
287.613
272.554
65.3382
-243.076
-495.469
-545.466
-386.44
-202.717
-210.548
-403.307
-552.695
-479.808
-219.583
52.6884
186.415
197.257
224.966
385.8
664.095
955.04
1157.44
1164.67
945.402
693.009
702.044
1009.86
1289.36
1226.71
844.204
399.052
141.839
152.08
276.77
245.447
-104.53
-664.133
-1109.89
-1196.03
-1026.76
-966.523
-1245.42
-1711.66
-2058.02
-2120.06
-1940.56
-1712.26
-1642.99
-1793.58
-1998.39
-1991.76
-1675.51
-1227.95
-938.212
-908.093
-964.716
-844.242
-458.122
40.0386
387.004
468.927
415.316
470.734
760.474
1168.88
1436.33
1404.41
1186.95
1062.26
1158.64
1345.98
1426.7
1316.46
1071.9
821.314
697.225
721.923
755.053
638.193
371.945
123.768
24.9793
36.4243
31.003
-64.774
-233.438
-412.342
-507.517
-456.315
-322.589
-257.533
-317.77
-394.271
-354.514
-192.477
18.9556
196.655
309.901
393.028
526.152
755.053
1033.95
1277.31
1455.01
1530.91
1427.9
1216.47
1132.74
1287.55
1488.74
1467.66
1185.15
784.569
421.339
221.955
172.56
123.768
-103.928
-557.514
-1072.54
-1383.36
-1407.46
-1350.84
-1492.39
-1865.26
-2257.4
-2451.37
-2366.43
-2144.76
-2030.31
-2121.87
-2295.35
-2330.89
-2106.21
-1687.56
-1294.82
-1111.69
-1099.65
-1020.13
-718.347
-266.568
118.347
306.889
386.402
527.357
807.459
1153.22
1396.58
1428.5
1328.51
1291.16
1408.63
1565.24
1617.65
1529.1
1341.76
1150.21
1046.6
1035.16
990.58
793.605
509.888
292.432
205.088
179.789
130.997
21.3651
-154.527
-361.141
-499.084
-489.446
-388.247
-329.817
-393.066
-485.831
-459.929
-291.868
-81.038
70.7595
152.682
227.376
362.909
615.905
934.56
1185.75
1308.63
1374.89
1470.07
1509.82
1390.55
1225.5
1196.59
1297.79
1336.34
1174.3
827.94
415.316
108.709
-9.95823
-57.5455
-228.619
-594.861
-1058.08
-1399.63
-1487.57
-1433.96
-1507.45
-1830.93
-2224.88
-2441.13
-2395.35
-2215.24
-2107.41
-2155.6
-2267.04
-2276.68
-2067.06
-1684.55
-1325.54
-1153.26
-1109.29
-970.74
-630.4
-198.5
142.442
303.275
360.5
471.939
722.525
1049.61
1282.13
1298.99
1176.11
1134.55
1278.51
1446.57
1424.89
1224.3
1017.08
910.465
892.394
885.165
806.857
604.46
351.464
208.1
214.726
240.026
161.115
2.0892
-134.649
-207.536
-221.39
-190.67
-171.394
-201.512
-250.907
-237.052
-131.637
11.1248
144.249
260.506
368.933
487.6
628.555
798.424
972.509
1120.09
1241.77
1363.45
1488.14
1598.97
1652.59
1547.77
1278.51
1031.54
1014.67
1159.85
1168.28
886.37
429.773
-5.74163
-275.001
-362.345
-390.054
-556.309
-966.523
-1479.74
-1809.84
-1826.71
-1721.9
-1795.39
-2106.21
-2432.09
-2554.37
-2411.61
-2124.28
-1917.06
-1916.46
-2024.29
-1996.58
-1700.81
-1252.65
-879.782
-716.539
-691.24
-594.861
-297.289
127.985
461.698
559.885
523.743
567.716
781.557
1063.47
1235.75
1203.82
1036.36
929.741
996.604
1118.89
1114.67
964.678
774.931
614.701
508.081
458.084
421.339
303.877
106.902
-49.1123
-83.4475
-38.2697
-20.1985
-65.3764
-134.047
-178.622
-167.177
-91.2783
17.7508
108.107
152.08
179.186
245.447
389.414
590.606
776.738
888.779
949.619
1025.52
1157.44
1328.51
1475.49
1544.16
1536.33
1535.12
1614.03
1698.37
1596.57
1249
864.082
708.068
774.329
793.002
565.908
117.142
-381.019
-741.839
-872.554
-865.927
-968.933
-1347.22
-1868.27
-2214.64
-2230.3
-2099.58
-2111.03
-2338.12
-2614.61
-2739.9
-2623.04
-2335.11
-2066.45
-1970.68
-2015.25
-2002.6
-1759.24
-1309.27
-858.097
-605.101
-549.08
-474.386
-203.922
226.774
617.11
813.483
848.421
883.358
1061.66
1359.83
1597.17
1610.42
1452.6
1336.94
1389.35
1504.4
1494.16
1317.67
1077.32
900.827
836.373
831.554
768.908
565.306
284.601
91.2401
59.9168
93.6496
55.0978
-70.7977
-206.934
-284.037
-281.025
-214.162
-147.901
-149.106
-199.103
-212.957
-133.444
-0.320289
117.142
194.246
261.109
355.681
490.01
652.048
814.085
938.776
1023.71
1112.26
1233.94
1361.04
1456.21
1517.05
1563.43
1566.45
1430.91
1150.81
889.382
813.483
866.492
812.278
526.152
82.2045
-345.479
-611.727
-720.756
-805.69
-1017.12
-1392.4
-1811.65
-2072.48
-2078.5
-1980.31
-2041.76
-2329.69
-2639.91
-2739.3
-2577.26
-2302.58
-2125.49
-2132.11
-2221.86
-2195.96
-1920.08
-1469.5
-1088.2
-944.838
-940.019
-808.1
-429.208
63.531
437.603
579.763
596.027
699.635
981.545
1330.32
1540.54
1531.51
1421.88
1417.06
1588.73
1795.95
1850.77
1712.82
1503.2
1375.5
1391.76
1474.28
1461.63
1267.07
983.954
776.738
702.647
682.166
624.941
484.588
270.144
55.0978
-67.7858
-78.0262
-67.1835
-125.011
-250.304
-375.597
-428.606
-400.897
-356.322
-357.526
-399.09
-415.354
-350.298
-214.764
-75.0143
8.11291
47.267
121.359
287.613
518.321
709.875
794.809
814.085
873.118
1033.95
1227.91
1255.62
1011.66
673.131
536.995
666.504
815.29
729.151
355.079
-142.48
-484.024
-531.612
-448.484
-528.6
-902.672
-1420.11
-1795.39
-1851.41
-1699.01
-1649.01
-1880.32
-2261.02
-2515.82
-2476.07
-2223.67
-2000.79
-1974.89
-2095.97
-2152.59
-1977.9
-1594.8
-1203.26
-998.449
-968.933
-903.877
-632.208
-200.91
199.065
414.111
488.203
588.196
832.759
1191.17
1503.8
1629.7
1598.37
1594.16
1740.53
1957.99
2087.5
2079.67
1985.09
1881.49
1834.5
1846.55
1845.95
1741.13
1523.08
1284.54
1124.91
1047.2
968.292
817.097
572.535
280.385
47.267
-43.0886
-56.9432
-156.334
-381.019
-618.353
-755.694
-763.524
-729.792
-774.367
-926.767
-1074.95
-1068.32
-915.924
-730.996
-621.365
-602.089
-599.077
-497.879
-258.135
2.69157
179.789
271.349
364.717
505.069
650.24
790.593
930.945
1070.7
1077.92
850.228
589.401
566.511
763.486
856.854
664.095
302.07
-44.8957
-248.497
-282.23
-278.013
-426.799
-798.462
-1247.83
-1531.55
-1561.67
-1478.54
-1524.32
-1783.34
-2106.21
-2277.89
-2202.59
-1977.9
-1826.11
-1861.04
-1975.49
-1975.49
-1761.65
-1402.04
-1071.34
-909.298
-879.782
-791.836
-497.276
-64.1716
317.129
515.309
590.003
708.068
975.521
1359.83
1689.93
1804.38
1739.93
1723.67
1907.39
2187.49
2350.13
2316.4
2162.19
2005.58
1934.5
1964.01
1990.52
1867.03
1578.49
1279.72
1097.2
999.013
882.756
693.611
425.556
106.902
-169.587
-322.589
-401.499
-526.793
-735.213
-962.909
-1139.4
-1244.22
-1290.6
-1318.31
-1382.16
-1480.95
-1536.37
-1486.37
-1363.49
-1263.49
-1218.92
-1168.92
-1046.64
-834.604
-587.03
-375.597
-226.812
-90.0736
108.709
365.921
624.338
829.747
978.533
1097.2
1220.69
1385.74
1535.12
1509.22
1271.28
1042.99
1052.62
1229.72
1298.99
1110.45
731.561
324.358
70.7595
27.9912
38.2315
-138.263
-568.356
-1061.1
-1343.61
-1335.78
-1241.81
-1333.37
-1667.08
-2036.94
-2203.19
-2098.38
-1878.51
-1783.34
-1871.89
-1978.51
-1911.64
-1627.32
-1249.04
-961.102
-857.494
-843.037
-696.661
-322.589
138.827
471.939
602.051
657.469
803.845
1102.02
1469.47
1739.33
1789.32
1704.99
1706.8
1882.69
2088.7
2150.14
2054.37
1896.55
1775.47
1741.13
1744.15
1671.86
1452.6
1132.14
842.999
652.65
494.829
318.334
96.0591
-179.827
-496.072
-722.563
-804.486
-907.491
-1144.83
-1388.18
-1514.08
-1589.98
-1674.31
-1714.67
-1689.37
-1700.21
-1750.81
-1739.97
-1617.69
-1446.01
-1301.44
-1182.17
-1051.46
-877.373
-637.629
-356.322
-96.6997
109.914
300.865
536.995
812.881
1085.75
1311.64
1464.04
1559.22
1664.63
1818.84
1982.08
2077.26
2088.1
2044.73
1907.99
1667.04
1448.98
1383.33
1400.19
1289.96
987.568
599.039
243.64
-3.93451
-135.251
-243.076
-459.929
-822.557
-1215.91
-1461.67
-1503.84
-1478.54
-1580.94
-1845.38
-2108.62
-2206.81
-2115.25
-1944.77
-1868.27
-1935.14
-2023.08
-1973.69
-1738.16
-1411.68
-1153.86
-1043.02
-1009.29
-864.723
-537.635
-161.153
85.2164
169.548
227.376
397.847
695.418
1013.47
1209.24
1223.1
1166.47
1219.48
1422.48
1627.29
1683.31
1607.41
1511.03
1470.67
1496.57
1514.04
1436.33
1247.79
1038.17
896.61
809.266
715.297
562.897
351.464
115.335
-94.2902
-237.052
-332.829
-467.158
-679.795
-900.263
-1038.81
-1097.84
-1142.42
-1205.66
-1282.17
-1347.22
-1351.44
-1279.76
-1180.37
-1112.3
-1080.97
-1032.18
-910.503
-706.299
-462.941
-251.509
-93.6878
62.9287
273.156
532.778
783.967
989.375
1157.44
1306.22
1460.43
1636.92
1819.44
1944.13
1991.12
2014.01
2065.81
2133.88
2168.22
2106.77
1888.11
1568.25
1322.49
1256.83
1252.01
1087.56
696.623
208.702
-188.862
-416.559
-544.261
-698.468
-1011.1
-1476.13
-1914.05
-2126.09
-2130.91
-2169.46
-2414.02
-2768.22
-3003.14
-2998.92
-2836.28
-2712.19
-2710.99
-2760.38
-2734.48
-2573.65
-2280.29
-1916.46
-1607.45
-1431.55
-1296.02
-1018.33
-565.947
-92.4831
244.242
447.241
650.843
962.871
1367.66
1752.58
1992.93
2070.03
2112.19
2254.35
2482.65
2650.71
2666.38
2561.56
2429.04
2344.71
2324.23
2300.13
2165.81
1892.33
1566.45
1274.9
1041.78
853.842
658.071
385.197
23.7746
-326.805
-568.959
-731.599
-889.42
-1099.05
-1355.66
-1577.93
-1692.38
-1691.18
-1662.26
-1683.35
-1753.82
-1809.24
-1765.27
-1588.77
-1369.51
-1218.92
-1145.43
-1050.25
-837.616
-517.757
-190.67
55.7002
221.352
389.414
628.555
925.524
1212.25
1411.04
1509.82
1583.31
1704.99
1876.67
2014.01
2035.69
1948.95
1825.47
1754.39
1776.67
1835.71
1812.82
1639.94
1329.71
963.473
649.638
474.95
408.69
276.168
-40.6791
-480.41
-889.42
-1160.49
-1305.66
-1424.33
-1626.12
-1944.17
-2289.33
-2518.83
-2562.2
-2509.8
-2532.69
-2699.54
-2888.69
-2934.47
-2785.08
-2534.5
-2331.5
-2229.7
-2158.01
-2000.79
-1695.99
-1286.98
-877.975
-568.356
-349.093
-86.4593
312.913
779.148
1167.68
1412.24
1587.53
1803.18
2100.75
2417.6
2633.25
2675.41
2613.37
2596.5
2694.09
2798.9
2766.37
2583.85
2342.3
2137.49
2000.76
1889.32
1718.24
1438.14
1094.79
785.774
563.499
385.8
167.741
-155.13
-549.683
-908.093
-1132.18
-1264.7
-1430.35
-1667.68
-1921.28
-2103.2
-2178.49
-2146.57
-2086.93
-2111.63
-2217.65
-2244.15
-2085.13
-1791.17
-1536.97
-1411.07
-1346.02
-1197.23
-886.408
-499.686
-163.563
53.2907
199.667
387.004
679.757
1032.14
1335.14
1520.06
1602.59
1662.22
1783.3
1967.63
2103.16
2091.71
1969.43
1859.2
1832.09
1840.53
1783.9
1601.38
1337.55
1097.2
961.064
895.405
783.967
535.79
156.899
-228.017
-474.989
-541.852
-553.297
-694.252
-1005.08
-1352.64
-1568.29
-1605.64
-1570.1
-1591.18
-1728.52
-1927.31
-2062.84
-2029.11
-1849
-1674.91
-1636.36
-1705.03
-1727.32
-1591.18
-1314.09
-1029.77
-857.494
-791.836
-720.756
-543.659
-255.726
55.7002
283.999
388.209
438.808
555.668
774.931
1009.86
1147.2
1152.62
1106.24
1127.32
1261.04
1417.06
1445.97
1302.01
1109.85
1026.12
1073.1
1127.32
1060.46
862.275
629.157
490.01
491.214
538.199
493.022
313.515
103.288
-11.7653
-8.15111
36.4243
26.184
-75.6167
-218.379
-323.191
-344.877
-324.998
-349.695
-467.76
-634.015
-741.839
-737.622
-676.783
-655.098
-711.72
-824.966
-909.298
-876.168
-744.851
-638.231
-641.243
-694.854
-697.866
-615.944
-458.122
-296.084
-220.788
-229.824
-223.198
-102.723
104.492
293.034
385.8
385.197
404.473
549.644
771.919
929.138
951.426
936.367
996.604
1111.66
1195.99
1224.9
1213.46
1170.09
1117.08
1092.98
1121.29
1144.79
1091.18
984.556
894.803
874.925
856.854
738.789
500.852
246.049
144.249
200.269
214.124
-2.72977
-382.826
-705.094
-831.592
-818.943
-824.966
-991.823
-1336.98
-1655.64
-1755.63
-1658.05
-1583.95
-1685.75
-1895.38
-2051.39
-2047.18
-1907.43
-1737.56
-1642.38
-1643.59
-1657.44
-1555.64
-1305.06
-999.051
-759.308
-623.774
-515.348
-340.66
-65.3764
243.64
481.577
621.929
729.753
883.358
1097.2
1317.07
1468.86
1525.49
1530.91
1568.25
1663.43
1750.17
1751.37
1674.87
1595.96
1551.39
1526.69
1486.33
1406.22
1266.47
1096
952.631
850.228
749.029
609.882
439.411
262.313
103.288
-18.9938
-120.794
-235.847
-393.669
-576.789
-750.272
-903.877
-1039.41
-1144.83
-1224.34
-1312.28
-1432.76
-1550.82
-1632.75
-1679.73
-1679.13
-1630.94
-1586.97
-1577.93
-1546.61
-1438.18
-1268.31
-1097.24
-958.09
-840.026
-709.913
-517.155
-268.978
-29.8365
153.887
303.275
476.758
701.442
946.607
1164.67
1319.47
1419.47
1520.67
1663.43
1827.27
1944.13
1977.87
1956.78
1926.06
1916.42
1925.46
1903.77
1811.61
1664.03
1533.92
1471.87
1433.32
1307.43
1034.55
692.406
417.123
276.168
204.486
61.1216
-248.497
-662.326
-1002.06
-1177.96
-1258.67
-1368.91
-1585.16
-1894.17
-2175.48
-2288.73
-2233.91
-2170.06
-2220.66
-2349.57
-2428.48
-2363.42
-2170.66
-1952
-1803.82
-1721.9
-1619.49
-1401.44
-1059.29
-682.807
-384.633
-196.693
-41.8839
195.45
546.03
912.874
1168.28
1290.56
1379.11
1528.5
1750.77
1964.61
2057.98
2003.77
1900.16
1870.64
1918.23
1935.7
1838.12
1635.72
1406.82
1233.94
1123.7
1018.89
847.216
587.594
294.842
56.3026
-91.8807
-204.524
-356.322
-567.754
-792.438
-973.15
-1078.56
-1131.57
-1183.38
-1273.73
-1394.81
-1484.56
-1491.19
-1433.36
-1385.17
-1395.41
-1420.71
-1380.95
-1252.05
-1089.41
-956.886
-878.577
-824.966
-748.465
-605.703
-389.452
-165.37
-6.344
78.5903
160.513
314.72
533.983
736.38
847.818
878.539
910.465
1008.05
1147.8
1255.62
1280.92
1244.78
1203.22
1203.82
1250.8
1294.18
1270.68
1168.28
1050.82
991.785
986.363
966.485
880.949
745.415
614.701
535.79
506.876
484.588
417.725
309.901
221.955
184.608
144.249
29.7983
-144.287
-296.687
-369.574
-390.657
-423.787
-521.974
-689.433
-860.506
-963.512
-991.823
-1008.09
-1080.97
-1226.15
-1376.74
-1450.23
-1422.52
-1370.11
-1382.76
-1457.46
-1520.1
-1503.24
-1412.88
-1297.23
-1200.24
-1140.01
-1091.21
-992.425
-809.907
-588.837
-401.499
-269.58
-157.539
-12.9701
187.017
411.099
598.437
720.718
809.869
914.681
1055.64
1214.66
1337.55
1377.3
1349.59
1330.32
1373.69
1445.37
1464.04
1402.6
1291.16
1178.52
1100.81
1064.67
1031.54
930.945
756.258
574.342
455.675
380.981
293.637
155.091
-33.4507
-223.198
-370.176
-463.544
-561.128
-691.24
-828.58
-946.043
-1023.75
-1070.73
-1094.83
-1130.97
-1197.83
-1268.91
-1292.41
-1241.81
-1158.08
-1082.18
-1020.13
-963.512
-903.274
-812.919
-664.736
-491.855
-355.117
-265.966
-175.008
-44.8957
125.575
310.503
470.132
573.137
630.965
701.442
821.314
955.04
1046.6
1079.13
1091.18
1115.27
1162.86
1215.87
1232.73
1193.58
1114.07
1036.36
979.737
938.776
886.972
801.436
693.611
595.425
523.743
452.06
362.909
265.928
175.572
97.8662
33.4125
-11.7653
-59.955
-159.949
-308.734
-431.618
-464.748
-439.449
-441.256
-515.348
-650.881
-793.643
-871.349
-861.109
-821.352
-838.218
-937.007
-1049.65
-1085.19
-1012.3
-893.034
-832.195
-867.735
-930.381
-918.334
-803.883
-660.519
-568.356
-544.261
-550.887
-520.769
-395.476
-200.91
-44.8957
5.70342
5.10105
56.905
193.041
368.933
508.081
551.452
521.935
512.297
587.594
705.659
758.065
705.056
602.653
538.199
544.223
580.968
585.787
515.912
387.004
272.554
221.955
220.148
202.076
122.563
-5.13926
-115.976
-150.913
-123.204
-108.747
-160.551
-259.34
-341.865
-361.743
-312.348
-237.052
-214.162
-273.797
-355.117
-363.55
-290.061
-208.138
-179.827
-209.945
-244.281
-225.005
-146.696
-67.1835
-46.7029
-67.1835
-78.6285
-39.4744
44.8575
138.827
193.041
188.824
169.548
195.45
255.687
303.877
310.503
293.637
291.227
308.094
349.055
393.63
411.702
377.366
308.696
259.904
278.578
344.838
374.957
323.153
237.014
217.738
278.578
331.586
298.456
200.269
133.406
139.43
177.379
181.596
156.296
133.406
128.587
158.103
197.257
214.726
194.848
169.548
183.403
210.51
197.86
132.201
76.7832
80.9998
106.299
79.1927
-10.5606
-127.421
-246.088
-321.986
-344.274
-359.936
-423.787
-540.045
-650.279
-729.189
-769.548
-785.812
-821.954
-898.456
-988.209
-1035.8
-1020.13
-973.15
-940.019
-939.417
-935.803
-885.806
-775.572
-638.231
-523.178
-451.496
-390.054
-279.218
-106.94
77.3856
217.136
308.696
385.8
486.396
614.098
744.813
832.759
857.456
859.263
898.417
980.34
1047.81
1047.81
986.363
910.465
860.468
836.373
803.243
733.368
633.374
526.754
435.796
367.126
303.275
217.136
96.6615
-35.2578
-147.901
-234.643
-308.132
-392.464
-496.674
-605.101
-692.445
-750.272
-786.415
-816.533
-847.254
-881.589
-905.082
-894.841
-858.699
-823.762
-805.69
-789.426
-750.272
-676.181
-578.596
-478.603
-394.873
-320.179
-231.028
-117.783
8.71528
122.563
224.364
324.358
426.158
526.754
618.315
697.225
767.1
829.145
891.791
953.233
1006.84
1036.96
1026.72
994.797
976.123
986.966
994.797
966.485
907.453
835.771
764.691
695.418
630.965
566.511
481.577
376.162
275.566
195.45
123.768
43.6528
-42.4863
-122.602
-190.067
-246.69
-299.699
-364.152
-438.244
-505.107
-556.911
-596.065
-633.412
-669.555
-716.539
-771.355
-806.895
-810.509
-796.052
-788.222
-800.269
-821.352
-830.388
-800.871
-744.851
-693.047
-673.169
-662.326
-612.329
-530.407
-438.846
-359.936
-290.061
-237.052
-207.536
-153.925
-43.691
74.3737
137.623
142.442
159.308
223.762
315.925
396.642
417.123
376.162
338.815
364.717
427.363
443.627
393.028
320.141
278.578
276.168
271.349
229.183
143.646
47.267
-22.0056
-55.7384
-76.8214
-117.18
-181.032
-238.257
-255.123
-235.245
-210.548
-205.126
-214.162
-220.186
-203.922
-169.587
-133.444
-105.133
-75.6167
-29.2341
32.8101
104.492
173.765
229.183
263.518
285.806
313.515
360.5
419.532
471.336
502.66
517.719
528.561
538.199
543.018
539.404
524.345
498.443
472.541
455.675
441.218
412.304
362.307
300.865
235.809
171.958
109.914
53.8931
2.0892
-56.3408
-120.794
-179.224
-214.764
-235.847
-258.737
-287.651
-323.191
-358.129
-384.633
-394.271
-388.85
-382.826
-384.031
-381.621
-357.526
-315.36
-270.785
-239.462
-211.15
-173.803
-123.204
-70.1953
-22.0056
27.9912
88.8306
153.887
200.872
226.171
245.447
272.554
305.684
330.984
338.212
319.539
280.385
235.809
194.848
150.875
85.8188
-8.75348
-114.168
-200.91
-253.919
-287.651
-334.034
-403.307
-484.627
-552.695
-590.042
-605.703
-623.172
-659.314
-698.468
-712.925
-687.626
-627.991
-569.561
-531.009
-500.288
-449.689
-370.176
-269.58
-167.177
-86.4593
-23.2104
55.0978
162.32
273.156
355.079
414.713
471.939
531.573
591.81
648.433
691.202
715.297
727.344
739.994
747.825
741.801
726.139
696.623
650.24
593.015
540.007
490.01
427.966
343.634
247.857
160.513
94.252
40.0386
-33.4507
-131.637
-237.052
-329.817
-403.909
-463.544
-520.769
-583.415
-647.869
-696.661
-709.311
-703.287
-688.83
-671.362
-651.483
-636.424
-625.581
-578.596
-496.674
-413.547
-359.936
-314.758
-241.871
-129.228
2.0892
114.733
191.234
247.857
317.129
405.075
491.817
556.873
598.437
631.567
676.745
728.549
765.293
772.522
754.451
727.344
702.044
683.973
666.504
632.169
568.318
481.577
394.835
326.165
270.747
207.498
128.587
52.086
-5.13926
-46.7029
-85.857
-127.421
-172.598
-220.186
-260.545
-283.435
-291.868
-301.506
-317.77
-332.227
-337.648
-334.636
-338.25
-355.719
-381.621
-403.909
-413.547
-408.125
-397.885
-397.283
-412.944
-431.618
-441.256
-449.689
-461.737
-473.784
-477.398
-474.989
-474.989
-469.567
-452.701
-430.413
-414.752
-402.102
-379.212
-342.467
-299.699
-255.123
-217.174
-187.055
-158.142
-113.566
-57.5455
-4.53689
37.6291
73.169
109.311
147.863
182.198
213.521
253.278
305.082
359.898
404.473
435.194
458.686
475.553
486.396
493.624
498.443
496.636
483.384
468.324
464.71
464.71
448.446
417.725
383.992
356.886
332.791
304.479
273.156
239.423
202.076
161.115
121.961
87.0235
51.4836
9.31765
-35.8602
-79.2309
-115.976
-149.106
-180.429
-206.934
-220.788
-222.595
-217.776
-213.56
-209.945
-211.753
-213.56
-202.717
-181.032
-158.142
-144.287
-129.228
-103.928
-72.6048
-40.0768
-9.35585
19.558
36.4243
47.267
64.1334
92.4449
127.985
155.091
174.367
187.619
198.462
204.486
208.1
210.51
211.112
204.486
187.619
165.934
152.08
150.875
153.284
145.454
123.768
91.2401
55.0978
28.5935
14.739
-9.95823
-56.3408
-109.952
-149.106
-170.791
-176.815
-178.02
-195.489
-243.678
-298.494
-323.794
-318.975
-320.782
-353.912
-405.716
-445.472
-459.929
-463.544
-470.17
-484.024
-491.855
-478.001
-446.075
-412.342
-391.259
-372.586
-344.274
-305.722
-258.135
-206.331
-160.551
-123.204
-81.038
-28.0294
28.5935
76.7832
116.54
150.272
182.801
213.521
245.447
280.385
315.322
349.055
373.15
386.402
400.256
415.918
426.158
415.316
389.414
363.512
344.236
331.586
322.551
308.094
283.999
259.904
243.64
226.774
196.053
155.694
117.744
82.2045
52.086
31.003
16.5461
-3.93451
-33.4507
-70.7977
-108.747
-138.866
-149.708
-149.106
-161.756
-186.453
-203.922
-202.115
-194.284
-176.213
-146.696
-126.818
-126.818
-138.866
-133.444
-106.338
-65.9787
-25.6199
0.282082
18.3532
41.2433
72.5666
103.89
129.792
155.694
180.993
204.486
230.99
252.073
261.711
261.711
265.928
276.77
283.999
278.578
265.325
246.049
227.978
208.702
186.415
162.32
137.02
111.118
79.1927
38.8338
-3.33214
-35.8602
-55.1361
-73.8096
-107.542
-151.515
-182.839
-190.067
-188.26
-199.103
-214.162
-225.005
-231.631
-241.269
-249.1
-253.316
-259.34
-269.58
-279.218
-288.254
-294.277
-294.277
-287.651
-278.616
-276.809
-286.447
-304.518
-315.36
-311.144
-301.506
-299.699
-309.337
-321.384
-331.022
-337.046
-325.601
-291.266
-248.497
-214.764
-190.067
-165.37
-141.275
-117.18
-84.6522
-41.2815
2.69157
38.8338
74.9761
118.949
158.706
180.391
187.619
195.45
215.329
243.038
274.963
302.672
326.767
355.079
386.402
403.268
403.871
405.075
420.135
440.013
450.856
453.265
455.072
458.686
461.698
456.879
441.218
419.532
397.245
377.366
358.693
335.2
306.287
265.928
217.136
173.765
143.646
118.347
87.0235
47.267
13.5342
-22.608
-63.5692
-105.735
-143.685
-173.803
-206.331
-240.666
-274.399
-306.325
-338.853
-370.778
-394.271
-400.897
-399.09
-399.09
-404.511
-407.523
-399.09
-385.838
-375.597
-364.152
-340.058
-306.325
-276.809
-255.123
-228.619
-188.862
-140.07
-93.6878
-61.1598
-41.2815
-10.5606
39.4362
97.8662
142.442
162.32
159.308
141.839
121.359
117.142
130.997
140.032
120.154
82.8069
65.9405
75.5785
78.5903
55.0978
12.3295
-28.0294
-54.5337
-64.1716
-65.9787
-81.6404
-120.192
-158.142
-179.827
-187.658
-196.091
-210.548
-225.607
-238.859
-242.473
-230.426
-203.922
-174.406
-158.744
-149.106
-127.421
-83.4475
-32.8483
4.49868
26.7864
49.6765
81.6022
128.587
179.186
224.364
255.085
276.168
301.468
333.393
366.524
392.426
411.099
421.942
432.182
441.82
448.446
445.434
427.966
402.666
373.752
347.85
328.574
315.322
289.42
241.833
193.041
139.43
70.7595
-5.74163
-59.3527
-89.4712
-132.24
-182.236
-207.536
-234.04
-287.651
-346.684
-368.971
-376.2
-399.692
-431.016
-444.268
-436.437
-416.559
-388.247
-361.743
-332.829
-304.518
-283.435
-263.556
-221.993
-153.925
-85.857
-41.8839
-17.1867
9.92002
55.0978
107.504
153.887
188.824
219.545
243.64
257.495
271.951
296.046
321.948
334.598
336.405
327.972
311.106
290.625
278.578
272.554
257.495
225.569
183.403
138.827
96.0591
55.7002
22.5698
-9.35585
-49.1123
-86.4593
-113.566
-131.637
-152.118
-184.646
-225.607
-261.749
-278.013
-275.001
-279.218
-299.699
-324.396
-332.829
-322.589
-309.337
-297.289
-288.254
-281.025
-272.592
-256.93
-228.017
-200.307
-185.248
-181.634
-176.213
-156.334
-125.011
-91.8807
-67.7858
-48.51
-29.2341
-6.94637
17.7508
40.6409
59.9168
71.3619
81.6022
93.0472
108.709
124.973
138.225
150.875
161.718
174.97
187.619
199.065
213.521
221.955
214.726
195.45
179.789
176.174
182.198
185.812
174.97
153.887
135.213
124.973
114.733
100.878
83.4093
65.9405
53.2907
44.2552
32.2077
18.3532
5.70342
1.48682
3.89631
8.11291
8.71528
2.0892
-3.93451
-8.75348
-10.5606
0.282082
26.184
47.267
44.2552
31.003
34.0149
57.5073
82.2045
93.0472
91.2401
86.4211
82.8069
90.0354
98.4686
100.878
96.6615
89.433
83.4093
77.9879
70.1571
58.1097
40.0386
18.9556
2.0892
-5.74163
-17.789
-37.6673
-59.955
-76.219
-91.2783
-111.157
-136.456
-162.96
-187.055
-199.705
-202.115
-204.524
-212.355
-221.39
-226.209
-231.028
-233.438
-228.619
-215.367
-203.922
-196.091
-187.658
-171.996
-154.527
-140.673
-125.613
-105.735
-87.0617
-64.774
-43.691
-29.8365
-26.2222
-17.1867
5.70342
28.5935
36.4243
34.0149
35.822
49.0741
72.5666
90.6377
97.2638
91.8425
81.6022
73.169
65.3382
64.7358
71.3619
79.7951
83.4093
80.9998
78.5903
76.1808
71.9642
68.35
72.5666
80.3974
82.8069
84.0117
93.6496
105.095
108.107
103.89
102.083
104.492
109.914
114.733
113.528
110.516
106.902
105.697
98.4686
83.4093
60.5192
28.5935
-0.92266
-17.789
-19.5962
-18.3914
-28.0294
-50.9195
-79.8333
-100.314
-108.145
-114.771
-131.637
-150.913
-159.346
-159.346
-161.153
-162.358
-159.949
-158.744
-155.13
-146.696
-129.228
-111.759
-99.7115
-85.857
-65.3764
-46.7029
-29.8365
-5.74163
24.3769
48.4718
68.35
100.276
143.646
178.584
199.065
213.521
226.171
237.014
250.266
270.747
289.42
290.625
278.578
263.518
253.278
244.242
227.376
203.281
176.777
152.08
126.178
102.083
77.3856
52.6884
12.9319
-35.8602
-87.0617
-126.818
-146.696
-162.358
-199.103
-251.509
-284.639
-278.013
-262.954
-273.797
-308.734
-345.479
-355.719
-340.058
-317.167
-311.144
-308.734
-286.447
-244.883
-200.91
-174.406
-156.334
-133.444
-99.7115
-64.774
-35.8602
-4.53689
31.003
49.0741
44.8575
51.4836
85.8188
109.311
85.2164
46.0623
41.2433
70.1571
97.8662
106.299
115.937
132.804
132.804
97.8662
67.1453
79.7951
109.914
109.311
81.6022
59.3144
55.7002
59.9168
68.35
68.35
54.4955
38.2315
30.4006
26.7864
15.3414
2.69157
-3.93451
-5.74163
-8.75348
-15.9819
-18.3914
-15.9819
-16.5843
-28.6317
-36.4626
-25.6199
-3.93451
3.29394
-7.54874
-15.3796
-11.163
-3.93451
7.51054
28.5935
47.267
48.4718
42.4481
49.6765
68.35
84.0117
93.6496
107.504
126.178
141.839
152.682
164.127
175.572
186.415
192.438
194.246
189.427
182.198
174.367
167.139
159.308
151.477
135.816
112.925
93.0472
73.169
46.6647
13.5342
-10.5606
-26.8246
-46.1005
-68.9906
-89.4712
-114.168
-148.504
-181.634
-204.524
-215.969
-223.8
-232.836
-245.485
-261.147
-272.592
-278.013
-278.013
-282.832
-289.458
-289.458
-277.411
-250.304
-222.595
-202.115
-191.874
-175.008
-144.287
-112.361
-85.857
-59.3527
-31.0412
-10.5606
-1.52503
8.71528
21.3651
38.2315
56.905
72.5666
80.9998
79.1927
79.1927
85.8188
95.4567
101.48
99.0709
95.4567
94.252
93.0472
84.614
71.9642
64.1334
61.7239
57.5073
50.2789
48.4718
52.6884
55.7002
52.086
51.4836
67.1453
85.2164
86.4211
76.1808
82.8069
109.914
135.816
146.056
144.851
143.044
146.056
155.694
165.934
162.922
143.646
123.166
118.949
130.997
139.43
123.768
91.2401
58.7121
40.6409
17.1485
-7.54874
-20.1985
-27.427
-49.1123
-82.8451
-97.9044
-96.6997
-99.7115
-110.554
-120.794
-125.613
-132.842
-150.913
-168.984
-165.37
-153.323
-168.984
-196.693
-195.489
-158.142
-121.999
-111.759
-106.94
-94.2902
-68.9906
-44.2934
-30.4388
-18.3914
0.282082
24.3769
40.0386
47.267
56.905
73.7714
97.2638
116.54
128.587
134.611
138.827
141.237
137.623
134.611
129.792
120.154
102.685
79.7951
59.9168
39.4362
26.7864
22.5698
17.1485
2.69157
-21.4033
-45.4981
-66.5811
-86.4593
-106.338
-121.397
-128.625
-138.263
-146.094
-146.094
-135.854
-120.794
-108.747
-94.8925
-84.6522
-77.4238
-72.0024
-64.1716
-54.5337
-48.51
-46.1005
-44.2934
-33.4507
-17.1867
-5.13926
3.29394
7.51054
11.1248
15.3414
28.5935
47.267
58.7121
59.9168
59.3144
58.7121
55.0978
48.4718
41.2433
36.4243
34.0149
35.822
37.6291
31.003
13.5342
-8.15111
-20.8009
-22.0056
-16.5843
-11.163
-11.163
-17.1867
-23.2104
-24.4151
-14.7772
-3.33214
-0.320289
-2.1274
-6.94637
-11.163
-8.15111
5.10105
25.5817
41.2433
50.8813
53.2907
41.8457
27.9912
24.9793
28.5935
29.1959
21.3651
14.739
15.3414
25.5817
45.4599
63.531
67.1453
59.9168
62.3263
71.9642
67.7476
53.8931
55.7002
77.9879
85.8188
60.5192
30.4006
27.9912
53.8931
82.2045
88.8306
74.3737
59.3144
55.7002
64.7358
65.9405
53.8931
33.4125
23.1722
35.2196
32.8101
5.10105
-16.5843
-9.35585
-13.5725
-56.9432
-99.1091
-108.145
-108.747
-125.011
-138.263
-136.456
-135.854
-143.082
-153.323
-158.744
-165.37
-170.791
-168.382
-159.949
-153.323
-152.118
-151.515
-139.468
-117.18
-96.0973
-85.857
-84.0499
-75.0143
-43.691
-2.72977
27.3888
38.8338
46.0623
63.531
87.6259
109.914
124.973
137.02
148.465
158.103
164.729
165.934
165.332
164.127
157.501
139.43
115.937
100.878
96.0591
88.2283
65.3382
37.6291
13.5342
-10.5606
-34.0531
-55.7384
-78.0262
-105.735
-132.842
-152.118
-166.575
-177.417
-185.248
-182.839
-175.61
-170.791
-166.575
-158.142
-149.106
-137.661
-121.999
-102.723
-82.2428
-63.5692
-38.2697
-4.53689
29.7983
58.1097
80.3974
106.299
134.008
159.91
177.982
192.438
206.293
217.136
220.75
221.352
221.955
221.352
218.943
210.51
200.872
192.438
180.391
156.296
127.985
105.095
88.8306
69.5548
43.0504
14.739
-12.3677
-43.691
-78.0262
-108.747
-129.83
-144.889
-160.551
-171.996
-181.634
-187.055
-182.236
-171.394
-163.563
-169.587
-181.032
-183.441
-177.417
-164.165
-150.913
-140.673
-127.421
-108.747
-88.2665
-69.593
-52.1242
-38.872
-28.0294
-12.9701
12.3295
42.4481
65.9405
86.4211
106.902
122.563
129.189
128.587
127.985
127.382
125.575
124.371
126.78
126.178
120.154
114.733
111.118
102.685
89.433
85.8188
84.0117
74.3737
57.5073
48.4718
45.4599
34.6172
12.3295
-11.163
-29.2341
-37.6673
-42.4863
-51.5218
-62.3645
-68.9906
-70.7977
-71.4001
-68.9906
-73.2072
-91.8807
-112.361
-118.987
-113.566
-112.964
-123.806
-146.094
-155.732
-139.468
-106.94
-88.8688
-87.6641
-84.6522
-76.8214
-72.6048
-68.3882
-57.5455
-44.8957
-40.6791
-40.6791
-38.2697
-32.8483
-20.8009
5.10105
34.0149
49.6765
53.2907
58.7121
75.5785
88.8306
94.252
102.685
121.961
139.43
145.454
141.237
140.032
147.863
160.513
168.344
165.934
160.513
154.489
146.658
135.816
124.973
117.142
108.709
98.4686
88.2283
80.9998
71.9642
59.3144
43.0504
25.5817
7.51054
-8.15111
-25.0175
-40.6791
-54.5337
-68.9906
-85.857
-98.5068
-109.349
-122.602
-135.854
-140.07
-138.866
-144.287
-154.527
-164.768
-174.406
-177.417
-173.201
-164.768
-158.142
-155.732
-156.334
-158.142
-161.153
-159.346
-147.901
-127.421
-103.928
-88.8688
-82.2428
-75.6167
-62.9669
-45.4981
-29.8365
-15.9819
0.884454
20.1603
43.0504
65.3382
88.2283
105.697
117.744
131.599
140.635
141.237
134.611
134.611
144.249
155.091
154.489
146.658
129.792
109.914
97.2638
101.48
113.528
112.323
97.8662
80.9998
69.5548
61.1216
46.6647
32.8101
20.7627
8.11291
-13.5725
-34.6554
-49.7147
-63.5692
-77.4238
-94.8925
-109.349
-121.397
-125.613
-122.602
-117.783
-109.349
-99.7115
-93.6878
-94.8925
-94.2902
-82.8451
-67.7858
-56.3408
-49.7147
-41.2815
-26.2222
0.884454
30.4006
49.6765
53.2907
56.3026
72.5666
95.4567
109.914
111.118
109.914
115.335
123.166
128.587
131.599
137.02
144.851
148.465
142.442
124.371
100.276
85.2164
74.9761
63.531
46.6647
27.3888
5.70342
-8.75348
-17.1867
-28.0294
-46.7029
-62.9669
-69.593
-76.219
-93.0854
-109.349
-110.554
-102.121
-106.338
-128.023
-146.094
-145.492
-138.866
-142.48
-148.504
-147.901
-139.468
-123.204
-102.121
-85.2546
-85.2546
-91.8807
-84.0499
-53.9313
-22.608
-13.5725
-21.4033
-23.2104
-8.15111
9.31765
18.9556
20.7627
24.9793
35.822
53.2907
66.5429
71.3619
71.3619
73.7714
76.7832
77.9879
80.3974
81.6022
81.6022
76.1808
67.1453
56.3026
52.6884
56.905
62.3263
61.7239
53.8931
49.0741
53.2907
57.5073
52.086
35.822
24.3769
20.1603
20.1603
19.558
14.739
3.89631
-11.7653
-27.427
-37.0649
-44.8957
-47.9076
-42.4863
-35.8602
-35.8602
-49.1123
-67.1835
-76.219
-75.0143
-70.1953
-71.4001
-73.2072
-71.4001
-72.6048
-76.8214
-73.8096
-59.955
-45.4981
-44.8957
-49.7147
-46.7029
-32.8483
-14.7772
-3.93451
3.29394
8.11291
12.9319
29.1959
51.4836
69.5548
64.7358
38.2315
17.7508
20.1603
38.2315
53.8931
57.5073
53.2907
46.6647
46.6647
52.6884
61.1216
64.1334
61.7239
62.3263
63.531
63.531
58.7121
58.7121
62.9287
55.0978
41.2433
35.822
49.0741
68.35
68.35
49.0741
34.0149
39.4362
61.1216
70.1571
59.3144
43.0504
36.4243
38.8338
30.4006
18.3532
9.92002
3.89631
-14.7772
-35.2578
-37.0649
-31.6436
-50.9195
-89.4712
-103.326
-77.4238
-52.1242
-55.7384
-77.4238
-101.519
-125.613
-147.901
-145.492
-115.976
-102.121
-118.385
-137.059
-127.421
-92.4831
-68.9906
-72.6048
-90.0736
-96.6997
-72.0024
-35.2578
-22.608
-46.7029
-78.0262
-75.6167
-44.8957
-17.789
-6.344
-2.1274
2.0892
9.92002
22.5698
37.0267
48.4718
54.4955
64.1334
74.9761
81.6022
79.7951
77.3856
77.3856
79.1927
86.4211
97.2638
102.685
102.083
102.685
108.709
111.721
109.914
103.89
95.4567
80.3974
56.3026
28.5935
6.90816
-3.93451
-8.15111
-11.7653
-20.1985
-38.2697
-53.9313
-56.9432
-45.4981
-35.8602
-37.0649
-46.1005
-55.1361
-61.1598
-62.9669
-58.7503
-56.3408
-56.3408
-55.7384
-49.7147
-46.1005
-50.9195
-56.3408
-52.1242
-38.872
-25.6199
-12.9701
-1.52503
12.9319
24.9793
28.5935
25.5817
24.3769
31.003
41.8457
54.4955
59.9168
54.4955
44.8575
38.2315
37.6291
44.2552
50.8813
55.0978
58.1097
58.7121
54.4955
44.8575
36.4243
35.2196
28.5935
18.3532
11.7271
11.1248
5.10105
-3.93451
-6.94637
-15.3796
-37.6673
-57.5455
-56.9432
-46.1005
-46.7029
-52.7266
-52.7266
-53.9313
-59.955
-65.9787
-66.5811
-67.7858
-72.0024
-78.0262
-78.6285
-76.219
-73.2072
-73.2072
-77.4238
-73.8096
-62.9669
-53.9313
-52.7266
-46.1005
-26.8246
-6.344
3.89631
10.5224
22.5698
32.8101
37.0267
45.4599
66.5429
84.614
87.0235
77.3856
77.3856
89.433
99.6733
99.6733
95.4567
92.4449
87.6259
82.8069
82.2045
85.8188
79.7951
68.9524
62.3263
62.3263
59.9168
46.0623
26.184
11.7271
8.11291
11.7271
9.31765
1.48682
-8.15111
-15.9819
-23.2104
-28.0294
-31.0412
-38.872
-48.51
-52.7266
-53.9313
-61.1598
-75.0143
-79.8333
-74.4119
-70.7977
-75.6167
-85.857
-90.6759
-93.6878
-97.302
-102.121
-102.723
-96.6997
-91.8807
-91.2783
-92.4831
-77.4238
-50.3171
-30.4388
-23.8128
-26.2222
-23.2104
-9.95823
7.51054
23.1722
29.7983
33.4125
43.0504
57.5073
70.7595
76.1808
76.7832
80.3974
87.6259
94.252
99.6733
106.902
115.335
115.335
106.902
93.6496
85.8188
81.6022
76.7832
66.5429
50.2789
29.7983
14.1366
4.49868
-0.320289
-5.74163
-14.7772
-26.2222
-40.6791
-53.3289
-65.3764
-76.8214
-86.4593
-91.8807
-94.2902
-97.9044
-105.133
-112.361
-116.578
-118.385
-114.168
-107.542
-103.326
-98.5068
-94.8925
-96.6997
-97.302
-91.2783
-76.8214
-60.5574
-43.0886
-25.6199
-12.3677
-9.35585
-11.163
-8.15111
3.29394
19.558
33.4125
43.6528
52.6884
