-5.96905
2.45613
-8.07535
-27.032
-35.4572
-38.9677
-42.4782
-27.7341
12.2855
45.2842
46.6884
31.9443
9.47713
-24.9257
-57.9244
-60.7328
-29.8404
14.3918
50.901
70.5597
65.6451
37.5611
3.15823
-25.6278
-33.3509
-24.9257
-7.37325
14.3918
25.6254
9.47713
-31.2446
-63.5412
-66.3496
-42.4782
-8.77745
16.4981
20.7107
-4.56486
-38.2656
-53.0097
-43.8824
-28.4362
-18.6068
-11.5858
-3.86276
4.56243
12.2855
11.5834
-1.05436
-13.6921
-11.5858
6.66873
33.3485
48.0926
43.88
20.7107
-4.56486
-5.96905
14.3918
42.4758
54.4115
45.2842
17.2002
-17.9047
-39.6698
-39.6698
-17.9047
6.66873
20.7107
12.9876
-7.37325
-22.8194
-20.011
-9.47955
0.349838
-3.16066
-20.011
-24.2236
-3.16066
31.2422
56.5178
60.0283
38.2632
-3.86276
-38.9677
-45.9887
-16.5005
31.2422
64.943
56.5178
13.6897
-29.1383
-49.4992
-38.2656
3.15823
51.6031
75.4744
62.8367
24.2212
-27.032
-71.9664
-79.6895
-42.4782
11.5834
47.3905
53.0073
29.1359
-18.6068
-69.8601
-99.3482
-94.4335
-57.9244
-0.352261
57.2199
91.6227
86.708
38.9653
-20.7131
-45.9887
-12.2879
45.2842
75.4744
60.7304
20.0086
-25.6278
-46.6908
-24.2236
19.3065
40.3695
27.0296
2.45613
-18.6068
-34.053
-42.4782
-37.5635
-25.6278
-4.56486
24.2212
35.4548
10.1792
-39.6698
-78.2853
-84.6042
-53.0097
3.15823
48.7947
51.6031
13.6897
-24.2236
-37.5635
-19.3089
16.4981
45.2842
50.1989
31.9443
10.1792
-5.96905
-17.2026
-14.3942
6.66873
32.6464
44.5821
35.4548
18.6044
-1.05436
-28.4362
-53.7118
-56.5202
-43.1803
-36.1593
-27.032
2.45613
38.2632
39.6674
5.96663
-31.9467
-66.3496
-83.2
-58.6265
-7.37325
30.5401
34.7527
27.7317
25.6254
22.1149
14.3918
-2.45856
-23.5215
-17.9047
27.0296
76.8786
86.0059
50.1989
-7.37325
-62.8391
-74.7748
-20.7131
55.8157
93.729
78.2828
31.2422
-31.9467
-97.944
-123.22
-95.8377
-40.3719
17.2002
69.1556
80.3891
27.0296
-53.0097
-104.263
-113.39
-86.7105
-23.5215
48.0926
72.666
50.1989
22.817
7.37083
-19.3089
-46.6908
-38.9677
-12.2879
5.26453
14.3918
27.7317
36.859
24.9233
11.5834
15.796
35.4548
50.1989
53.0073
42.4758
12.9876
-20.7131
-50.2013
-61.4349
-50.2013
-17.2026
21.4128
45.9863
55.1136
41.7737
-1.05436
-62.137
-104.263
-88.8167
-34.053
21.4128
59.3262
70.5597
50.1989
-0.352261
-49.4992
-69.158
-59.3286
-26.3299
31.2422
94.4311
117.6
84.6017
27.0296
-18.6068
-46.6908
-52.3076
-22.8194
26.3275
61.4325
58.6241
26.3275
-15.7984
-51.6055
-68.4559
-60.0307
-29.8404
8.77503
42.4758
55.8157
45.2842
17.9023
-27.7341
-84.6042
-121.113
-82.4979
29.838
141.472
168.854
100.048
-10.8837
-109.178
-143.58
-92.3272
10.1792
95.1332
121.813
97.2395
38.2632
-37.5635
-103.561
-126.028
-95.1356
-21.4152
76.1765
152.705
145.684
38.9653
-97.2419
-163.941
-122.518
-8.77745
108.473
170.96
143.578
39.6674
-83.9021
-168.856
-171.664
-86.0084
53.7094
167.449
188.512
102.856
-43.1803
-160.431
-175.877
-71.2643
78.9849
173.768
171.662
98.6437
15.0939
-45.9887
-70.5622
-68.4559
-51.6055
-29.1383
-3.86276
15.0939
3.15823
-42.4782
-93.0293
-112.688
-78.9874
3.15823
86.0059
115.494
74.7723
3.86033
-53.0097
-89.5188
-103.561
-78.2853
-8.77745
68.4535
102.154
76.1765
6.66873
-71.9664
-121.113
-107.773
-31.2446
65.6451
116.898
91.6227
29.1359
-10.1816
-10.1816
-8.77745
-9.47955
6.66873
43.88
66.3472
43.88
-8.07535
-56.5202
-83.2
-71.2643
-12.99
57.922
86.0059
50.901
-9.47955
-54.4139
-74.7748
-70.5622
-35.4572
25.6254
86.708
125.323
111.281
38.2632
-69.158
-140.07
-122.518
-28.4362
90.2185
160.428
139.365
35.4548
-79.6895
-127.432
-94.4335
-20.011
45.2842
76.1765
65.6451
24.2212
-18.6068
-48.7971
-62.137
-53.0097
-8.77745
48.0926
71.2618
38.2632
-33.3509
-97.2419
-110.582
-59.3286
15.796
64.2409
64.2409
39.6674
14.3918
-6.67115
-30.5425
-53.0097
-60.0307
-45.9887
-14.3942
32.6464
76.1765
86.0059
43.88
-25.6278
-79.6895
-88.8167
-58.6265
-3.16066
53.0073
92.3248
99.3458
64.943
2.45613
-65.6475
-111.986
-119.709
-82.4979
-8.77745
82.4954
145.684
135.855
46.6884
-70.5622
-148.495
-163.239
-119.007
-27.7341
79.687
147.791
133.749
40.3695
-79.6895
-159.729
-155.516
-76.179
28.4338
118.302
156.918
109.175
-15.7984
-144.985
-187.813
-118.305
10.1792
132.344
192.023
169.556
70.5597
-51.6055
-130.943
-129.538
-59.3286
30.5401
90.2185
101.452
75.4744
28.4338
-33.3509
-92.3272
-107.071
-60.7328
23.5191
104.261
145.684
125.323
44.5821
-62.8391
-134.453
-124.624
-36.1593
84.6017
168.854
168.152
86.0059
-27.7341
-111.986
-147.793
-119.709
-38.2656
62.1346
128.834
119.707
50.1989
-38.9677
-102.157
-111.284
-71.9664
-13.6921
29.1359
44.5821
38.9653
26.3275
3.86033
-38.9677
-97.2419
-135.155
-116.199
-45.2866
32.6464
65.6451
41.0716
-20.011
-75.4769
-98.6461
-85.3063
-47.3929
-1.05436
27.7317
21.4128
-16.5005
-58.6265
-79.6895
-76.179
-54.4139
-20.011
24.2212
64.2409
64.943
16.4981
-54.4139
-93.0293
-73.3706
-16.5005
41.0716
71.2618
72.666
43.88
-7.37325
-62.8391
-93.0293
-74.0727
-10.8837
73.3681
141.472
152.003
97.9416
11.5834
-60.0307
-82.4979
-45.2866
38.2632
117.6
159.726
163.237
123.919
52.3052
-10.8837
-13.6921
49.4968
126.728
172.364
173.768
130.94
55.8157
-15.0963
-31.2446
13.6897
78.2828
114.09
116.196
92.3248
60.0283
23.5191
-5.96905
-14.3942
6.66873
40.3695
69.1556
91.6227
95.1332
58.6241
-11.5858
-65.6475
-67.7538
-20.011
55.8157
126.026
147.791
100.048
5.26453
-98.6461
-166.048
-166.048
-96.5398
3.86033
74.0702
71.2618
-14.3942
-145.687
-270.66
-342.275
-314.893
-196.94
-62.8391
-10.1816
-64.2433
-170.962
-281.894
-353.508
-360.529
-303.659
-221.513
-163.239
-143.58
-166.75
-224.322
-285.404
-322.616
-315.595
-259.427
-168.856
-85.3063
-54.4139
-79.6895
-130.943
-164.643
-153.41
-87.4126
8.77503
93.0269
136.557
129.536
86.708
31.2422
7.37083
31.9443
95.8353
182.194
267.85
326.124
334.549
297.338
255.212
244.68
274.871
335.953
403.355
454.608
466.544
434.949
378.079
326.124
307.167
328.932
367.548
388.611
382.994
371.058
362.633
332.443
274.871
222.915
215.192
243.978
269.956
275.573
247.489
189.917
114.792
58.6241
57.2199
100.75
152.705
177.279
170.96
149.897
126.728
95.8353
58.6241
32.6464
44.5821
86.0059
118.302
95.8353
-3.86276
-164.643
-340.168
-471.461
-512.183
-475.673
-442.675
-496.034
-647.688
-840.765
-1001.55
-1090.01
-1107.56
-1097.73
-1101.24
-1125.12
-1163.03
-1204.45
-1240.26
-1242.37
-1198.13
-1126.52
-1044.37
-948.888
-826.021
-679.984
-525.522
-381.592
-251.002
-116.901
43.1779
236.255
444.779
637.154
779.68
859.017
900.441
941.163
1003.65
1068.94
1109.67
1108.26
1069.65
1007.86
934.142
861.123
802.147
774.063
773.361
774.063
752.298
706.662
634.345
535.349
439.864
392.823
413.886
484.798
565.54
612.58
611.878
582.39
546.583
524.116
518.499
537.456
575.369
611.878
623.814
594.326
538.158
478.479
420.205
354.208
288.21
239.766
212.384
193.427
169.556
130.238
74.0702
13.6897
-34.053
-89.5188
-197.642
-397.038
-664.538
-910.273
-1042.27
-1033.14
-962.228
-954.505
-1108.26
-1414.38
-1754.2
-1976.76
-2001.33
-1862.32
-1679.07
-1574.46
-1598.33
-1704.35
-1799.83
-1822.3
-1759.11
-1614.48
-1389.81
-1110.37
-840.063
-652.602
-572.563
-537.458
-441.973
-201.855
163.939
550.093
823.912
923.61
903.951
892.718
997.331
1226.92
1492.31
1665.03
1669.24
1542.86
1379.27
1238.85
1130.03
1049.29
1012.07
1009.27
985.395
882.888
679.28
416.695
178.683
71.9639
152.003
362.633
585.198
708.768
697.534
595.73
504.457
503.053
597.836
737.554
881.484
1003.65
1058.41
1014.88
897.632
787.403
743.873
775.467
837.252
851.294
769.85
611.878
438.46
302.955
218.001
174.47
154.11
135.153
100.75
43.88
-21.4152
-88.8167
-208.876
-442.675
-798.639
-1170.75
-1390.51
-1370.85
-1178.47
-1012.08
-1069.65
-1427.72
-1985.89
-2497.02
-2706.24
-2543.36
-2155.8
-1803.34
-1674.16
-1797.02
-2051.18
-2254.79
-2275.15
-2069.44
-1669.24
-1165.13
-696.132
-361.231
-198.344
-173.771
-184.302
-88.8167
229.936
734.746
1259.92
1633.43
1788.6
1749.28
1579.37
1380.68
1262.02
1289.4
1462.82
1713.47
1907.25
1877.06
1538.65
989.607
462.331
177.279
210.98
453.204
670.854
657.515
378.079
-15.0963
-315.595
-401.953
-271.363
13.6897
356.314
651.196
823.21
859.719
810.572
760.021
790.913
954.503
1203.75
1437.55
1558.31
1521.8
1345.57
1118.09
954.503
903.951
917.993
927.121
909.568
861.825
746.681
548.689
316.997
143.578
76.8786
98.6437
165.343
197.64
76.8786
-300.851
-903.252
-1519.69
-1884.08
-1868.64
-1582.88
-1291.51
-1278.17
-1669.24
-2337.64
-2959
-3220.88
-3047.46
-2605.84
-2174.75
-1955
-1985.89
-2172.65
-2365.72
-2428.91
-2277.96
-1884.08
-1295.73
-666.644
-175.877
68.4535
98.6437
70.5597
173.768
531.137
1102.65
1686.79
2065.93
2136.84
1957.8
1678.37
1469.14
1454.4
1629.92
1848.98
1908.66
1701.54
1274.66
788.807
414.588
236.957
221.511
243.978
197.64
60.7304
-119.007
-302.957
-459.525
-536.054
-483.396
-306.467
-43.1803
231.34
432.141
526.924
580.986
712.278
976.97
1336.44
1681.88
1870.04
1860.21
1738.75
1645.37
1632.73
1640.45
1628.52
1592.71
1535.14
1431.93
1260.62
1024.01
753.702
528.328
423.013
430.737
464.437
440.566
364.037
239.766
3.15823
-434.25
-1030.33
-1563.22
-1784.39
-1627.82
-1283.09
-1090.01
-1320.3
-1983.08
-2803.83
-3365.51
-3417.47
-3017.27
-2483.68
-2144.56
-2153.69
-2457.7
-2832.62
-3029.91
-2911.96
-2503.34
-1900.23
-1238.86
-695.43
-407.57
-380.188
-430.037
-342.977
35.4548
715.087
1509.16
2129.11
2365.02
2262.51
2038.54
1882.68
1873.55
1992.21
2146.67
2227.41
2179.67
1985.89
1633.43
1129.33
581.688
123.919
-180.09
-328.935
-361.231
-371.061
-479.184
-722.812
-1024.01
-1245.88
-1278.87
-1081.58
-723.514
-341.572
-39.6698
181.491
379.483
595.73
854.102
1156.71
1494.42
1833.53
2122.8
2325.7
2417.68
2390.3
2260.41
2085.58
1930.42
1832.83
1764.72
1691
1577.26
1391.21
1127.22
809.87
503.755
274.168
196.235
290.317
451.8
441.268
52.3052
-703.856
-1551.99
-2092.61
-2086.29
-1619.39
-1111.07
-1054.91
-1652.39
-2654.29
-3527
-3819.77
-3451.87
-2718.88
-2100.33
-1947.27
-2259.01
-2749.07
-3073.44
-3046.06
-2665.52
-2045.57
-1363.13
-796.533
-463.738
-385.805
-467.248
-513.587
-292.425
311.38
1179.17
1960.61
2353.08
2299.72
2014.67
1797.72
1828.62
2122.09
2525.8
2829.11
2868.42
2609.35
2120.69
1511.97
919.398
488.309
298.04
285.402
276.275
88.8143
-373.167
-1040.16
-1683.28
-2016.08
-1910.76
-1497.23
-1047.88
-788.81
-782.491
-905.358
-912.379
-632.944
-121.815
452.502
955.205
1335.74
1573.05
1709.26
1846.17
2039.95
2267.43
2464.72
2564.42
2499.82
2257.6
1936.04
1695.22
1600.43
1596.92
1561.82
1394.72
1082.99
703.151
402.653
298.04
392.121
500.947
333.145
-260.129
-1115.99
-1808.96
-1984.48
-1671.35
-1269.75
-1253.6
-1783.68
-2617.78
-3314.96
-3531.91
-3267.92
-2826.3
-2552.48
-2575.65
-2768.73
-2917.57
-2914.06
-2767.32
-2534.23
-2244.26
-1861.62
-1385.59
-902.55
-566.244
-460.227
-438.462
-259.427
227.128
960.119
1681.18
2135.43
2234.43
2138.24
2117.88
2276.56
2502.63
2662.01
2718.18
2715.37
2660.6
2525.8
2266.73
1865.13
1417.89
1093.52
936.95
771.255
364.739
-326.126
-1085.1
-1622.2
-1761.92
-1582.88
-1359.62
-1343.47
-1575.86
-1867.94
-1971.85
-1758.41
-1250.09
-612.583
-56.5202
300.146
484.096
616.793
798.637
1063.33
1432.63
1891.1
2325.7
2580.56
2555.99
2320.09
2063.82
1952.89
2051.18
2218.28
2231.62
1961.31
1497.23
1085.8
912.377
971.353
1114.58
1127.92
827.423
169.556
-694.026
-1440.36
-1786.49
-1676.96
-1324.51
-1120.9
-1377.17
-2107.35
-3013.76
-3653.37
-3753.77
-3373.24
-2808.75
-2423.3
-2407.15
-2706.24
-3070.63
-3235.62
-3070.63
-2588.99
-1916.38
-1255
-806.362
-651.198
-721.408
-819
-695.43
-182.898
670.854
1561.82
2124.2
2210.56
1968.33
1737.34
1773.15
2106.65
2590.39
2997.61
3169.63
3051.67
2688.69
2207.75
1757
1476.86
1438.95
1530.22
1493.71
1072.46
234.149
-774.768
-1568.84
-1856
-1617.99
-1153.2
-904.656
-1141.26
-1769.64
-2386.09
-2584.78
-2162.12
-1266.24
-335.254
210.98
268.552
85.3038
8.77503
236.255
795.828
1539.35
2212.66
2571.44
2543.35
2289.9
2068.03
2061.71
2284.98
2585.48
2715.37
2518.08
2063.12
1577.97
1279.57
1241.66
1398.93
1497.23
1189.71
375.271
-675.07
-1498.63
-1811.07
-1649.58
-1280.98
-1135.65
-1556.2
-2519.48
-3569.12
-4143.44
-4036.02
-3474.34
-2875.45
-2555.99
-2634.63
-3003.93
-3387.98
-3483.47
-3152.78
-2490.7
-1696.62
-1007.86
-623.114
-593.626
-757.215
-802.149
-489.013
237.659
1212.17
2067.33
2454.19
2314.47
1954.99
1783.68
2009.06
2532.12
3082.56
3385.87
3305.83
2911.95
2397.32
1963.42
1719.79
1668.54
1744.36
1771.75
1508.46
783.19
-319.807
-1420
-2028.01
-1872.15
-1156.01
-504.459
-542.373
-1390.51
-2556.7
-3237.03
-2917.57
-1732.43
-352.806
456.714
411.078
-146.389
-573.265
-410.378
340.868
1328.72
2134.03
2495.61
2444.36
2192.3
1964.12
1942.36
2200.03
2669.03
3074.84
3097.31
2673.24
2039.95
1531.63
1344.87
1406.65
1397.53
954.503
29.838
-917.996
-1349.08
-1184.09
-886.401
-1043.67
-1824.41
-2899.32
-3710.95
-3849.26
-3413.26
-2939.34
-2915.47
-3331.81
-3760.8
-3841.54
-3556.48
-3126.1
-2765.92
-2520.89
-2240.05
-1812.47
-1317.49
-955.909
-791.618
-630.135
-243.981
399.844
1121.6
1657.3
1857.4
1818.08
1825.81
2106.65
2572.84
2923.89
2984.27
2841.74
2730.11
2741.34
2751.88
2606.54
2263.22
1871.44
1609.56
1484.59
1271.85
686.301
-276.277
-1219.9
-1637.65
-1362.42
-797.937
-597.839
-1110.37
-2099.63
-2904.94
-2959
-2230.22
-1239.56
-597.839
-529.033
-774.768
-903.252
-638.56
-17.9047
684.896
1243.07
1622.2
1898.83
2082.07
2155.09
2202.83
2372.74
2701.33
3052.37
3229.3
3104.33
2716.07
2290.6
2058.2
1932.53
1577.26
846.379
34.7527
-408.974
-373.869
-171.664
-321.914
-1151.09
-2452.78
-3559.29
-3823.98
-3234.92
-2489.29
-2368.53
-3055.89
-4012.15
-4533.81
-4329.5
-3621.78
-2892.3
-2513.87
-2491.4
-2534.23
-2369.94
-1994.31
-1541.46
-1035.95
-393.528
342.974
964.332
1297.13
1344.87
1328.02
1544.97
2158.6
2947.06
3424.49
3328.3
2869.83
2506.84
2519.48
2827
3111.35
3052.37
2585.48
1947.27
1404.55
999.437
603.453
175.875
-157.622
-312.084
-382.996
-597.839
-1120.2
-1837.04
-2369.94
-2353.09
-1809.66
-1170.75
-901.848
-1094.22
-1443.17
-1541.46
-1167.24
-432.143
314.89
768.446
933.44
1050.69
1307.66
1707.15
2159.3
2577.05
2902.83
3107.14
3214.56
3250.37
3181.56
3015.16
2782.77
2421.89
1794.21
943.269
256.616
76.1765
283.998
381.59
-86.0084
-1170.75
-2476.66
-3392.9
-3463.81
-2848.07
-2271.64
-2390.3
-3211.05
-4111.84
-4500.11
-4231.9
-3566.31
-2931.62
-2638.14
-2678.16
-2777.15
-2662.01
-2304.64
-1820.19
-1229.73
-527.629
166.045
628.026
773.361
783.19
936.95
1427.02
2210.56
2931.61
3149.26
2778.56
2251.98
2105.95
2447.87
2902.13
3043.95
2705.54
2032.22
1332.93
876.57
728.427
714.385
613.984
345.08
-59.3286
-512.183
-941.165
-1250.09
-1340.66
-1220.6
-1016.29
-905.358
-964.334
-1118.09
-1191.81
-1012.08
-533.245
76.1765
555.008
755.106
769.85
835.146
1119.5
1650.28
2281.47
2772.24
2938.63
2833.32
2717.47
2772.94
2845.26
2546.16
1724.71
741.064
223.617
441.97
967.14
1031.73
162.535
-1399.64
-2862.81
-3459.59
-2993.4
-2087.69
-1733.83
-2416.98
-3710.24
-4681.25
-4743.03
-4059.19
-3228.6
-2796.81
-2867.73
-3142.25
-3239.14
-2989.19
-2492.8
-1900.23
-1223.41
-450.398
239.766
583.794
555.71
503.755
842.869
1662.92
2645.16
3232.11
3072.03
2398.02
1916.38
2188.79
3023.59
3643.54
3455.38
2586.18
1654.5
1187.6
1275.36
1607.45
1711.37
1304.15
522.009
-234.151
-665.24
-786.703
-773.363
-706.664
-628.731
-669.453
-939.761
-1330.83
-1518.29
-1271.15
-644.879
71.9639
513.584
474.267
141.472
31.2422
539.562
1495.12
2348.87
2714.66
2659.2
2510.35
2533.52
2749.77
2819.98
2362.91
1488.8
851.294
955.907
1494.42
1667.84
961.524
-425.824
-1797.02
-2482.27
-2277.26
-1665.73
-1485.99
-2179.67
-3354.28
-4217.16
-4346.35
-3935.62
-3435.72
-3183.67
-3269.33
-3530.51
-3682.86
-3521.38
-3077.65
-2519.48
-1909.36
-1243.07
-664.538
-387.209
-368.252
-240.47
297.338
1184.09
2065.22
2518.08
2365.72
1897.42
1727.51
2238.64
3110.65
3590.18
3249.66
2378.36
1616.58
1399.63
1701.54
2128.41
2167.03
1575.16
646.983
-80.3916
-320.509
-218.003
-86.7105
-93.0293
-257.321
-562.734
-924.315
-1144.07
-1038.76
-632.241
-128.134
250.297
364.037
236.957
118.302
364.037
1072.46
1929.02
2483.67
2583.37
2447.87
2368.53
2321.49
2076.46
1599.03
1217.79
1291.51
1713.47
1966.23
1542.16
375.973
-1016.29
-1872.15
-1745.77
-954.505
-478.482
-1083.69
-2539.84
-3822.58
-4108.33
-3504.53
-2733.62
-2478.76
-2928.11
-3711.65
-4180.65
-3915.96
-3106.44
-2333.43
-1957.8
-1827.92
-1667.14
-1410.17
-1118.09
-734.748
-152.708
557.114
1176.37
1483.89
1394.72
1113.18
1084.39
1669.24
2662.01
3291.79
2977.25
1994.31
1203.75
1184.09
1797.02
2450.68
2564.42
1896.02
805.658
44.5821
62.1346
571.859
877.272
639.962
77.5807
-474.269
-849.19
-924.315
-597.137
-25.6278
385.802
415.29
189.214
-59.3286
-121.113
225.022
1048.58
1989.4
2455.59
2251.98
1849.68
1702.94
1678.37
1475.46
1190.41
1152.49
1368.04
1526.71
1365.23
724.214
-317.701
-1297.13
-1606.05
-1094.92
-453.206
-612.583
-1721.9
-2974.44
-3484.87
-3131.71
-2449.27
-2053.99
-2281.47
-2978.66
-3547.36
-3463.11
-2781.37
-2058.2
-1724.01
-1677.67
-1574.46
-1325.92
-1040.86
-715.089
-240.47
330.336
810.572
1071.05
1022.61
729.129
571.156
1003.65
1972.55
2720.28
2493.5
1438.25
500.244
444.076
1171.45
2003.44
2272.34
1693.11
580.284
-276.277
-290.319
340.868
865.336
800.041
331.039
-120.411
-380.188
-441.973
-246.789
208.873
683.492
911.674
861.123
665.238
512.18
655.408
1265.53
2115.07
2635.33
2470.33
1914.27
1427.72
1108.96
894.824
856.911
1075.97
1283.79
1139.15
571.156
-279.086
-1140.56
-1672.05
-1591.31
-1030.33
-684.197
-1231.13
-2488.59
-3483.47
-3489.08
-2705.54
-1901.64
-1707.86
-2272.34
-3149.27
-3531.21
-2955.49
-1774.56
-861.828
-728.429
-1074.56
-1265.53
-1003.65
-401.953
341.57
1026.12
1411.57
1405.95
1189.71
1002.95
988.905
1257.81
1846.17
2479.46
2557.39
1739.45
538.86
-54.4139
369.654
1264.13
1782.28
1461.42
392.823
-821.808
-1347.68
-830.936
128.834
525.52
5.26453
-857.615
-1335.04
-1188.3
-589.413
173.066
749.49
874.463
657.515
522.712
726.32
1221.3
1875.66
2599.52
3171.03
3272.13
2765.92
1814.57
925.014
687.003
1333.64
2347.47
2723.09
1839.15
47.3905
-1572.35
-2079.97
-1405.25
-366.848
-83.2
-1132.14
-2970.93
-4288.77
-4202.42
-3098.01
-2144.56
-2138.95
-2967.42
-3949.66
-4340.03
-3784.67
-2567.23
-1453.7
-1074.56
-1331.53
-1625.01
-1495.12
-871.657
110.579
1206.56
1967.63
2031.52
1569.54
1178.47
1343.47
2081.37
3034.82
3679.35
3497.51
2414.87
1163.73
817.593
1641.86
2709.05
2888.79
1943.06
516.393
-563.436
-753.705
-89.5188
717.895
701.045
-374.571
-1649.58
-2116.48
-1687.5
-1021.91
-578.882
-394.932
-503.055
-863.934
-1064.73
-683.495
142.876
908.866
1407.36
1724
1823
1673.45
1441.06
1355.4
1428.42
1550.58
1715.58
1852.49
1713.47
1127.22
271.36
-402.655
-628.731
-514.289
-345.785
-479.184
-1151.09
-2155.09
-2878.26
-2885.28
-2435.23
-2136.84
-2320.79
-2855.79
-3340.24
-3402.02
-2955.49
-2270.24
-1771.05
-1671.35
-1765.43
-1677.67
-1256.41
-635.752
16.4981
603.453
1005.05
1141.96
1134.24
1195.32
1464.23
1907.95
2395.21
2748.37
2704.13
2175.45
1545.67
1412.97
1871.44
2343.25
2281.47
1692.41
927.823
353.506
215.192
489.011
754.404
509.372
-219.407
-860.424
-991.716
-743.875
-416.697
-94.4335
162.535
163.939
-63.5412
-163.239
150.599
776.169
1438.95
1968.33
2191.6
1742.26
613.282
-329.637
-119.007
1107.56
2177.56
2114.37
877.272
-863.934
-2053.99
-1915.68
-712.281
300.146
-42.4782
-1674.86
-3312.15
-3750.97
-2979.36
-1952.19
-1568.14
-2069.44
-3112.06
-3940.53
-3842.24
-2826.3
-1665.73
-1146.88
-1365.94
-1767.54
-1832.83
-1419.29
-556.415
590.815
1534.44
1723.3
1205.85
687.705
798.637
1627.11
2775.75
3614.76
3610.54
2697.11
1549.18
1203.05
2036.44
3209.64
3481.36
2547.57
1200.94
366.846
395.632
1048.58
1633.43
1424.21
326.124
-850.594
-1160.22
-578.18
97.9416
266.445
5.96663
-355.614
-635.752
-663.836
-268.554
404.057
936.248
1090.01
999.437
899.739
750.192
390.717
71.2618
207.469
726.32
1051.39
799.339
128.834
-682.793
-1340.66
-1481.78
-1056.31
-588.711
-765.64
-1700.13
-2751.18
-3177.35
-2900.02
-2411.36
-2197.22
-2393.81
-2895.11
-3398.51
-3450.47
-2922.49
-2220.39
-1827.92
-1811.77
-1828.62
-1615.88
-1235.34
-767.747
-159.027
527.626
990.31
1077.37
1052.09
1196.73
1518.29
1955.7
2459.1
2838.94
2797.51
2298.32
1834.23
1924.8
2438.74
2769.43
2568.63
2023.8
1465.63
1111.07
1105.45
1353.29
1448.78
1080.18
417.397
-23.5215
-1.75646
221.511
343.676
397.738
474.267
492.521
391.419
377.377
632.941
1059.82
1490.2
1820.89
1872.85
1257.11
126.026
-562.032
-56.5202
1137.05
1741.56
1132.84
-314.191
-1740.86
-2316.58
-1759.11
-666.644
-194.132
-1062.63
-2750.47
-3856.98
-3602.82
-2580.57
-1929.02
-2124.2
-2896.51
-3746.75
-4104.12
-3597.91
-2538.44
-1731.03
-1705.05
-2164.22
-2372.75
-2007.65
-1297.83
-506.566
246.787
698.938
596.432
266.445
382.994
1105.45
1951.48
2435.93
2492.8
2255.49
1808.26
1480.37
1776.66
2603.73
3056.59
2559.5
1700.83
1343.47
1538.65
1846.87
2027.31
1945.16
1468.44
794.424
528.328
946.077
1483.18
1450.18
972.055
720.704
924.312
1238.85
1433.33
1567.44
1627.82
1556.9
1517.59
1692.41
1734.53
1159.52
255.212
-86.0084
392.823
904.653
677.173
-236.96
-1307.66
-2042.76
-2134.73
-1698.73
-1323.81
-1676.26
-2757.5
-3702.52
-3710.24
-3002.53
-2497.72
-2656.39
-3147.86
-3536.83
-3635.82
-3307.94
-2592.5
-1878.47
-1628.52
-1823
-1898.83
-1490.21
-810.575
-192.727
345.08
817.593
975.565
804.955
778.276
1211.47
1819.49
2123.5
2076.46
1927.61
1722.6
1433.33
1356.1
1720.49
2061.71
1747.17
977.672
517.797
574.667
760.021
826.018
760.021
504.457
41.7737
-290.319
-94.4335
458.118
785.297
698.236
588.709
793.722
1160.22
1467.74
1780.17
2149.48
2465.42
2629.01
2560.91
2124.9
1469.14
1093.52
1382.78
2029.42
2223.2
1485.99
93.729
-1087.2
-1389.1
-956.611
-510.076
-747.386
-1794.92
-3048.87
-3635.12
-3271.43
-2586.18
-2447.17
-3033.42
-3816.26
-4206.63
-3962.3
-3270.03
-2553.18
-2226.01
-2422.59
-2743.45
-2580.57
-1791.41
-805.66
-107.773
209.575
253.106
162.535
258.02
844.975
1749.98
2383.98
2358
1936.04
1624.31
1594.11
1833.53
2267.43
2626.9
2430.31
1636.94
953.098
971.353
1442.46
1703.64
1460.01
900.441
340.868
69.1556
305.061
837.252
1082.28
745.979
258.722
241.17
742.469
1301.34
1560.41
1566.03
1529.52
1596.92
1759.11
1773.15
1403.85
865.336
642.771
913.781
1261.32
1123.71
338.06
-751.598
-1484.59
-1507.76
-1159.52
-1084.39
-1621.5
-2553.89
-3284.07
-3389.38
-3008.85
-2685.18
-2787.69
-3185.07
-3517.87
-3490.49
-3089.59
-2563.72
-2131.93
-1877.06
-1785.09
-1677.67
-1325.92
-708.77
-42.4782
493.223
873.059
1035.24
1026.82
1130.03
1590.6
2242.85
2614.26
2524.4
2256.19
2046.97
1889.7
1873.55
2091.2
2228.81
1857.4
1166.54
736.852
709.47
797.934
761.425
555.008
206.767
-208.174
-449.696
-317.701
46.6884
297.338
291.019
277.679
470.756
774.765
1072.46
1391.91
1797.02
2183.18
2310.96
1883.38
1140.56
766.34
1129.33
1825.81
2082.07
1500.03
255.914
-957.313
-1354
-850.594
-248.193
-453.908
-1666.43
-3093.1
-3663.2
-3185.78
-2449.27
-2332.73
-2987.78
-3897
-4438.32
-4183.46
-3326.2
-2579.16
-2463.32
-2844.56
-3091.69
-2711.16
-1809.66
-864.636
-241.172
15.796
97.2395
226.426
637.154
1355.4
2114.37
2579.16
2601.63
2405.04
2358.7
2525.1
2735.73
2940.04
3060.8
2838.94
2213.37
1692.41
1732.43
2031.52
2002.74
1517.59
914.483
515.691
363.335
455.31
712.98
821.806
563.433
198.342
220.107
670.152
1080.18
1165.83
1123.01
1203.05
1449.48
1660.81
1490.2
969.247
518.499
523.414
899.739
1150.39
873.059
15.0939
-1010.67
-1551.99
-1407.36
-1030.33
-1057.01
-1759.81
-2738.54
-3312.86
-3275.64
-2966.02
-2833.32
-3010.25
-3397.81
-3802.92
-3876.64
-3455.38
-2810.15
-2394.51
-2376.26
-2494.91
-2350.98
-1840.55
-1126.52
-420.91
79.687
296.636
325.422
474.969
958.013
1636.94
2177.56
2334.13
2249.88
2216.17
2237.24
2255.49
2390.3
2654.28
2693.6
2275.85
1770.34
1613.07
1712.07
1747.87
1593.41
1333.64
1045.78
742.469
603.453
726.32
925.716
962.928
879.378
959.417
1233.24
1419.99
1417.89
1497.93
1863.02
2251.28
2032.22
1175.66
505.159
603.453
1250.09
1695.22
1418.59
401.951
-855.509
-1529.52
-1260.62
-654.007
-620.306
-1544.97
-2889.49
-3592.29
-3304.43
-2718.18
-2652.18
-3201.92
-3852.77
-4229.8
-4133.61
-3545.25
-2869.83
-2621.99
-2889.49
-3138.03
-2793.3
-1961.32
-1213.58
-787.405
-535.352
-324.02
-149.197
144.28
742.469
1429.82
1843.36
1882.68
1795.62
1877.06
2084.18
2226
2348.17
2520.18
2518.78
2122.09
1650.28
1599.73
1853.89
1924.1
1648.88
1250.09
991.714
908.866
969.247
1141.26
1256.41
1164.43
980.48
1018.39
1421.4
1849.68
1945.87
1823
1848.27
2143.86
2256.9
1741.56
1024.01
773.361
1085.09
1474.06
1423.5
781.084
-316.999
-1297.13
-1526.01
-1130.73
-874.466
-1377.17
-2569.33
-3583.87
-3702.52
-3173.84
-2802.43
-3053.08
-3637.93
-4130.8
-4262.09
-3845.05
-3070.63
-2457.7
-2390.3
-2687.29
-2717.48
-2117.88
-1217.79
-493.928
-83.9021
134.451
253.106
373.164
777.574
1483.89
2084.88
2215.47
1995.72
1888.29
2018.18
2120.69
2141.75
2237.24
2298.32
2017.48
1461.42
1111.07
1170.75
1316.08
1198.13
819.699
478.479
345.08
352.804
479.884
731.937
988.203
1100.54
1115.28
1279.57
1650.98
1980.97
2188.09
2432.42
2779.96
2675.35
1890.4
1238.15
1437.55
2129.11
2400.12
1875.66
774.063
-352.104
-891.316
-696.132
-382.294
-615.391
-1568.84
-2843.85
-3552.27
-3336.03
-2848.07
-2940.74
-3661.1
-4354.07
-4622.97
-4433.41
-3927.19
-3406.94
-3193.5
-3364.11
-3570.53
-3225.09
-2251.98
-1295.73
-825.319
-693.324
-474.971
-52.3076
505.861
1169.34
1771.75
2101.73
2108.05
2084.18
2370.64
2791.9
2888.79
2668.33
2550.37
2605.84
2531.42
2262.51
2042.76
1907.25
1692.41
1375.06
1084.39
970.651
917.993
764.936
555.71
474.969
592.921
776.169
972.055
1217.09
1386.29
1351.89
1294.32
1568.14
2091.9
2098.92
1388.4
762.829
889.909
1467.03
1730.32
1344.17
446.885
-520.608
-988.206
-825.319
-533.948
-684.899
-1535.84
-2675.35
-3237.03
-3001.83
-2632.52
-2818.58
-3428.7
-3908.94
-4062
-3894.19
-3490.49
-3050.27
-2827
-2919.68
-3025
-2629.01
-1768.24
-1021.2
-682.09
-515.693
-201.153
186.406
577.475
1048.58
1535.14
1831.42
1853.19
1835.64
2006.95
2178.26
2119.28
2016.08
2093.31
2156.5
1919.19
1514.08
1285.89
1250.79
1179.88
962.226
708.768
597.836
557.817
507.265
543.072
745.277
1016.99
1180.58
1346.27
1646.07
1981.67
2225.3
2412.06
2610.75
2487.18
1953.59
1570.24
1839.85
2451.38
2610.75
1995.72
889.207
-56.5202
-331.743
-57.2223
48.0926
-503.055
-1609.56
-2739.94
-3225.09
-3010.25
-2750.47
-3126.8
-4031.1
-4787.26
-5000
-4672.12
-4132.21
-3791.69
-3833.11
-4055.68
-4027.59
-3426.6
-2419.79
-1608.16
-1278.87
-1156.01
-783.193
-81.0937
753.702
1507.76
1962.01
2121.39
2223.9
2563.71
3131.71
3513.65
3416.06
3085.37
2943.55
3038.33
3099.42
2970.23
2655.69
2187.39
1709.96
1390.51
1222.7
1102.65
864.634
486.905
154.812
102.154
328.23
514.286
505.159
426.524
434.247
576.071
892.016
1351.89
1469.84
914.483
281.892
419.503
1276.06
1956.4
1846.87
1035.24
84.6017
-364.04
-98.6461
372.462
412.482
-222.216
-1312.58
-2097.52
-2111.56
-1756.3
-1851.79
-2570.74
-3309.35
-3680.76
-3682.16
-3485.57
-3283.37
-3242.65
-3453.28
-3710.95
-3575.44
-2885.28
-2152.99
-1856.7
-1841.26
-1647.48
-1158.11
-594.328
-40.3719
457.416
774.765
887.101
1036.65
1500.03
2053.29
2210.56
1997.12
1900.93
2145.96
2459.8
2551.08
2431.02
2216.17
1979.57
1790
1702.94
1767.53
1842.66
1693.11
1380.68
1251.49
1491.61
1799.83
1832.83
1710.66
1679.07
1842.66
2067.33
2251.98
2063.82
1329.42
670.152
759.319
1485.99
1932.53
1544.97
465.842
-617.497
-974.866
-550.096
-108.476
-385.805
-1359.62
-2494.91
-3032.72
-2740.65
-2216.18
-2277.96
-3092.4
-4019.87
-4439.72
-4156.08
-3492.59
-3065.72
-3168.22
-3592.99
-3795.9
-3373.94
-2416.98
-1580.78
-1348.38
-1491.61
-1414.38
-811.979
87.4101
883.591
1247.98
1209.36
1118.79
1355.4
1997.82
2610.05
2713.26
2381.87
2115.77
2171.24
2358.7
2497.01
2497.72
2302.53
1936.74
1565.33
1365.23
1391.91
1505.65
1457.91
1212.17
990.31
1019.8
1219.19
1398.23
1499.33
1509.86
1491.61
1568.84
1861.61
1997.12
1500.03
788.105
665.238
1259.92
1816.68
1707.85
915.887
-111.284
-690.516
-499.545
-17.9047
20.7107
-648.39
-1773.15
-2584.08
-2560.91
-2080.67
-2011.16
-2659.2
-3480.66
-3970.72
-3977.74
-3598.61
-3175.95
-3064.31
-3351.47
-3720.78
-3616.86
-2841.75
-1936.04
-1548.48
-1643.97
-1653.09
-1239.56
-562.734
134.451
646.281
864.634
891.314
1001.54
1434.04
1969.04
2148.77
1965.53
1846.87
2037.84
2311.66
2391
2242.15
1989.4
1773.15
1681.18
1687.49
1740.15
1739.45
1550.58
1289.4
1276.06
1640.45
2064.52
2181.77
2042.76
1914.97
1990.1
2244.96
2525.1
2395.91
1702.94
1050.69
1058.41
1607.45
1919.89
1532.33
527.626
-508.672
-870.955
-532.543
-224.322
-565.542
-1483.19
-2500.53
-2982.17
-2743.45
-2332.02
-2480.87
-3248.96
-4004.42
-4311.24
-4104.82
-3630.2
-3274.24
-3272.84
-3576.85
-3784.67
-3443.45
-2563.01
-1765.43
-1521.1
-1599.73
-1469.85
-939.059
-191.323
526.222
955.205
1022.61
937.652
1083.69
1628.52
2182.47
2237.94
1929.72
1789.3
1980.27
2191.6
2230.22
2133.33
1898.83
1597.63
1408.76
1415.08
1526.01
1566.73
1393.31
1130.03
1099.13
1423.5
1846.87
2047.67
2013.27
1909.36
1905.14
2141.75
2555.29
2625.5
2038.54
1339.95
1265.53
1815.98
2232.32
1993.61
1115.99
75.4744
-439.866
-246.789
81.0912
-103.561
-917.294
-1968.34
-2577.76
-2488.59
-2159.31
-2310.26
-3052.38
-3816.96
-4177.84
-4058.49
-3684.27
-3418.17
-3449.06
-3720.78
-3895.6
-3604.93
-2855.79
-2132.63
-1888.3
-1971.14
-1889
-1410.17
-674.367
48.0926
497.436
590.113
531.137
716.491
1338.55
1964.82
2091.2
1818.79
1679.07
1908.66
2235.83
2393.81
2299.02
2002.03
1681.88
1514.78
1549.88
1683.28
1719.09
1503.54
1181.98
1126.52
1479.67
1949.38
2161.41
2099.63
1929.72
1913.57
2164.22
2567.22
2555.99
1901.63
1257.11
1255.7
1808.96
2176.15
1928.31
1035.95
15.0939
-397.038
-97.2419
248.191
-28.4362
-901.848
-1901.64
-2391.7
-2200.03
-1911.47
-2158.6
-2927.4
-3635.12
-3907.53
-3728.5
-3350.07
-3171.03
-3344.45
-3713.75
-3840.13
-3398.51
-2583.37
-2040.65
-2061.01
-2193.71
-1926.21
-1255
-542.373
-55.8181
107.771
97.2395
191.321
592.219
1212.17
1629.22
1549.88
1219.9
1196.73
1559.71
1908.66
1954.29
1763.32
1500.74
1297.13
1258.51
1373.66
1513.37
1516.88
1352.59
1163.73
1222.7
1599.03
2013.97
2158.6
2045.56
1949.38
2068.03
2409.95
2841.04
2856.49
2200.73
1450.89
1333.64
1877.76
2328.51
2180.37
1357.51
283.296
-309.978
-167.452
186.406
60.7304
-680.686
-1707.16
-2397.32
-2367.13
-1991.51
-1997.82
-2625.5
-3441.34
-3953.17
-3916.66
-3424.49
-2956.89
-2928.11
-3326.2
-3677.95
-3468.72
-2657.1
-1837.75
-1577.97
-1731.03
-1742.96
-1311.17
-597.839
73.3681
392.823
362.633
292.423
504.457
1053.5
1580.77
1648.18
1300.64
1052.8
1234.64
1610.97
1811.06
1716.28
1346.27
940.461
818.997
1043.67
1346.98
1404.55
1126.52
743.171
696.832
1184.09
1846.87
2153.69
2067.33
1927.61
2043.46
2455.59
2978.65
3109.95
2453.48
1643.26
1557.61
2270.94
2874.74
2674.65
1749.28
561.327
-89.5188
90.9206
557.114
463.033
-415.293
-1601.84
-2402.23
-2376.26
-1917.08
-1883.38
-2617.08
-3570.53
-4085.87
-3985.47
-3511.55
-3159.1
-3260.2
-3745.35
-4136.42
-3910.34
-3015.87
-2100.33
-1872.85
-2180.37
-2256.9
-1674.86
-766.342
-44.5845
235.553
195.533
180.789
462.331
1081.58
1745.07
1929.72
1499.33
1073.16
1211.47
1740.85
2046.97
1954.99
1639.75
1264.83
1087.2
1181.98
1422.8
1500.74
1256.41
867.442
722.108
1103.35
1734.53
2031.52
1809.66
1463.52
1443.87
1859.51
2478.06
2947.76
2679.56
1679.77
941.865
1264.83
2303.23
2831.21
2342.55
1172.15
71.9639
-198.344
280.487
726.32
418.099
-643.475
-1821.6
-2360.81
-2009.76
-1466.34
-1685.39
-2682.37
-3636.52
-3922.98
-3548.76
-3008.14
-2828.41
-3152.08
-3694.1
-3892.09
-3388.68
-2410.66
-1752.09
-1879.87
-2297.62
-2193.71
-1388.4
-425.122
117.6
81.7933
-137.964
-73.3706
438.46
1173.56
1582.18
1354.7
807.764
670.152
1201.64
1848.27
1994.31
1545.67
966.438
795.828
1083.69
1453.69
1585.69
1398.93
1017.69
721.406
873.059
1495.12
2051.88
2095.41
1790
1660.81
1987.29
2555.99
3039.74
3133.82
2471.04
1543.56
1330.83
2091.2
2962.51
2880.36
1900.23
652.6
-17.2026
274.871
849.89
797.934
-103.561
-1362.42
-2226.01
-2237.24
-1679.07
-1489.5
-2260.41
-3410.45
-4052.87
-3916.66
-3341.64
-2975.85
-3171.03
-3697.61
-4079.55
-3880.85
-3079.06
-2192.31
-1905.85
-2266.03
-2513.87
-2028.72
-1035.25
-224.322
-1.05436
-196.238
-256.618
80.3891
752.298
1462.12
1714.88
1285.89
682.088
796.53
1584.99
2231.62
2141.75
1526.01
985.395
934.142
1388.4
1812.47
1773.15
1306.96
806.36
712.98
1177.77
1891.1
2229.51
1894.61
1377.17
1365.93
1963.42
2642.35
2978.65
2873.34
2159.3
1257.11
1107.56
1926.21
2744.86
2497.72
1418.59
342.272
-124.624
211.682
679.28
504.457
-406.166
-1552.69
-2226.01
-2080.67
-1487.4
-1412.98
-2363.62
-3532.61
-3905.43
-3482.76
-2896.51
-2724.5
-3072.74
-3552.97
-3772.73
-3460.3
-2694.31
-1936.74
-1736.64
-2085.59
-2256.2
-1702.94
-742.471
-87.4126
1.75404
-210.982
-228.534
141.472
781.084
1385.59
1470.55
937.652
385.1
585.9
1431.23
2007.65
1745.77
985.395
499.542
684.896
1234.64
1551.99
1413.68
1010.67
695.428
759.319
1259.92
1884.78
2112.97
1828.62
1518.29
1723.3
2379.06
2965.31
3179.45
3081.16
2568.63
1831.42
1679.07
2331.32
3043.25
2861.4
1881.98
846.379
279.785
411.078
735.448
524.116
-311.382
-1372.96
-2117.88
-2197.92
-1845.47
-1787.19
-2539.84
-3605.63
-4111.84
-3906.83
-3458.89
-3260.2
-3502.42
-3891.39
-4086.57
-3867.51
-3212.46
-2477.36
-2180.37
-2423.3
-2575.65
-2058.2
-1069.65
-328.935
-207.471
-443.377
-430.037
102.154
884.995
1519.69
1680.47
1306.96
833.039
927.121
1637.64
2249.17
2091.2
1432.63
1002.95
1150.39
1631.33
1900.23
1768.24
1326.62
898.335
862.528
1286.6
1844.06
2101.73
1889.7
1490.91
1439.65
1919.89
2506.84
2699.22
2572.84
2459.1
2150.18
1714.17
1687.49
2107.35
2424.7
2068.03
1377.17
809.168
508.67
481.99
417.397
62.8367
-559.223
-1274.66
-1813.17
-1940.95
-1821.6
-1967.63
-2667.63
-3460.3
-3727.8
-3512.95
-3260.9
-3271.43
-3474.34
-3608.44
-3607.04
-3423.79
-2979.36
-2421.89
-2155.09
-2301.83
-2359.41
-1849.68
-991.014
-433.547
-388.613
-481.992
-272.767
214.49
747.383
1186.9
1318.19
1001.54
628.729
855.507
1528.12
1872.85
1556.9
1053.5
910.27
1160.92
1526.01
1617.99
1353.29
1028.22
941.865
1111.77
1403.85
1683.28
1814.57
1695.92
1563.22
1765.43
2222.49
2531.42
2556.69
2618.48
2810.15
2567.22
1940.25
1735.94
2167.03
2612.86
2367.13
1677.66
994.522
498.84
361.931
382.994
197.64
-365.444
-1238.86
-2009.06
-2235.84
-2023.8
-1985.19
-2574.25
-3416.06
-3842.24
-3756.58
-3484.87
-3360.6
-3476.44
-3654.08
-3786.77
-3718.67
-3265.11
-2589.69
-2200.73
-2345.36
-2498.42
-2027.31
-1106.16
-461.631
-380.89
-454.61
-218.705
288.913
828.827
1318.19
1550.58
1361.72
1051.39
1199.54
1776.66
2084.88
1828.62
1389.1
1277.47
1501.44
1727.51
1716.98
1490.91
1249.38
1125.11
1128.62
1260.62
1469.14
1580.77
1500.03
1344.17
1400.34
1714.88
1982.38
2037.14
2058.2
2256.19
2398.72
2048.37
1551.99
1501.44
1857.4
2119.99
1878.46
1335.04
689.811
161.833
24.9233
116.898
16.4981
-526.927
-1347.68
-1958.51
-2058.2
-1899.53
-1990.8
-2607.25
-3354.28
-3657.59
-3484.87
-3201.92
-3147.86
-3319.88
-3489.78
-3570.53
-3409.04
-2888.09
-2308.85
-2138.24
-2373.45
-2346.07
-1681.88
-841.467
-415.995
-373.869
-299.446
24.2212
480.586
972.055
1415.08
1563.22
1335.04
1083.69
1345.57
1946.57
2237.24
2002.74
1602.54
1460.01
1563.92
1720.49
1761.92
1594.82
1317.49
1100.54
1045.78
1232.53
1522.5
1631.33
1437.55
1211.47
1368.74
1818.79
2098.92
2134.03
2195.81
2330.62
2183.18
1625.01
1323.81
1535.14
1873.55
1880.57
1439.65
821.104
208.873
-119.007
-95.1356
-86.0084
-437.058
-1151.09
-1917.08
-2279.37
-2171.94
-2075.76
-2453.49
-3203.33
-3708.84
-3667.42
-3432.91
-3376.75
-3532.61
-3689.18
-3749.56
-3690.59
-3333.22
-2738.54
-2302.54
-2286.39
-2355.89
-2005.55
-1224.81
-510.076
-213.088
-157.622
-4.56486
395.632
929.929
1482.48
1845.47
1823.7
1620.09
1688.9
2188.79
2603.73
2486.48
2056.1
1781.58
1899.53
2166.33
2247.07
2015.37
1601.14
1330.13
1325.91
1455.8
1551.29
1505.65
1314.68
1139.15
1167.94
1457.21
1716.28
1667.13
1502.14
1520.39
1768.94
2010.46
1832.83
1263.43
819.699
846.379
1243.77
1384.89
1005.76
298.742
-429.335
-758.619
-658.921
-507.268
-749.492
-1506.35
-2359.41
-2704.14
-2501.23
-2272.34
-2534.23
-3192.8
-3692.69
-3772.03
-3567.02
-3321.98
-3232.82
-3297.41
-3443.45
-3452.57
-2993.4
-2216.88
-1695.22
-1722.6
-1835.64
-1420.7
-571.159
119.707
382.292
456.012
628.729
960.119
1368.74
1874.95
2266.73
2218.98
1851.79
1738.75
2148.07
2574.25
2493.5
2088.39
1837.74
1832.83
1841.25
1745.07
1637.64
1497.93
1252.19
999.437
932.737
1096.33
1247.28
1194.62
1050.69
1048.58
1248.68
1437.55
1476.16
1500.03
1648.18
1859.51
1929.02
1583.58
1070.35
848.486
1031.03
1363.12
1318.19
797.232
-25.6278
-702.451
-797.235
-584.499
-630.135
-1205.86
-2077.16
-2685.18
-2718.88
-2466.83
-2515.97
-3093.8
-3777.65
-4042.34
-3868.92
-3550.17
-3372.53
-3398.51
-3498.21
-3550.17
-3329
-2702.03
-1975.36
-1646.07
-1742.26
-1681.88
-1064.73
-175.175
433.545
600.645
616.793
830.933
1313.98
1917.08
2434.53
2561.61
2267.43
2018.18
2301.13
2885.98
3013.76
2513.16
2002.74
1908.66
2104.54
2203.54
2050.48
1720.49
1318.89
1071.75
1044.37
1123.01
1158.81
1005.05
752.298
630.133
790.913
1061.92
1140.56
1004.35
932.737
1070.35
1266.94
1478.97
1602.54
1289.4
656.11
314.89
621.005
1113.88
1042.97
383.696
-475.673
-1040.16
-1044.37
-807.766
-821.106
-1344.17
-2239.35
-2894.4
-2898.62
-2520.19
-2428.21
-2916.17
-3531.21
-3783.26
-3598.61
-3192.8
-2916.17
-2933.72
-3083.97
-3123.99
-2790.49
-2073.65
-1360.32
-1102.65
-1212.18
-1094.92
-465.142
338.762
856.209
1005.05
1029.63
1211.47
1595.52
2095.41
2549.67
2640.24
2276.56
1893.21
2027.31
2485.08
2666.22
2356.59
1908.66
1673.45
1643.26
1682.58
1626.41
1450.89
1135.64
786.701
655.408
809.87
1009.97
948.184
646.281
444.779
585.9
920.802
1121.6
1071.75
999.437
1054.9
1185.49
1385.59
1469.84
1028.93
367.548
120.409
506.563
943.971
722.81
-64.9454
-990.312
-1443.87
-1267.64
-986.099
-1086.5
-1689.6
-2553.89
-3077.65
-2924.6
-2471.04
-2422.59
-2963.21
-3534.02
-3642.14
-3290.39
-2787.69
-2548.97
-2628.31
-2735.03
-2657.8
-2218.28
-1499.33
-908.869
-800.745
-941.867
-725.621
-3.16066
792.318
1174.26
1113.18
1001.54
1239.55
1747.17
2228.11
2477.36
2348.87
1982.38
1804.74
2162.11
2678.16
2675.35
2077.16
1436.14
1318.89
1615.18
1847.57
1726.81
1311.87
861.123
613.282
720.704
998.735
1033.14
689.811
267.147
156.918
456.012
831.635
860.421
552.902
281.189
344.378
625.92
876.57
989.607
830.231
246.085
-405.463
-497.438
1.75404
425.12
129.536
-677.176
-1368.04
-1554.1
-1273.26
-1007.86
-1152.5
-1712.77
-2392.4
-2680.26
-2358.7
-1844.77
-1815.28
-2388.89
-2938.64
-2883.17
-2334.13
-1823.7
-1729.62
-1937.44
-2011.16
-1789.3
-1346.98
-778.98
-286.107
-144.283
-305.765
-241.172
361.931
1113.18
1410.87
1193.92
960.821
1145.47
1669.24
2124.9
2261.81
2041.35
1635.54
1424.21
1681.88
2136.14
2161.41
1636.94
1066.14
950.992
1260.62
1511.27
1349.78
903.249
542.37
452.502
526.924
634.345
677.875
505.159
174.47
-50.9034
63.5388
404.057
538.86
321.209
23.5191
-20.011
206.767
485.5
661.727
639.26
189.214
-538.16
-816.191
-400.549
252.403
332.443
-335.254
-1127.92
-1488.1
-1201.64
-724.216
-662.432
-1080.18
-1742.26
-2229.52
-2111.56
-1497.23
-1059.82
-1369.45
-2152.99
-2553.18
-2189.5
-1471.95
-1040.86
-1207.96
-1570.95
-1667.14
-1369.45
-729.131
-102.859
95.8353
-236.96
-533.948
-167.452
715.087
1365.23
1292.21
826.018
637.856
997.331
1557.61
1946.57
1949.38
1556.2
1109.67
1133.54
1735.24
2268.13
2112.26
1397.53
844.975
891.314
1349.08
1588.5
1314.68
780.382
357.016
286.104
486.202
701.747
561.327
-43.8824
-616.093
-646.986
-226.428
68.4535
-159.027
-658.921
-906.762
-736.152
-391.421
-159.027
-153.41
-300.851
-406.868
-413.889
-419.505
-385.103
-302.957
-223.62
-239.768
-278.384
-275.575
-380.188
-483.396
-450.398
-399.847
-443.377
-635.05
-838.659
-857.615
-701.749
-646.283
-878.678
-1150.39
-1140.56
-960.122
-856.913
-847.084
-884.997
-860.424
-764.938
-649.794
-476.375
-258.725
-113.39
-133.751
-101.455
198.342
563.433
689.109
606.963
566.242
708.768
958.715
1152.49
1257.81
1259.92
1147.58
1033.14
1135.64
1429.82
1488.8
1101.94
659.621
589.411
786.701
902.547
715.789
328.23
-37.5635
-224.322
-230.641
-220.811
-305.765
-499.545
-753.003
-888.508
-802.149
-646.283
-625.923
-768.449
-855.509
-731.94
-502.353
-323.318
-175.877
-5.96905
178.683
363.335
458.118
391.419
318.401
448.991
773.361
991.714
940.461
709.47
408.269
272.062
387.206
517.095
451.8
122.515
-291.021
-495.332
-388.613
-236.258
-429.335
-887.103
-1197.43
-1230.43
-1151.79
-1094.22
-1100.54
-1156.71
-1263.43
-1325.21
-1177.77
-832.34
-587.307
-658.219
-800.745
-639.262
-213.79
120.409
218.703
228.532
335.953
564.838
822.508
1045.78
1152.49
1055.6
879.378
922.908
1250.09
1456.5
1230.43
816.189
622.41
701.747
718.597
536.754
279.083
39.6674
-108.476
-196.238
-239.768
-321.212
-517.799
-760.726
-940.463
-930.634
-760.023
-701.749
-828.829
-903.252
-774.768
-567.648
-455.312
-359.125
-170.26
26.3275
243.276
535.349
899.739
1120.9
901.845
602.049
702.449
1219.9
1688.2
1632.73
1197.43
750.894
670.854
973.459
1208.66
1079.48
613.282
32.6464
-300.851
-159.729
142.876
43.1779
-573.967
-1191.81
-1327.32
-1076.67
-805.66
-870.955
-1220.6
-1516.89
-1568.14
-1316.79
-906.762
-668.049
-844.275
-1167.24
-1101.95
-576.074
-75.4769
-15.7984
-289.617
-476.375
-271.363
176.577
528.328
557.817
268.552
-73.3706
-116.199
268.552
689.811
655.408
155.514
-328.233
-406.166
-53.0097
299.444
234.851
-166.75
-575.371
-671.559
-461.631
-143.58
-7.37325
-287.511
-699.643
-759.321
-375.975
95.1332
227.83
24.2212
-135.155
3.15823
396.334
785.999
981.884
992.416
926.419
1046.48
1471.95
1972.55
2168.43
1764.72
1194.62
1124.41
1655.2
2225.3
2195.81
1611.67
877.974
493.926
681.386
1040.86
991.012
347.187
-524.118
-993.12
-769.151
-292.425
-335.254
-1094.92
-1884.79
-2064.52
-1719.79
-1339.26
-1311.87
-1641.86
-2038.55
-2210.56
-1992.21
-1495.12
-1123.71
-1212.88
-1586.39
-1655.2
-1199.54
-618.902
-366.848
-474.971
-664.538
-644.177
-354.21
76.1765
397.738
344.378
-8.07535
-211.684
103.558
664.536
889.909
616.793
228.532
137.259
356.314
588.709
683.492
578.177
324.018
106.367
114.09
375.973
575.369
527.626
304.359
130.94
208.171
442.672
558.519
491.819
403.355
441.268
592.219
774.063
951.694
1012.07
929.227
897.632
1059.82
1378.57
1613.07
1635.54
1478.27
1139.86
934.844
1063.33
1362.42
1455.1
1141.26
672.961
293.125
200.448
363.335
421.609
133.749
-390.017
-884.997
-1066.84
-912.379
-780.384
-1038.76
-1615.18
-2027.31
-2030.82
-1830.72
-1703.64
-1831.43
-2124.2
-2314.47
-2292
-2032.23
-1687.5
-1530.23
-1683.99
-1848.28
-1629.22
-1136.35
-782.491
-753.003
-844.275
-783.193
-450.398
-15.7984
293.125
381.59
291.721
228.532
415.29
848.486
1182.68
1141.96
900.441
816.189
994.522
1247.28
1353.29
1241.66
1014.88
875.165
911.674
1049.99
1153.9
1101.94
877.272
623.112
578.88
769.148
879.378
733.341
504.457
429.332
522.712
644.175
698.236
642.068
489.713
378.781
449.693
683.492
873.059
891.314
828.125
778.276
638.558
447.587
449.693
622.41
742.469
632.239
345.783
2.45613
-237.662
-217.301
-126.73
-237.662
-570.457
-986.099
-1275.36
-1287.3
-1147.58
-1195.32
-1555.5
-1956.4
-2097.52
-1989.4
-1823.7
-1788.6
-1919.19
-2031.52
-2020.29
-1839.85
-1509.16
-1203.05
-1131.43
-1225.52
-1141.97
-773.363
-358.423
-140.07
-117.603
-122.518
35.4548
384.398
749.49
950.29
932.035
825.316
866.038
1170.05
1526.71
1592.71
1354
1141.96
1232.53
1528.12
1698.73
1543.56
1200.94
976.97
968.545
1079.48
1115.28
955.907
636.452
330.336
256.616
365.441
390.717
177.981
-150.601
-316.999
-257.321
-154.814
-185.004
-352.104
-531.139
-581.69
-463.738
-263.639
-155.516
-212.386
-309.978
-268.554
-17.9047
315.592
532.541
493.926
168.152
-77.5832
90.9206
523.414
834.444
728.427
346.485
-36.8614
-141.474
112.686
335.953
180.087
-291.723
-771.257
-900.443
-618.199
-334.551
-496.034
-1061.93
-1497.93
-1457.91
-1125.82
-865.338
-934.144
-1257.11
-1478.27
-1410.87
-1075.27
-678.58
-507.268
-667.346
-891.316
-751.598
-235.555
213.788
284.7
74.7723
-78.9874
86.708
481.99
833.741
922.206
719.299
457.416
442.672
789.509
1169.34
1173.56
821.104
506.563
540.966
833.039
1031.73
896.93
522.009
203.959
184.3
413.886
569.05
408.269
16.4981
-302.957
-330.339
-114.794
41.0716
-144.283
-554.308
-762.832
-618.199
-376.677
-284.702
-394.932
-617.497
-757.917
-637.858
-317.701
-68.4559
-53.7118
-177.281
-180.792
82.4954
481.288
769.85
844.273
832.337
764.936
699.641
826.018
1090.01
1335.74
1346.27
1117.39
840.762
710.172
839.358
986.097
891.314
606.261
265.041
12.2855
-15.7984
76.1765
22.817
-326.126
-767.747
-983.993
-956.611
-868.849
-929.229
-1178.47
-1401.74
-1479.68
-1409.47
-1236.05
-1088.61
-1109.67
-1290.11
-1366.64
-1166.54
-839.361
-675.772
-734.046
-845.68
-788.81
-552.202
-281.894
-85.3063
-65.6475
-183.6
-250.3
-63.5412
289.615
466.544
349.995
166.045
205.363
467.246
689.109
684.896
524.818
394.93
392.823
504.457
631.537
628.026
438.46
237.659
197.64
317.699
414.588
315.592
76.1765
-74.7748
-0.352261
127.43
123.217
41.0716
-9.47955
-20.7131
8.07293
124.621
262.935
305.061
283.296
351.399
574.667
830.933
997.331
1063.33
1147.58
1336.44
1587.09
1620.79
1379.27
1226.92
1337.15
1585.69
1655.2
1435.44
1012.78
559.923
423.716
561.327
592.921
304.359
-279.788
-849.19
-1054.91
-917.996
-868.849
-1248.68
-1841.26
-2198.62
-2209.16
-2036.44
-1921.3
-2040.65
-2289.2
-2490
-2452.78
-2118.59
-1741.56
-1649.58
-1839.85
-1877.06
-1514.08
-1012.08
-694.728
-622.412
-675.772
-626.625
-349.296
82.4954
443.374
506.563
319.103
209.575
483.394
981.182
1205.15
1014.18
757.915
766.34
1012.78
1247.28
1313.98
1230.43
1080.88
986.799
1031.03
1171.45
1222.7
1068.24
834.444
771.255
872.357
932.737
818.997
607.666
500.244
501.649
492.521
420.907
341.57
297.338
234.149
161.833
163.939
209.575
204.661
141.472
86.708
88.1122
115.494
140.068
208.873
284.7
309.273
280.487
276.977
385.802
522.009
533.243
278.381
-11.5858
-28.4362
173.066
312.784
182.896
-108.476
-434.25
-631.539
-578.882
-442.675
-460.227
-719.302
-1108.26
-1341.36
-1239.56
-993.822
-969.249
-1246.58
-1538.65
-1594.82
-1447.38
-1218.49
-1101.24
-1172.86
-1318.19
-1361.72
-1157.41
-800.745
-567.648
-635.05
-793.022
-705.26
-374.571
-75.4769
26.3275
-17.9047
-81.7958
-32.6488
169.556
451.097
620.303
538.158
325.422
290.317
564.135
877.974
931.333
754.404
618.899
714.385
996.628
1247.28
1291.51
1146.88
971.353
937.652
1123.01
1365.23
1398.23
1140.56
838.656
756.511
851.294
943.269
854.804
597.134
323.315
161.131
131.642
139.365
70.5597
-156.92
-494.63
-724.919
-707.366
-581.69
-575.371
-733.344
-884.295
-873.764
-727.727
-559.223
-435.654
-365.444
-330.339
-241.172
-19.3089
271.36
446.885
347.889
136.557
126.026
389.313
732.639
864.634
714.385
417.397
199.746
274.871
499.542
544.477
285.402
-145.687
-434.952
-394.23
-160.431
-118.305
-464.44
-928.527
-1128.63
-1024.01
-844.977
-829.531
-1032.44
-1273.96
-1368.04
-1252.19
-1008.57
-840.765
-884.295
-1046.48
-1052.1
-805.66
-507.97
-350.7
-344.381
-378.082
-314.893
-95.8377
198.342
404.759
394.227
242.574
186.406
397.738
724.214
866.74
765.638
610.474
592.219
731.235
899.037
956.609
855.507
703.151
642.068
727.022
868.846
883.591
672.961
403.355
337.357
439.864
524.116
436.353
207.469
-2.45856
-76.179
-5.96905
15.796
-104.263
-271.363
-386.507
-368.252
-236.258
-153.41
-256.618
-463.036
-536.054
-395.634
-209.578
-120.411
-156.218
-203.259
-139.368
29.838
232.745
382.292
423.013
424.418
491.117
660.323
849.188
931.333
801.445
562.731
503.755
694.726
896.93
848.486
604.155
305.763
106.367
123.919
224.319
161.833
-130.943
-504.459
-724.216
-679.984
-532.543
-614.689
-992.418
-1330.83
-1384.19
-1264.83
-1170.75
-1230.43
-1443.87
-1635.54
-1625.71
-1401.04
-1148.28
-1051.39
-1141.26
-1243.07
-1118.8
-797.235
-533.948
-465.844
-512.183
-521.31
-375.273
-90.2209
203.256
346.485
307.869
247.489
372.462
725.618
1034.54
1053.5
906.76
872.357
1034.54
1256.41
1408.76
1431.23
1332.93
1242.36
1288
1462.82
1592.01
1511.27
1257.81
1050.69
1035.24
1106.86
1096.33
929.227
662.429
394.227
236.255
198.342
143.578
-37.5635
-331.743
-615.391
-763.534
-764.236
-775.47
-946.782
-1207.26
-1342.77
-1290.81
-1165.13
-1106.86
-1133.54
-1167.94
-1138.45
-989.61
-758.619
-547.99
-447.589
-399.145
-280.49
-47.3929
210.98
401.248
491.117
542.37
593.624
630.835
718.597
842.869
944.673
936.248
821.806
685.599
561.327
524.116
514.286
396.334
182.896
-17.9047
-128.134
-163.941
-173.771
-265.746
-479.886
-698.941
-738.258
-647.688
-588.711
-636.454
-755.109
-816.191
-768.449
-653.304
-541.671
-489.013
-498.141
-527.629
-474.971
-312.084
-169.558
-144.283
-182.196
-168.856
-66.3496
71.9639
165.343
192.023
158.322
121.111
155.514
279.083
395.632
368.25
251.701
194.831
250.297
364.739
443.374
441.268
370.356
328.23
392.121
513.584
561.327
486.905
377.377
347.187
399.142
424.418
375.973
276.977
149.897
67.0493
38.2632
4.56243
-86.0084
-215.897
-314.191
-388.613
-434.25
-454.61
-522.714
-639.965
-722.11
-716.493
-648.39
-588.711
-567.648
-573.967
-561.329
-493.226
-381.592
-260.831
-138.666
-29.8404
69.1556
193.427
367.548
565.54
714.385
797.934
861.825
982.586
1131.43
1233.94
1245.17
1163.73
1108.26
1124.41
1191.11
1207.96
1110.37
926.419
697.534
542.37
506.563
477.075
335.953
86.708
-170.26
-319.105
-343.679
-352.104
-491.12
-752.3
-969.951
-1068.95
-1087.9
-1102.65
-1186.9
-1318.89
-1417.89
-1422.81
-1340.66
-1263.43
-1257.81
-1325.92
-1350.49
-1238.86
-1078.07
-994.525
-994.525
-1005.06
-954.505
-820.404
-625.22
-435.654
-352.806
-353.508
-317.701
-137.964
123.919
298.742
347.187
382.994
500.244
694.024
891.314
1033.14
1095.62
1092.11
1112.47
1217.79
1378.57
1485.29
1457.21
1373.66
1351.89
1378.57
1363.83
1265.53
1118.79
986.097
876.57
774.063
644.175
453.906
232.745
37.5611
-53.0097
-90.923
-220.811
-467.248
-694.026
-799.341
-821.106
-828.127
-876.572
-970.653
-1080.88
-1123.01
-1048.59
-914.485
-809.873
-802.852
-802.852
-682.793
-448.994
-222.216
-97.2419
-30.5425
80.3891
267.85
477.075
630.835
732.639
815.487
894.824
965.736
971.353
926.419
875.165
863.23
891.314
887.803
835.146
699.641
522.712
401.248
338.06
272.764
133.047
-57.9244
-229.939
-338.062
-411.08
-507.268
-653.304
-796.533
-910.273
-1003.65
-1057.71
-1082.99
-1113.18
-1178.47
-1259.92
-1292.21
-1259.92
-1206.56
-1184.09
-1174.26
-1116.69
-1010.67
-900.443
-793.022
-696.835
-629.433
-562.734
-441.973
-259.427
-104.965
-30.5425
29.1359
159.024
366.846
557.114
663.131
703.853
746.681
836.55
962.226
1077.37
1149.69
1161.62
1153.2
1175.66
1242.36
1285.89
1229.73
1098.43
1005.76
979.778
949.588
838.656
668.748
505.159
358.42
223.617
76.1765
-86.7105
-265.044
-425.122
-542.373
-624.518
-701.047
-793.022
-892.72
-974.164
-999.439
-974.866
-942.569
-922.208
-899.039
-844.275
-752.3
-614.689
-447.589
-294.532
-163.239
-20.7131
170.258
391.419
578.177
703.853
798.637
916.589
1065.43
1209.36
1317.49
1378.57
1394.72
1387.7
1401.74
1410.87
1341.36
1189
1019.1
902.547
818.997
696.13
493.223
226.426
-17.9047
-179.388
-284
-404.059
-606.966
-892.018
-1164.43
-1346.28
-1448.78
-1535.14
-1649.58
-1747.17
-1808.96
-1820.19
-1804.04
-1799.13
-1806.85
-1813.87
-1791.41
-1705.05
-1542.86
-1341.36
-1170.75
-1048.59
-918.698
-748.088
-544.479
-349.296
-199.748
-84.6042
47.3905
245.382
486.202
692.62
811.976
875.867
979.076
1154.6
1327.32
1423.5
1450.89
1462.12
1494.42
1544.97
1588.5
1596.22
1555.5
1510.57
1490.91
1486.69
1451.59
1346.27
1205.85
1068.94
949.588
855.507
760.723
608.368
373.164
115.494
-53.0097
-130.943
-228.534
-407.57
-642.071
-845.68
-956.611
-1000.84
-1037.35
-1134.94
-1286.6
-1412.98
-1456.51
-1416.49
-1340.66
-1293.62
-1288.7
-1295.02
-1242.37
-1087.2
-876.572
-682.793
-558.521
-456.015
-302.957
-95.1356
116.196
270.658
373.164
461.629
574.667
725.618
854.804
917.993
934.142
953.8
1007.86
1069.65
1107.56
1088.6
981.182
828.827
722.108
694.024
678.578
593.624
441.97
267.85
111.984
8.77503
-53.0097
-125.326
-218.003
-321.212
-399.145
-444.781
-475.673
-523.416
-600.647
-656.815
-666.644
-655.411
-642.773
-635.05
-628.731
-609.774
-586.605
-549.394
-494.63
-433.547
-399.847
-397.038
-369.656
-298.042
-222.216
-154.112
-95.8377
-55.116
-29.8404
1.05194
59.3262
127.43
168.152
167.449
165.343
221.511
306.465
336.655
288.913
233.447
232.043
272.062
311.38
314.89
283.998
241.17
216.596
225.022
246.085
233.447
169.556
101.452
72.666
83.1975
81.0912
44.5821
-19.3089
-81.7958
-124.624
-159.729
-194.834
-228.534
-246.789
-255.214
-267.852
-281.894
-297.34
-316.297
-326.828
-293.128
-223.62
-192.025
-210.28
-201.153
-103.561
22.1149
82.4954
79.687
81.0912
134.451
229.936
326.124
394.93
410.376
405.461
436.353
518.499
606.963
642.771
628.729
606.261
601.347
606.261
615.389
620.303
616.793
582.39
513.584
453.204
428.63
420.205
388.611
326.826
248.191
165.343
100.75
55.8157
8.77503
-53.0097
-126.73
-203.961
-276.277
-334.551
-394.23
-473.567
-553.606
-617.497
-659.623
-687.005
-715.791
-769.853
-840.063
-901.145
-939.059
-963.632
-969.249
-961.526
-956.611
-943.271
-906.762
-842.871
-760.726
-691.218
-639.965
-588.009
-500.949
-385.805
-279.086
-180.792
-100.05
-35.4572
50.1989
183.598
329.634
420.205
458.118
492.521
556.412
641.366
718.597
757.915
753.702
724.916
709.47
732.639
766.34
771.255
731.937
682.79
663.131
671.557
677.173
635.75
554.306
489.011
470.054
460.225
412.482
322.613
239.064
189.917
173.066
141.472
58.6241
-57.9244
-161.835
-213.79
-236.258
-271.363
-359.827
-486.907
-589.413
-640.667
-654.709
-675.772
-724.919
-796.533
-856.913
-870.253
-844.977
-819.702
-811.979
-808.468
-786.703
-722.11
-626.625
-509.374
-404.761
-325.424
-246.789
-142.176
-0.352261
141.472
253.808
353.506
469.352
612.58
762.127
898.335
1006.46
1069.65
1110.37
1166.54
1235.34
1279.57
1293.62
1292.21
1279.57
1250.09
1193.92
1088.6
956.609
838.656
749.49
653.302
520.605
356.314
164.641
-15.0963
-153.41
-267.852
-399.145
-572.563
-759.321
-910.273
-1009.27
-1082.29
-1177.77
-1310.47
-1442.46
-1523.21
-1529.52
-1493.01
-1464.93
-1451.59
-1434.04
-1381.38
-1288.7
-1178.47
-1087.2
-1005.76
-877.976
-693.324
-494.63
-316.999
-168.154
-41.7761
81.7933
226.426
394.93
552.902
668.748
741.766
797.232
883.591
991.714
1066.14
1083.69
1067.54
1068.24
1082.28
1087.9
1060.52
985.395
878.676
790.913
749.49
729.129
672.961
559.923
417.397
298.04
221.511
163.939
91.6227
-17.9047
-135.155
-220.109
-247.491
-257.321
-312.084
-414.591
-510.076
-552.904
-560.627
-571.159
-614.689
-675.772
-711.579
-714.387
-702.451
-695.43
-691.92
-677.878
-651.9
-595.732
-522.012
-453.908
-406.166
-366.848
-315.595
-248.895
-170.962
-86.0084
-11.5858
41.0716
86.708
162.535
275.573
384.398
458.821
498.138
531.839
595.028
680.684
753
783.19
780.382
771.255
765.638
780.382
802.849
802.147
776.169
739.66
705.257
671.557
639.962
588.709
492.521
378.079
285.402
212.384
132.344
36.859
-62.8391
-166.75
-260.831
-331.041
-384.4
-438.462
-512.885
-602.753
-682.793
-732.642
-757.215
-773.363
-791.618
-809.17
-824.617
-828.127
-814.085
-786.703
-750.896
-730.535
-724.216
-693.324
-618.199
-533.948
-479.886
-434.952
-368.252
-279.086
-187.813
-113.39
-60.7328
-1.05436
88.8143
198.342
278.381
316.294
331.741
358.42
418.801
485.5
524.818
524.818
509.372
512.18
539.562
570.454
569.05
519.201
459.523
448.289
470.756
465.139
401.951
314.89
250.999
213.086
180.789
133.047
59.3262
-20.7131
-75.4769
-102.859
-128.836
-177.983
-239.066
-298.042
-347.189
-375.273
-385.103
-382.294
-388.613
-401.953
-406.166
-394.932
-354.912
-303.659
-250.3
-206.769
-161.835
-107.071
-36.1593
42.4758
100.75
135.153
166.045
233.447
328.932
420.205
479.181
496.734
491.117
499.542
544.477
595.73
606.261
569.05
522.009
494.628
479.884
458.118
427.928
380.185
320.507
259.424
211.682
169.556
109.175
37.5611
-23.5215
-69.158
-132.347
-213.79
-283.298
-324.722
-354.21
-389.315
-432.143
-485.503
-532.543
-559.925
-578.882
-611.881
-646.986
-660.325
-656.113
-651.9
-656.113
-654.007
-639.262
-620.306
-585.201
-526.927
-464.44
-426.526
-401.953
-358.423
-291.723
-219.407
-152.006
-95.8377
-53.0097
-3.86276
61.4325
150.599
253.808
344.378
394.93
419.503
465.139
536.051
592.219
611.176
611.878
610.474
620.303
634.345
643.473
630.835
581.688
513.584
460.927
422.311
380.888
309.976
223.617
132.344
43.88
-19.3089
-75.4769
-144.283
-227.13
-298.042
-335.254
-368.954
-415.293
-463.738
-494.63
-505.162
-517.097
-527.629
-526.224
-514.991
-492.524
-460.227
-434.25
-410.378
-370.358
-303.659
-235.555
-186.409
-133.751
-66.3496
14.3918
85.3038
138.663
194.129
255.914
318.401
377.377
431.439
469.352
488.309
509.372
538.158
560.625
576.773
590.815
588.709
574.667
571.156
573.263
555.008
517.095
474.267
420.907
357.016
302.252
279.083
263.637
233.447
183.598
122.515
60.0283
2.45613
-54.4139
-111.986
-166.75
-213.79
-265.746
-343.679
-425.824
-489.013
-529.033
-566.946
-611.881
-652.602
-691.92
-720.706
-725.621
-705.962
-675.772
-665.24
-667.346
-658.921
-627.327
-580.286
-517.799
-447.589
-375.975
-309.978
-238.364
-148.495
-50.9034
42.4758
116.898
177.279
236.957
307.869
375.973
428.63
454.608
466.544
478.479
504.457
545.881
571.156
568.348
535.349
500.947
475.671
442.672
389.313
326.826
278.381
241.17
188.512
114.792
51.6031
17.2002
-2.45856
-42.4782
-105.667
-159.027
-181.494
-182.196
-180.09
-192.025
-212.386
-225.024
-206.067
-169.558
-154.814
-172.367
-198.344
-192.025
-156.218
-108.476
-77.5832
-83.2
-100.05
-98.6461
-64.9454
-27.7341
-10.1816
-0.352261
1.75404
-0.352261
7.37083
34.0506
55.8157
41.0716
10.8813
4.56243
28.4338
52.3052
53.0073
53.0073
62.1346
66.3472
64.943
79.687
121.813
158.322
163.237
149.897
149.195
168.854
182.896
154.812
104.963
75.4744
71.9639
71.9639
69.1556
74.7723
62.8367
17.2002
-33.3509
-55.8181
-53.0097
-62.8391
-107.071
-142.878
-136.559
-114.794
-124.624
-145.687
-135.155
-107.773
-102.157
-116.199
-118.305
-109.178
-93.0293
-65.6475
-29.8404
-7.37325
0.349838
10.8813
27.7317
45.9863
59.3262
70.5597
66.3472
53.7094
55.1136
75.4744
81.7933
53.0073
18.6044
12.9876
22.817
13.6897
-24.2236
-61.4349
-77.5832
-96.5398
-134.453
-181.494
-219.407
-229.939
-219.407
-201.855
-190.621
-187.111
-187.111
-190.621
-182.898
-156.92
-130.241
-121.113
-109.88
-74.7748
-29.8404
1.05194
35.4548
74.0702
108.473
134.451
163.939
194.129
214.49
238.361
262.233
290.317
314.89
326.826
318.401
293.125
271.36
260.127
251.701
241.872
236.957
231.34
214.49
181.491
156.918
144.982
132.344
93.729
35.4548
-22.8194
-71.2643
-100.05
-122.518
-141.474
-170.26
-196.94
-210.982
-223.62
-248.895
-273.469
-283.298
-281.894
-279.788
-279.086
-267.15
-256.618
-247.491
-236.258
-213.79
-175.877
-130.943
-89.5188
-45.9887
4.56243
45.2842
57.2199
65.6451
100.048
143.578
150.599
121.111
103.558
112.686
139.365
159.024
164.641
174.47
178.683
175.173
166.045
154.812
139.365
109.175
85.3038
68.4535
43.88
7.37083
-15.7984
-21.4152
-28.4362
-55.8181
-87.4126
-108.476
-136.559
-174.473
-199.748
-187.813
-173.771
-191.323
-218.705
-211.684
-177.983
-153.41
-144.985
-134.453
-110.582
-93.0293
-74.0727
-37.5635
16.4981
52.3052
52.3052
51.6031
73.3681
108.473
128.834
133.749
143.578
152.003
138.663
116.898
100.048
113.388
126.728
127.43
119.707
109.175
102.154
82.4954
52.3052
25.6254
10.1792
-3.86276
-27.032
-43.8824
-38.2656
-27.032
-37.5635
-67.7538
-90.2209
-101.455
-96.5398
-87.4126
-76.8811
-78.9874
-81.7958
-60.7328
-18.6068
20.0086
36.859
48.0926
61.4325
82.4954
99.3458
114.09
123.217
132.344
152.003
162.535
160.428
163.237
181.491
188.512
162.535
139.365
148.493
156.918
143.578
127.43
133.047
142.174
135.855
119.005
102.856
96.5374
97.9416
92.3248
64.943
20.7107
-17.9047
-45.9887
-62.137
-73.3706
-87.4126
-118.305
-159.027
-190.621
-201.153
-210.982
-243.279
-281.192
-314.191
-331.743
-349.998
-364.04
-365.444
-361.231
-357.721
-352.806
-330.339
-297.34
-267.852
-253.108
-250.3
-246.789
-218.003
-169.558
-116.901
-81.7958
-57.2223
-29.1383
-1.05436
30.5401
61.4325
95.1332
123.217
140.77
166.045
196.235
226.426
239.064
241.17
260.829
286.104
298.742
289.615
276.977
268.552
258.02
241.17
226.426
215.894
210.277
209.575
216.596
220.107
205.363
184.3
167.449
161.833
147.791
122.515
95.1332
71.2618
57.922
42.4758
24.2212
-3.86276
-38.9677
-69.8601
-90.2209
-107.773
-123.922
-135.155
-143.58
-153.41
-175.877
-197.642
-210.28
-212.386
-216.599
-229.237
-241.172
-250.3
-262.235
-258.725
-236.96
-215.195
-208.174
-210.982
-215.195
-215.195
-209.578
-192.025
-167.452
-136.559
-97.944
-59.3286
-36.1593
-24.2236
-12.2879
8.07293
27.0296
38.2632
45.2842
66.3472
102.856
138.663
152.705
147.791
136.557
126.728
133.047
154.11
178.683
180.789
170.96
168.152
169.556
170.258
168.854
165.343
146.386
126.026
122.515
127.43
125.323
114.09
96.5374
77.5807
60.7304
54.4115
50.1989
41.0716
20.0086
0.349838
-0.352261
19.3065
38.2632
27.7317
5.96663
-14.3942
-14.3942
-2.45856
11.5834
20.0086
11.5834
1.75404
-3.86276
-15.0963
-36.8614
-57.2223
-54.4139
-39.6698
-40.3719
-50.9034
-47.3929
-16.5005
8.77503
1.75404
-26.3299
-45.2866
-40.3719
-20.7131
3.86033
20.7107
33.3485
55.1136
84.6017
111.281
119.707
125.323
132.344
133.749
124.621
114.792
104.963
95.1332
81.7933
65.6451
45.9863
25.6254
16.4981
17.2002
13.6897
-5.96905
-38.9677
-60.7328
-57.9244
-54.4139
-70.5622
-98.6461
-109.178
-102.859
-107.773
-127.432
-144.283
-161.133
-182.898
-208.876
-233.449
-249.597
-262.937
-265.044
-272.767
-283.298
-284
-271.363
-255.916
-253.108
-263.639
-274.171
-272.767
-258.725
-236.96
-222.216
-213.088
-199.748
-185.706
-169.558
-152.708
-132.347
-106.369
-80.3916
-45.9887
-15.7984
9.47713
39.6674
74.0702
102.856
117.6
147.089
192.023
234.149
251.701
250.297
255.914
269.956
289.615
312.082
335.953
352.804
349.995
335.251
338.06
349.995
345.08
312.784
276.977
262.935
257.318
249.595
235.553
218.703
207.469
196.235
176.577
151.301
143.578
159.726
170.258
155.514
135.855
131.642
131.642
124.621
114.09
92.3248
55.8157
17.2002
5.96663
16.4981
11.5834
-13.6921
-51.6055
-81.0937
-93.7314
-90.923
-96.5398
-127.432
-163.239
-178.685
-177.281
-184.302
-201.153
-229.237
-256.618
-269.256
-263.639
-271.363
-307.17
-336.658
-331.041
-308.574
-298.744
-297.34
-302.255
-314.191
-321.212
-295.234
-255.214
-230.641
-220.811
-206.067
-181.494
-152.708
-130.241
-124.624
-125.326
-114.092
-80.3916
-50.2013
-29.8404
-15.7984
1.05194
24.9233
53.7094
81.7933
86.0059
78.2828
77.5807
83.8996
86.708
97.9416
117.6
128.132
138.663
168.152
208.873
219.405
213.086
212.384
208.873
189.214
168.152
169.556
179.385
185.704
181.491
173.066
163.237
149.195
130.238
109.175
95.1332
86.0059
72.666
51.6031
30.5401
15.0939
6.66873
-4.56486
-17.2026
-30.5425
-38.2656
-41.7761
-41.074
-31.2446
-22.1173
-10.8837
-2.45856
5.26453
15.0939
19.3065
18.6044
19.3065
30.5401
50.1989
65.6451
76.1765
88.8143
102.154
120.409
137.259
151.301
154.812
143.578
126.728
111.281
107.771
111.281
106.367
83.8996
43.88
-1.05436
-37.5635
-60.7328
-78.2853
-101.455
-125.326
-140.07
-144.985
-144.283
-158.325
-189.217
-221.513
-232.045
-216.599
-204.663
-206.769
-213.79
-208.174
-200.451
-210.28
-232.747
-240.47
-227.832
-213.088
-204.663
-187.111
-160.431
-143.58
-133.049
-122.518
-107.773
-88.1146
-63.5412
-28.4362
-10.8837
-5.96905
4.56243
29.838
58.6241
68.4535
75.4744
90.2185
116.196
137.259
142.174
127.43
109.175
110.579
119.005
117.6
98.6437
88.8143
94.4311
102.154
99.3458
89.5164
81.7933
67.0493
51.6031
45.2842
39.6674
26.3275
15.0939
29.838
56.5178
62.8367
53.0073
49.4968
69.1556
87.4101
83.1975
74.0702
77.5807
98.6437
121.111
130.238
133.749
141.472
156.918
178.683
190.619
189.214
182.194
180.087
188.512
187.108
173.066
152.003
135.153
118.302
102.154
94.4311
86.0059
64.943
36.859
17.9023
1.75404
-15.7984
-34.053
-59.3286
-93.7314
-123.22
-132.347
-136.559
-155.516
-177.983
-185.004
-194.834
-227.832
-263.639
-267.15
-251.002
-258.023
-279.086
-274.873
-242.576
-222.918
-234.151
-251.002
-258.725
-250.3
-230.641
-216.599
-219.407
-229.939
-222.216
-185.004
-146.389
-123.22
-112.688
-93.7314
-60.0307
-26.3299
8.07293
40.3695
69.1556
98.6437
133.749
160.428
165.343
156.216
163.939
189.917
213.086
224.319
229.936
234.851
242.574
252.403
255.914
242.574
221.511
203.256
187.81
170.258
150.599
136.557
130.238
119.707
90.2185
51.6031
23.5191
8.77503
-6.67115
-31.2446
-48.095
-60.7328
-76.179
-102.157
-121.815
-125.326
-124.624
-137.262
-158.325
-169.558
-163.941
-150.601
-141.474
-137.964
-135.857
-129.538
-110.582
-84.6042
-67.0517
-65.6475
-75.4769
-68.4559
-41.074
-3.16066
21.4128
24.9233
17.9023
20.0086
43.1779
67.0493
77.5807
79.687
93.0269
117.6
127.43
121.111
118.302
129.536
136.557
128.834
116.898
111.281
108.473
109.877
111.984
108.473
93.0269
78.2828
70.5597
71.9639
71.9639
61.4325
41.7737
21.4128
13.6897
13.6897
15.0939
15.796
14.3918
7.37083
-5.26696
-24.2236
-48.095
-69.158
-82.4979
-85.3063
-84.6042
-80.3916
-79.6895
-85.3063
-95.8377
-103.561
-109.178
-107.071
-96.5398
-90.923
-97.944
-111.284
-121.815
-119.709
-109.178
-103.561
-109.88
-121.113
-111.284
-84.6042
-60.7328
-48.095
-46.6908
-55.116
-76.8811
-92.3272
-74.0727
-38.9677
-10.1816
3.86033
13.6897
17.2002
10.8813
8.07293
20.7107
51.6031
77.5807
81.0912
69.1556
67.7514
72.666
69.1556
60.0283
58.6241
59.3262
45.2842
28.4338
24.9233
36.1569
54.4115
68.4535
65.6451
54.4115
46.6884
48.7947
55.8157
52.3052
45.2842
29.838
16.4981
20.0086
34.0506
34.7527
14.3918
-0.352261
10.1792
27.0296
31.2422
24.9233
12.9876
8.07293
13.6897
22.817
20.0086
8.77503
4.56243
0.349838
-5.96905
-11.5858
-8.77745
-9.47955
-10.8837
-10.8837
-4.56486
16.4981
45.9863
63.5388
53.0073
34.0506
33.3485
39.6674
38.9653
31.2422
28.4338
27.7317
24.9233
24.9233
28.4338
15.796
-12.2879
-31.9467
-26.3299
-20.7131
-29.1383
-36.1593
-40.3719
-52.3076
-71.2643
-79.6895
-81.7958
-94.4335
-114.092
-114.794
-98.6461
-79.6895
-72.6685
-70.5622
-78.9874
-86.7105
-88.1146
-84.6042
-74.0727
-58.6265
-30.5425
-3.86276
6.66873
14.3918
31.2422
54.4115
68.4535
78.9849
99.3458
111.984
111.984
112.686
123.919
124.621
111.281
104.963
107.069
104.261
90.9206
85.3038
84.6017
75.4744
58.6241
41.0716
28.4338
10.8813
-5.26696
-17.2026
-29.8404
-38.2656
-37.5635
-37.5635
-56.5202
-86.7105
-109.178
-114.794
-115.497
-126.73
-140.07
-149.899
-143.58
-122.518
-107.071
-116.199
-142.176
-163.941
-166.75
-154.814
-135.155
-112.688
-88.8167
-60.7328
-41.7761
-46.6908
-53.7118
-41.074
-4.56486
33.3485
55.1136
55.1136
43.1779
38.9653
48.7947
69.1556
82.4954
84.6017
73.3681
71.2618
84.6017
101.452
106.367
107.771
109.877
108.473
103.558
104.261
111.984
114.792
113.388
119.005
126.026
118.302
94.4311
68.4535
60.0283
67.7514
71.2618
65.6451
56.5178
51.6031
50.1989
51.6031
51.6031
46.6884
27.7317
3.15823
-15.0963
-29.1383
-41.7761
-51.6055
-54.4139
-55.116
-58.6265
-57.2223
-49.4992
-45.9887
-46.6908
-41.7761
-29.8404
-28.4362
-36.1593
-34.7551
-22.1173
-15.0963
-17.9047
-20.011
-13.6921
-17.2026
-27.032
-31.2446
-22.1173
-4.56486
3.15823
3.86033
0.349838
7.37083
16.4981
16.4981
5.26453
-7.37325
-10.8837
-1.75646
5.26453
-1.75646
-17.2026
-21.4152
-15.7984
-7.37325
-5.26696
-17.9047
-43.8824
-64.9454
-62.8391
-57.2223
-70.5622
-92.3272
-105.667
-107.071
-110.582
-127.432
-148.495
-160.431
-166.048
-164.643
-150.601
-117.603
-88.1146
-78.9874
-85.3063
-89.5188
-71.2643
-39.6698
-15.7984
-4.56486
8.07293
17.9023
17.2002
10.1792
14.3918
29.1359
47.3905
60.7304
67.7514
74.0702
89.5164
101.452
92.3248
78.2828
83.8996
98.6437
95.1332
84.6017
93.729
120.409
136.557
139.365
139.365
139.365
135.855
130.94
129.536
134.451
140.77
140.77
137.259
137.961
139.365
132.344
121.111
118.302
119.005
104.261
78.2828
60.0283
50.1989
39.6674
28.4338
28.4338
32.6464
18.6044
-12.2879
-41.074
-53.7118
-60.0307
-65.6475
-76.179
-88.8167
-97.944
-105.667
-111.986
-124.624
-135.857
-143.58
-152.708
-151.304
-135.857
-127.432
-146.389
-175.175
-175.175
-147.091
-126.73
-130.943
-137.964
-121.815
-100.05
-96.5398
-100.752
-94.4335
-76.8811
-62.137
-50.9034
-41.7761
-35.4572
-29.1383
-13.6921
4.56243
14.3918
16.4981
21.4128
29.838
35.4548
41.0716
48.0926
61.4325
68.4535
67.0493
66.3472
75.4744
85.3038
78.9849
69.8576
70.5597
75.4744
74.7723
79.687
89.5164
86.0059
63.5388
39.6674
27.7317
23.5191
22.817
30.5401
36.859
35.4548
29.1359
31.9443
43.1779
48.7947
41.0716
24.2212
9.47713
8.77503
10.8813
8.77503
2.45613
-11.5858
-26.3299
-37.5635
-40.3719
-43.8824
-47.3929
-46.6908
-41.7761
-38.9677
-33.3509
-23.5215
-22.8194
-32.6488
-36.1593
-36.1593
-33.3509
-21.4152
3.86033
31.9443
42.4758
34.0506
15.796
-0.352261
-1.75646
10.1792
21.4128
20.0086
16.4981
22.817
28.4338
30.5401
32.6464
35.4548
30.5401
19.3065
14.3918
8.07293
-9.47955
-21.4152
-15.0963
-1.75646
-2.45856
-24.2236
-36.1593
-35.4572
-32.6488
-43.1803
-53.7118
-55.116
-50.9034
-45.9887
-36.8614
-21.4152
-15.0963
-20.011
-30.5425
-31.2446
-14.3942
4.56243
10.1792
1.05194
-3.86276
8.77503
27.0296
36.1569
34.0506
41.0716
59.3262
63.5388
53.0073
46.6884
59.3262
81.0912
92.3248
93.729
88.1122
80.3891
67.7514
55.8157
47.3905
34.7527
17.2002
0.349838
-9.47955
-17.2026
-29.8404
-42.4782
-53.7118
-65.6475
-67.0517
-54.4139
-43.1803
-50.2013
-70.5622
-87.4126
-104.263
-126.73
-138.666
-138.666
-136.559
-135.155
-120.411
-98.6461
-86.0084
-83.2
-76.179
-63.5412
-50.9034
-38.9677
-24.9257
-14.3942
-5.96905
1.05194
6.66873
17.2002
31.2422
50.1989
64.943
81.7933
97.9416
113.388
120.409
120.409
119.005
120.409
121.111
122.515
126.026
133.047
136.557
128.834
114.09
94.4311
76.1765
63.5388
54.4115
44.5821
23.5191
-2.45856
-15.7984
-7.37325
5.26453
3.15823
-15.7984
-29.1383
-36.1593
-53.7118
-83.2
-97.2419
-81.0937
-64.2433
-73.3706
-100.752
-121.815
-130.943
-128.134
-114.794
-98.6461
-87.4126
-76.8811
-62.137
-44.5845
-29.1383
-27.032
-35.4572
-38.2656
-20.7131
10.1792
26.3275
31.2422
42.4758
60.7304
74.7723
76.1765
81.7933
91.6227
90.2185
84.6017
87.4101
97.2395
105.665
104.261
100.048
89.5164
73.3681
53.7094
29.838
15.796
2.45613
-22.8194
-57.2223
-76.8811
-69.8601
-52.3076
-42.4782
-41.7761
-49.4992
-62.137
-67.7538
-69.8601
-69.158
-64.9454
-48.7971
-39.6698
-51.6055
-58.6265
-45.2866
-29.8404
-36.8614
-50.2013
-41.7761
-27.7341
-15.7984
-5.96905
3.15823
1.05194
-12.99
-15.7984
-5.26696
5.96663
-0.352261
-8.77745
-1.75646
13.6897
19.3065
18.6044
25.6254
37.5611
38.9653
27.0296
21.4128
27.0296
41.7737
50.1989
60.7304
68.4535
71.9639
71.2618
76.8786
90.2185
86.708
64.2409
40.3695
31.9443
36.859
38.2632
27.0296
4.56243
-4.56486
3.86033
12.2855
4.56243
-10.8837
-14.3942
-18.6068
-32.6488
-48.095
-59.3286
-67.7538
-72.6685
-67.7538
-61.4349
-69.8601
-85.3063
-88.1146
-76.179
-65.6475
-60.0307
-58.6265
-60.0307
-58.6265
-49.4992
-39.6698
-31.2446
-24.9257
-22.1173
-18.6068
-15.7984
