51
48
29
15
10
0
-20
-36
-38
-25
-8
9
11
8
4
-18
-42
-49
-36
-35
-38
-28
-27
-55
-79
-70
-35
-25
-36
-59
-66
-51
-35
-35
-46
-47
-48
-49
-53
-61
-69
-63
-33
-10
-11
-20
-23
-21
-19
-11
0
-11
-28
-29
-3
25
40
48
54
58
61
71
69
64
61
66
69
62
66
76
88
94
86
73
75
83
84
77
74
86
100
104
86
65
61
81
101
109
107
95
78
62
66
91
105
89
60
48
48
34
13
10
25
45
46
27
-3
-21
-23
-14
-1
-2
-23
-58
-80
-79
-69
-67
-90
-112
-108
-90
-83
-97
-111
-115
-108
-101
-95
-103
-119
-124
-111
-99
-103
-117
-122
-113
-106
-111
-124
-133
-129
-114
-93
-87
-81
-73
-63
-59
-55
-51
-64
-85
-86
-64
-47
-47
-38
-17
9
22
24
30
30
32
44
65
70
61
60
71
60
44
55
82
101
103
100
90
73
86
127
163
159
126
111
112
118
121
124
120
105
87
76
71
78
80
63
42
48
64
62
55
55
61
54
46
43
39
51
69
80
72
63
57
34
5
-1
13
16
3
0
10
11
-10
-41
-59
-67
-57
-41
-33
-32
-22
-15
-32
-64
-85
-80
-78
-89
-122
-138
-116
-87
-96
-139
-173
-163
-128
-110
-124
-141
-123
-96
-98
-118
-121
-111
-106
-110
-99
-85
-80
-93
-109
-112
-94
-72
-60
-58
-55
-47
-41
-38
-27
-8
8
7
4
15
42
73
85
67
40
37
63
78
57
28
13
16
26
38
42
31
20
8
-1
6
35
53
42
25
34
58
74
82
86
91
96
94
90
83
81
88
87
85
83
90
98
93
90
93
105
108
106
101
100
104
108
111
110
102
95
99
107
106
92
78
73
74
71
65
45
26
26
23
-1
-39
-54
-38
-26
-38
-68
-87
-90
-99
-119
-134
-127
-108
-92
-88
-109
-131
-127
-105
-93
-102
-113
-112
-99
-87
-91
-102
-105
-91
-80
-63
-48
-44
-50
-50
-40
-39
-42
-38
-30
-22
-17
-6
-5
-11
-9
4
-1
-21
-26
-7
25
44
52
36
22
31
37
34
22
24
20
9
11
29
43
36
32
38
42
29
8
5
20
29
28
19
34
47
43
20
1
11
37
61
57
48
59
86
107
106
90
71
75
99
104
86
82
103
117
114
121
129
126
105
100
106
97
75
41
1
-47
-61
-39
-19
-44
-88
-104
-99
-92
-100
-121
-147
-159
-154
-145
-156
-182
-203
-201
-185
-177
-175
-174
-166
-149
-124
-114
-125
-142
-139
-119
-98
-90
-99
-118
-124
-116
-105
-92
-64
-26
-13
-30
-45
-36
-14
13
26
24
13
19
44
64
67
69
87
109
110
80
55
55
70
80
78
78
80
94
117
130
127
104
72
57
34
15
16
53
94
102
104
108
107
93
98
112
123
117
105
86
75
96
127
150
155
157
145
134
155
177
166
133
133
155
168
176
201
210
180
150
145
126
77
49
59
63
30
0
-22
-47
-80
-108
-132
-174
-204
-196
-163
-156
-190
-217
-212
-194
-197
-224
-253
-282
-300
-294
-271
-245
-251
-267
-272
-262
-245
-234
-226
-225
-212
-187
-162
-165
-183
-192
-181
-154
-130
-109
-85
-53
-33
-23
-7
17
13
-3
9
50
77
84
93
102
93
83
100
135
148
127
105
101
107
110
120
131
137
138
138
128
104
90
99
112
96
82
90
112
120
112
110
106
96
92
98
116
128
127
125
129
140
156
176
199
210
214
219
233
246
250
247
236
234
243
242
226
204
192
199
203
182
138
99
71
41
6
-16
-40
-82
-132
-160
-171
-173
-182
-202
-235
-278
-305
-320
-329
-350
-382
-405
-411
-407
-403
-395
-385
-384
-390
-381
-361
-348
-358
-375
-360
-309
-262
-237
-219
-179
-148
-148
-170
-178
-151
-108
-62
-25
2
16
37
72
114
145
184
244
284
285
260
258
265
255
232
208
196
207
240
252
215
159
128
106
74
59
74
89
78
64
65
80
104
124
131
126
128
139
154
191
239
267
279
302
352
396
396
389
417
478
524
536
528
491
400
291
213
192
211
231
218
129
-20
-205
-365
-456
-480
-490
-527
-578
-648
-710
-767
-814
-847
-869
-868
-850
-793
-691
-589
-532
-514
-502
-450
-322
-141
26
140
217
276
318
363
432
496
515
495
500
547
603
636
615
532
402
291
249
234
215
189
142
41
-82
-157
-183
-228
-333
-489
-651
-754
-758
-687
-615
-602
-654
-714
-719
-640
-512
-371
-265
-194
-127
-17
133
251
308
325
359
443
589
775
921
969
937
888
897
980
1092
1146
1111
1045
1014
1034
1100
1201
1261
1160
858
443
85
-116
-181
-170
-180
-332
-707
-1229
-1685
-1923
-1954
-1878
-1800
-1778
-1814
-1878
-1930
-1933
-1864
-1697
-1402
-998
-549
-154
118
281
391
563
849
1231
1617
1875
1916
1767
1584
1517
1562
1620
1601
1441
1163
865
631
447
247
17
-206
-393
-522
-597
-709
-940
-1264
-1550
-1667
-1591
-1391
-1219
-1200
-1316
-1473
-1551
-1452
-1156
-767
-410
-148
47
197
342
526
749
1009
1279
1564
1814
1909
1770
1474
1228
1179
1297
1440
1498
1397
1174
928
782
773
841
929
967
929
862
815
804
757
530
72
-553
-1127
-1437
-1440
-1271
-1254
-1637
-2345
-3040
-3393
-3296
-2909
-2481
-2257
-2278
-2384
-2366
-2092
-1607
-1002
-357
277
823
1212
1438
1557
1693
1956
2415
2933
3253
3133
2556
1794
1251
1193
1495
1755
1608
984
80
-743
-1189
-1194
-939
-746
-801
-1079
-1404
-1650
-1793
-1829
-1736
-1503
-1176
-869
-765
-957
-1295
-1442
-1169
-522
246
841
1042
845
533
488
844
1408
1902
2107
1952
1574
1230
1112
1162
1249
1298
1269
1139
885
592
406
463
759
1129
1395
1454
1337
1113
947
968
938
531
-313
-1194
-1684
-1767
-1640
-1661
-2156
-3106
-4057
-4398
-3957
-3183
-2627
-2562
-2804
-2910
-2619
-1950
-1140
-378
283
831
1296
1689
1980
2178
2402
2772
3290
3709
3714
3184
2325
1561
1207
1315
1623
1681
1146
87
-1037
-1694
-1705
-1314
-932
-881
-1173
-1645
-2025
-2065
-1717
-1169
-713
-454
-327
-305
-395
-519
-491
-203
248
650
855
824
609
391
398
737
1212
1490
1424
1091
729
548
598
793
957
976
786
471
242
234
380
617
910
1199
1356
1336
1300
1357
1548
1865
2156
1906
839
-711
-1883
-2136
-1693
-1128
-1191
-2179
-3739
-5010
-5244
-4427
-3291
-2555
-2554
-3063
-3522
-3505
-2781
-1590
-329
656
1240
1439
1406
1372
1687
2496
3525
4295
4358
3692
2630
1697
1326
1579
2141
2444
2086
1050
-321
-1468
-1864
-1424
-580
-43
-235
-1058
-2007
-2448
-2140
-1284
-438
-72
-305
-829
-1214
-1251
-939
-370
339
808
746
287
-116
-136
229
879
1609
2018
1820
1187
618
506
815
1296
1648
1610
1171
628
370
521
891
1239
1430
1453
1360
1233
1226
1426
1810
2286
2565
2042
579
-1230
-2300
-2164
-1363
-701
-1047
-2520
-4442
-5634
-5359
-4018
-2760
-2357
-2871
-3729
-4209
-3977
-2941
-1528
-214
576
741
513
319
605
1580
2951
4025
4301
3741
2793
1943
1578
1794
2374
2828
2674
1783
470
-723
-1280
-1002
-209
414
313
-537
-1636
-2298
-2063
-1056
35
458
-60
-1066
-1808
-1823
-1225
-382
291
496
155
-468
-851
-699
-108
624
1221
1475
1229
643
232
387
1008
1637
1917
1723
1159
610
505
902
1462
1841
1899
1722
1489
1444
1698
2074
2417
2670
2680
1942
461
-1085
-1749
-1393
-689
-363
-1109
-2804
-4635
-5423
-4802
-3437
-2435
-2365
-3106
-4015
-4344
-3850
-2672
-1418
-523
-203
-282
-411
-239
475
1729
3045
3721
3490
2708
2010
1767
2001
2449
2777
2718
2201
1367
510
-112
-302
-39
372
438
-114
-1035
-1749
-1802
-1177
-351
55
-277
-1119
-1887
-2042
-1491
-693
-172
-144
-506
-1015
-1292
-1013
-258
506
964
1068
850
448
190
435
1047
1597
1776
1634
1303
941
780
1025
1523
1913
1997
1849
1687
1629
1783
2094
2437
2727
2548
1546
70
-1078
-1209
-691
-176
-292
-1415
-3143
-4546
-4759
-3903
-2863
-2445
-2772
-3645
-4401
-4420
-3578
-2266
-1105
-435
-374
-698
-849
-335
850
2282
3215
3265
2650
2033
1902
2238
2731
3018
2916
2444
1803
1193
660
308
275
487
571
168
-612
-1316
-1521
-1224
-778
-527
-658
-1138
-1724
-1976
-1654
-1047
-606
-529
-678
-910
-1100
-986
-445
233
591
535
365
343
505
836
1190
1347
1240
1062
1053
1169
1299
1433
1570
1678
1693
1632
1608
1680
1828
1954
2058
2229
1967
1028
-202
-923
-708
-153
147
-389
-1763
-3347
-4227
-3890
-2860
-2178
-2390
-3166
-3971
-4278
-3855
-2793
-1671
-1117
-1221
-1532
-1547
-1000
123
1449
2435
2587
2091
1584
1578
2077
2688
3004
2888
2461
2040
1807
1774
1748
1610
1371
1015
632
258
-37
-217
-302
-378
-470
-622
-945
-1453
-1822
-1739
-1328
-1094
-1178
-1427
-1573
-1495
-1237
-671
90
618
582
288
265
505
744
966
1255
1415
1280
1103
1133
1276
1310
1305
1424
1594
1658
1706
1839
1976
2029
2087
2172
1637
514
-475
-541
48
339
69
-859
-2167
-3387
-3721
-3126
-2378
-2370
-3047
-3820
-4357
-4372
-3859
-2889
-2048
-1806
-2082
-2269
-1962
-1164
-130
874
1492
1428
1068
1100
1724
2414
2745
2753
2691
2612
2599
2716
2781
2583
2225
1923
1619
1161
729
522
456
226
-294
-835
-1150
-1199
-1259
-1385
-1485
-1591
-1785
-1964
-1870
-1577
-1353
-1194
-874
-426
-139
-28
177
502
766
985
1279
1554
1629
1583
1659
1809
1873
1882
1961
2103
2169
2115
2099
2083
2046
1988
2020
1718
766
-382
-959
-541
120
431
38
-1022
-2354
-3225
-3008
-2118
-1592
-2048
-3012
-3958
-4355
-4066
-3224
-2402
-2195
-2566
-3016
-2984
-2410
-1451
-503
135
250
132
260
814
1457
1844
1934
1929
2028
2249
2557
2767
2758
2527
2321
2281
2348
2334
2205
1993
1618
1058
615
578
625
240
-534
-1148
-1380
-1480
-1683
-1849
-1942
-2074
-2262
-2251
-1902
-1431
-1063
-785
-555
-461
-385
-66
469
931
1148
1223
1274
1322
1500
1849
2183
2335
2314
2245
2171
2101
2137
2261
2067
1354
459
-62
48
320
356
12
-656
-1398
-1859
-1780
-1381
-1260
-1665
-2240
-2726
-2934
-2843
-2524
-2254
-2354
-2670
-2809
-2640
-2276
-1814
-1373
-1086
-1137
-1264
-1057
-401
350
752
745
569
578
924
1545
2087
2170
1873
1618
1770
2163
2432
2432
2273
2039
1738
1548
1592
1717
1559
1071
548
201
-13
-137
-211
-357
-730
-1189
-1433
-1318
-1128
-1119
-1138
-1095
-1029
-1028
-814
-354
-3
103
165
346
548
725
877
957
922
907
1051
1270
1192
832
469
403
519
538
475
180
-381
-965
-1104
-799
-506
-587
-877
-1171
-1412
-1380
-1018
-548
-483
-866
-1310
-1458
-1299
-923
-470
-165
-121
-294
-363
-255
-13
147
71
-232
-432
-255
120
337
227
-43
-262
-219
108
470
583
479
309
183
217
529
994
1187
953
566
450
658
984
1256
1380
1236
798
319
162
417
777
926
714
298
11
94
510
821
708
269
-89
-110
93
302
359
177
-146
-364
-281
-131
-243
-542
-778
-770
-754
-764
-807
-900
-1052
-1229
-1229
-1125
-996
-951
-963
-1062
-1151
-1073
-839
-624
-595
-599
-556
-445
-297
-23
296
434
294
134
254
589
900
1003
903
668
470
465
640
782
738
511
169
-124
-260
-194
-66
-71
-275
-625
-933
-1019
-860
-616
-474
-503
-579
-577
-433
-169
73
197
207
220
344
550
716
777
783
849
962
1043
1034
978
952
970
1045
1107
1064
893
707
652
695
718
685
596
412
175
50
30
-6
-103
-154
-170
-320
-574
-758
-800
-789
-767
-691
-661
-837
-1151
-1314
-1224
-991
-796
-735
-795
-883
-843
-679
-457
-219
-1
110
89
54
153
403
694
863
815
653
553
605
708
754
674
492
263
11
-202
-338
-388
-412
-465
-599
-855
-1123
-1189
-1051
-928
-952
-1027
-1025
-921
-746
-584
-483
-408
-257
-48
151
269
324
336
378
525
763
969
1024
963
923
998
1111
1152
1084
1002
980
1055
1215
1332
1272
1066
870
765
654
485
327
279
303
278
125
-104
-256
-270
-190
-108
-106
-246
-540
-840
-957
-906
-843
-886
-970
-1008
-1003
-988
-929
-761
-523
-353
-324
-304
-170
76
308
431
473
474
496
544
625
660
624
525
420
332
227
135
-4
-166
-309
-417
-553
-775
-991
-1076
-1067
-1034
-1038
-1072
-1120
-1150
-1064
-889
-730
-644
-562
-451
-337
-196
8
213
324
335
331
346
404
495
589
637
664
710
759
785
806
850
899
920
886
822
736
673
649
635
619
592
592
586
545
489
422
322
199
104
60
21
-1
21
40
-21
-146
-231
-246
-248
-290
-332
-361
-421
-513
-546
-446
-298
-222
-225
-258
-279
-257
-141
62
212
247
208
166
105
50
39
52
12
-73
-113
-120
-168
-334
-589
-792
-858
-817
-786
-844
-986
-1149
-1220
-1125
-931
-765
-709
-732
-724
-583
-316
-76
31
21
10
87
213
342
447
556
695
780
758
660
583
586
629
689
703
598
451
380
394
433
460
516
538
491
463
501
572
624
620
559
470
405
390
366
353
353
346
330
323
325
296
270
301
349
337
296
209
62
-101
-152
-112
-116
-178
-229
-273
-335
-335
-238
-153
-189
-309
-407
-450
-494
-546
-598
-632
-680
-744
-773
-771
-781
-828
-857
-853
-858
-878
-866
-795
-725
-666
-582
-473
-421
-452
-480
-391
-250
-159
-158
-168
-99
25
178
292
375
460
564
647
683
694
725
738
709
653
617
590
532
468
389
279
156
85
121
194
233
229
207
196
192
217
296
391
434
392
328
318
370
429
458
464
483
522
582
640
667
641
587
579
599
586
481
348
257
194
132
94
40
-97
-323
-534
-612
-601
-579
-642
-774
-906
-1006
-1063
-1081
-1014
-883
-758
-747
-852
-952
-950
-878
-824
-770
-714
-680
-651
-580
-450
-339
-294
-280
-272
-252
-227
-177
-113
-38
52
147
191
163
123
119
176
279
396
454
432
379
333
313
364
521
686
734
643
491
370
313
342
413
461
396
238
90
54
139
232
296
342
358
336
318
357
439
495
500
470
441
440
456
485
536
641
740
762
685
556
442
359
307
276
250
194
55
-144
-321
-413
-449
-469
-506
-606
-744
-879
-944
-963
-942
-934
-948
-945
-900
-830
-782
-748
-687
-617
-584
-593
-597
-559
-525
-509
-459
-358
-250
-199
-245
-329
-368
-272
-119
-45
-72
-140
-160
-139
-63
57
174
212
182
206
367
597
736
775
752
694
576
479
491
576
628
618
597
529
406
259
186
224
375
538
564
432
271
204
198
209
277
369
424
387
326
305
324
412
525
643
659
547
398
309
352
429
479
433
279
74
-82
-143
-136
-101
-120
-226
-379
-508
-601
-653
-644
-594
-617
-755
-905
-963
-907
-786
-689
-651
-720
-830
-870
-830
-748
-693
-648
-621
-606
-589
-622
-748
-879
-816
-572
-370
-325
-339
-314
-276
-250
-168
-37
70
120
159
194
236
298
425
561
624
606
539
528
593
651
639
584
539
459
367
389
552
692
692
546
242
-13
42
475
850
794
366
-96
-198
115
646
892
755
419
232
337
591
782
726
624
601
724
816
812
779
670
500
246
154
251
342
269
47
-184
-419
-534
-453
-346
-384
-611
-830
-892
-797
-655
-648
-798
-1019
-1135
-1106
-1002
-968
-1012
-1019
-1002
-943
-869
-753
-682
-724
-790
-788
-676
-584
-530
-485
-420
-358
-324
-233
-96
36
134
247
395
511
526
461
408
360
294
192
185
304
481
578
639
642
493
301
150
159
168
143
128
110
197
342
386
279
126
100
247
471
743
918
915
780
683
779
980
1073
944
781
687
695
780
894
973
803
486
182
37
83
181
147
-204
-627
-860
-795
-626
-595
-710
-1022
-1322
-1450
-1300
-1061
-992
-1096
-1262
-1376
-1442
-1315
-1074
-889
-879
-973
-989
-915
-702
-407
-160
-92
-167
-188
-39
208
413
547
583
509
394
384
549
738
839
866
812
612
360
265
377
459
355
229
153
108
76
169
341
374
194
31
93
300
454
460
379
233
137
196
360
513
601
652
663
672
769
976
1133
952
673
532
697
983
1118
1189
922
363
-188
-243
197
526
415
-77
-604
-1032
-1179
-998
-710
-642
-1049
-1635
-2035
-2016
-1714
-1372
-1218
-1367
-1708
-1990
-1927
-1575
-1102
-774
-712
-789
-781
-538
-218
40
188
256
242
237
393
735
1102
1225
1063
794
597
560
646
842
917
666
217
-65
3
147
274
387
373
110
-212
-186
126
393
420
334
187
112
264
635
1018
1171
1203
1227
1260
1417
1747
2177
2156
1546
891
679
1010
1296
1438
1233
554
-395
-1028
-885
-430
-293
-757
-1479
-2179
-2623
-2546
-2077
-1621
-1791
-2421
-3030
-3186
-2878
-2216
-1546
-1324
-1602
-1962
-1822
-1254
-509
85
356
299
154
316
857
1507
1934
1975
1686
1345
1241
1559
2004
2177
1894
1371
890
640
678
814
733
268
-298
-617
-615
-497
-467
-592
-841
-1099
-1143
-824
-319
61
199
248
372
637
1097
1770
2359
2714
2683
2085
1366
930
1365
2079
2342
1989
965
-222
-1133
-1136
-502
-35
-351
-1322
-2474
-3343
-3383
-2670
-1805
-1668
-2388
-3369
-3833
-3454
-2447
-1327
-728
-931
-1624
-1957
-1370
-135
913
1221
887
561
680
1303
2130
2823
2983
2509
1837
1522
1783
2280
2579
2414
1826
1057
517
416
630
689
280
-406
-1017
-1365
-1399
-1088
-722
-788
-1235
-1478
-1133
-402
275
797
1041
1105
1262
1857
2365
2145
1424
890
1174
1551
1771
1519
723
-393
-1359
-1447
-981
-643
-1032
-1899
-2906
-3571
-3601
-3021
-2321
-2258
-2810
-3431
-3462
-2869
-1883
-1013
-675
-906
-1178
-912
-54
920
1473
1448
1196
1193
1592
2213
2752
2984
2758
2243
1874
1980
2338
2470
2178
1649
1070
543
294
295
235
-165
-729
-1075
-1232
-1362
-1393
-1235
-1071
-1070
-1030
-659
-68
528
1136
1721
2219
2648
3229
3480
2892
1862
1320
1851
2587
2816
2110
555
-1159
-2170
-1955
-1120
-798
-1592
-3108
-4552
-5147
-4757
-3733
-2868
-2877
-3721
-4668
-4797
-3850
-2288
-926
-350
-601
-1088
-969
151
1737
2827
2912
2400
2067
2306
2982
3671
3967
3699
3038
2463
2264
2340
2343
2048
1471
623
-284
-869
-1066
-1215
-1645
-2239
-2686
-2973
-2947
-2563
-2084
-1928
-1996
-1743
-975
-17
845
1620
2250
2714
3169
4035
5004
4995
3933
2657
2400
2949
3390
3301
2228
372
-1644
-2597
-2181
-1380
-1393
-2406
-3911
-5249
-5752
-5197
-3955
-3052
-3119
-3931
-4633
-4485
-3282
-1538
-103
409
120
-243
106
1282
2636
3295
3083
2561
2447
2868
3547
4013
3903
3228
2301
1579
1231
1156
1084
747
-26
-1024
-1847
-2308
-2510
-2569
-2601
-2719
-3023
-3190
-2851
-2131
-1440
-955
-440
201
840
1456
2289
3248
4092
4689
5303
5425
4490
2979
2103
2678
3455
3545
2416
383
-1897
-3375
-3233
-2173
-1622
-2424
-4091
-5790
-6529
-5973
-4453
-3032
-2576
-3175
-4102
-4388
-3342
-1198
987
2156
2040
1299
992
1813
3464
4845
5036
4217
3319
3056
3462
4099
4346
3794
2616
1371
483
6
-211
-324
-857
-1888
-3041
-3713
-3925
-3955
-3893
-3763
-3724
-3821
-3600
-2850
-1892
-1148
-497
284
1064
1715
2481
3544
4574
5373
5982
6349
5601
3945
2434
2224
3119
3698
3233
1135
-1721
-4089
-4626
-3516
-2245
-2325
-3976
-6197
-7676
-7463
-5780
-3641
-2457
-2762
-3938
-4597
-3767
-1474
1211
2993
3244
2424
1744
2290
3977
5701
6263
5475
4116
3234
3309
4022
4465
3976
2631
1131
112
-377
-569
-793
-1300
-2346
-3602
-4334
-4389
-4210
-4157
-4128
-3981
-3800
-3347
-2378
-1325
-661
-335
196
1040
1894
2767
3663
4348
4682
5034
5730
6583
6312
4656
2394
1035
1297
2043
2269
876
-1903
-4985
-6668
-6131
-4366
-3323
-4028
-5949
-7796
-8253
-6950
-4441
-2168
-1361
-2021
-2890
-2643
-812
1916
4315
5405
5040
4028
3626
4437
5944
6866
6431
4994
3650
3066
3168
3320
2885
1765
270
-1082
-2039
-2548
-2782
-3077
-3739
-4464
-4788
-4681
-4513
-4295
-3768
-3043
-2417
-1802
-816
235
890
1282
1910
2801
3566
4170
4872
5575
6092
6380
6642
6297
4627
2286
580
690
1548
1770
330
-2672
-5914
-7795
-7331
-5455
-4100
-4617
-6585
-8653
-9183
-7668
-4821
-2217
-1138
-1632
-2593
-2558
-758
2278
5101
6413
6000
4779
4063
4644
6151
7264
6931
5269
3427
2395
2298
2515
2203
1043
-569
-2105
-3249
-3918
-4184
-4173
-4407
-4810
-5011
-4858
-4443
-3901
-3073
-2081
-1193
-330
650
1576
2178
2604
3192
3903
4458
4856
5277
5681
5941
6054
6247
6299
5202
2935
356
-845
-524
177
113
-1705
-4891
-8067
-9195
-7733
-5292
-4136
-4959
-7015
-8583
-8246
-5738
-2226
297
789
-99
-768
-8
2259
5075
7152
7618
6577
5073
4314
4817
5853
6181
5118
3120
1292
257
-3
-166
-831
-2085
-3555
-4763
-5469
-5695
-5510
-5271
-5141
-4827
-4123
-3297
-2612
-1836
-703
482
1357
2140
2983
3556
3725
3914
4438
4996
5247
5375
5590
5718
5806
6009
5846
4218
1300
-1386
-2130
-1228
-189
-479
-2923
-6635
-9631
-9782
-7267
-4313
-3277
-4588
-7025
-8446
-7370
-4002
-69
2310
2339
922
-70
816
3521
6651
8544
8375
6600
4647
3874
4498
5449
5378
3886
1653
-290
-1327
-1564
-1696
-2396
-3686
-5040
-5937
-6248
-6070
-5544
-4948
-4331
-3552
-2585
-1708
-933
21
1169
2144
2832
3490
4059
4201
4062
4108
4444
4720
4861
5067
5300
5302
5134
5007
3988
1780
-1053
-2622
-2318
-1332
-943
-2335
-5248
-8421
-9731
-8280
-5330
-3336
-3427
-5139
-6773
-6664
-4335
-675
2383
3487
2769
1565
1417
2978
5580
7763
8327
7114
5026
3444
3222
3893
4138
3065
1035
-984
-2398
-3020
-3169
-3392
-4134
-5251
-6148
-6383
-5948
-5007
-3861
-2875
-2109
-1349
-382
747
1954
3131
3925
4140
4124
4343
4603
4614
4485
4424
4274
4061
4116
4571
4850
4806
4335
2668
14
-2713
-3556
-2681
-1528
-1422
-3233
-6410
-9370
-9906
-7572
-4304
-2684
-3311
-5220
-6497
-5836
-3074
636
3369
4002
2974
1808
1928
3634
6039
7819
8054
6658
4482
2867
2645
3234
3281
2024
-24
-1887
-3076
-3519
-3616
-3847
-4534
-5462
-6054
-5966
-5267
-4150
-2845
-1624
-594
198
806
1437
2392
3602
4484
4581
4283
4015
3774
3593
3682
3970
4004
3778
3760
4232
4682
4714
3393
892
-1793
-3077
-2342
-983
-422
-1947
-5186
-8497
-9571
-7690
-4446
-2483
-2883
-4856
-6516
-6145
-3521
152
2872
3495
2501
1439
1668
3407
5653
7138
7172
5851
3934
2535
2366
2911
2858
1530
-433
-2019
-2945
-3343
-3484
-3669
-4234
-5087
-5572
-5328
-4526
-3586
-2577
-1427
-178
1042
1848
2212
2467
2916
3470
3845
4065
4112
3646
2876
2414
2592
3076
3441
3712
3868
3827
3796
3240
1704
-669
-2554
-2701
-1755
-832
-1443
-3956
-7280
-9130
-7982
-4823
-2287
-1959
-3478
-5269
-5561
-3755
-507
2443
3660
3077
1853
1473
2616
4700
6484
7043
6160
4282
2433
1635
1989
2388
1592
-327
-2260
-3401
-3693
-3581
-3499
-3797
-4447
-4955
-4763
-3823
-2524
-1334
-390
473
1290
1940
2445
3055
3660
3887
3624
3317
3251
3102
2677
2252
2090
2108
2251
2723
3503
4101
3718
1768
-964
-2957
-2878
-1382
-56
-338
-2833
-6535
-9142
-8550
-5274
-2003
-1173
-2746
-5009
-5836
-4310
-1022
2312
3879
3197
1476
660
1702
3891
5806
6498
5865
4291
2543
1540
1556
1787
1185
-352
-1925
-2813
-3117
-3264
-3463
-3675
-3771
-3686
-3201
-2358
-1471
-797
-208
800
2229
3427
3678
3213
2844
2936
3240
3537
3705
3303
2099
843
494
1029
1648
1940
2093
2339
2805
2810
1612
-616
-2536
-2661
-1433
-11
31
-2105
-5656
-8298
-7808
-4565
-1318
-437
-2072
-4549
-5678
-4354
-1020
2411
3911
2961
930
-159
694
2836
4841
5587
4703
2618
535
-229
465
1287
759
-1154
-3125
-4103
-3922
-3133
-2405
-2278
-2862
-3540
-3389
-2057
-247
1087
1687
2058
2574
3039
3338
3649
3928
3784
3155
2543
2384
2289
1846
1308
1090
1222
1387
1709
2413
3418
3839
2593
30
-2471
-3027
-1750
163
1034
-518
-4232
-7952
-8739
-5956
-1976
115
-661
-3197
-5234
-5126
-2582
1118
3798
4000
2202
304
45
1589
3804
5368
5455
3931
1493
-435
-759
112
659
-119
-1710
-3127
-3878
-3964
-3530
-2809
-2289
-2254
-2377
-2092
-1232
-143
913
1951
2952
3479
3271
2804
2636
2740
2734
2508
2334
2024
1305
526
297
738
1349
1793
2213
2910
3546
3101
1172
-1323
-2536
-1888
-291
816
-24
-3035
-6712
-8303
-6446
-2708
-114
-269
-2509
-4639
-4763
-2517
879
3420
3723
2118
309
-12
1437
3519
4886
4834
3394
1217
-498
-802
2
490
-359
-2025
-3331
-3762
-3546
-3085
-2632
-2415
-2475
-2438
-1829
-583
796
1814
2379
2810
3181
3280
3216
3264
3320
2982
2292
1766
1492
1055
495
240
433
769
1021
1379
2103
3007
2926
1296
-1228
-2743
-2357
-828
524
141
-2414
-6016
-8054
-6890
-3448
-494
121
-1509
-3606
-4264
-2669
556
3587
4674
3486
1447
446
1231
3005
4496
4827
3771
1659
-473
-1407
-970
-274
-579
-1810
-3044
-3689
-3762
-3420
-2836
-2342
-2189
-2095
-1535
-434
716
1478
2074
2915
3788
3985
3441
2869
2711
2749
2690
2503
2052
1166
225
-124
219
813
1308
1761
2373
2796
2014
-64
-2306
-2907
-1700
-49
592
-826
-3966
-7225
-8107
-5761
-1962
299
-230
-2442
-4082
-3689
-1318
1877
4212
4434
2771
899
506
1793
3552
4534
4173
2568
319
-1496
-1952
-1333
-897
-1553
-2819
-3734
-3942
-3675
-3217
-2669
-2236
-1992
-1690
-933
275
1457
2274
2919
3732
4436
4483
3985
3524
3271
2949
2510
2255
2007
1333
441
-25
192
633
1018
1461
2200
2546
1493
-894
-3200
-3600
-2143
-131
641
-960
-4503
-7802
-8281
-5357
-1268
946
164
-2304
-3953
-3327
-586
2825
5060
4952
3017
1091
767
2061
3732
4637
4249
2627
344
-1489
-2048
-1622
-1419
-2149
-3315
-4085
-4169
-3879
-3453
-2955
-2421
-1920
-1332
-494
509
1398
2075
2810
3751
4474
4485
3939
3324
2907
2609
2434
2381
2088
1307
379
-68
205
822
1438
2055
2707
2642
1062
-1581
-3596
-3514
-1820
30
267
-1898
-5577
-8277
-7757
-4252
-434
960
-533
-3069
-4123
-2644
663
3968
5504
4630
2383
750
1019
2792
4550
5049
3942
1699
-659
-2010
-1993
-1451
-1634
-2771
-4002
-4551
-4329
-3683
-2943
-2403
-2186
-2045
-1530
-452
897
2044
2785
3341
3849
4124
4073
3912
3761
3412
2830
2333
2049
1643
1039
610
556
679
786
1071
1771
2655
2656
914
-1992
-4110
-3925
-2000
-67
-58
-2617
-6532
-9064
-8107
-4217
-344
893
-734
-3253
-4334
-2906
523
4167
6011
5233
3001
1361
1554
3165
4913
5690
4943
2777
112
-1670
-1971
-1514
-1540
-2363
-3398
-4136
-4445
-4314
-3745
-2932
-2239
-1756
-1261
-644
75
906
1983
3254
4215
4347
3763
3098
2789
2766
2805
2833
2606
1826
844
368
671
1289
1766
2140
2615
3000
2468
585
-1918
-3412
-3066
-1518
-197
-602
-3268
-7006
-9175
-7965
-4196
-790
30
-1627
-3789
-4413
-2731
577
3811
5244
4417
2552
1412
1860
3377
4883
5458
4577
2366
-143
-1630
-1709
-1273
-1425
-2276
-3247
-3878
-4052
-3794
-3166
-2393
-1721
-1214
-716
-124
510
1212
2205
3500
4512
4569
3802
2961
2539
2478
2568
2690
2500
1723
692
159
422
1084
1671
2040
2435
2785
2332
542
-1959
-3464
-3119
-1542
-211
-683
-3413
-7050
-8950
-7531
-3774
-480
259
-1448
-3572
-4050
-2254
949
3884
5038
4100
2292
1346
1987
3494
4754
5087
4250
2297
-17
-1455
-1599
-1276
-1555
-2442
-3252
-3634
-3737
-3700
-3449
-2928
-2260
-1504
-617
229
735
1023
1667
2928
4173
4494
3834
2897
2291
2081
2172
2401
2355
1678
750
363
752
1377
1784
2019
2448
3042
2828
1166
-1474
-3356
-3328
-1819
-273
-429
-2994
-6822
-9222
-8247
-4577
-1097
-112
-1625
-3759
-4516
-3037
122
3340
4866
4108
2239
1091
1583
3156
4656
5302
4726
2924
586
-1050
-1350
-981
-1058
-1812
-2668
-3226
-3533
-3674
-3492
-2976
-2269
-1482
-590
235
668
826
1311
2524
3972
4644
4145
3068
2217
1963
2183
2567
2593
1863
741
105
355
1062
1622
1974
2356
2950
3211
2256
8
-2382
-3267
-2392
-730
23
-1420
-4831
-8110
-8746
-6145
-2373
-195
-661
-2691
-4195
-3790
-1402
1774
4023
4271
2916
1459
1198
2240
3711
4717
4746
3633
1668
-223
-1116
-1063
-963
-1398
-2082
-2605
-2934
-3235
-3387
-3225
-2764
-2103
-1188
-95
627
717
690
1383
2771
3957
4195
3550
2613
1920
1773
2142
2612
2533
1711
798
495
851
1370
1781
2261
2936
3520
3040
1129
-1467
-3110
-2953
-1543
-253
-722
-3428
-7040
-9000
-7837
-4457
-1395
-533
-1939
-3871
-4429
-2930
-79
2629
3918
3433
2041
1120
1416
2586
3885
4659
4435
3061
1057
-497
-1003
-851
-853
-1247
-1756
-2261
-2888
-3524
-3697
-3256
-2449
-1513
-529
187
237
-6
414
1856
3451
4097
3618
2673
1918
1659
1971
2588
2841
2233
1188
617
810
1352
1800
2272
2830
3407
3535
2559
536
-1648
-2608
-2059
-733
-60
-1324
-4436
-7530
-8358
-6396
-3252
-1181
-1187
-2689
-4026
-3894
-2084
564
2673
3325
2689
1746
1421
1877
2811
3821
4406
4057
2663
913
-222
-513
-509
-656
-885
-1136
-1701
-2686
-3576
-3789
-3239
-2217
-1050
-129
26
-538
-854
7
1780
3251
3564
2913
1977
1333
1376
2116
3007
3128
2277
1162
627
794
1343
2022
2794
3354
3532
3027
1552
-547
-2366
-2638
-1557
-295
-444
-2640
-5963
-8267
-7873
-5056
-1944
-690
-1670
-3568
-4472
-3511
-1108
1526
3112
3124
2122
1243
1239
2038
3139
4080
4388
3678
2096
495
-232
-139
-21
-350
-876
-1386
-2050
-2903
-3498
-3462
-2890
-2051
-1121
-438
-445
-951
-1008
127
2009
3411
3643
3021
2228
1709
1674
2182
2914
3076
2344
1297
752
860
1324
1991
2785
3348
3466
2936
1485
-668
-2531
-2803
-1595
-166
-243
-2488
-5907
-8268
-7861
-4960
-1657
-251
-1293
-3462
-4637
-3828
-1472
1197
2941
3093
1966
734
562
1607
3133
4391
4859
4181
2447
606
-211
53
451
309
-284
-1027
-1946
-2956
-3553
-3394
-2714
-1970
-1300
-800
-820
-1285
-1325
-177
1737
3127
3302
2603
1773
1302
1446
2212
3068
3101
2120
1005
643
988
1526
2076
2703
3155
3303
3144
2262
500
-1613
-2562
-1877
-453
93
-1322
-4358
-7327
-8162
-6209
-2814
-479
-634
-2691
-4609
-4825
-3112
-331
2152
3116
2392
1049
378
861
2188
3796
4952
4922
3497
1540
358
349
766
766
301
-388
-1340
-2463
-3267
-3408
-3083
-2522
-1695
-815
-601
-1310
-1963
-1374
455
2281
3123
2911
2058
1110
789
1540
2819
3356
2590
1295
526
540
1001
1764
2626
3140
3024
2831
2551
1608
-236
-1871
-1999
-1006
-99
-646
-2832
-5825
-7777
-7280
-4541
-1607
-647
-2005
-4088
-4912
-3889
-1697
599
2087
2310
1611
908
1037
1985
3337
4608
5255
4764
3257
1777
1169
1204
1048
541
2
-523
-1293
-2299
-3188
-3666
-3548
-2701
-1417
-574
-899
-1980
-2389
-1231
931
2679
3154
2421
1194
405
760
2041
3079
2880
1669
484
-27
153
877
1931
2728
2862
2691
2948
3342
2794
1131
-614
-1224
-903
-352
-495
-1954
-4532
-6790
-7024
-5169
-2848
-1926
-2668
-4065
-4849
-4532
-3149
-1136
669
1470
1357
1142
1413
2076
2971
4114
5183
5416
4490
3070
2025
1510
1131
783
550
156
-769
-2088
-3287
-3956
-3931
-3141
-1874
-961
-1056
-1989
-2583
-1846
87
1993
2737
2217
1125
352
475
1541
2721
2939
1977
725
99
279
971
1930
2809
3222
3231
3227
3496
3284
2123
284
-996
-1144
-743
-595
-1509
-3430
-5775
-7062
-6464
-4468
-2807
-2705
-3871
-4978
-5062
-4065
-2238
-84
1564
2039
1686
1427
1837
2838
4225
5576
6138
5341
3623
2174
1621
1575
1310
673
-157
-1141
-2186
-3078
-3620
-3764
-3441
-2597
-1603
-1198
-1666
-2326
-2145
-866
757
1770
1861
1341
809
766
1331
2129
2485
2115
1373
820
706
1000
1688
2596
3250
3374
3305
3548
3954
3621
2189
241
-1099
-1405
-1044
-712
-1388
-3408
-5976
-7298
-6507
-4519
-3106
-3087
-3992
-4872
-4954
-3861
-1683
623
1893
1917
1548
1719
2539
3623
4685
5357
5279
4436
3372
2584
1951
1126
174
-461
-759
-1150
-1969
-2989
-3746
-3985
-3613
-2647
-1499
-952
-1383
-2212
-2268
-1194
410
1630
2040
1687
865
239
456
1430
2268
2286
1685
1096
883
1134
1834
2709
3305
3488
3549
3722
3967
3691
2498
657
-859
-1258
-951
-674
-1353
-3177
-5547
-7124
-6911
-5234
-3477
-2890
-3513
-4385
-4460
-3563
-1943
-81
1481
2344
2523
2502
2641
3016
3722
4707
5500
5362
4127
2482
1246
607
270
11
-313
-849
-1679
-2660
-3461
-3854
-3669
-2885
-1828
-1122
-1273
-2054
-2538
-2023
-623
842
1603
1452
709
37
51
826
1790
2235
1993
1443
1043
995
1377
2122
2920
3371
3350
3230
3300
3558
3462
2537
906
-722
-1432
-1291
-898
-1392
-3135
-5457
-6925
-6590
-4900
-3149
-2548
-3177
-4208
-4443
-3440
-1640
123
1279
1753
1841
1963
2395
3015
3627
4140
4443
4302
3664
2766
1855
1004
276
-107
-97
-55
-397
-1305
-2494
-3382
-3415
-2496
-1282
-660
-1037
-2037
-2784
-2525
-1275
231
1149
1188
595
-146
-414
152
1262
2156
2372
1990
1357
856
905
1664
2750
3534
3680
3380
3093
3136
3372
3139
2130
613
-595
-1198
-1366
-1532
-2252
-3652
-5229
-5921
-5425
-4341
-3623
-3556
-3851
-3974
-3618
-2770
-1604
-342
756
1519
1881
1896
1827
2015
2727
3712
4282
3974
3010
2023
1354
899
562
367
249
25
-455
-1242
-2163
-2887
-2958
-2215
-1118
-525
-1000
-2103
-2760
-2314
-1024
329
1067
928
192
-432
-343
429
1289
1730
1680
1395
1117
1005
1182
1653
2261
2768
3081
3241
3395
3586
3748
3434
2403
873
-331
-714
-551
-505
-1285
-2886
-4746
-5786
-5515
-4340
-3290
-2999
-3333
-3687
-3591
-3095
-2317
-1299
-102
898
1406
1464
1389
1504
2083
3157
4169
4439
3760
2623
1662
1147
999
1060
1103
902
357
-495
-1437
-2251
-2594
-2244
-1402
-769
-970
-1931
-2843
-2956
-2197
-1029
-78
249
-148
-852
-1172
-703
257
1035
1313
1227
1052
928
1080
1680
2523
3214
3595
3825
3993
4043
4043
3962
3520
2532
1181
121
-465
-688
-1036
-1921
-3402
-4975
-5792
-5485
-4481
-3657
-3455
-3812
-4177
-4154
-3635
-2703
-1569
-461
415
998
1346
1511
1701
2310
3407
4392
4602
3897
2752
1769
1269
1340
1728
1953
1635
789
-203
-1007
-1562
-1812
-1662
-1265
-1139
-1589
-2371
-2959
-3057
-2704
-2032
-1307
-892
-1020
-1440
-1584
-1132
-334
517
1300
1828
1860
1511
1432
2030
2983
3759
4135
4179
3989
3743
3720
3995
3990
3176
1618
158
-615
-884
-1087
-1680
-2823
-4396
-5639
-5817
-4988
-4014
-3635
-3852
-4171
-4180
-3804
-3119
-2160
-1100
-126
630
1188
1498
1511
1636
2369
3612
4569
4626
3894
2856
1982
1629
1927
2539
2851
2445
1286
-263
-1661
-2345
-2136
-1414
-943
-1386
-2692
-4121
-4690
-4059
-2680
-1398
-894
-1142
-1573
-1538
-922
-80
674
1270
1702
1975
2079
2094
2110
2256
2642
3248
3798
3967
3735
3419
3375
3580
3579
2960
1675
280
-684
-1103
-1207
-1493
-2297
-3622
-4793
-5176
-4785
-4221
-3900
-3814
-3805
-3720
-3525
-3195
-2706
-1979
-950
198
1160
1610
1568
1509
1975
2995
3981
4458
4325
3749
2958
2257
1987
2103
2234
2109
1603
656
-663
-1951
-2613
-2505
-1994
-1637
-1822
-2498
-3233
-3478
-2961
-1972
-1120
-770
-792
-787
-624
-470
-383
-174
311
923
1410
1598
1518
1362
1462
2015
2805
3386
3476
3226
3043
3182
3495
3512
2907
1756
596
-139
-442
-680
-1237
-2173
-3283
-4095
-4301
-4051
-3831
-3794
-3740
-3509
-3264
-3177
-3162
-2949
-2279
-1141
153
1110
1426
1206
973
1277
2163
3137
3637
3501
2938
2262
1700
1449
1554
1857
2039
1786
1037
-8
-921
-1259
-972
-477
-310
-642
-1230
-1694
-1873
-1823
-1699
-1571
-1388
-1248
-1314
-1587
-1796
-1701
-1275
-694
-115
313
562
765
1041
1433
1874
2307
2672
2929
3074
3168
3262
3341
3343
3142
2657
1916
1159
542
95
-286
-737
-1380
-2234
-3015
-3439
-3434
-3183
-2853
-2577
-2406
-2381
-2500
-2650
-2568
-2103
-1380
-703
-281
-131
-159
-144
139
697
1394
2002
2324
2290
1956
1547
1317
1365
1634
1854
1798
1447
943
478
107
-94
-143
-117
-191
-468
-896
-1394
-1818
-2098
-2186
-2077
-1861
-1680
-1611
-1614
-1548
-1315
-926
-462
-43
312
643
943
1217
1461
1659
1775
1855
1952
2056
2105
2108
2139
2187
2131
1866
1369
834
442
261
237
188
-115
-796
-1606
-2054
-1935
-1522
-1175
-1045
-1062
-1126
-1178
-1151
-1026
-821
-577
-345
-135
6
50
58
148
302
402
424
404
354
235
35
-142
-242
-281
-336
-484
-647
-745
-729
-614
-477
-447
-608
-884
-1043
-911
-561
-198
-20
-65
-194
-208
41
494
926
1150
1111
897
655
549
690
997
1223
1169
854
483
278
346
568
723
707
578
433
287
213
275
392
424
308
103
-125
-311
-306
-68
269
492
469
268
85
132
432
765
879
722
420
129
-87
-232
-325
-394
-470
-593
-776
-1031
-1334
-1608
-1728
-1700
-1649
-1695
-1847
-2001
-2060
-1934
-1637
-1291
-1032
-879
-754
-566
-319
-29
270
544
785
1024
1271
1423
1429
1404
1513
1692
1777
1713
1608
1483
1282
1055
936
896
745
370
-84
-424
-620
-734
-799
-824
-827
-832
-796
-643
-364
-38
259
492
684
873
1026
1144
1244
1352
1425
1422
1385
1357
1258
1054
828
666
572
450
171
-264
-779
-1229
-1550
-1753
-1877
-2004
-2181
-2360
-2483
-2522
-2443
-2264
-2037
-1858
-1778
-1738
-1588
-1243
-783
-370
-58
172
335
457
637
907
1190
1402
1538
1607
1644
1674
1697
1651
1523
1409
1328
1197
930
563
183
-121
-319
-438
-568
-769
-973
-1082
-1058
-961
-864
-801
-736
-612
-389
-77
283
629
882
1050
1256
1546
1852
2073
2170
2166
2057
1907
1742
1559
1342
1082
779
455
123
-226
-588
-956
-1313
-1653
-1918
-2066
-2099
-2085
-2068
-2089
-2163
-2187
-2025
-1650
-1261
-1065
-1043
-1048
-994
-872
-660
-369
-73
162
317
426
540
703
882
1021
1089
1093
1012
876
747
665
641
581
448
263
98
-6
-73
-112
-154
-218
-276
-300
-312
-315
-282
-165
-21
102
194
291
413
513
568
611
720
901
1089
1218
1271
1269
1224
1167
1121
1111
1138
1125
990
691
333
46
-110
-141
-148
-233
-431
-661
-808
-871
-905
-948
-988
-1033
-1090
-1142
-1180
-1217
-1272
-1296
-1224
-1045
-867
-822
-886
-910
-782
-538
-295
-144
-154
-271
-347
-280
-58
221
414
413
227
20
-49
37
175
247
222
138
47
-26
-38
27
147
260
310
306
284
280
330
407
500
606
704
715
627
518
472
461
451
452
443
373
256
201
290
456
572
581
500
415
417
559
756
892
900
798
654
534
490
445
338
203
95
-12
-184
-424
-638
-741
-760
-794
-922
-1096
-1205
-1249
-1229
-1178
-1102
-1005
-901
-767
-636
-536
-482
-449
-409
-357
-293
-261
-281
-345
-437
-488
-473
-389
-325
-350
-442
-481
-377
-161
64
181
198
194
246
361
509
649
744
728
623
520
484
536
634
724
730
667
582
542
568
641
691
637
547
449
338
239
211
234
197
99
33
57
132
212
246
244
255
334
446
517
498
385
248
164
179
237
312
414
502
498
329
72
-156
-241
-195
-159
-289
-605
-963
-1199
-1238
-1170
-1148
-1266
-1474
-1649
-1692
-1621
-1517
-1460
-1455
-1443
-1374
-1270
-1167
-1054
-878
-625
-364
-138
96
338
551
699
841
1013
1147
1220
1275
1356
1430
1457
1456
1462
1452
1376
1220
1033
878
764
637
451
219
12
-112
-137
-134
-198
-394
-654
-800
-748
-558
-378
-305
-340
-381
-301
-44
259
468
553
581
662
838
1070
1256
1355
1385
1363
1266
1098
871
597
323
96
-84
-275
-526
-838
-1144
-1362
-1482
-1569
-1693
-1858
-2023
-2119
-2115
-2017
-1843
-1603
-1379
-1207
-1045
-826
-552
-273
-4
202
336
428
499
541
570
610
707
851
969
959
819
669
582
561
579
616
600
486
292
125
90
187
312
360
337
311
320
365
426
461
483
504
521
506
496
551
627
657
616
558
511
476
454
419
333
209
68
-77
-251
-444
-635
-788
-859
-852
-850
-918
-1006
-1016
-893
-694
-468
-243
-58
30
30
7
39
138
292
437
507
471
350
222
174
210
272
269
167
-37
-285
-477
-563
-581
-619
-686
-779
-899
-1042
-1134
-1097
-965
-860
-852
-868
-836
-728
-562
-373
-206
-85
37
172
313
434
572
720
855
971
1060
1128
1187
1270
1364
1418
1415
1393
1356
1279
1144
1049
957
773
480
156
-103
-363
-578
-685
-724
-739
-732
-745
-837
-1025
-1130
-1057
-868
-652
-488
-447
-543
-638
-531
-234
59
181
190
201
254
354
493
675
777
763
681
655
712
773
802
792
740
601
356
131
31
66
91
-22
-239
-456
-624
-737
-770
-719
-692
-801
-993
-1116
-1094
-1004
-953
-954
-910
-765
-560
-374
-270
-271
-317
-300
-174
-19
88
112
68
46
113
246
351
415
442
449
456
476
517
556
604
649
689
708
669
590
578
680
798
806
695
538
373
253
203
184
91
-120
-360
-523
-579
-578
-554
-520
-518
-605
-727
-757
-632
-463
-405
-478
-557
-556
-489
-372
-195
-1
146
249
345
424
473
500
562
662
746
805
865
947
987
913
752
564
456
419
400
351
253
114
-60
-189
-252
-290
-357
-432
-515
-610
-690
-709
-699
-719
-752
-744
-692
-637
-572
-507
-473
-474
-439
-334
-225
-177
-165
-168
-151
-122
-76
-42
-41
-32
26
126
197
231
304
429
506
526
550
616
653
656
682
763
835
848
788
696
639
612
537
360
145
-13
-92
-139
-210
-361
-600
-841
-995
-1040
-1028
-1001
-1017
-1107
-1190
-1166
-1046
-949
-904
-838
-707
-533
-338
-157
4
139
235
318
430
597
754
871
991
1133
1236
1292
1351
1430
1509
1520
1451
1308
1120
942
792
693
568
365
103
-141
-280
-347
-422
-573
-769
-908
-1003
-1127
-1257
-1321
-1301
-1267
-1241
-1211
-1164
-1062
-869
-660
-551
-553
-600
-598
-488
-303
-149
-90
-86
-50
13
102
227
340
404
398
392
438
532
651
762
843
846
787
726
726
774
803
768
641
462
306
214
126
14
-94
-166
-231
-338
-445
-531
-586
-607
-596
-576
-582
-600
-589
-534
-461
-385
-318
-259
-202
-119
16
147
222
239
283
392
515
598
644
699
765
838
933
1062
1194
1265
1246
1127
1002
989
1068
1077
922
697
518
387
272
133
-55
-286
-519
-710
-865
-984
-1083
-1173
-1263
-1389
-1553
-1701
-1754
-1721
-1651
-1597
-1557
-1517
-1464
-1361
-1195
-958
-708
-532
-434
-354
-205
1
193
340
427
508
616
750
882
971
1018
1049
1067
1063
1042
1039
1026
967
890
840
804
738
670
613
540
427
306
218
152
102
62
3
-88
-178
-232
-257
-269
-270
-309
-404
-501
-506
-418
-328
-285
-291
-305
-280
-200
-95
-36
-22
-22
-38
-73
-88
-55
-24
-44
-114
-176
-193
-181
-150
-105
-75
-65
-52
-4
58
87
92
102
161
290
418
478
490
520
580
625
655
644
567
446
343
278
230
208
173
84
-68
-215
-305
-379
-438
-487
-513
-545
-620
-739
-867
-946
-972
-940
-887
-826
-793
-798
-802
-741
-575
-355
-178
-82
-33
23
115
269
475
628
679
678
710
751
764
770
781
770
720
638
531
431
379
353
289
187
123
102
74
21
-47
-108
-160
-190
-190
-182
-194
-236
-292
-322
-336
-325
-292
-260
-259
-290
-307
-305
-285
-260
-233
-223
-234
-259
-278
-281
-262
-213
-143
-95
-103
-139
-173
-193
-177
-111
-45
-22
-50
-37
59
225
400
545
686
796
870
916
1006
1144
1249
1283
1278
1284
1290
1229
1099
963
822
650
428
194
-36
-270
-472
-643
-835
-1051
-1228
-1345
-1457
-1545
-1571
-1555
-1557
-1566
-1529
-1437
-1295
-1124
-958
-812
-644
-465
-323
-226
-126
17
170
315
444
549
636
710
770
828
903
988
1028
1014
990
953
863
722
591
504
437
352
215
70
-20
-42
-70
-116
-151
-202
-271
-319
-304
-266
-259
-254
-226
-198
-222
-313
-421
-500
-540
-533
-461
-381
-382
-479
-551
-493
-370
-265
-235
-244
-274
-295
-238
-123
-1
70
146
249
364
451
491
538
625
726
788
794
798
830
872
924
965
980
983
993
1021
1009
945
891
865
828
719
581
451
321
185
35
-142
-359
-579
-742
-863
-967
-1082
-1224
-1369
-1475
-1507
-1488
-1445
-1395
-1381
-1401
-1358
-1192
-962
-778
-664
-594
-537
-436
-272
-96
37
134
226
312
365
403
431
459
539
673
790
819
795
773
747
720
717
722
660
541
452
423
388
289
180
123
114
100
54
-17
-78
-100
-89
-77
-85
-109
-155
-194
-218
-206
-173
-145
-150
-206
-273
-353
-429
-486
-477
-427
-392
-381
-380
-371
-368
-343
-281
-178
-93
-44
-15
5
29
55
97
136
155
161
186
245
346
430
469
479
510
557
586
625
701
782
795
741
671
640
660
688
674
619
573
547
513
463
415
368
310
214
62
-116
-266
-372
-469
-562
-630
-683
-759
-837
-903
-948
-959
-946
-947
-987
-990
-954
-941
-971
-963
-863
-712
-556
-386
-215
-89
-7
83
212
317
384
425
444
445
439
451
455
439
431
410
343
228
133
101
83
29
-74
-164
-204
-192
-183
-195
-224
-235
-214
-167
-113
-76
-53
-44
-63
-86
-65
-1
59
57
12
2
70
158
204
214
236
214
94
-32
-51
13
42
7
-30
-36
-12
36
80
77
40
13
5
1
12
66
149
217
260
303
386
482
542
578
644
731
791
794
785
781
752
685
557
445
352
276
187
96
49
2
-62
-173
-275
-313
-291
-258
-272
-320
-381
-435
-467
-490
-536
-566
-511
-427
-420
-495
-544
-519
-492
-471
-434
-382
-350
-319
-247
-169
-145
-151
-133
-101
-68
-59
-57
-63
-64
-53
-54
-85
-120
-147
-190
-256
-297
-271
-210
-175
-174
-164
-142
-80
16
123
209
244
295
347
373
366
408
520
578
499
362
286
271
254
209
149
81
46
28
-25
-150
-237
-219
-138
-79
-90
-140
-224
-257
-248
-214
-155
-89
-42
-30
7
36
-9
-91
-72
57
197
261
273
295
337
381
390
374
359
344
333
310
300
298
301
288
234
165
116
113
119
97
47
15
14
26
16
-15
-32
-7
46
87
94
80
69
76
90
93
81
52
1
-81
-185
-286
-350
-361
-357
-380
-451
-525
-568
-574
-547
-527
-531
-546
-539
-499
-483
-483
-442
-325
-204
-145
-116
-58
28
85
109
130
160
184
180
160
143
146
182
216
203
146
104
103
109
100
78
44
-1
-25
-18
-7
-1
6
2
-44
-96
-113
-88
-48
-34
-22
-21
-21
-21
-9
22
56
77
70
64
48
27
17
30
42
28
16
38
73
93
106
122
138
130
128
145
179
185
174
195
252
299
305
319
351
387
414
443
466
482
483
457
403
342
301
270
236
186
132
92
93
107
116
104
60
2
-60
-107
-132
-138
-129
-132
-117
-73
-27
-31
-73
-113
-146
-187
-263
-336
-392
-432
-481
-529
-566
-590
-590
-576
-596
-667
-702
-666
-622
-634
-650
-619
-583
-607
-638
-623
-563
-511
-468
-414
-356
-288
-205
-122
-64
-22
38
130
230
333
441
555
650
716
753
767
767
785
831
863
841
795
775
773
749
699
636
560
457
347
263
230
225
183
99
-6
-97
-162
-190
-159
-114
-123
-199
-275
-308
-322
-341
-332
-282
-239
-235
-275
-316
-353
-344
-271
-170
-102
-98
-89
-56
-7
14
-8
-38
-34
18
65
62
39
38
48
57
72
105
120
107
94
88
92
86
92
114
148
173
180
167
143
133
133
142
148
139
134
145
158
136
55
-35
-94
-125
-136
-124
-88
-59
-76
-119
-159
-210
-259
-270
-247
-235
-267
-298
-300
-296
-325
-376
-398
-386
-370
-378
-393
-368
-312
-248
-238
-277
-313
-337
-319
-252
-153
-68
-24
18
37
21
8
33
82
111
116
108
112
143
199
258
311
327
340
341
354
380
417
463
469
451
432
415
407
418
424
376
288
222
186
146
94
48
2
-37
-54
-52
-41
-31
-24
-38
-73
-116
-123
-92
-60
-78
-128
-146
-134
-140
-183
-202
-160
-100
-90
-114
-113
-70
-22
2
26
52
64
46
37
57
100
138
141
122
113
146
184
178
136
102
105
110
109
117
118
66
-22
-87
