3.48498 0.610701 -0.228395 0.794533 0.601386 -0.207522 0.160607 0.753343 0.22379 -0.277617 0.0490296 0.0354047 
3.99291 2.15839 0.100905 -0.658081 -0.406852 0.201617 1.30776 1.74193 0.781579 -0.244156 -0.0383792 -0.0634022 
2.80666 2.13957 1.69118 1.36896 1.18795 1.08189 0.939457 0.731675 0.45798 0.201668 0.0177191 -0.03287 
5.0641 3.59041 1.84204 0.969954 0.683945 1.06375 1.52495 1.38957 0.490442 -0.09627 -0.047104 -0.0451002 
7.35477 3.79193 1.40058 1.1841 0.933924 0.299561 1.53153 1.45202 -0.0504205 -0.284281 -0.160681 -0.00699657 
4.81226 4.11548 2.81002 1.4478 0.727397 0.725645 1.15194 0.843306 0.0399192 -0.298004 -0.00351528 -0.0445032 
3.40751 2.9033 2.31611 1.67508 1.19395 0.825997 0.506289 0.229728 0.0903093 0.0387139 0.0270719 -0.0261624 
5.36685 4.42004 2.73902 1.40439 0.692724 0.526311 0.494057 0.130409 -0.389687 -0.423977 -0.00736225 0.00311484 
3.91991 3.52442 2.86728 2.01151 1.19716 0.598894 0.179028 -0.182187 -0.336909 -0.15216 0.129916 -0.00644877 
4.81691 4.35442 3.34221 1.98237 1.01048 0.597218 0.360372 -0.197387 -0.57332 -0.351584 0.00801593 -0.0119701 
3.65847 3.22899 2.66205 1.93332 1.22464 0.575622 0.014824 -0.295039 -0.321196 -0.120996 0.095516 -0.0143125 
4.24632 3.99136 3.4908 2.73603 1.82386 0.701443 -0.259986 -0.727984 -0.785997 -0.478343 -0.0205557 -0.0535157 
3.96549 3.76858 3.33888 2.52829 1.49629 0.482304 -0.28001 -0.682873 -0.697475 -0.384312 0.0392595 -0.0338601 
4.94393 4.39994 3.60335 2.71055 1.63365 0.623261 -0.120668 -0.51502 -0.829524 -0.671312 -0.0767655 -0.0409274 
3.64144 3.25292 2.77345 2.12602 1.32791 0.53495 -0.0949391 -0.435324 -0.451233 -0.244238 0.0520424 -0.0266625 
3.62432 3.42868 3.11283 2.49635 1.74582 0.913035 0.157762 -0.338106 -0.473352 -0.275073 -0.0108581 -0.0593907 
4.28784 3.86203 3.27323 2.58669 1.87727 1.13829 0.472572 -0.0866527 -0.404206 -0.367994 -0.0327906 -0.0510437 
4.82019 4.36399 3.60163 3.09679 2.59362 1.56066 0.487946 -0.322369 -0.746481 -0.658717 -0.098228 -0.0838398 
3.74257 3.43557 3.05571 2.51787 1.77631 0.928286 0.228639 -0.259069 -0.381518 -0.279313 -0.0577971 -0.0588091 
3.67708 3.49857 3.28794 2.82096 2.06695 1.10127 0.286723 -0.223673 -0.421341 -0.347135 -0.0770149 -0.0795366 
3.5082 3.18683 2.85379 2.31128 1.63925 0.906962 0.252039 -0.243772 -0.428728 -0.329779 -0.102376 -0.0652943 
4.02303 3.74354 3.34831 2.75893 1.92347 0.942855 0.128387 -0.419668 -0.61993 -0.489774 -0.083259 -0.0805506 
3.64387 3.3725 3.03492 2.42914 1.64307 0.821626 0.0839251 -0.415231 -0.549769 -0.409394 -0.117374 -0.0738253 
4.37401 4.33383 4.03621 3.39355 2.55417 1.47393 0.386486 -0.505614 -0.910002 -0.645911 -0.0837218 -0.113433 
3.60455 3.33493 3.0355 2.45841 1.63323 0.723787 -0.0233044 -0.47754 -0.616536 -0.45418 -0.133054 -0.0784599 
3.69708 3.41909 3.07004 2.46804 1.64176 0.745958 -0.020884 -0.534435 -0.656297 -0.466559 -0.123039 -0.0785414 
3.55652 3.2322 2.88281 2.33866 1.62722 0.804539 0.0455809 -0.446386 -0.570123 -0.404873 -0.12738 -0.0713881 
3.95576 3.769 3.41416 2.78103 1.92185 1.02171 0.133089 -0.513066 -0.728613 -0.509421 -0.0564195 -0.0813403 
4.17065 3.93414 3.60286 2.94068 2.15873 1.18838 0.202204 -0.482728 -0.752011 -0.511846 -0.0408562 -0.0794517 
3.59513 3.3132 3.01663 2.50547 1.78616 0.976003 0.220672 -0.248049 -0.398374 -0.281205 -0.040043 -0.0559026 
4.2402 4.2165 4.0041 3.39237 2.49297 1.36874 0.333477 -0.376068 -0.62447 -0.462421 -0.0527817 -0.0906151 
3.70616 3.50749 3.2514 2.72743 2.0013 1.14198 0.315707 -0.1954 -0.342574 -0.252001 -0.0141017 -0.0573801 
3.68692 3.41804 3.14047 2.62703 1.85218 1.06396 0.374208 -0.0974667 -0.262154 -0.23036 -0.0220528 -0.0486409 
3.70637 3.52938 3.31816 2.81873 2.01456 1.20659 0.487519 -0.0106952 -0.278475 -0.257205 -0.00645371 -0.0557274 
3.91749 3.84669 3.74026 3.22303 2.4247 1.42927 0.462408 -0.209573 -0.469467 -0.313521 0.00112796 -0.0779891 
3.86718 3.81938 3.76388 3.33183 2.54584 1.49561 0.437303 -0.202458 -0.435833 -0.288058 0.000746641 -0.0833748 
3.34062 2.97579 2.68226 2.24951 1.70783 1.05721 0.467867 0.0829955 -0.124421 -0.134279 -0.067177 -0.0412312 
5.94051 4.69133 3.96766 3.49099 2.73839 1.63536 1.07751 0.0950479 -0.609293 -0.561231 -0.217894 -0.087621 
3.78053 3.72421 3.63667 3.1671 2.33815 1.36314 0.514257 -0.0614378 -0.353779 -0.263464 -0.000703618 -0.0721155 
3.83115 3.75252 3.68933 3.25701 2.51332 1.57642 0.614774 -0.0743213 -0.399588 -0.252843 0.0233375 -0.0741336 
3.406 3.06815 2.81555 2.4125 1.81281 1.18147 0.640519 0.240731 -0.00434402 -0.0874367 -0.0448907 -0.0339792 
3.45117 3.16015 2.89943 2.48802 1.90863 1.29034 0.713276 0.243941 -0.0743795 -0.129609 -0.0358717 -0.0379776 
3.87823 3.8153 3.61145 3.14028 2.43025 1.60247 0.738344 -0.0106345 -0.341365 -0.275206 0.0368063 -0.062689 
3.67663 3.61544 3.54325 3.10663 2.37589 1.49048 0.665726 -0.0155441 -0.299506 -0.207871 0.00751032 -0.0666574 
4.68263 4.36712 3.8839 3.26103 2.5967 1.66149 0.796969 -0.0287495 -0.520409 -0.522014 -0.0630252 -0.0784425 
3.22191 2.87061 2.59398 2.19127 1.66374 1.11648 0.567562 0.150243 -0.0986498 -0.186337 -0.160164 -0.0554659 
3.84991 3.59528 3.27412 2.70321 2.01799 1.26546 0.594715 0.0200899 -0.316183 -0.300792 -0.112404 -0.0780595 
3.13434 2.71838 2.43702 2.06406 1.57951 1.02601 0.49882 0.0729161 -0.172285 -0.269602 -0.222639 -0.0698984 
3.4046 3.13874 2.92846 2.53676 1.9815 1.31438 0.642449 0.109188 -0.169072 -0.222812 -0.147323 -0.0672662 
3.83023 3.68263 3.49652 3.01037 2.34529 1.5117 0.734744 0.0801447 -0.290204 -0.268499 -0.0478043 -0.071006 
3.95045 3.71813 3.44634 2.88718 2.18011 1.44881 0.756054 0.133842 -0.250159 -0.263745 -0.0484403 -0.0612883 
3.21551 2.85979 2.60519 2.21854 1.72799 1.18857 0.680405 0.26531 -0.0224515 -0.1739 -0.169701 -0.0461021 
3.21434 2.85183 2.63128 2.31642 1.88662 1.3339 0.772346 0.316433 -0.0115609 -0.166205 -0.185137 -0.0523696 
3.86585 3.71813 3.54288 3.07963 2.37422 1.60781 0.877638 0.239306 -0.144529 -0.215751 -0.0601032 -0.0685401 
3.20853 2.84711 2.6329 2.31316 1.88149 1.35561 0.818134 0.359569 0.0421297 -0.0971526 -0.12445 -0.0492525 
3.11738 2.74179 2.53344 2.27535 1.91451 1.41653 0.915511 0.472967 0.160386 -0.0297958 -0.0949594 -0.0338153 
3.59762 3.22637 3.05373 2.86352 2.46597 1.77586 1.11962 0.62053 0.247111 0.0781546 0.044931 -0.0118788 
3.30918 3.05056 2.9768 2.72753 2.22218 1.6199 1.11852 0.738392 0.367853 0.0915486 -0.0434141 -0.0143284 
3.05983 2.67739 2.47102 2.18815 1.83567 1.46388 1.05684 0.687101 0.382876 0.170262 0.0328402 -0.002415 
3.10976 2.71831 2.46789 2.19742 1.88875 1.46515 1.00037 0.639772 0.374464 0.15235 0.0126474 -0.0064498 
3.57831 3.29955 3.12167 2.80184 2.28079 1.74793 1.25663 0.765281 0.318299 0.0973009 0.0442631 -0.00527499 
3.04282 2.63981 2.44425 2.20162 1.88112 1.50829 1.09939 0.700731 0.369918 0.174186 0.0690765 -0.00137899 
2.98077 2.57507 2.33975 2.08514 1.7999 1.43915 1.01981 0.646994 0.367837 0.167689 0.054147 -0.0101718 
3.04601 2.68517 2.49562 2.20976 1.84515 1.4618 1.06448 0.688489 0.399227 0.22531 0.11846 0.00371211 
2.97401 2.60533 2.43823 2.1695 1.8418 1.49297 1.16202 0.810893 0.495406 0.261486 0.0937661 0.00732095 
2.9236 2.48323 2.262 2.0039 1.71304 1.3947 1.06927 0.732868 0.465486 0.297049 0.175924 0.00513978 
2.91117 2.43922 2.23187 2.07281 1.83404 1.51289 1.16743 0.82321 0.515253 0.289895 0.14764 0.00909398 
2.92452 2.45476 2.19994 1.95583 1.67753 1.39575 1.08902 0.788333 0.520337 0.320772 0.177325 0.0105719 
2.83295 2.36241 2.11404 1.86401 1.62191 1.3995 1.14581 0.835248 0.552402 0.333088 0.157105 0.00821984 
2.83836 2.36178 2.12602 1.90043 1.61861 1.34455 1.06283 0.787705 0.557022 0.379771 0.222544 0.0121464 
2.95038 2.50891 2.25343 2.03903 1.78441 1.42166 1.07149 0.796504 0.587601 0.397298 0.234003 0.0236858 
3.67664 3.12116 2.84119 2.71565 2.32036 1.81553 1.3354 0.856619 0.516584 0.298529 0.168288 0.035736 
4.21451 3.65675 3.13933 2.83159 2.29139 1.76614 1.38797 0.842429 0.412699 0.215012 0.185902 0.0376243 
3.10668 2.64456 2.32694 2.14691 2.01058 1.74781 1.34563 0.912189 0.57754 0.330784 0.175089 0.0342995 
2.93196 2.471 2.26133 1.98082 1.65518 1.3977 1.16863 0.865752 0.538609 0.312514 0.170468 0.0209152 
2.85462 2.39824 2.17551 1.88331 1.53392 1.19027 0.989241 0.708166 0.396 0.174614 0.0506213 0.00327739 
3.35065 2.74945 2.33537 2.1726 2.07504 1.62002 1.14173 0.862592 0.643349 0.292851 0.0459244 0.0152075 
3.61621 2.91733 2.27987 2.1088 2.00914 1.67825 1.34314 0.987243 0.643604 0.27835 0.0427682 0.0135856 
6.10775 2.95993 1.29615 2.79358 3.10109 1.45058 1.14647 1.00629 0.411047 0.212269 0.0773347 0.0405859 
2.95567 2.34637 1.97815 1.82981 1.66386 1.36197 0.978959 0.660008 0.439945 0.265928 0.131613 0.00343867 
3.00844 2.30696 1.9392 1.84606 1.53346 1.07059 0.785259 0.765614 0.535934 0.266077 0.142223 0.00814139 
3.96424 2.55947 1.7948 2.10294 2.03597 1.60405 1.33941 0.996106 0.430033 0.290348 0.104693 0.0342256 
3.38625 2.31794 1.58867 1.77788 2.0138 1.81664 1.27938 0.803413 0.680498 0.420597 0.0984845 0.022007 
6.13511 2.13613 0.619895 2.94912 2.96873 1.0945 1.60598 1.04379 0.516304 0.57888 0.289381 0.0564018 
3.67843 2.43275 1.64236 2.06954 2.39156 1.91327 1.15551 0.846933 0.667204 0.40582 0.218412 0.0476707 
4.58252 2.63193 1.47183 2.2183 2.57873 1.86921 1.41369 0.883457 0.63812 0.313977 0.153874 0.044675 
3.32572 2.50952 1.97991 1.95272 1.66375 1.39958 1.31557 1.14178 0.641842 0.312495 0.231838 0.0514644 
5.96848 1.88417 0.0547133 2.51421 2.7887 0.629303 1.68572 1.41623 0.35801 0.384481 0.239514 0.104599 
3.78324 2.16247 1.2688 1.84634 2.09652 1.22386 0.787941 0.916532 0.742106 0.444498 0.261549 0.0413377 
4.26379 2.11479 1.02104 1.94686 2.16551 1.16412 1.03468 1.11511 0.551354 0.0978083 0.16038 0.0493721 
3.67112 1.89344 1.10373 1.81955 2.02552 1.14015 0.851167 0.929985 0.748092 0.213043 0.129534 0.00656412 
5.4567 1.75485 -0.0166246 2.0807 2.45632 0.30482 1.23285 1.33495 0.571005 0.16786 0.0835878 0.0711802 
5.9016 1.76955 -0.0729495 1.91282 2.29243 0.948181 1.46787 1.07816 0.613665 0.201618 0.101718 0.0400131 