5.26259 0.424674 -0.566363 2.1472 0.711869 -0.847386 1.2225 0.153944 -0.109369 -0.0438587 0.137561 -0.0215952 
5.32371 0.04445 -0.527826 1.87779 0.943871 -0.910618 1.44397 -0.0702111 -0.147855 -0.00212653 0.254825 0.0250148 
6.38447 0.325507 -0.72509 1.1108 -0.0735538 -2.01804 0.713761 -0.0893971 -0.0469393 0.150217 0.48472 0.173236 
4.21281 2.48911 1.49583 1.41091 0.994528 0.313453 0.236171 0.448475 0.497648 0.482146 0.526357 0.115078 
4.98502 3.46098 2.3187 1.9125 1.22719 0.270958 0.24192 0.358594 0.396719 0.341633 0.24598 0.068808 
8.24376 2.81668 1.90162 2.26913 1.98296 -1.39857 0.880514 0.478571 -0.095387 0.107635 0.251931 0.158141 
3.5374 2.91525 2.43809 1.97911 1.2844 0.439499 -0.0535497 -0.0655308 0.0546214 0.116192 0.199296 0.00843409 
4.30259 3.63314 3.04843 2.42944 1.30897 0.150551 -0.361817 -0.298481 -0.28461 -0.174977 0.098441 0.0117083 
3.48294 3.05741 2.72031 2.1638 1.23297 0.291914 -0.201626 -0.15334 -0.0489621 -0.0191419 0.076237 -0.0191722 
5.95527 4.01629 2.66492 2.82142 1.97122 -0.32941 -0.959921 -0.0531484 0.333971 -0.472634 -0.175242 -0.0205262 
3.55834 3.21635 2.76774 2.11806 1.4554 0.836478 0.321548 -0.0812381 -0.21617 -0.128299 0.0389152 -0.0380623 
4.31075 3.82998 3.18436 2.50328 1.79363 0.861085 0.18888 -0.160681 -0.384955 -0.421066 0.00714973 -0.0424781 
3.76997 3.48036 2.97869 2.17742 1.42144 0.843759 0.266391 -0.354491 -0.622933 -0.376336 0.0679467 -0.0463538 
6.04199 3.99386 2.84176 2.34797 1.78193 1.3724 0.605046 -0.625431 -1.27674 -0.714783 -0.162173 -0.0190105 
3.54202 3.24469 2.88034 2.30747 1.59454 0.723633 0.00103122 -0.434558 -0.527475 -0.317168 0.00787909 -0.0586599 
5.12475 4.23165 3.02821 2.1315 1.81916 1.38913 0.657817 -0.443775 -1.03525 -0.804433 -0.103952 -0.0349872 
4.186 3.8333 3.13152 2.44737 1.86952 1.10166 0.403628 -0.352063 -0.677673 -0.516149 0.0283444 -0.0532584 
5.01663 3.95222 2.88158 2.65485 2.61421 1.69755 0.575456 -0.324956 -0.620272 -0.503375 -0.0290366 -0.0349906 
3.52389 3.10303 2.79903 2.46092 2.03751 1.40547 0.605104 -0.0335182 -0.274506 -0.15824 -0.0167853 -0.0508548 
3.82595 3.55395 3.17777 2.72969 2.23564 1.48437 0.606883 -0.139713 -0.419245 -0.241793 -0.00935323 -0.0611232 
4.07087 3.73161 3.24271 2.71385 2.24578 1.51068 0.729424 -0.112067 -0.589916 -0.380441 0.0232745 -0.0565129 
4.48616 4.03237 3.52378 3.26668 2.96804 1.80365 0.545007 -0.559519 -0.860613 -0.428374 -0.0236187 -0.0841233 
3.6996 3.44683 3.09578 2.47456 1.79249 1.13965 0.445868 -0.141565 -0.40494 -0.335895 -0.0780029 -0.0683145 
3.43734 3.14245 2.86495 2.39524 1.77561 0.968779 0.29158 -0.203173 -0.443132 -0.356263 -0.164514 -0.0815341 
4.33468 3.98677 3.52685 3.01463 2.32386 1.18817 0.0715155 -0.563961 -0.61393 -0.496934 -0.180317 -0.108281 
3.59481 3.22362 2.87569 2.36157 1.66162 0.837673 0.0576111 -0.425882 -0.577313 -0.457913 -0.187736 -0.0942144 
3.60264 3.2048 2.79523 2.27073 1.56125 0.752498 0.0742031 -0.455418 -0.614105 -0.480471 -0.218118 -0.0971945 
3.69306 3.30488 2.79062 2.18536 1.53988 0.826139 0.123424 -0.488011 -0.688965 -0.534415 -0.219543 -0.0994611 
4.28421 3.96532 3.51807 2.89054 2.09889 1.10323 -0.0191064 -0.663661 -0.852998 -0.672115 -0.216529 -0.127948 
3.51365 3.08491 2.67033 2.10105 1.4193 0.693548 0.00438489 -0.421708 -0.592515 -0.526435 -0.305663 -0.101202 
3.89861 3.41675 2.90156 2.32427 1.62117 0.724208 -0.0758147 -0.558091 -0.693965 -0.56083 -0.250054 -0.105522 
3.83834 3.29288 2.71568 2.0698 1.40225 0.746476 0.0880046 -0.421142 -0.614456 -0.531251 -0.29064 -0.0987616 
3.36612 2.87798 2.47108 1.97904 1.35286 0.671222 0.00855235 -0.419791 -0.614017 -0.555472 -0.342841 -0.0983317 
4.18147 3.69001 3.05791 2.42113 1.80979 0.942076 0.0776758 -0.480146 -0.792527 -0.64938 -0.219677 -0.106601 
4.07519 3.6282 2.93991 2.15354 1.56143 0.902357 0.132487 -0.497526 -0.748082 -0.615241 -0.248931 -0.105746 
3.81237 3.3961 2.9914 2.39191 1.63448 0.78355 -0.0325252 -0.511784 -0.664828 -0.521712 -0.251703 -0.105656 
3.25236 2.80345 2.39915 1.86462 1.24753 0.605637 0.0145964 -0.373917 -0.53688 -0.493444 -0.3507 -0.0928933 
3.50412 3.07682 2.64057 2.08198 1.48457 0.820361 0.134593 -0.323621 -0.539423 -0.496902 -0.306245 -0.0978937 
4.36598 4.10309 3.59102 2.97651 2.0613 1.04418 0.186738 -0.40604 -0.706549 -0.652299 -0.209659 -0.119819 
4.81386 4.24729 3.67681 3.09104 2.36217 1.21854 0.204519 -0.617049 -0.806527 -0.562372 -0.262548 -0.12513 
3.45216 3.06548 2.70883 2.23093 1.56146 0.838388 0.241168 -0.229846 -0.474301 -0.461047 -0.249758 -0.0927249 
3.52107 3.15933 2.81085 2.322 1.67943 0.969093 0.308846 -0.203334 -0.450666 -0.424575 -0.216191 -0.08832 
3.68106 3.39397 3.0676 2.52722 1.86227 1.13133 0.443189 -0.116688 -0.449864 -0.432838 -0.166671 -0.088374 
4.20362 3.7663 3.26257 2.71047 2.02382 1.20596 0.531715 -0.132331 -0.457711 -0.443014 -0.136061 -0.0824921 
3.41551 3.07965 2.76176 2.25779 1.69141 1.0951 0.509515 0.048656 -0.219412 -0.293498 -0.217373 -0.0702311 
4.95653 4.29907 3.60111 3.2541 2.84259 1.93956 1.087 -0.0511056 -0.728537 -0.750328 -0.079248 -0.0775899 
3.55598 3.16888 2.99252 2.76511 2.20424 1.243 0.454219 -0.0892657 -0.368146 -0.305022 -0.121307 -0.0769386 
3.68822 3.37465 3.0142 2.46666 1.86468 1.19224 0.509813 -0.0527203 -0.347782 -0.314496 -0.142274 -0.0733091 
3.38986 3.01444 2.75216 2.39276 1.89392 1.26048 0.657784 0.0814354 -0.264357 -0.322145 -0.191041 -0.0707355 
4.97799 4.1649 3.46379 3.36621 2.99435 1.69005 0.785299 0.267065 -0.485822 -0.754943 -0.0920755 -0.0755812 
5.04607 4.15183 3.2077 3.10088 2.97182 1.87709 0.931046 0.178086 -0.528757 -0.736247 -0.0826898 -0.0617786 
3.41059 3.05831 2.77589 2.39643 1.82097 1.17207 0.619264 0.192735 -0.141973 -0.260076 -0.16383 -0.0609361 
3.63184 3.23861 2.89385 2.45857 1.94968 1.34351 0.751628 0.304708 -0.0124558 -0.169872 -0.152191 -0.0590097 
3.4849 3.02704 2.67338 2.44084 2.08915 1.46933 0.774489 0.24604 -0.0154309 -0.131519 -0.136049 -0.0559556 
3.6235 3.07197 2.66387 2.36338 1.92947 1.39585 0.882214 0.406987 0.0202301 -0.174075 -0.176712 -0.0616499 
3.75521 3.16348 2.68697 2.40488 2.0078 1.35037 0.793249 0.364105 0.04183 -0.0945548 -0.0827581 -0.044834 
3.42228 2.89773 2.55477 2.41315 2.26477 1.6702 0.920575 0.439007 0.261432 0.0954674 -0.0437463 -0.0203501 
3.34017 2.83186 2.35754 2.02589 1.80012 1.42333 0.899743 0.445868 0.290003 0.159799 -0.0156822 -0.0124176 
3.30001 2.87933 2.64669 2.27318 1.64911 1.25637 1.28799 1.11336 0.438914 -0.0175122 -0.0306834 -0.00995131 
3.45476 2.93547 2.62714 2.34619 2.15274 1.99075 1.54337 0.82244 0.28117 0.106832 -0.0013577 -0.000451422 
3.34026 2.80984 2.44564 2.3419 2.21468 1.83945 1.27594 0.734722 0.396287 0.166911 -0.00149439 0.00062403 
3.38147 2.82773 2.54772 2.44962 2.26315 1.98939 1.53553 0.957893 0.396491 0.0952923 -0.0252565 0.00436509 
4.07419 3.45924 2.96254 2.86706 2.61404 2.00725 1.28053 0.657554 0.274881 0.10989 0.0748877 0.000515741 
3.31039 2.84316 2.53969 2.34252 1.96684 1.39173 0.897065 0.586235 0.346738 0.147837 0.0583733 -0.00337832 
3.17309 2.65316 2.36039 2.18554 1.88231 1.45446 1.01183 0.638839 0.241476 0.0587684 0.0623752 -0.0100603 
3.44018 2.95528 2.57714 2.28101 2.019 1.62484 1.16678 0.80096 0.433679 0.114476 -0.0223998 -0.00860309 
3.47092 2.88057 2.5344 2.39256 2.10566 1.58246 1.11318 0.697444 0.304861 0.106526 0.0884607 0.00196102 
3.28627 2.77814 2.44573 2.24595 1.93959 1.41365 1.02078 0.740866 0.438882 0.180107 0.0904524 0.00575112 
3.27507 2.827 2.52074 2.27571 1.97496 1.54587 1.14644 0.793259 0.477442 0.234642 0.0792232 0.00841912 
3.55322 2.85746 2.36853 2.29306 2.29787 1.88374 1.33303 0.727357 0.38415 0.246633 0.129582 0.0199317 
3.15265 2.58985 2.2506 2.09428 1.9007 1.44524 0.953168 0.704492 0.565564 0.389158 0.182383 0.0165904 
3.25736 2.6194 2.25286 2.23248 2.01556 1.51219 1.06256 0.869604 0.575867 0.259389 0.140917 0.0188543 
3.52341 2.88938 2.40376 2.13019 1.896 1.58652 1.41402 1.05882 0.514617 0.172372 0.0974411 0.0159722 
3.86411 2.75456 2.06703 2.13722 2.1895 1.83706 1.54393 1.12672 0.524413 0.127822 0.0697879 0.0225176 
3.28358 2.61445 2.13905 1.86252 1.61021 1.3327 1.12031 0.970243 0.713097 0.317132 0.0506812 0.00828185 
3.22595 2.47434 2.10208 2.1417 2.09284 1.80967 1.39058 0.95052 0.541333 0.245486 -0.0444215 0.00873737 
3.24584 2.38348 1.88935 1.93165 2.03145 1.68992 1.22835 0.759834 0.41843 0.254412 0.144265 0.0225066 
4.46142 2.50407 1.53716 2.11239 2.02227 1.51474 1.29944 1.02354 0.458357 0.261829 0.142194 0.0372736 
3.24048 2.28997 1.8219 1.76482 1.59661 1.25803 1.04157 0.741892 0.345585 0.15087 0.134292 0.00448541 
4.57376 2.37431 0.963028 1.55691 1.79127 1.18153 0.891943 0.917434 0.606484 0.361887 0.155334 0.0202281 
3.53987 2.12321 1.27057 1.41633 1.64725 1.36198 1.08345 0.814665 0.587334 0.337245 0.104789 -0.000436224 
5.52244 2.11909 -0.0530538 1.82728 2.15113 0.433584 0.817072 1.19026 0.586349 0.061867 0.0577265 0.0693985 
4.782 2.06853 0.69214 1.66155 1.67722 0.801508 0.757057 1.19301 0.636168 0.0593847 0.0917911 0.0352775 
5.65381 2.00759 -0.030178 1.92485 2.12144 0.780865 0.564869 0.881014 0.40706 -0.0183885 0.0814277 0.0808968 
3.35381 1.89618 1.06833 1.07352 0.808729 0.303378 0.358207 0.56502 0.412434 0.174356 0.0890655 0.00812446 
4.93204 1.78571 0.281491 1.44832 1.31866 -0.202843 0.827994 1.15533 0.292402 0.0990341 0.0875688 0.0522361 
3.86338 2.13191 1.06274 1.17977 1.00575 0.467969 0.703211 1.00111 0.578119 0.170739 0.0889816 0.00053463 
5.06211 1.75219 0.206156 1.64424 1.39119 0.137103 1.11471 1.47009 0.598381 0.12633 0.130842 0.0627836 
4.74959 1.56758 0.323112 1.45026 1.30144 0.532729 1.37561 1.39189 0.69861 0.0764324 0.110583 0.0353046 
4.80834 1.62147 -0.012261 1.21716 1.50473 0.974736 1.39108 1.32267 0.64069 0.241643 0.12588 0.0276625 
4.01234 1.70773 0.294256 0.966633 1.3328 1.00881 1.02522 0.865206 0.417144 0.21108 0.230514 0.0362001 
5.05827 1.45853 -0.486723 1.20606 1.79352 0.564498 1.22215 0.967815 0.4614 0.127775 0.193697 0.0848267 
4.09234 1.75712 0.333845 0.87696 1.43259 0.774336 0.902685 0.818802 0.465534 0.162883 0.2679 0.0543501 
4.97698 1.50505 -0.0278121 1.53755 1.66102 0.414212 0.87264 0.727462 0.0179748 0.18495 0.317616 0.111503 
5.74172 1.12699 -0.340531 1.53512 1.95153 0.0117229 1.05121 0.418376 0.0935354 0.0302197 0.0539583 0.0380352 
4.72682 1.68025 0.249102 1.33997 1.42471 0.710891 0.589883 0.317499 0.157771 0.158061 0.108949 0.0205055 
4.14624 1.54973 0.486001 1.44224 1.38793 0.439643 0.278304 0.521775 0.308713 0.206233 0.148065 0.0244306 