4.50251 0.540122 -2.07716 1.57977 0.942326 -1.27683 1.38504 0.153914 0.132202 0.024161 0.143069 0.0524757 
4.5657 0.538592 -1.82872 1.25217 1.04738 -1.45817 1.41328 0.173988 0.121973 -0.00679862 0.0980784 0.0719368 
4.63475 0.335538 -1.81438 1.69099 0.896009 -1.51554 1.53272 -0.160604 0.315467 0.0168248 0.17654 0.0152727 
4.83084 0.0994241 -1.4271 1.36385 1.24718 -1.65097 1.40408 0.516152 0.459606 0.198823 0.0619279 0.026937 
3.90593 1.88653 0.672514 1.13905 1.26006 0.805558 0.87292 0.835214 0.53254 0.263022 0.181533 0.00322996 
3.4312 2.27953 1.27705 0.607556 0.451065 0.984322 1.59944 1.50755 0.907349 0.244559 -0.167527 -0.0981032 
4.30293 2.70299 0.934628 0.0176712 0.183024 0.97516 1.39187 1.22839 0.904543 0.52031 -0.243654 -0.155032 
3.15909 1.96978 0.744899 0.137463 0.339518 0.852695 1.16929 1.13756 0.745412 0.150035 -0.333794 -0.171163 
3.45316 2.18812 0.835794 0.0934494 0.162385 0.770695 1.25758 1.23178 0.771202 0.100928 -0.440451 -0.195315 
4.94395 2.77672 0.35487 -0.489231 0.315108 1.56796 1.88143 1.04721 0.316296 0.197652 -0.435557 -0.203432 
4.70796 2.87638 0.262075 -0.792897 0.280836 1.66923 1.86772 1.05108 0.324915 -0.036987 -0.499515 -0.206477 
3.41957 2.20419 0.709644 -0.109257 0.259744 1.21099 1.68182 1.22197 0.361512 -0.320682 -0.548492 -0.209507 
3.40492 2.21408 0.758955 -0.00282394 0.380175 1.23573 1.65295 1.26326 0.363833 -0.404743 -0.588815 -0.208996 
5.6214 2.62564 0.099733 -0.308565 1.23425 2.63932 2.56947 1.12444 -0.198631 -0.155467 -0.564727 -0.210096 
4.15124 2.48085 0.363339 -0.457723 0.597788 1.86037 2.01909 1.11311 0.126849 -0.381393 -0.602135 -0.196823 
3.80836 2.42553 0.557684 -0.309268 0.379084 1.5848 1.94891 1.20066 0.182244 -0.442616 -0.558008 -0.195443 
3.81296 2.31457 0.383303 -0.353213 0.523263 1.75695 1.94495 1.10329 0.0938313 -0.411412 -0.561318 -0.185822 
5.28177 2.57049 -0.132041 -0.557294 1.14715 2.83022 2.69128 0.819653 -0.40355 -0.23752 -0.556025 -0.161684 
3.51245 2.08378 0.566941 0.0665581 0.722771 1.68105 1.91071 1.08013 -0.0336052 -0.557388 -0.4905 -0.154982 
3.86448 2.38111 0.577372 -0.099316 0.804385 1.95777 2.05709 1.02984 -0.139679 -0.573615 -0.449732 -0.130699 
3.37187 1.96565 0.61451 0.406998 1.37448 2.16404 1.95397 0.937504 -0.148004 -0.664978 -0.493212 -0.102331 
3.68566 2.04459 0.508375 0.371005 1.4883 2.49029 2.21105 0.901678 -0.277839 -0.651764 -0.489537 -0.0850958 
3.47698 2.00966 0.474938 0.270121 1.44167 2.47525 2.19017 0.830192 -0.33345 -0.698357 -0.452142 -0.0779076 
4.06118 1.95295 0.0647177 0.202252 1.72286 2.83806 2.34039 0.696953 -0.561682 -0.637249 -0.430643 -0.0532536 
3.16764 1.69675 0.618445 0.778383 1.8525 2.54028 2.0189 0.590425 -0.553578 -0.723283 -0.315379 -0.024125 
3.43007 1.99889 0.750835 0.745956 1.79862 2.56304 2.02612 0.543555 -0.639314 -0.712765 -0.219158 -0.00806222 
3.57425 1.94824 0.753285 0.981172 2.17135 2.83115 2.13506 0.541601 -0.628917 -0.663063 -0.231708 0.0249736 
4.41294 2.30008 0.325433 0.413308 1.64097 2.69599 2.51758 0.746509 -0.690992 -0.486817 -0.129993 0.0528972 
4.27877 1.93547 0.400657 1.34206 2.69136 2.95722 2.35579 0.777898 -0.523689 -0.57256 -0.127472 0.0697705 
4.17381 2.2801 0.786997 0.888227 1.53333 2.15489 2.21386 0.934647 -0.532036 -0.631985 -0.083144 0.0263857 
4.29469 2.05898 0.875285 1.52272 2.11672 2.3705 2.19603 0.980704 -0.0681297 -0.28789 -0.184952 0.00171876 
3.71664 2.06189 1.1114 1.4775 1.74234 1.82781 1.79138 1.14301 0.30154 -0.18662 -0.190326 -0.0150846 
4.86792 1.76864 0.450561 1.85842 2.18607 1.5368 1.85885 1.36747 -0.0216564 -0.35438 -0.232938 -0.0111936 
4.79689 1.5488 0.457785 1.69268 2.20529 1.75906 2.06117 1.18525 -0.1065 -0.503163 -0.316664 -0.0374166 
3.8434 1.62092 0.605215 1.67623 2.42027 1.65757 1.34145 1.13725 0.134031 -0.46163 -0.279832 -0.0344845 
5.00129 1.68022 0.139673 1.58058 2.08412 1.1497 1.41389 1.13573 0.0779318 -0.156882 -0.184924 -0.0419305 
4.3046 1.87596 0.46 1.26578 1.82742 1.41481 1.21744 0.590265 0.0497518 0.00117243 -0.015645 -0.0271662 
4.47198 1.55656 0.322265 1.42486 2.19332 1.38203 1.04907 0.534476 0.0537825 0.101769 0.0160965 -0.025092 
4.99296 1.36386 -0.199168 1.66832 2.23915 1.07444 1.33118 0.474911 -0.0134774 0.0920871 -0.0229357 -0.0444932 
5.39007 1.25303 -0.37282 1.8732 2.31482 0.737723 1.59298 0.960764 0.0248679 -0.0183568 -0.192352 -0.082775 
4.06003 1.50392 0.342774 1.33777 1.64298 0.794036 0.886839 0.939308 0.294889 -0.052103 -0.239386 -0.0966248 
4.00807 1.30145 0.128 1.21021 1.81751 0.95391 0.796704 0.788407 0.388049 -0.163629 -0.277613 -0.11514 
4.54179 1.09779 -0.494783 1.25418 2.21225 1.09636 1.2516 0.603669 0.182314 -0.302502 -0.320743 -0.110154 
4.57271 1.27792 -0.174448 1.43835 2.18532 0.808952 0.744632 0.537631 0.162317 -0.172146 -0.254094 -0.104144 
3.97619 1.67771 0.303994 1.02737 1.53488 1.21389 0.79819 0.524486 0.0526087 -0.259614 -0.267879 -0.110917 