SAMPLES:	17767
BITSPERSAMPLE:	16
CHANNELS:	1
SAMPLERATE:	16000
NORMALIZED:	FALSE
51
50
43
42
50
56
53
49
47
48
49
45
36
30
25
22
20
18
14
6
-6
-15
-20
-24
-25
-19
-12
-16
-30
-42
-43
-38
-35
-35
-34
-32
-31
-31
-31
-25
-16
-16
-19
-21
-17
-12
-12
-14
-15
-14
-12
-13
-14
-16
-12
-6
-2
0
0
0
-4
-7
-9
-7
-2
7
15
24
33
38
37
30
29
34
40
41
40
42
44
37
25
17
16
19
17
7
0
0
2
-1
-9
-14
-17
-25
-34
-41
-40
-39
-38
-35
-33
-36
-47
-59
-59
-49
-39
-42
-47
-41
-21
-3
0
-5
-6
-2
7
7
1
1
11
25
37
42
38
34
36
43
50
42
26
14
14
24
29
19
10
12
16
9
-1
-8
-9
-3
-2
0
2
3
-1
-7
-4
8
19
21
14
11
13
16
12
1
-5
2
13
15
3
-5
-1
7
5
-7
-12
-7
-5
-10
-12
-5
5
11
9
3
3
7
7
7
0
-7
-13
-10
-7
-10
-14
-10
-2
0
-7
-9
-5
0
-7
-18
-21
-18
-17
-27
-36
-28
-10
-3
-7
-9
-2
5
3
-8
-18
-21
-17
-16
-16
-19
-21
-22
-19
-18
-24
-31
-26
-12
2
6
2
-3
1
9
5
0
4
12
15
10
9
16
25
29
29
31
36
39
37
34
39
43
38
25
18
17
17
13
12
22
39
43
28
7
0
3
4
1
-1
3
6
7
6
2
-5
-18
-24
-20
-16
-17
-22
-29
-32
-33
-30
-18
-3
4
3
0
-1
-1
4
11
19
21
21
17
13
14
19
24
21
17
23
31
28
16
6
7
14
10
-4
-20
-28
-28
-28
-26
-25
-28
-29
-25
-16
-10
-16
-28
-35
-36
-35
-30
-20
-11
-12
-15
-16
-13
-12
-11
-8
-7
-13
-19
-18
-12
-8
-11
-15
-8
2
1
-11
-24
-26
-20
-8
1
7
8
7
14
19
22
22
23
27
25
23
19
18
23
30
36
41
40
39
36
32
28
22
17
15
19
28
33
27
14
9
17
25
11
-10
-15
-9
-4
-14
-27
-28
-22
-18
-23
-34
-37
-31
-17
-12
-19
-24
-21
-13
-5
1
13
22
22
21
24
28
23
12
4
4
8
5
-3
-6
2
13
18
13
5
4
6
4
-7
-18
-18
-10
0
4
2
-3
-6
-1
-1
-10
-20
-18
-6
4
1
-7
-9
-4
-6
-17
-26
-26
-20
-19
-23
-23
-15
-10
-16
-22
-22
-15
-16
-23
-26
-15
3
9
6
6
11
14
15
16
24
40
53
50
33
17
13
14
15
14
13
15
15
9
-1
-6
-3
2
6
5
1
2
10
11
2
-16
-28
-25
-13
-3
2
2
2
-1
-8
-12
-12
-12
-14
-17
-14
-8
-8
-16
-22
-14
0
7
7
6
11
14
10
8
12
21
19
10
7
15
24
28
24
20
17
16
18
22
28
27
23
17
10
3
1
6
17
23
20
11
2
-7
-21
-33
-35
-30
-29
-35
-39
-35
-30
-29
-29
-31
-34
-38
-41
-38
-30
-24
-19
-19
-21
-18
-9
2
7
12
18
21
17
12
13
20
30
32
33
31
27
22
18
14
11
12
12
6
1
3
14
23
20
8
-4
-8
-10
-11
-5
2
8
8
3
-3
-8
-12
-12
-9
-6
-9
-11
-9
-1
6
9
7
8
8
3
-6
-10
-7
-4
-6
-16
-14
-5
3
1
-2
0
9
20
22
20
16
10
7
9
17
27
25
16
10
10
9
1
-7
-8
1
7
7
5
6
11
13
8
-1
-9
-11
-8
-6
-4
-4
-2
-1
-4
-12
-21
-31
-35
-35
-32
-28
-21
-12
-12
-24
-39
-38
-23
-6
3
-1
-9
-18
-21
-16
-6
4
6
6
9
12
8
0
-5
-5
3
7
9
11
14
17
19
18
15
11
4
-1
-7
-5
0
12
22
27
26
23
19
21
30
34
27
15
7
8
14
16
12
10
8
6
2
-3
-1
3
8
9
9
10
12
13
11
6
2
-3
-9
-14
-18
-16
-7
2
3
-5
-15
-20
-18
-13
-13
-13
-14
-12
-12
-13
-10
-6
-4
-9
-14
-13
-5
1
0
-6
-8
-7
-6
-8
-10
-13
-12
-9
-4
-2
1
9
14
10
-2
-11
-10
-1
7
10
9
8
7
2
-1
0
5
4
-5
-15
-14
-4
-1
-6
-15
-14
-5
4
7
7
5
2
1
4
11
17
20
21
23
23
22
24
32
36
30
21
16
18
21
24
24
16
8
5
4
3
2
6
12
14
7
-4
-15
-21
-27
-34
-45
-50
-40
-28
-19
-18
-20
-20
-20
-17
-12
-3
3
2
-9
-15
-13
-3
5
7
7
7
8
11
14
15
12
8
2
-2
-4
-5
0
6
8
4
-1
-5
-8
-16
-24
-29
-28
-24
-19
-7
5
10
4
-4
-3
3
6
7
8
15
22
19
7
-6
-9
-7
-3
2
4
9
15
22
23
15
5
3
5
5
0
1
7
11
5
-5
-9
-5
-4
-10
-15
-10
1
10
15
16
14
11
5
-1
3
14
24
29
32
36
36
35
32
30
26
21
11
3
2
4
4
-1
-10
-14
-12
-8
-7
-11
-13
-10
-3
-5
-16
-23
-19
-13
-14
-23
-26
-21
-19
-23
-27
-27
-26
-30
-36
-40
-31
-17
-6
-3
-2
-2
-10
-12
-11
-12
-13
-12
-7
-1
-1
-1
6
18
27
34
32
30
21
13
9
8
13
20
18
10
2
-3
-4
-3
-2
4
12
15
8
2
3
8
9
5
0
0
3
1
-3
-10
-12
-8
-5
-9
-21
-29
-26
-17
-15
-18
-15
-5
1
-5
-15
-17
-14
-11
-13
-12
-3
5
11
13
14
21
25
27
24
22
24
28
33
37
37
35
27
16
13
18
24
20
8
3
8
14
18
12
-1
-14
-20
-19
-13
-8
-3
2
4
-2
-11
-15
-13
-13
-19
-27
-29
-22
-13
-10
-11
-9
-4
0
3
-1
-7
-13
-12
-4
1
1
0
4
8
10
9
4
5
10
15
17
14
10
11
12
10
4
-2
-6
-10
-11
-13
-9
-6
-7
-9
-13
-14
-13
-13
-9
-3
-4
-11
-20
-19
-12
-6
-6
-10
-11
-9
-10
-17
-19
-16
-9
-10
-17
-18
-11
-1
2
-1
-6
-6
-1
3
0
-7
-13
-9
-3
2
4
5
6
9
13
16
16
18
19
15
9
3
5
13
19
16
6
-3
-7
-8
-6
-2
5
12
18
16
10
5
6
11
15
14
11
16
22
22
15
10
9
12
10
6
2
3
2
-3
-14
-24
-29
-26
-21
-17
-15
-20
-22
-18
-10
-6
-8
-8
-4
5
10
7
5
9
19
24
22
18
18
22
22
17
9
8
7
1
-1
1
7
9
7
6
3
-3
-8
-11
-10
-14
-18
-17
-12
-11
-19
-27
-27
-20
-16
-21
-32
-40
-41
-37
-31
-22
-17
-15
-15
-16
-13
-12
-20
-29
-33
-32
-31
-25
-14
1
11
11
5
4
11
20
19
13
14
18
18
12
4
2
2
1
6
15
23
27
27
25
23
26
30
34
32
24
13
10
11
13
10
8
7
11
10
7
7
10
12
9
7
2
-1
-2
-6
-12
-21
-26
-25
-20
-13
-9
-4
-2
-1
1
-2
-9
-22
-35
-36
-33
-31
-28
-24
-19
-11
-4
-3
-10
-15
-9
3
7
1
-6
-4
-1
-4
-9
-6
8
21
26
25
26
26
25
24
23
24
21
13
2
-5
-5
-2
-1
1
2
-1
-6
-9
-7
-5
-3
-5
-6
-2
0
-5
-12
-17
-17
-19
-18
-15
-13
-11
-15
-20
-24
-21
-12
-5
1
3
1
0
3
12
18
15
10
8
9
8
2
-3
-6
-2
10
20
22
15
6
-1
-6
-11
-15
-17
-16
-14
-14
-19
-21
-19
-10
-10
-16
-20
-16
-14
-23
-32
-31
-24
-22
-25
-25
-15
-1
9
12
17
23
28
29
30
38
50
60
63
56
46
40
39
41
43
47
53
55
50
37
25
22
27
28
20
11
3
2
-1
-7
-10
-12
-14
-19
-28
-33
-36
-34
-36
-37
-38
-43
-47
-53
-59
-65
-69
-68
-68
-68
-63
-50
-32
-18
-20
-25
-22
-13
-8
-11
-15
-14
-11
-9
-5
2
8
11
13
15
16
14
12
13
16
20
24
28
31
31
26
23
23
23
28
31
26
17
13
15
17
13
8
9
15
13
5
-2
-1
4
8
6
1
-1
2
2
1
1
5
12
16
11
7
8
13
12
3
-5
-5
0
-2
-5
-6
-4
1
3
5
6
9
11
15
17
16
14
19
29
35
32
25
29
38
34
15
-8
-15
-11
-14
-25
-32
-32
-30
-33
-39
-41
-44
-45
-48
-50
-51
-50
-46
-40
-35
-28
-17
-6
-1
-7
-11
-5
6
9
4
1
7
16
17
12
4
0
1
2
1
4
9
11
10
7
13
23
29
26
17
6
3
10
17
19
14
11
10
9
1
-11
-19
-17
-8
3
12
18
19
9
-3
-7
-4
0
5
10
11
4
-4
-6
-2
-2
-7
-10
-6
-4
-6
-1
13
17
10
3
5
14
18
16
16
20
26
31
36
35
28
16
8
-3
-11
-9
3
8
-2
-14
-13
-3
-5
-24
-40
-37
-22
-10
-9
-9
-10
-9
-12
-14
-12
-9
-4
1
8
14
10
-3
-15
-19
-18
-19
-20
-12
2
7
-1
-10
-5
3
0
-10
-11
-6
-2
-5
-2
6
10
7
7
8
9
8
9
8
4
1
0
-1
-3
4
14
22
23
21
21
23
14
5
8
14
14
13
18
26
21
4
-9
-13
-12
-12
-14
-14
-15
-19
-31
-34
-27
-17
-15
-27
-38
-36
-28
-27
-30
-31
-24
-21
-28
-33
-26
-9
0
-2
-3
6
19
24
19
14
16
22
29
34
34
32
32
38
44
42
37
36
41
40
29
25
27
27
19
8
2
4
6
3
1
1
-1
-3
-2
0
-1
-6
-15
-22
-19
-4
5
4
-2
-5
-9
-14
-22
-24
-27
-29
-27
-19
-16
-19
-24
-24
-17
-12
-7
-2
1
-8
-18
-21
-14
-8
-9
-9
-11
-10
-8
-6
-6
-4
-2
1
5
9
11
7
2
2
7
11
7
6
10
21
25
24
22
23
22
15
9
3
-1
-10
-19
-24
-23
-18
-15
-12
-9
-5
-8
-15
-18
-20
-22
-29
-33
-27
-22
-23
-25
-13
14
34
39
36
31
30
28
22
20
28
39
42
35
28
23
18
13
9
4
0
-4
-5
-5
-3
-4
-7
-13
-15
-12
-14
-23
-29
-22
-18
-15
-16
-14
-6
1
3
8
17
26
28
21
12
6
5
7
6
5
1
-5
-8
-5
4
13
10
0
-5
-6
-11
-15
-11
1
17
21
15
7
6
11
12
9
8
7
6
2
-4
-10
-13
-9
-5
-5
-6
-6
-9
-10
-9
-7
-8
-15
-17
-12
-8
-12
-14
-6
4
4
-9
-18
-16
-12
-14
-11
-2
4
4
0
-3
-8
-13
-12
-6
-1
1
-1
-3
1
4
5
7
15
24
30
31
32
29
18
0
-12
-12
-8
-8
-13
-19
-16
-16
-18
-20
-15
-4
5
11
20
32
37
24
2
-18
-30
-39
-47
-51
-50
-46
-40
-21
-3
5
6
21
50
72
64
33
24
49
71
53
15
-2
8
31
39
20
-16
-42
-34
4
22
-8
-45
-46
6
46
28
-2
12
64
76
34
26
89
114
30
-56
-23
23
-37
-37
33
49
-160
-358
70
493
208
-477
-653
168
848
352
-678
-838
158
955
469
-591
-852
-25
743
527
-324
-742
-258
420
481
-88
-553
-412
57
276
34
-332
-415
-152
141
132
-115
-266
-92
219
288
97
-51
44
250
283
114
-32
-11
93
103
24
-38
-68
-59
-56
-73
-48
-48
-89
-93
-42
60
89
43
1
24
143
160
80
59
90
92
33
59
115
106
9
-75
-24
-28
36
9
125
31
-884
-104
1496
144
-1400
-293
791
645
215
-627
-895
363
1058
68
-798
-643
-24
522
383
-426
-723
-90
423
332
6
-314
-309
121
373
129
-191
-251
-21
279
261
-66
-199
64
303
199
-17
-75
-3
52
-2
-134
-226
-225
-201
-177
-156
-182
-218
-159
-28
76
105
72
58
153
278
266
155
91
124
173
116
-4
-69
-71
-61
-80
-100
-114
-107
-65
-49
-43
12
52
34
-6
5
68
91
30
-29
9
82
83
29
-14
-11
4
-16
-39
-40
-43
-52
-25
11
11
-22
-47
-2
72
84
32
11
60
98
60
28
51
57
-1
-51
-17
41
4
-98
-110
-21
10
-68
-112
-55
-23
-68
-77
-7
32
-28
-61
37
137
93
9
56
175
177
72
44
132
170
65
-56
-60
-6
-31
-128
-172
-129
-77
-67
-75
-46
18
71
98
116
121
116
103
61
-15
-72
-80
-87
-140
-217
-249
-197
-123
-112
-132
-102
-8
87
142
158
155
149
159
194
207
136
28
-11
30
48
-33
-133
-150
-106
-89
-121
-146
-135
-106
-85
-49
-4
7
-15
-28
0
23
4
-11
18
79
118
104
69
53
44
17
-9
-18
-23
-35
-44
-17
37
62
40
17
15
6
-20
-28
6
52
67
64
77
85
59
14
-13
-5
4
-1
2
21
28
-8
-78
-145
-168
-150
-136
-140
-121
-44
56
118
131
141
181
219
217
176
130
92
55
10
-35
-77
-131
-199
-251
-256
-215
-159
-102
-32
51
121
156
163
158
148
133
119
123
134
134
108
72
40
5
-43
-99
-140
-144
-124
-97
-75
-54
-26
6
30
34
24
10
1
-1
-9
-23
-37
-50
-65
-84
-107
-122
-123
-112
-96
-73
-46
-32
-33
-39
-32
-14
-4
-4
3
22
35
35
29
33
45
58
70
82
87
86
74
52
21
-15
-45
-67
-81
-86
-80
-73
-66
-49
-20
18
49
70
100
148
195
218
224
224
212
170
105
42
-12
-69
-131
-179
-206
-218
-229
-233
-216
-181
-141
-105
-68
-16
42
92
118
122
130
138
132
112
92
79
65
50
38
25
5
-20
-39
-44
-41
-35
-26
-11
7
23
43
56
53
32
15
9
4
-10
-32
-52
-68
-79
-85
-86
-80
-68
-59
-45
-24
3
27
42
54
66
75
80
77
67
57
47
34
17
5
1
3
1
-7
-13
-17
-29
-54
-78
-91
-96
-99
-96
-82
-62
-47
-41
-31
-12
18
45
70
95
110
108
97
91
78
49
0
-41
-51
-53
-74
-101
-104
-94
-96
-116
-119
-93
-57
-28
14
73
125
148
143
133
120
86
43
23
28
25
-5
-37
-50
-69
-115
-165
-178
-153
-114
-74
-10
85
166
199
194
186
173
133
62
-3
-38
-61
-91
-119
-125
-116
-108
-99
-76
-46
-23
-9
8
29
52
65
73
76
80
90
97
94
84
80
84
69
29
0
-3
0
-11
-25
-33
-40
-63
-77
-60
-26
-6
-3
4
22
31
21
7
5
12
13
11
21
40
44
26
-1
-18
-29
-43
-59
-63
-57
-63
-83
-109
-131
-144
-152
-148
-120
-63
4
64
107
136
150
138
105
56
9
-33
-68
-86
-85
-87
-96
-103
-104
-111
-128
-136
-120
-72
-5
70
147
216
266
289
282
242
179
106
46
1
-32
-62
-85
-97
-104
-98
-96
-104
-115
-106
-71
-16
37
76
104
129
150
159
153
134
109
90
82
72
42
-1
-42
-70
-88
-108
-135
-166
-178
-161
-121
-80
-53
-37
-16
18
56
90
115
139
164
190
201
182
133
64
-4
-68
-138
-199
-234
-242
-230
-201
-167
-137
-121
-120
-114
-97
-75
-45
0
59
116
167
213
255
272
255
216
172
126
72
10
-50
-104
-150
-191
-231
-264
-283
-279
-252
-197
-117
-17
87
180
256
312
342
340
313
264
189
104
19
-54
-116
-168
-200
-206
-202
-196
-186
-165
-139
-111
-81
-51
-30
-16
2
37
86
135
175
191
180
147
101
48
-6
-42
-53
-47
-52
-76
-102
-121
-134
-146
-141
-104
-44
16
63
108
158
201
217
209
191
166
135
96
63
39
11
-27
-69
-104
-133
-157
-172
-179
-179
-169
-150
-128
-106
-76
-32
20
67
109
147
181
208
222
221
205
178
140
84
12
-63
-134
-202
-259
-298
-307
-293
-264
-217
-149
-70
5
77
152
217
253
262
252
235
208
166
121
83
45
0
-51
-96
-127
-143
-150
-148
-137
-123
-109
-96
-81
-62
-37
-10
17
52
97
137
159
160
144
114
69
9
-56
-113
-157
-190
-211
-220
-220
-218
-215
-195
-148
-82
-12
64
147
223
276
302
310
304
278
227
167
106
52
3
-37
-70
-96
-121
-139
-148
-152
-147
-135
-124
-117
-110
-90
-60
-25
10
53
104
152
186
204
204
187
152
95
19
-63
-137
-198
-242
-269
-280
-270
-249
-210
-158
-98
-37
28
98
162
210
235
253
267
267
245
203
155
102
45
-10
-61
-99
-129
-155
-177
-186
-170
-137
-104
-76
-40
5
49
73
84
94
105
109
112
126
149
156
143
121
98
62
5
-63
-123
-163
-185
-185
-160
-118
-64
-3
51
85
97
107
113
105
85
65
54
40
13
-20
-51
-86
-127
-165
-193
-208
-211
-193
-160
-128
-111
-107
-100
-89
-75
-50
-8
50
109
153
177
183
177
151
110
64
26
-1
-25
-49
-69
-82
-95
-119
-147
-157
-141
-105
-59
-7
55
123
183
222
238
235
220
193
153
101
48
6
-23
-48
-71
-90
-105
-113
-124
-132
-129
-113
-88
-51
0
74
160
231
269
277
256
213
148
81
24
-12
-30
-44
-61
-88
-127
-184
-250
-320
-365
-366
-317
-228
-117
10
130
221
274
287
275
237
183
131
100
83
63
39
17
0
-21
-52
-79
-90
-87
-80
-70
-58
-51
-55
-70
-79
-76
-62
-44
-24
11
49
77
91
88
64
6
-86
-182
-252
-285
-282
-246
-185
-112
-46
-5
16
41
79
113
128
130
130
128
118
112
128
153
167
160
137
101
47
-6
-43
-65
-79
-95
-111
-121
-129
-133
-120
-78
-13
57
111
145
171
187
185
159
131
115
102
68
13
-38
-77
-123
-178
-207
-195
-161
-140
-140
-138
-134
-136
-135
-106
-39
48
134
215
287
336
330
271
191
118
54
-7
-56
-80
-90
-104
-111
-93
-54
-11
15
24
23
11
-19
-54
-60
-28
23
64
99
141
180
185
143
85
33
-29
-119
-219
-293
-336
-367
-377
-342
-252
-147
-47
53
159
241
269
255
226
181
107
24
-31
-47
-50
-54
-51
-33
-28
-56
-103
-138
-155
-165
-170
-160
-127
-83
-26
50
141
223
276
301
307
289
231
143
53
-11
-60
-102
-135
-153
-161
-173
-187
-181
-158
-126
-90
-46
-4
27
55
89
126
159
195
233
257
256
242
228
206
160
100
56
19
-38
-118
-177
-200
-213
-229
-227
-184
-126
-83
-49
3
57
77
69
68
86
90
70
67
101
126
99
40
-5
-46
-132
-246
-323
-347
-363
-385
-362
-269
-160
-84
-16
80
176
226
239
253
272
258
203
154
138
116
65
18
9
15
-10
-52
-77
-87
-114
-145
-142
-104
-62
-21
55
170
279
347
385
406
393
324
217
108
4
-97
-177
-210
-201
-181
-172
-165
-163
-181
-222
-253
-249
-218
-164
-85
10
85
109
101
82
47
-5
-47
-46
-17
12
44
86
111
86
3
-97
-182
-241
-266
-248
-179
-79
12
77
114
126
112
80
53
51
75
109
144
171
178
149
80
-4
-83
-148
-195
-215
-200
-165
-136
-120
-110
-102
-97
-93
-81
-51
5
84
164
227
269
302
314
294
249
204
163
117
68
28
11
13
19
14
-3
-26
-41
-45
-43
-28
7
57
103
130
144
152
151
126
70
-5
-88
-166
-233
-281
-296
-286
-261
-229
-199
-173
-160
-154
-151
-141
-110
-54
18
99
181
249
293
310
299
263
212
167
145
148
159
157
130
79
3
-91
-194
-287
-341
-342
-301
-238
-170
-100
-35
11
36
43
43
36
20
-2
-22
-36
-55
-81
-110
-140
-175
-216
-250
-259
-238
-194
-136
-64
18
97
159
190
197
190
184
184
194
214
234
245
244
224
182
109
10
-86
-161
-202
-216
-207
-171
-122
-69
-26
-1
6
1
-4
0
22
69
134
201
258
294
296
258
187
101
21
-41
-76
-75
-41
2
31
32
6
-35
-74
-92
-76
-21
59
141
196
208
180
125
49
-29
-81
-89
-64
-27
-3
-4
-40
-106
-190
-268
-324
-344
-313
-233
-127
-28
46
86
92
71
40
23
35
76
128
173
199
201
170
98
-10
-138
-254
-338
-379
-369
-314
-231
-152
-94
-69
-78
-109
-141
-152
-128
-72
8
90
151
172
152
99
34
-17
-41
-37
-11
27
66
84
82
69
55
45
46
73
127
194
254
299
327
332
309
264
217
179
152
131
113
99
73
31
-19
-65
-101
-132
-149
-144
-124
-95
-72
-56
-37
-15
2
8
12
24
44
55
48
18
-19
-54
-87
-116
-137
-155
-185
-229
-275
-304
-309
-282
-221
-134
-46
20
63
93
106
92
69
59
68
81
81
78
73
54
6
-63
-129
-173
-189
-175
-140
-92
-38
3
27
36
47
73
118
171
223
270
298
299
284
266
262
266
267
254
224
168
90
0
-83
-147
-180
-182
-159
-127
-93
-53
-1
43
70
84
97
111
117
105
82
55
18
-34
-98
-161
-215
-253
-277
-289
-286
-276
-267
-260
-250
-234
-212
-187
-162
-133
-97
-50
0
44
75
91
94
81
57
28
5
-9
-7
5
20
28
29
34
39
47
59
85
119
149
168
181
180
157
113
65
23
-4
-12
-1
24
45
44
21
-21
-77
-136
-176
-186
-167
-130
-82
-34
1
16
13
-1
-13
-8
25
79
147
216
266
277
252
202
136
65
-4
-49
-62
-54
-36
-14
12
38
52
48
33
13
-6
-10
6
36
63
78
75
53
4
-62
-120
-147
-146
-131
-105
-74
-42
-26
-29
-34
-29
-10
12
26
37
45
46
37
20
-8
-47
-90
-125
-143
-144
-137
-120
-102
-84
-68
-62
-70
-84
-97
-96
-83
-61
-32
-6
21
33
27
8
-11
-31
-51
-56
-43
-16
8
22
24
9
-16
-43
-65
-69
-60
-39
-14
7
12
9
7
13
26
37
49
65
88
116
134
133
116
96
80
65
49
57
92
137
165
159
134
109
88
73
64
60
63
76
97
116
118
101
77
49
22
2
-11
-17
-25
-34
-42
-47
-50
-51
-53
-57
-63
-72
-79
-80
-78
-69
-53
-35
-27
-25
-26
-24
-26
-43
-57
-61
-53
-43
-38
-35
-33
-31
-27
-20
-14
-15
-21
-28
-33
-33
-26
-14
-5
-5
-4
1
8
7
3
1
1
4
4
7
8
5
-5
-20
-27
-22
-14
-10
-5
-1
6
10
13
18
20
17
7
1
3
9
14
8
-5
-20
-23
-19
-11
-2
5
11
13
13
10
7
-1
-4
5
15
18
13
6
5
0
-5
-4
5
16
22
23
28
35
38
31
25
24
29
30
30
27
20
12
1
-21
-48
-69
-71
-44
-3
39
77
103
107
86
53
14
-13
-27
-27
-16
1
18
24
15
-1
-17
-32
-46
-49
-40
-16
13
33
44
40
13
-21
-48
-59
-64
-62
-47
-23
-4
-8
-18
-22
-27
-40
-48
-30
-10
-4
-3
9
21
-7
-62
-92
-85
-67
-53
-31
16
63
96
108
76
21
-17
-22
-11
-4
7
1
-33
-61
-104
-152
-179
-200
-139
-59
-122
-188
-95
60
86
55
588
1332
686
-948
-1379
219
1898
1273
-552
-1148
-613
-165
66
416
597
-11
-886
-844
-68
478
517
262
-63
-366
-436
-13
509
528
134
-226
-336
-252
-75
190
347
158
-184
-297
-94
181
277
181
-1
-187
-269
-120
174
353
247
-37
-213
-146
48
208
260
217
119
-12
-110
-94
5
43
-88
-294
-383
-299
-149
-41
-3
-21
-74
-99
-23
140
284
303
195
86
80
153
198
157
61
-41
-128
-180
-174
-140
-136
-177
-232
-276
-298
-270
-172
-59
-21
-50
-42
58
180
233
234
242
229
129
-12
-60
4
30
-74
-205
-209
-108
-45
-54
-41
35
84
50
12
65
169
227
203
141
93
101
162
202
141
4
-94
-102
-95
-131
-175
-180
-182
-226
-280
-282
-231
-166
-116
-87
-66
-25
54
156
228
250
258
277
290
280
250
191
94
-15
-76
-87
-115
-198
-293
-341
-336
-309
-279
-239
-175
-83
17
91
132
165
218
278
305
282
240
207
192
185
167
115
35
-19
-4
34
24
-29
-58
-44
-34
-50
-59
-43
-33
-50
-64
-38
16
63
93
110
114
100
63
10
-43
-72
-83
-104
-143
-172
-164
-130
-101
-82
-66
-50
-34
-7
28
59
85
114
144
155
146
132
114
65
-15
-86
-120
-142
-187
-242
-276
-284
-280
-270
-242
-192
-131
-80
-43
2
73
158
228
271
296
291
242
167
101
48
-27
-120
-182
-185
-172
-176
-176
-137
-76
-40
-30
-20
17
59
84
108
150
193
202
171
130
102
85
59
30
14
4
-16
-42
-60
-66
-73
-74
-60
-32
-1
32
64
87
95
97
99
100
95
97
114
134
139
126
103
79
47
6
-38
-85
-140
-180
-187
-168
-134
-102
-75
-56
-37
-13
17
45
59
63
66
70
69
48
11
-26
-55
-78
-100
-117
-126
-126
-122
-118
-108
-88
-61
-35
-11
20
62
103
131
142
144
137
119
98
85
77
53
4
-60
-128
-187
-222
-228
-212
-188
-158
-117
-67
-12
42
95
133
146
132
102
73
58
60
72
81
72
47
12
-30
-69
-89
-84
-60
-34
-18
-19
-33
-46
-46
-25
10
44
61
56
33
12
8
32
69
104
115
100
70
33
2
-19
-28
-31
-30
-37
-53
-68
-71
-60
-46
-31
-19
-9
-1
4
4
-2
-6
-10
-14
-21
-24
-16
-9
-8
-8
-11
-14
-16
-18
-7
10
21
24
25
30
39
45
43
36
28
25
27
33
39
40
35
30
32
42
53
58
52
38
21
2
-15
-24
-23
-22
-27
-37
-44
-44
-40
-31
-21
-9
1
6
5
1
-4
-9
-13
-15
-16
-19
-26
-32
-32
-30
-29
-36
-53
-71
-75
-66
-50
-37
-26
-17
-13
-21
-35
-43
-37
-15
17
51
78
84
70
44
12
-23
-47
-52
-44
-38
-41
-60
-93
-127
-152
-156
-142
-113
-74
-33
-2
20
40
70
108
145
175
196
200
178
146
123
108
105
106
76
46
30
-31
-57
-62
-107
-32
26
-27
-4
-21
-58
48
85
102
180
119
66
87
54
113
187
159
164
117
27
31
34
51
112
101
86
87
38
30
44
20
19
-4
-52
-50
-55
-67
-53
-68
-81
-70
-88
-91
-75
-83
-78
-75
-105
-126
-146
-171
-173
-172
-173
-156
-145
-142
-134
-117
-85
-54
-33
-15
-14
-33
-69
-105
-129
-139
-154
-167
-169
-168
-171
-168
-152
-114
-69
-30
13
54
95
131
159
190
214
223
223
210
184
156
124
92
61
27
-8
-37
-54
-53
-45
-38
-36
-26
-4
18
35
46
55
55
47
41
49
58
50
31
7
-16
-23
-19
-7
4
-1
-18
-35
-41
-25
7
58
110
139
138
123
115
119
125
124
115
94
66
42
32
46
67
67
33
-23
-69
-89
-73
-32
19
50
39
-6
-52
-73
-52
-5
40
62
50
8
-37
-69
-72
-55
-42
-55
-97
-151
-191
-203
-183
-139
-84
-30
6
25
31
40
62
96
131
146
132
90
30
-26
-55
-39
17
82
98
21
-137
-307
-393
-360
-234
-87
-16
-54
-160
-262
-287
-215
-72
94
212
244
194
103
45
42
87
137
147
105
23
-76
-150
-166
-122
-45
19
50
49
30
12
18
57
110
145
150
125
82
39
14
25
71
121
145
136
92
25
-34
-54
-27
26
67
57
-2
-74
-112
-83
8
123
214
240
187
77
-43
-121
-121
-60
17
68
68
27
-29
-72
-79
-43
18
76
107
104
74
40
17
12
20
24
10
-21
-65
-112
-145
-146
-119
-86
-57
-44
-46
-60
-80
-89
-70
-36
1
42
68
76
59
36
44
53
70
107
109
84
35
-52
-128
-170
-131
-97
-95
18
-64
-245
-115
-273
-344
150
63
-24
339
-32
-183
167
-120
-30
359
77
182
399
44
138
168
-278
-181
-118
-280
86
204
13
130
-84
-378
-215
-204
-116
259
264
177
187
-89
-222
-111
-128
11
202
138
102
40
-158
-175
-117
-102
46
133
94
107
40
-71
-36
-9
20
140
158
104
78
-15
-85
-47
-2
60
137
131
60
-36
-142
-198
-177
-93
7
66
88
66
23
7
21
61
132
172
159
117
41
-31
-57
-30
71
188
264
282
130
-122
-341
-511
-463
-224
-36
164
227
-28
-195
-244
-336
-199
-34
20
211
249
77
9
-123
-262
-108
86
173
271
208
59
11
-81
-133
-1
107
158
206
127
-9
-102
-203
-205
-97
-60
-74
-104
-189
-240
-270
-310
-228
-49
67
104
69
-35
-124
-154
-181
-122
19
83
84
51
-30
-42
-76
-163
-142
-65
-27
4
-26
-157
-146
20
78
33
-32
1
172
248
229
173
-14
-60
-55
-103
131
-6
1645
5409
6141
2948
-2191
-6677
-6679
-3712
-959
2234
4265
3198
952
-1980
-4951
-5127
-3203
-547
2572
3763
2443
443
-1733
-3305
-2959
-1364
486
2288
2811
1868
570
-881
-1794
-925
280
1936
3156
3377
5533
6364
6884
7984
5698
2706
1647
-144
-3971
-6658
-5239
-345
4643
5643
2926
-1122
-2252
1178
6271
11595
12777
8000
-483
-7440
-8674
-5209
619
7835
9405
2777
-2018
-1167
-2637
-8636
-11172
-6983
-854
883
-2298
-3849
2100
7526
1844
-6290
-10508
-15427
-14351
-7754
-7023
-9918
-11058
-10524
-7711
-7184
-11556
-12590
-8285
-5556
-5359
-5568
-6498
-6911
-6824
-8640
-10515
-11081
-9766
-4401
2884
5579
542
-6223
-9381
-9627
-6332
-35
5539
6404
3071
443
1727
8435
15775
15122
10646
12788
23057
29446
23757
15543
13386
15068
15780
12636
6944
5287
9444
10558
10686
12659
10667
7588
6726
3803
-3696
-10130
-5320
8260
16583
13465
3850
-1407
48
1032
-2336
-8017
-11406
-8445
-135
5940
4197
-1921
-9337
-14026
-13350
-10497
-5047
6109
17044
17277
6276
-7270
-13876
-13236
-12067
-9659
-3989
-622
-355
518
-922
-6995
-11698
-12559
-13347
-12087
-5567
3547
7143
3007
-1743
-5252
-10844
-13342
-14076
-16297
-13063
-7163
-4605
-3229
-6539
-16159
-22071
-18617
-12231
-6109
-1351
1187
3118
662
-8032
-15504
-14620
-7611
-1329
-211
-806
2150
6859
9864
9705
6288
4360
6878
12318
15854
15461
14916
15397
13883
9755
4591
118
-3257
-3336
1422
7196
13720
20293
20767
13035
3691
-1722
-1841
768
5704
13733
20770
22174
16953
7664
-2335
-9560
-11165
-5791
1071
6231
12019
15170
10063
969
-3675
-3439
-1685
324
2598
2836
-1226
-6622
-9757
-10845
-12904
-16378
-16970
-14059
-9354
-3945
-890
-1515
-4417
-6656
-5664
-3723
-3331
-2622
336
3149
1410
-2365
-1971
515
-1543
-5780
-6566
-4312
-4196
-5525
-3240
-1531
-3835
-4149
1427
5498
2457
-3586
-4510
-224
3335
4000
2326
1808
2807
2978
1747
719
2055
4345
2983
-1014
-4809
-5448
-2194
1052
2954
6396
11077
13279
11771
9033
7941
7836
7730
6748
5909
6645
8249
8602
6324
2858
1396
1488
1447
1632
2518
4030
5527
6260
5639
2832
-1166
-3790
-5025
-5873
-7968
-9394
-8508
-6820
-6374
-8161
-11300
-13688
-14680
-14295
-14317
-16429
-17733
-16549
-14700
-14429
-15236
-15078
-13432
-11525
-8808
-6446
-5664
-4938
-3037
-1184
65
639
-702
-3026
-3588
-1769
2352
8348
13321
16225
16730
14783
10209
5755
5148
5650
5647
6924
10291
13618
12596
7864
4791
3838
2837
1872
3619
7540
10943
13163
14023
14338
13629
11799
9001
6529
6203
7857
9885
12014
13567
13754
12872
13119
15060
16030
14327
12709
14256
16377
16118
15344
16317
16689
13962
9570
5932
2556
-1065
-3528
-4817
-7211
-9615
-10238
-11167
-14949
-18347
-18223
-17496
-20708
-26330
-28752
-27188
-25018
-23905
-22634
-21718
-22249
-22684
-22183
-22381
-22726
-22097
-20813
-20125
-19054
-16366
-12883
-10945
-11062
-10290
-7423
-5130
-4937
-5340
-4530
-3970
-4423
-4719
-4129
-2206
-127
965
1576
2972
4865
6181
6083
4859
4854
7714
10576
11503
11477
11584
11687
12129
12214
10844
9208
8869
9332
9144
8904
9910
11278
11811
11707
11500
10889
8774
6548
6342
8538
12674
16899
19525
21836
26122
30091
28523
23971
22577
24170
22464
17334
15545
18833
21789
21555
20995
22194
22467
20638
16814
11620
6783
2931
-447
-5630
-10492
-11981
-11557
-12406
-15318
-16151
-15464
-16576
-23302
-25589
-24954
-25835
-27421
-31557
-32575
-30196
-27370
-26574
-25684
-23230
-19538
-18178
-19069
-20100
-18965
-17564
-18252
-18565
-15947
-11101
-7916
-6835
-4197
-563
1120
-188
-1897
-2066
-1834
-1710
-2213
-1859
388
3361
5884
6847
7348
8222
8610
7497
4996
3397
2544
1794
1217
1109
2075
3074
4222
6114
7915
9349
10105
10005
8750
8132
9167
9167
7861
7130
7845
8470
8210
8567
9322
9562
10061
12102
15344
16976
17272
18900
21664
22602
20946
20482
22248
22872
20906
18870
19612
20920
19974
17945
17424
18214
17389
14119
11312
10286
9211
5786
1604
-830
-2318
-4965
-7995
-8851
-8752
-11141
-15352
-17842
-19267
-20921
-24280
-27205
-28889
-30912
-32468
-32650
-31565
-30229
-28602
-26854
-25847
-24991
-24224
-23527
-23010
-22778
-22221
-21317
-19635
-17461
-15287
-12800
-9875
-6638
-4315
-2496
-283
993
952
420
614
893
820
1577
3426
5615
6977
8152
9850
10693
10226
9142
8224
7396
6309
5702
5187
4546
3910
3446
3395
4150
6050
7787
8353
8979
10212
10955
10170
8714
7711
6342
5186
4296
3913
3717
4563
7268
11102
13835
15153
17492
21540
23475
22334
21683
23320
24464
21731
18548
18655
20600
19945
17830
18047
20215
20583
18444
16400
16192
15362
11989
7569
4107
1843
-830
-3962
-6031
-6729
-7890
-10483
-12932
-14231
-15374
-17641
-20871
-23569
-26130
-28730
-30814
-32178
-32749
-32483
-31550
-29999
-28446
-26285
-24109
-23041
-22824
-22280
-21210
-21174
-21720
-21161
-19226
-16908
-14772
-12079
-8523
-4884
-1379
1609
4261
6395
7472
7499
7240
7237
6586
5077
3857
3864
4750
5342
5457
5744
6355
6829
6572
6036
5619
5300
4676
3552
2740
2501
2616
2588
2477
2901
3936
4965
5520
5914
6880
7532
7344
6586
6048
5764
4904
4392
5558
8299
10400
11479
13974
18357
21261
21555
22110
24680
25825
23742
21423
21174
21051
18897
16740
16400
16766
16046
14801
14408
14872
14779
13624
11558
9395
6977
3977
804
-1640
-3607
-6348
-9675
-12183
-13760
-15369
-17420
-19164
-20611
-22461
-24288
-25877
-27250
-28587
-29435
-29852
-30395
-30447
-29359
-28085
-27401
-26907
-25405
-23506
-21792
-19582
-16626
-13467
-10870
-8378
-5587
-3161
-1461
-565
23
736
1326
1756
2075
2991
4664
6193
7242
7997
8540
8157
6982
6034
5171
4019
2675
1825
1563
1624
1956
2448
3282
4543
5573
5611
5015
4685
4502
3961
3186
2718
2556
2051
1565
1709
2458
3398
3934
4052
4192
5092
6483
7749
8735
9590
11255
13861
16047
16862
17656
19813
21828
21472
20237
20377
21072
20156
18492
17781
17478
16508
15143
14300
13775
13024
11967
10810
9364
7811
6011
3825
1392
-476
-2233
-4736
-7528
-9518
-11041
-13208
-15605
-17358
-19000
-21026
-22792
-24030
-25194
-26251
-26782
-27427
-28281
-28660
-28394
-28072
-27485
-25774
-23372
-21297
-19213
-16515
-13719
-11704
-10101
-8287
-6464
-4902
-3498
-1996
-660
410
1509
2988
4953
6982
8367
8832
8825
8633
7788
6353
4895
3726
2606
1498
776
517
934
2070
3566
4603
4914
4944
4723
4285
3816
3410
2893
2141
1587
1073
540
222
237
580
1048
2040
3245
4041
4546
4958
5460
6062
7103
8418
9058
9793
11554
13823
15039
15507
17198
19399
20331
19856
19746
20619
20764
19771
18615
17967
17501
16281
14951
13832
13088
12367
11000
9567
8211
6965
5382
3327
1533
-157
-1774
-3730
-6333
-8876
-10922
-12553
-14869
-17633
-19504
-20810
-22478
-24529
-25677
-25845
-26264
-26863
-26924
-26098
-25213
-24961
-24789
-24097
-22729
-21465
-20742
-19863
-18389
-16399
-14377
-12045
-8876
-5588
-2948
-973
866
2456
3266
3736
4217
4467
4380
4184
4252
4463
4719
4980
5178
5610
6102
6177
5806
5602
5841
5724
4893
3876
3068
2293
1378
676
392
744
1583
2312
2824
3637
4802
5314
5357
5917
6571
6405
5723
5381
4888
3894
3415
3754
4428
5191
6421
8415
10896
13708
16026
17755
19870
22020
22897
22316
21916
21909
20777
18896
17411
16397
15116
13684
12948
12391
11865
11581
11199
10568
9684
8837
7459
5374
3275
1173
-1146
-4167
-7694
-10813
-13221
-15325
-17807
-20111
-21432
-22302
-23344
-24362
-24756
-24865
-25237
-25687
-25964
-25922
-25795
-25990
-26376
-26318
-25545
-24598
-23518
-21592
-18852
-16268
-14133
-11632
-8646
-5978
-3852
-1673
599
2332
3504
4477
5267
5836
6403
6938
7019
6812
6585
6129
5496
5079
4995
4773
4384
4225
4256
4287
4065
3524
2743
1987
1365
746
374
270
248
154
45
418
1300
2233
2826
3323
4076
4425
4219
4094
4154
4020
3865
4736
6416
7812
9304
11771
14743
16916
18573
20975
23493
24842
25193
25561
25876
25196
23888
22636
21287
19734
18159
16724
15395
14392
13741
12947
12043
11190
10118
8717
7158
5422
3208
808
-1442
-4171
-7540
-10526
-12864
-15575
-18670
-20864
-22189
-23815
-25507
-26284
-26441
-26866
-27382
-27472
-27418
-27376
-27166
-27084
-27171
-26875
-26219
-25890
-25567
-24135
-21931
-20070
-18354
-15971
-13243
-10978
-8730
-5944
-3223
-1057
838
2729
4217
5196
6032
6526
6499
6247
6061
5751
5155
4821
4846
4682
4193
3966
4360
4788
4993
5363
5966
6276
6124
5813
5412
4925
4362
3661
2797
2259
2433
2772
3004
3818
5281
6479
6842
7279
7941
8373
9028
10235
11459
12098
13185
15179
16788
17812
19328
21408
22745
22724
22898
23348
23264
22656
21753
20876
19644
18245
16830
15084
13862
12968
11762
10176
8538
7489
6140
4396
2813
1036
-515
-2349
-4736
-7308
-9557
-11214
-13905
-17161
-19369
-21049
-23069
-25497
-26818
-27256
-28274
-28973
-29144
-28922
-28443
-27850
-27197
-27047
-26414
-25241
-24700
-24195
-22917
-20925
-19386
-18151
-15916
-13628
-11746
-9530
-6848
-4380
-2583
-578
1591
3266
4642
5797
6638
7056
7589
8232
8021
7350
6971
6701
6066
5428
5282
5148
4859
4913
5402
5756
6015
6494
6558
6240
6257
6497
6085
5317
5237
5182
4494
3896
3863
4055
3760
3711
4134
4521
5626
7550
9543
11177
13180
15844
17738
18983
20614
22375
23243
22743
22346
22227
21370
20253
19224
18394
17392
16328
15591
14684
14176
13927
13272
12222
10795
9769
8500
6527
4609
2521
394
-2248
-5356
-8026
-10270
-12243
-14879
-17533
-19100
-20582
-22325
-24010
-24875
-25211
-26148
-26886
-27072
-27017
-26966
-27110
-27069
-26972
-26479
-25628
-25002
-24047
-22403
-20415
-18856
-17501
-15414
-13260
-11703
-10318
-8427
-6136
-4172
-2450
-890
502
1971
3495
4658
5179
5929
6879
6758
5844
5191
4940
4477
4154
4865
5782
6166
6579
7379
8122
8476
9131
9818
9817
9531
8978
7988
6632
5497
4668
3399
2283
1884
1711
1627
1694
2621
4262
6227
8688
10845
12967
15441
17791
19777
21026
22243
23205
23061
22658
22000
21254
20573
19621
18938
17959
17056
16701
16127
15742
15243
14651
13987
12483
10926
9241
7374
5406
2539
-98
-2396
-5111
-8149
-11129
-12678
-14115
-16771
-19030
-20233
-20892
-22300
-23915
-24238
-24649
-25569
-26437
-27081
-27291
-27713
-27893
-27933
-27972
-27046
-25988
-25323
-24490
-23026
-20989
-19529
-17889
-15220
-12555
-10172
-7951
-5442
-2971
-1269
179
1376
2519
3934
4982
5514
5743
6121
6602
6490
6399
6714
6875
6779
6862
7512
8037
7954
7642
7164
6493
5829
5172
4452
3702
3245
3080
2789
2603
2972
3560
3933
4257
4729
5134
5158
5547
6720
8233
9636
10899
12654
14649
16390
18164
19929
21612
22975
23589
23969
24126
23934
23308
22171
21133
19774
18208
16942
15693
14772
13703
12499
11553
10190
8857
7645
6366
4961
2924
1086
-783
-3294
-5882
-8366
-10487
-13128
-16233
-18457
-20424
-22493
-24254
-25421
-26004
-26770
-27164
-27032
-27003
-26702
-26275
-25938
-25825
-25678
-25008
-24605
-24467
-23876
-23066
-22296
-21320
-19482
-17035
-14611
-11931
-8959
-6188
-3855
-1719
224
1751
3002
4134
5018
5564
6116
6723
6920
6941
7144
7334
7269
7025
6975
6875
6505
6233
6114
6189
6250
6052
5855
5581
5182
4669
3927
3545
3654
3699
3518
3209
3337
3451
3147
3728
5333
7300
9158
11022
13729
16366
18396
20485
22420
24072
24834
24804
24749
24142
23323
22322
20917
19842
18448
17093
16280
15381
14768
14015
13262
12645
11362
10169
8920
7479
5787
3153
964
-1115
-4098
-7107
-9712
-11693
-14342
-17528
-19352
-20748
-22426
-24012
-24918
-25082
-25802
-26276
-26164
-26389
-26382
-26151
-25972
-26048
-25948
-24962
-24273
-24127
-23444
-22200
-20933
-19879
-18158
-15782
-13814
-11814
-9412
-7170
-5186
-3065
-851
796
2166
3801
5066
5692
6260
6881
6815
6246
6299
6518
6184
5927
6230
6513
6276
6399
6912
6925
6824
7046
7206
6672
5841
5612
5272
4466
3847
3514
3199
2638
2342
2436
2894
4322
6262
8012
9897
12473
15426
17836
20042
22538
24485
25458
25784
25858
25336
24147
23208
22175
20480
18646
17326
16489
15334
14267
13796
13249
12432
11322
10175
9070
7579
5927
3619
1093
-932
-3480
-6668
-9757
-11868
-13836
-16914
-19393
-20574
-21777
-23302
-24690
-24958
-25222
-25912
-25919
-25952
-26053
-25922
-25640
-25417
-25687
-25275
-24315
-24079
-23620
-22422
-20710
-19182
-17671
-15200
-12808
-10966
-8945
-6833
-4676
-2687
-608
1483
3051
4639
6070
6713
6903
7109
7366
6917
5963
5470
5158
4613
4071
3990
4317
4639
4976
5246
5130
4967
5036
4945
4511
4174
4182
3931
3118
2453
2124
1671
1185
1105
1966
3518
5292
7225
9341
12135
15149
17606
20006
22604
24893
26110
26271
26579
26536
25694
24651
23304
21862
20120
18471
17471
16220
15188
14635
13943
13221
12046
11062
10275
8837
7276
5047
2668
696
-2034
-5196
-8342
-10722
-12878
-16281
-19086
-20434
-21702
-23292
-24794
-24943
-24924
-25674
-25802
-25679
-25618
-25523
-25405
-25160
-25306
-25020
-24279
-24323
-24366
-23697
-22725
-22084
-21224
-18917
-16124
-13679
-10894
-7587
-4407
-1916
369
2503
3919
4919
5694
5812
5194
4644
4625
4346
3860
4058
4836
5434
5764
6515
7328
7597
7646
7543
7071
6416
5838
5162
4123
3308
3170
2800
2083
1850
2139
2280
1947
2194
3813
5789
7679
9631
11952
14783
17251
19402
21538
23423
25064
25827
25800
25698
25150
24483
23569
22231
20901
19206
17770
16834
15628
14642
13745
12991
12219
10662
9358
8279
6686
4736
2346
359
-1820
-4949
-7732
-10072
-12369
-15199
-18222
-19987
-21375
-23098
-24387
-25092
-25236
-25673
-26064
-25716
-25421
-25181
-24908
-24816
-24765
-24789
-24519
-24218
-24137
-23413
-22099
-20666
-19144
-17165
-14540
-12007
-9732
-7328
-4946
-2706
-517
1620
3336
4560
5749
6861
7479
7610
7636
7501
6928
6341
5960
5479
4880
4582
4796
4771
4175
3718
3679
3786
3555
2996
2649
2512
2469
2134
1263
767
864
1021
868
649
1776
3936
5968
7917
9983
12872
15958
18392
20880
23233
25285
26766
27089
27055
26521
25513
24690
23312
21658
19919
18198
17193
16034
14944
14462
13887
13360
12384
11188
10453
9230
7529
5377
3038
1011
-1895
-5349
-8167
-10538
-13180
-16591
-19325
-20691
-22217
-23970
-25047
-25278
-25400
-25817
-25734
-25344
-25221
-25079
-24939
-25110
-25437
-25305
-24959
-25064
-24981
-24058
-22748
-21620
-20054
-17402
-14638
-12272
-9838
-7167
-4369
-1732
884
3049
4312
5467
6367
6356
5903
5764
6082
5941
5430
5550
5656
5308
5143
5377
5636
5396
5209
5338
4982
4462
4182
3734
2981
2337
2238
1852
953
710
1155
1345
1127
1871
4118
6479
8351
10434
13345
16523
19011
21263
23591
25526
26773
26938
26628
26175
25296
24322
22895
21291
19803
18056
16887
16174
15411
14791
14024
13628
12956
11379
10248
9167
7527
5267
2569
341
-2483
-5880
-8558
-11189
-13942
-16703
-19041
-20537
-22217
-23486
-23987
-24680
-25222
-25510
-25468
-25344
-25528
-25269
-24965
-25180
-25208
-24943
-24468
-23942
-23387
-22490
-21553
-20274
-18173
-15545
-12610
-9610
-6851
-4608
-2712
-705
1062
2196
2993
3906
4826
5132
5097
5055
4804
4415
4081
4228
4438
4310
4548
5135
5634
5679
5256
5000
4713
4212
3708
2894
2029
1329
741
452
212
140
434
631
1038
2328
4365
6680
8544
10388
13033
15594
17662
19659
21715
23649
24586
24741
25003
24939
24482
23773
22746
21830
20644
19271
18278
17369
16652
15869
14809
14016
12985
11599
10332
8863
7171
5045
2683
450
-2411
-5416
-7820
-10288
-13073
-15817
-17889
-19516
-21601
-23303
-24034
-24748
-25619
-26189
-26208
-26044
-26135
-25990
-25629
-25435
-24861
-23927
-23227
-22636
-21708
-20334
-19082
-17993
-16163
-13783
-11691
-9684
-7386
-4950
-2870
-1261
387
1885
3039
4264
5299
5927
6398
6833
7197
7075
6696
6566
6141
5328
4631
4191
3916
3431
2998
2939
2793
2569
2422
2241
2089
1906
1674
1346
912
745
801
552
319
1133
2962
4911
6575
8579
11485
14329
16516
18721
21072
23140
24388
24783
25023
24913
24358
23689
22466
20916
19325
17675
16384
15182
14146
13421
12588
12030
11413
10325
9462
8646
7469
5709
3544
1670
-680
-3768
-6558
-9161
-11976
-14968
-17596
-19455
-21308
-23016
-23954
-24600
-25081
-25296
-25246
-25017
-24881
-24542
-24120
-24074
-23908
-23323
-22672
-22262
-21877
-21030
-19916
-18691
-17118
-15193
-13122
-10942
-8235
-5045
-1908
911
3255
5281
6938
7996
8505
8357
8056
8014
7635
6713
5771
5589
5876
5590
5083
5003
5028
4658
3984
3626
3463
2961
2242
1444
575
-193
-776
-1263
-1807
-2199
-2076
-1779
-1438
-260
1868
4101
5820
7719
10712
13788
16049
18217
20713
22996
24146
24362
24632
24668
24141
23281
22084
20856
19570
18212
17103
16143
15419
14803
13994
13228
12342
11105
9877
8624
6888
4729
2681
802
-1806
-5132
-7614
-9392
-12069
-15277
-17472
-18620
-20128
-22097
-22974
-23063
-23661
-24269
-24376
-24343
-24425
-24374
-23991
-23937
-23941
-23069
-22189
-21946
-21386
-20013
-18565
-17788
-16742
-14628
-12484
-10637
-8382
-5733
-3218
-1024
1069
2858
4230
5761
7150
7513
7274
7524
7934
7304
6155
5808
5945
5451
4491
4191
4597
4854
4636
4182
3883
3756
3406
2485
1447
1022
797
190
-476
-494
-34
-1
246
1748
3765
5412
6919
9301
12306
14492
16332
18715
21044
22542
22931
23093
23388
22987
22046
20891
19695
18649
17239
15780
14907
14380
13933
13235
12594
12284
11491
10298
9315
8191
6425
4149
2155
221
-2656
-5751
-7983
-10016
-12725
-15439
-17110
-18293
-19888
-21259
-21784
-22107
-22710
-23067
-22965
-22953
-23088
-23040
-22969
-23183
-23347
-23097
-22937
-23013
-22567
-21427
-20060
-18533
-16360
-13452
-10550
-7861
-5178
-2834
-895
804
2165
3081
3673
4450
5253
5531
5809
6511
7221
7548
7635
7893
8140
8136
7959
7389
6495
5674
4937
3831
2459
1707
1449
825
-18
-405
-370
-604
-879
-423
112
244
1004
2764
4675
5988
7423
9960
12474
14156
15823
17839
19834
20894
20998
21219
21500
21466
20993
19966
19076
18343
17258
16118
15186
14631
14075
13079
12172
11325
10117
8906
7857
6511
4485
2320
728
-1035
-3682
-6255
-8025
-9832
-12357
-14760
-16246
-17437
-18985
-20383
-21197
-21900
-22668
-23106
-23246
-23285
-23166
-22855
-22552
-22445
-22125
-21461
-21018
-20688
-19966
-18843
-17664
-16554
-14936
-12661
-10306
-7958
-5473
-2900
-393
1845
3673
4924
5898
7133
8257
8566
8280
8213
8373
8025
7154
6396
5957
5619
5247
4898
4735
4766
4619
3885
2793
2014
1446
411
-779
-1389
-1666
-2443
-3522
-3802
-3445
-2987
-1858
137
2450
4640
7184
10399
13191
15335
17638
19977
21690
22314
22379
22491
22143
21242
20140
18964
17927
16846
15633
14556
13821
13537
13276
12696
12119
11618
10839
9684
8345
6736
4737
2606
394
-2263
-5309
-7838
-9657
-11847
-14405
-16139
-16963
-17830
-18951
-19456
-19283
-19443
-19860
-19896
-19795
-19901
-20066
-20074
-20127
-20333
-20245
-19922
-19806
-19563
-18694
-17403
-16062
-14472
-12398
-10319
-8597
-6933
-5160
-3495
-1984
-510
767
1764
2677
3390
3564
3402
3469
3730
3596
3309
3605
4202
4503
4700
5178
5650
5809
6025
6312
6158
5664
5351
5049
4164
3017
2246
1638
872
184
-28
-14
99
1038
2621
3987
5308
7293
9951
12170
13764
15799
18083
19694
20310
20349
20524
20555
19976
18949
17796
16913
16010
14728
13522
12733
12280
11779
11056
10420
9725
8764
7720
6539
5004
3036
1088
-604
-2779
-5578
-8119
-9889
-11550
-13847
-15853
-16627
-17047
-17977
-18894
-18973
-18639
-18799
-19074
-18918
-18642
-18557
-18662
-18775
-18824
-18703
-18297
-18031
-18005
-17625
-16859
-16235
-15737
-14595
-12528
-10380
-8562
-6586
-4241
-1802
303
1915
3169
4123
4741
4716
4083
3602
3574
3553
3240
3057
3535
4319
4951
5532
6078
6524
6735
6504
5828
4886
4080
3352
2221
1044
422
174
-163
-526
-295
351
803
1548
3075
4873
6373
8000
10451
12931
14502
15877
17730
19429
20031
19828
19914
20190
19925
19092
18159
17599
17065
16095
14999
14190
13781
13261
12285
11330
10439
9269
7777
6193
4610
2521
171
-1653
-3406
-5774
-8421
-10315
-11586
-13463
-15555
-16655
-16995
-17620
-18648
-19065
-18813
-18863
-19154
-19218
-19126
-19145
-19266
-19247
-19288
-19359
-19010
-18504
-18182
-17685
-16618
-15253
-14188
-13128
-11480
-9597
-7864
-6117
-4136
-2094
-347
1131
2343
3147
3736
4205
4381
4322
4339
4576
4750
4707
4785
5110
5433
5526
5358
5131
4947
4631
4015
3219
2594
2192
1659
980
530
444
455
372
387
656
1079
1775
2940
4384
5778
7291
9314
11504
13158
14505
16271
18197
19347
19614
19843
20287
20283
19572
18688
18045
17347
16239
14929
13785
12887
12063
11172
10226
9238
8214
7108
5869
4504
2933
1276
-290
-2055
-4305
-6690
-8473
-9887
-11906
-14176
-15551
-16173
-17134
-18439
-18914
-18594
-18615
-18957
-18882
-18402
-18119
-18129
-18052
-17998
-17965
-17585
-17103
-16823
-16416
-15508
-14407
-13564
-12424
-10484
-8387
-6616
-4988
-3312
-1754
-562
435
1292
2034
2922
3627
3845
4108
4958
5947
6082
5565
5311
5168
4645
3975
3602
3364
2883
2403
2122
1792
1467
1353
1212
736
262
166
137
-159
-368
-217
-133
-71
594
1938
3343
4674
6598
9008
11062
12737
14728
17073
18912
19798
20322
20938
21265
20973
20173
19296
18458
17324
15933
14581
13523
12731
11838
10837
9953
9050
8020
6886
5706
4362
2465
570
-916
-2766
-5325
-7926
-9596
-11046
-13498
-15854
-16825
-17102
-17910
-19039
-19081
-18330
-18125
-18157
-17859
-17294
-16918
-16932
-16876
-16875
-16824
-16399
-16181
-16279
-16086
-15227
-14085
-13335
-12370
-10664
-8984
-7635
-6254
-4484
-2607
-1111
256
1464
2376
3214
3827
3987
3855
3839
3844
3374
2779
2757
3074
3197
3228
3516
3953
4359
4802
5132
5114
4944
4907
4568
3689
2860
2322
1756
947
391
394
445
714
1769
3419
5033
6498
8517
10997
12961
14428
16111
18023
19371
19743
19773
19850
19682
19107
18192
17258
16465
15558
14393
13228
12463
11922
11117
10219
9535
8680
7390
6068
4895
3339
1154
-945
-2688
-4745
-7231
-9491
-11229
-12942
-14936
-16571
-17413
-17878
-18371
-18763
-18692
-18367
-18304
-18346
-18149
-17803
-17642
-17750
-17783
-17585
-17291
-16920
-16525
-16086
-15479
-14743
-13888
-12861
-11539
-9910
-8309
-6780
-5043
-3093
-1169
441
1690
2613
3088
3234
3262
3213
3185
3220
3253
3156
2994
3154
3643
4095
4424
4729
5009
5139
5110
5013
4725
4270
3865
3405
2722
2001
1529
1212
814
587
781
1168
1800
3032
4745
6390
7986
10091
12442
14238
15572
17110
18744
19675
19737
19560
19474
19134
18274
17184
16282
15526
14593
13526
12667
12124
11661
11047
10296
9496
8562
7343
5902
4344
2511
304
-1882
-3809
-5950
-8478
-10623
-12008
-13487
-15419
-16721
-16891
-17012
-17684
-18008
-17511
-17050
-17098
-17071
-16730
-16500
-16492
-16508
-16603
-16763
-16648
-16292
-16133
-16022
-15367
-14237
-13232
-12344
-11059
-9393
-7814
-6383
-4872
-3347
-2003
-840
135
789
1258
1835
2411
2696
2880
3328
3837
4023
4038
4242
4520
4564
4490
4506
4485
4281
3980
3708
3409
3004
2519
2040
1729
1654
1632
1554
1619
1949
2244
2335
2700
3669
4858
5838
6877
8456
10266
11758
13082
14688
16479
17768
18337
18702
19053
19109
18724
18114
17489
16667
15565
14426
13364
12416
11504
10570
9703
8762
7624
6385
5216
4074
2539
650
-1101
-2750
-4555
-6503
-8276
-9805
-11435
-13048
-14378
-15417
-16096
-16474
-16678
-16845
-16941
-16727
-16403
-16169
-15825
-15392
-15076
-14996
-14960
-14723
-14459
-14221
-13900
-13555
-13140
-12598
-11900
-11038
-10090
-8979
-7764
-6645
-5498
-4198
-2870
-1722
-827
68
980
1623
1981
2163
2226
2158
1926
1688
1561
1636
1934
2144
2172
2317
2661
2989
3194
3429
3727
3835
3786
3818
3808
3595
3319
3073
2811
2538
2412
2642
3247
4176
5343
6550
7992
9877
11822
13512
15015
16592
18136
19017
19274
19380
19339
19012
18249
17224
16147
14860
13584
12538
11554
10664
9863
9138
8393
7406
6403
5484
4407
3103
1422
-547
-2449
-4194
-5906
-7840
-9835
-11402
-12730
-14232
-15558
-16149
-16092
-16081
-16321
-16225
-15682
-15175
-14868
-14595
-14231
-13980
-14058
-14224
-14248
-14050
-13633
-13244
-12928
-12466
-11716
-10765
-9940
-9208
-8256
-7268
-6495
-5809
-4925
-3751
-2660
-1861
-1230
-712
-142
476
903
1204
1563
1959
2065
1735
1556
1845
2089
1991
1803
1870
2101
2183
2289
2549
2750
2844
2791
2682
2726
2893
3052
2927
2639
2714
3044
3394
4009
5092
6508
7760
8883
10462
12310
13908
15172
16330
17602
18612
18990
18993
18846
18596
18067
17070
15946
14929
13880
12737
11597
10669
9872
8969
8064
7136
6024
4827
3669
2427
847
-1002
-2772
-4403
-6028
-7651
-9189
-10586
-11830
-12985
-14095
-14924
-15226
-15188
-15245
-15436
-15327
-14824
-14344
-14019
-13668
-13293
-13116
-13189
-13226
-13131
-13005
-12815
-12626
-12531
-12385
-11969
-11288
-10597
-9873
-8929
-7916
-6952
-5875
-4644
-3495
-2660
-2022
-1493
-1162
-891
-540
-239
-94
22
257
523
809
1336
2015
2538
2887
3270
3737
4143
4447
4665
4707
4547
4278
3982
3721
3615
3644
3596
3396
3231
3353
3736
4229
4923
5903
7069
8188
9223
10469
11898
13172
14179
15058
15930
16562
16768
16709
16475
16087
15598
15014
14335
13515
12641
11855
11093
10329
9611
8930
8195
7233
6076
4887
3690
2394
871
-858
-2643
-4364
-5875
-7203
-8502
-9736
-10744
-11507
-12278
-13019
-13239
-12948
-12843
-13211
-13466
-13199
-12906
-12949
-12908
-12584
-12411
-12575
-12686
-12511
-12271
-12040
-11743
-11552
-11475
-11138
-10436
-9771
-9308
-8704
-7922
-7371
-7020
-6400
-5528
-4895
-4619
-4355
-4003
-3644
-3125
-2346
-1551
-907
-251
475
1095
1602
2208
2886
3356
3585
3800
4091
4288
4261
4132
4069
4053
3970
3845
3858
4084
4356
4493
4567
4772
5108
5387
5595
6002
6703
7470
8145
8852
9759
10705
11447
12092
12867
13791
14576
14968
15118
15203
15185
14996
14664
14308
13817
12989
11973
10976
10047
9123
8130
7137
6016
4636
3240
2002
847
-405
-1782
-3001
-4041
-5124
-6278
-7375
-8158
-8786
-9694
-10689
-11289
-11497
-11824
-12471
-12870
-12875
-12969
-13177
-13160
-12875
-12612
-12445
-12123
-11717
-11339
-10813
-10274
-10017
-9894
-9565
-9128
-8956
-8938
-8741
-8504
-8394
-8183
-7664
-6924
-6124
-5250
-4317
-3405
-2458
-1475
-660
-85
404
882
1199
1288
1404
1663
1786
1667
1579
1706
1894
1997
2174
2527
2897
3211
3516
3813
4086
4330
4501
4502
4322
4100
3893
3672
3499
3454
3590
3982
4704
5688
6769
7940
9305
10704
11833
12749
13746
14770
15385
15429
15230
14986
14534
13772
12889
12092
11344
10463
9404
8369
7587
7021
6402
5653
4923
4221
3383
2392
1409
403
-761
-1954
-3061
-4276
-5704
-6985
-7867
-8720
-9777
-10556
-10722
-10742
-11046
-11267
-11009
-10601
-10424
-10294
-9994
-9722
-9657
-9670
-9681
-9761
-9863
-9921
-10029
-10163
-10123
-9927
-9831
-9823
-9600
-9126
-8659
-8217
-7579
-6769
-6046
-5471
-4911
-4305
-3703
-3172
-2767
-2433
-2012
-1510
-1161
-977
-647
-87
422
784
1277
1979
2591
2931
3135
3324
3474
3545
3521
3405
3328
3387
3421
3275
3157
3322
3594
3681
3702
3964
4429
4828
5176
5740
6584
7494
8310
9106
10004
10918
11650
12165
12641
13168
13533
13545
13352
13175
12927
12434
11836
11337
10831
10128
9356
8681
7970
7086
6201
5452
4631
3582
2494
1530
507
-714
-1862
-2724
-3551
-4609
-5678
-6442
-7089
-7922
-8702
-9048
-9163
-9524
-10047
-10281
-10232
-10218
-10245
-10119
-9932
-9886
-9885
-9798
-9686
-9569
-9420
-9397
-9617
-9809
-9690
-9461
-9387
-9322
-9066
-8782
-8607
-8325
-7784
-7190
-6742
-6390
-6035
-5617
-5063
-4444
-3970
-3665
-3305
-2814
-2326
-1798
-1054
-197
494
1033
1656
2390
3072
3616
3975
4096
4072
4100
4193
4221
4215
4269
4276
4125
4012
4136
4338
4407
4461
4669
4938
5177
5479
5871
6277
6769
7440
8157
8806
9478
10143
10603
10944
11448
12050
12395
12459
12454
12317
11914
11427
11063
10659
10000
9221
8523
7839
7097
6423
5853
5212
4399
3549
2747
1901
958
-38
-1090
-2241
-3409
-4481
-5485
-6493
-7434
-8228
-8934
-9576
-10007
-10184
-10274
-10366
-10351
-10189
-10022
-9911
-9784
-9651
-9612
-9682
-9774
-9856
-9956
-10068
-10143
-10154
-10100
-9966
-9728
-9372
-8921
-8415
-7889
-7362
-6825
-6267
-5710
-5190
-4728
-4305
-3922
-3595
-3283
-2913
-2501
-2103
-1692
-1198
-654
-125
435
1088
1773
2398
2992
3592
4101
4424
4626
4781
4854
4807
4703
4607
4468
4263
4070
3931
3828
3770
3820
3971
4175
4461
4870
5336
5801
6321
6941
7578
8153
8693
9194
9566
9811
10029
10245
10396
10445
10438
10364
10170
9890
9594
9273
8879
8430
7977
7495
6930
6320
5709
5053
4307
3503
2675
1786
837
-100
-1011
-1940
-2862
-3711
-4484
-5221
-5890
-6445
-6931
-7385
-7757
-8013
-8209
-8383
-8499
-8560
-8634
-8734
-8798
-8835
-8894
-8961
-8999
-9033
-9102
-9163
-9169
-9151
-9126
-9036
-8869
-8677
-8466
-8181
-7834
-7486
-7135
-6733
-6317
-5938
-5563
-5151
-4752
-4385
-3997
-3582
-3183
-2779
-2309
-1791
-1270
-709
-78
559
1149
1712
2257
2718
3062
3333
3536
3641
3665
3668
3657
3624
3610
3656
3732
3810
3915
4070
4250
4444
4683
4972
5280
5609
5981
6409
6857
7308
7776
8249
8693
9091
9450
9772
10053
10274
10415
10467
10419
10268
10018
9681
9275
8795
8249
7663
7062
6436
5792
5159
4540
3903
3239
2574
1905
1208
495
-208
-910
-1639
-2387
-3128
-3862
-4585
-5274
-5912
-6498
-7032
-7487
-7852
-8139
-8347
-8484
-8559
-8599
-8618
-8621
-8615
-8615
-8629
-8664
-8725
-8805
-8894
-8969
-9014
-9013
-8959
-8844
-8664
-8409
-8079
-7699
-7283
-6845
-6401
-5956
-5509
-5058
-4610
-4182
-3778
-3391
-3007
-2609
-2200
-1779
-1349
-908
-455
12
486
962
1433
1885
2307
2690
3017
3268
3438
3549
3638
3724
3814
3895
3966
4031
4104
4224
4418
4665
4905
5117
5342
5616
5926
6241
6553
6857
7131
7391
7672
7993
8318
8585
8764
8884
9006
9166
9306
9327
9209
8993
8710
8358
7952
7519
7043
6488
5857
5199
4568
3965
3354
2704
2020
1342
691
66
-539
-1128
-1714
-2319
-2937
-3522
-4040
-4508
-4982
-5465
-5913
-6294
-6615
-6889
-7111
-7281
-7414
-7521
-7598
-7637
-7652
-7671
-7711
-7763
-7808
-7841
-7876
-7917
-7955
-7978
-7987
-7981
-7949
-7872
-7748
-7573
-7343
-7052
-6712
-6333
-5919
-5480
-5024
-4563
-4108
-3671
-3253
-2843
-2430
-2007
-1579
-1152
-721
-289
157
624
1103
1566
1995
2389
2753
3086
3383
3629
3814
3945
4040
4115
4171
4214
4243
4270
4305
4361
4448
4559
4682
4815
4968
5140
5326
5525
5735
5945
6132
6305
6489
6693
6901
7088
7244
7349
7412
7468
7536
7574
7529
7396
7202
6952
6641
6291
5933
5542
5076
4537
3971
3423
2906
2390
1852
1292
740
205
-317
-823
-1298
-1748
-2213
-2709
-3189
-3604
-3978
-4353
-4729
-5081
-5398
-5695
-5962
-6179
-6343
-6482
-6613
-6728
-6809
-6848
-6869
-6888
-6903
-6913
-6927
-6953
-6977
-6980
-6962
-6936
-6910
-6870
-6798
-6691
-6551
-6376
-6156
-5891
-5598
-5293
-4960
-4588
-4188
-3786
-3389
-2979
-2553
-2125
-1704
-1288
-864
-436
-18
374
752
1127
1482
1796
2073
2333
2578
2785
2942
3078
3218
3349
3444
3509
3568
3639
3717
3795
3896
4026
4163
4291
4418
4570
4746
4912
5053
5194
5350
5503
5631
5747
5863
5980
6083
6176
6293
6432
6545
6587
6570
6555
6536
6447
6235
5939
5612
5230
4773
4299
3885
3491
3009
2455
1965
1582
1209
766
316
-69
-450
-906
-1369
-1738
-2049
-2416
-2838
-3211
-3515
-3838
-4227
-4594
-4858
-5058
-5269
-5481
-5630
-5702
-5758
-5821
-5855
-5825
-5787
-5820
-5906
-5958
-5937
-5916
-5949
-5995
-5992
-5957
-5940
-5915
-5826
-5684
-5547
-5421
-5233
-4952
-4632
-4328
-4028
-3693
-3323
-2974
-2649
-2306
-1940
-1580
-1271
-979
-665
-332
-19
261
538
840
1155
1454
1725
1988
2256
2501
2697
2853
3001
3141
3240
3293
3336
3396
3448
3469
3480
3510
3557
3593
3618
3665
3748
3852
3954
4059
4178
4307
4416
4499
4568
4630
4654
4637
4610
4596
4576
4527
4470
4433
4405
4350
4265
4179
4089
3966
3797
3601
3387
3127
2813
2473
2131
1782
1417
1045
680
323
-15
-330
-617
-880
-1126
-1363
-1593
-1813
-2025
-2232
-2447
-2675
-2912
-3149
-3375
-3593
-3798
-3990
-4172
-4332
-4456
-4542
-4592
-4622
-4644
-4656
-4646
-4611
-4567
-4520
-4471
-4422
-4381
-4347
-4315
-4269
-4215
-4166
-4118
-4056
-3967
-3854
-3729
-3587
-3414
-3204
-2967
-2715
-2444
-2156
-1860
-1572
-1288
-1003
-720
-465
-239
-22
199
416
610
796
992
1197
1396
1588
1788
1989
2170
2327
2486
2645
2780
2871
2935
2995
3038
3045
3027
3002
2983
2961
2944
2949
2979
3017
3047
3083
3135
3188
3226
3255
3284
3306
3300
3272
3233
3193
3140
3070
2990
2908
2828
2746
2662
2573
2479
2380
2266
2140
2004
1860
1693
1507
1316
1127
927
705
474
249
28
-187
-384
-554
-712
-866
-1005
-1111
-1196
-1288
-1395
-1507
-1614
-1720
-1837
-1959
-2077
-2190
-2306
-2414
-2502
-2569
-2630
-2694
-2750
-2793
-2827
-2854
-2869
-2874
-2882
-2900
-2914
-2915
-2906
-2903
-2902
-2896
-2886
-2873
-2856
-2831
-2801
-2765
-2724
-2676
-2608
-2515
-2403
-2278
-2145
-1998
-1824
-1634
-1439
-1238
-1026
-811
-606
-414
-223
-26
167
342
497
646
787
916
1033
1147
1258
1354
1424
1482
1544
1620
1691
1754
1816
1887
1958
2013
2054
2094
2134
2156
2155
2153
2166
2185
2194
2199
2221
2262
2297
2323
2353
2388
2403
2382
2349
2319
2274
2190
2075
1971
1883
1785
1667
1555
1465
1385
1294
1203
1136
1084
1019
928
839
773
705
611
508
425
357
271
177
114
96
77
28
-30
-66
-92
-136
-192
-229
-255
-311
-405
-497
-568
-647
-760
-887
-998
-1104
-1237
-1387
-1519
-1627
-1740
-1877
-2019
-2138
-2230
-2319
-2416
-2511
-2592
-2667
-2745
-2810
-2853
-2876
-2898
-2912
-2896
-2847
-2781
-2706
-2609
-2487
-2353
-2222
-2076
-1900
-1716
-1548
-1393
-1230
-1063
-911
-785
-672
-558
-448
-355
-271
-176
-74
18
97
173
256
338
418
496
579
662
738
804
869
929
984
1034
1087
1152
1224
1296
1367
1443
1522
1602
1685
1777
1875
1970
2049
2115
2180
2249
2318
2376
2417
2438
2435
2412
2371
2311
2233
2137
2032
1929
1832
1737
1640
1545
1464
1395
1329
1264
1209
1165
1139
1125
1113
1096
1065
1034
1020
1023
1028
1011
961
897
839
789
727
634
509
369
240
129
22
-106
-260
-417
-556
-679
-799
-934
-1089
-1248
-1397
-1533
-1663
-1798
-1945
-2094
-2227
-2332
-2418
-2501
-2586
-2665
-2725
-2762
-2790
-2824
-2864
-2899
-2916
-2909
-2890
-2872
-2856
-2832
-2789
-2724
-2645
-2560
-2474
-2383
-2280
-2168
-2057
-1954
-1857
-1752
-1632
-1502
-1361
-1210
-1055
-894
-726
-554
-389
-241
-111
15
147
289
434
575
713
848
992
1151
1321
1486
1641
1788
1944
2104
2253
2372
2461
2536
2608
2681
2746
2793
2822
2838
2851
2867
2880
2882
2859
2821
2781
2748
2717
2676
2615
2528
2430
2333
2240
2138
2017
1879
1746
1630
1532
1439
1339
1220
1097
987
893
804
706
599
496
408
332
255
172
76
-25
-121
-219
-314
-407
-503
-597
-687
-772
-853
-938
-1030
-1125
-1224
-1328
-1425
-1513
-1599
-1687
-1777
-1856
-1926
-1998
-2073
-2153
-2238
-2327
-2417
-2503
-2581
-2652
-2718
-2781
-2833
-2864
-2874
-2870
-2856
-2831
-2793
-2747
-2689
-2621
-2533
-2430
-2317
-2198
-2074
-1943
-1805
-1665
-1522
-1376
-1225
-1072
-915
-749
-574
-400
-232
-66
103
275
435
585
730
878
1022
1157
1289
1419
1548
1672
1791
1909
2026
2139
2244
2340
2429
2502
2560
2610
2654
2685
2704
2716
2726
2723
2703
2677
2650
2619
2573
2514
2451
2382
2305
2214
2118
2021
1917
1803
1683
1561
1433
1302
1175
1048
922
802
689
574
457
348
251
156
60
-38
-130
-220
-308
-394
-476
-554
-626
-698
-771
-840
-902
-969
-1044
-1117
-1189
-1263
-1346
-1430
-1507
-1581
-1655
-1722
-1779
-1830
-1879
-1922
-1952
-1965
-1977
-1992
-2007
-2013
-2011
-2006
-2001
-1989
-1965
-1932
-1898
-1865
-1829
-1788
-1745
-1696
-1638
-1572
-1503
-1434
-1361
-1280
-1188
-1096
-996
-883
-759
-633
-505
-381
-257
-139
-23
92
205
315
419
521
619
711
804
896
986
1070
1149
1226
1299
1364
1419
1463
1505
1549
1591
1623
1645
1665
1682
1693
1693
1682
1667
1649
1634
1616
1592
1561
1523
1481
1440
1398
1353
1305
1253
1194
1132
1071
1009
948
883
813
746
681
614
546
483
418
349
269
190
112
36
-37
-114
-192
-271
-349
-423
-492
-560
-624
-684
-742
-802
-866
-932
-988
-1032
-1068
-1100
-1130
-1155
-1177
-1197
-1216
-1227
-1233
-1229
-1218
-1201
-1187
-1176
-1163
-1140
-1107
-1064
-1014
-961
-907
-863
-827
-786
-733
-674
-614
-555
-493
-426
-361
-299
-238
-182
-125
-63
5
71
128
180
227
264
295
327
363
398
431
457
479
496
510
522
530
538
541
540
536
529
514
499
488
481
466
444
416
396
377
363
353
347
345
340
333
323
312
300
287
278
274
269
262
252
238
222
205
191
177
162
147
134
118
99
74
49
24
2
-20
-40
-57
-73
-84
-98
-115
-135
-156
-178
-197
-214
-226
-240
-255
-264
-271
-276
-279
-281
-282
-286
-286
-282
-275
-262
-247
-234
-227
-221
-216
-204
-190
-173
-155
-133
-108
-85
-69
-46
-22
5
32
64
97
122
142
164
190
213
228
241
256
273
287
300
313
325
332
336
340
343
341
336
331
328
319
304
283
262
242
226
215
207
193
170
145
122
100
81
61
43
22
-6
-31
-50
-69
-92
-114
-139
-164
-189
-216
-240
-259
-281
-305
-322
-333
-341
-354
-371
-385
-396
-404
-413
-419
-419
-418
-421
-425
-426
-430
-438
-447
-454
-457
-460
-462
-459
-453
-451
-449
-444
-438
-432
-423
-407
-387
-364
-341
-318
-295
-268
-239
-209
-178
-145
-107
-64
-15
36
84
130
181
234
285
333
382
431
480
526
575
620
656
686
713
737
759
776
791
805
814
817
816
815
812
809
801
786
767
743
718
692
668
646
620
588
553
519
483
442
397
348
303
256
206
154
105
62
20
-21
-59
-95
-133
-171
-211
-251
-286
-315
-344
-375
-410
-442
-468
-488
-510
-533
-554
-572
-589
-608
-630
-649
-662
-677
-692
-704
-708
-704
-699
-692
-685
-678
-675
-671
-663
-652
-642
-633
-625
-611
-594
-573
-550
-530
-508
-486
-458
-430
-402
-374
-345
-315
-282
-243
-200
-155
-108
-60
-11
38
84
127
165
203
240
280
322
365
408
450
492
533
578
619
654
683
708
732
751
765
777
788
800
811
820
826
828
826
823
817
806
790
765
735
704
674
645
617
589
560
529
495
452
406
360
309
251
191
136
84
32
-23
-80
-133
-181
-231
-285
-334
-377
-420
-462
-502
-534
-559
-579
-595
-612
-626
-637
-641
-637
-625
-611
-596
-582
-570
-555
-538
-519
-501
-482
-463
-440
-419
-400
-383
-368
-353
-337
-319
-299
-284
-267
-253
-241
-232
-227
-221
-216
-209
-199
-187
-175
-158
-138
-114
-90
-68
-49
-33
-16
8
38
69
97
121
144
167
193
222
253
283
311
335
357
378
402
427
447
464
481
499
518
538
557
571
583
594
601
601
598
594
588
580
569
556
541
525
502
471
434
393
348
304
258
211
162
111
60
4
-54
-111
-159
-201
-244
-285
-323
-363
-408
-447
-474
-496
-513
-531
-549
-564
-575
-581
-583
-582
-574
-560
-545
-531
-518
-500
-479
-453
-429
-405
-379
-350
-322
-295
-264
-231
-196
-164
-140
-120
-101
-79
-59
-40
-19
-2
9
17
23
35
45
50
51
57
67
78
84
88
98
111
127
141
160
184
207
230
253
278
302
324
344
364
382
400
419
437
458
479
499
518
530
536
536
530
524
512
499
481
462
441
414
384
351
316
283
246
203
158
112
70
29
-13
-55
-100
-143
-184
-224
-264
-303
-340
-373
-411
-446
-478
-504
-521
-532
-543
-555
-564
-572
-579
-581
-576
-565
-549
-532
-514
-492
-469
-438
-400
-359
-319
-282
-250
-219
-191
-162
-135
-111
-92
-74
-56
-38
-25
-14
-5
2
3
2
2
2
4
9
16
25
34
42
50
57
65
74
86
101
120
136
152
169
186
203
217
230
244
257
271
286
297
305
313
320
323
325
329
334
338
338
338
341
344
347
346
347
350
353
349
341
330
320
311
299
279
257
234
211
186
159
129
100
72
44
13
-19
-51
-82
-113
-147
-182
-213
-242
-266
-281
-295
-308
-326
-344
-359
-372
-382
-386
-383
-376
-376
-380
-387
-393
-395
-393
-387
-381
-376
-373
-367
-359
-347
-335
-322
-303
-281
-257
-232
-206
-180
-154
-131
-109
-87
-63
-42
-25
-8
11
28
42
54
66
79
90
101
111
121
129
131
135
142
150
154
158
165
176
185
188
191
193
197
200
200
200
201
201
198
198
197
197
199
197
193
190
191
194
197
200
207
216
224
228
233
234
233
229
224
219
213
208
202
191
181
170
158
140
122
107
89
68
44
22
-2
-28
-60
-93
-122
-150
-185
-223
-260
-295
-326
-355
-381
-407
-432
-449
-457
-457
-457
-455
-447
-434
-411
-382
-345
-303
-260
-220
-181
-144
-109
-71
-35
-1
25
44
56
62
65
65
64
64
66
66
61
55
49
43
36
29
21
14
10
6
-2
-8
-10
-10
-14
-22
-24
-18
-9
-4
2
10
16
22
28
40
50
61
75
93
107
117
128
139
153
170
183
193
199
201
203
203
203
205
202
194
187
177
164
148
137
124
109
92
75
55
39
28
20
10
-5
-19
-33
-50
-64
-74
-80
-85
-93
-102
-116
-133
-144
-147
-151
-154
-157
-157
-162
-168
-167
-159
-150
-143
-134
-119
-108
-100
-95
-89
-79
-67
-55
-47
-39
-30
-19
-5
13
30
44
56
65
70
71
71
76
82
85
84
84
86
83
74
65
55
42
29
18
9
1
-9
-20
-32
-39
-43
-49
-55
-58
-55
-54
-53
-51
-46
-43
-44
-45
-42
-37
-27
-17
-8
-2
3
6
7
7
9
15
24
31
34
36
36
37
41
47
53
59
60
56
53
50
47
40
32
28
26
22
14
6
1
-2
-2
-6
-11
-13
-21
-32
-40
-40
-39
-43
-51
-59
-63
-66
-68
-69
-65
-59
-54
-51
-50
-51
-50
-42
-32
-21
-10
0
9
18
28
39
48
56
64
70
72
72
70
71
72
73
74
76
70
63
58
59
60
56
50
43
37
31
23
18
14
11
3
-1
-5
-6
-8
-14
-20
-22
-23
-24
-22
-19
-18
-14
-5
4
8
6
6
6
15
26
36
39
38
33
29
23
17
9
1
-11
-24
-42
-60
-74
-84
-89
-90
-90
-93
-107
-125
-137
-139
-142
-145
-145
-145
-155
-172
-187
-194
-198
-196
-188
-177
-175
-182
-182
-177
-169
-160
-145
-127
-118
-114
-106
-96
-81
-60
-36
-14
2
18
36
54
72
89
113
136
159
178
192
211
230
248
256
265
284
305
319
325
333
342
341
339
338
340
338
330
326
322
311
292
269
251
233
216
205
192
175
161
149
142
132
123
116
106
88
69
54
43
34
26
19
9
-7
-24
-38
-53
-67
-79
-86
-91
-94
-101
-106
-113
-120
-126
-131
-135
-144
-159
-173
-186
-202
-217
-227
-232
-239
-248
-257
-261
-268
-281
-298
-313
-324
-331
-333
-338
-348
-361
-370
-373
-375
-370
-361
-350
-340
-333
-325
-311
-297
-280
-263
-246
-226
-204
-178
-147
-115
-82
-47
-7
34
70
98
129
161
193
225
259
294
325
351
374
391
403
413
420
425
424
421
416
414
415
412
408
405
402
398
394
385
372
354
331
302
269
238
205
171
141
114
93
78
67
62
59
59
62
69
74
75
71
65
54
41
30
19
6
-14
-33
-52
-69
-83
-95
-106
-113
-121
-131
-144
-158
-170
-179
-191
-203
-217
-230
-244
-259
-277
-299
-320
-338
-354
-367
-377
-380
-382
-382
-376
-362
-342
-319
-295
-272
-249
-227
-204
-181
-159
-141
-123
-107
-94
-81
-66
-49
-33
-18
1
25
47
65
81
97
112
126
138
148
156
158
161
162
166
169
170
168
167
169
178
189
201
214
224
228
224
216
211
204
196
185
169
153
141
127
113
104
106
113
117
118
120
130
137
141
144
147
148
144
133
117
97
76
56
35
13
-12
-31
-41
-44
-48
-55
-63
-67
-74
-83
-90
-94
-93
-96
-104
-110
-121
-135
-150
-159
-160
-162
-166
-165
-159
-150
-140
-131
-117
-103
-93
-84
-85
-95
-109
-123
-132
-137
-133
-124
-112
-98
-76
-50
-24
-4
2
4
4
3
0
-2
-6
-11
-13
-11
-3
9
19
25
30
36
46
54
58
60
59
57
58
60
62
64
63
61
55
48
44
47
48
50
50
51
49
42
31
23
18
17
20
26
30
32
37
40
39
31
24
17
11
2
-9
-21
-30
-39
-45
-48
-47
-47
-48
-48
-47
-44
-36
-27
-23
-22
-22
-24
-25
-25
-23
-20
-18
-14
-13
-17
-20
-16
-5
7
16
24
29
33
38
40
36
28
16
5
-7
-18
-29
-31
-25
-17
-12
-15
-21
-29
-34
-33
-32
-29
-30
-34
-40
-45
-46
-45
-42
-36
-30
-23
-19
-15
-9
0
12
25
36
49
64
74
80
90
106
116
123
125
129
127
122
117
111
106
105
109
112
113
111
116
124
128
129
122
110
87
63
37
10
-20
-47
-70
-91
-103
-108
-107
-105
-101
-96
-92
-87
-77
-68
-66
-68
-75
-85
-109
-143
-172
-188
-196
-201
-196
-187
-178
-169
-156
-141
-127
-111
-91
-72
-59
-58
-61
-67
-75
-81
-84
-86
-86
-84
-79
-75
-77
-78
-73
-61
-47
-39
-32
-25
-15
-7
0
8
17
21
23
20
19
24
33
43
57
75
95
111
127
144
160
174
190
208
224
237
251
267
278
285
295
305
309
312
319
329
329
327
331
341
338
331
318
299
278
257
235
217
198
177
156
134
113
87
60
34
9
-19
-47
-76
-104
-136
-171
-199
-219
-231
-244
-259
-274
-283
-284
-284
-289
-290
-285
-277
-272
-270
-265
-256
-248
-235
-221
-208
-198
-190
-182
-176
-173
-170
-167
-166
-167
-170
-171
-170
-169
-167
-158
-146
-135
-128
-123
-119
-114
-107
-98
-91
-84
-75
-69
-60
-49
-32
-16
-5
2
8
13
20
27
36
47
58
67
76
89
103
116
133
149
168
187
203
221
239
249
253
257
268
278
291
304
317
320
314
304
300
298
296
291
287
279
266
251
232
214
196
182
168
151
132
113
91
68
50
32
13
-7
-26
-43
-59
-78
-96
-112
-123
-136
-151
-166
-180
-191
-199
-204
-209
-220
-236
-248
-257
-264
-267
-263
-254
-248
-248
-248
-246
-243
-234
-223
-216
-212
-207
-198
-189
-180
-169
-160
-155
-149
-140
-133
-128
-126
-120
-109
-102
-96
-89
-78
-66
-55
-47
-40
-30
-21
-9
5
21
35
44
48
53
62
78
96
111
125
136
141
144
146
151
155
158
163
166
171
175
176
178
181
185
190
192
192
192
194
199
200
197
191
187
185
179
166
151
139
135
133
122
105
89
76
67
55
42
31
21
10
1
-10
-23
-37
-46
-55
-68
-81
-92
-101
-103
-100
-92
-86
-84
-86
-94
-105
-115
-119
-120
-122
-133
-147
-161
-173
-182
-188
-194
-202
-209
-215
-218
-218
-213
-204
-196
-190
-182
-171
-160
-152
-141
-125
-106
-92
-83
-71
-53
-33
-13
4
21
38
53
63
72
82
92
100
103
107
113
122
131
138
142
145
144
143
140
136
132
131
132
130
129
131
133
134
133
134
137
139
137
130
119
111
102
95
87
78
67
55
42
33
29
27
21
10
0
-9
-15
-21
-29
-34
-38
-42
-49
-57
-62
-62
-58
-52
-48
-40
-33
-29
-26
-25
-26
-34
-44
-52
-59
-68
-76
-81
-79
-78
-79
-76
-67
-55
-46
-39
-34
-33
-34
-35
-35
-40
-45
-48
-48
-43
-41
-38
-33
-28
-25
-22
-17
-13
-11
-10
-10
-12
-23
-33
-42
-48
-54
-55
-50
-35
-16
2
16
30
44
50
52
52
53
50
41
34
30
27
23
21
26
32
36
37
39
42
45
49
52
55
55
55
55
54
54
47
39
32
28
27
28
27
27
27
22
14
6
0
-5
-9
-13
-17
-20
-25
-29
-29
-25
-24
-22
-23
-21
-16
-13
-12
-9
-8
-11
-18
-25
-27
-25
-23
-19
-12
-5
5
14
25
29
26
16
6
-2
-11
-24
-33
-36
-30
-19
-10
-4
0
0
-1
-5
-12
-20
-25
-26
-20
-16
-15
-17
-22
-28
-32
-35
-33
-28
-17
-5
4
7
5
2
1
1
0
1
5
11
15
16
22
26
26
25
25
26
23
20
19
23
24
21
18
15
12
14
16
20
24
24
24
21
14
9
4
3
4
3
2
2
7
15
20
22
21
16
9
0
-4
-5
-4
-1
2
5
5
3
-4
-10
-15
-14
-10
-5
-3
-1
2
5
7
4
-4
-15
-26
-39
-50
-56
-53
-47
-41
-42
-40
-36
-31
-26
-28
-31
-31
-25
-22
-20
-18
-18
-17
-17
-18
-16
-14
-13
-11
-10
-9
-8
-8
-9
-8
-7
-3
4
14
20
20
19
20
23
25
24
22
22
23
25
33
40
46
49
53
53
51
49
49
51
53
55
53
47
35
20
5
-1
1
5
9
17
27
37
46
56
67
70
68
64
61
54
40
26
16
11
5
-6
-18
-26
-28
-31
-34
-40
-46
-52
-59
-67
-69
-65
-55
-43
-32
-24
-18
-16
-18
-24
-32
-41
-48
-54
-60
-61
-56
-53
-54
-55
-50
-40
-31
-29
-30
-35
-40
-46
-50
-56
-61
-64
-58
-52
-51
-54
-55
-51
-47
-42
-36
-30
-23
-17
-9
-4
-3
-2
-3
-6
-11
-17
-17
-12
-4
1
5
13
23
32
38
46
52
57
60
68
77
87
90
92
96
102
104
105
108
111
110
109
106
103
101
101
103
108
108
110
111
109
102
93
86
77
73
64
53
43
34
27
19
12
4
-1
-5
-7
-9
-13
-16
-18
-24
-35
-46
-55
-63
-73
-79
-79
-79
-84
-88
-85
-80
-73
-69
-64
-63
-59
-52
-47
-41
-38
-34
-34
-37
-46
-54
-59
-60
-59
-55
-49
-44
-35
-28
-27
-31
-30
-25
-18
-13
-9
-3
1
3
2
0
-3
-4
-3
-2
3
7
14
18
18
18
20
24
25
21
14
12
12
12
13
17
23
27
29
28
29
33
37
38
39
37
36
35
34
33
31
31
30
30
29
24
15
10
12
15
13
8
2
0
3
1
0
1
3
3
0
-4
-4
-4
-3
-1
1
0
-3
-9
-10
-12
-15
-17
-18
-16
-16
-19
-21
-20
-15
-11
-10
-7
-6
-7
-10
-10
-8
-7
-12
-15
-14
-15
-21
-27
-27
-24
-26
-27
-28
-27
-27
-25
-23
-23
-20
-14
-4
-1
1
1
-1
-3
-4
-2
0
-3
-5
-4
0
2
4
2
1
4
9
11
10
8
4
4
6
9
8
5
5
7
8
8
6
5
5
4
7
6
1
-2
-4
-3
-1
1
1
2
0
0
5
15
21
24
22
18
17
16
13
12
14
15
19
21
24
25
24
24
22
18
12
7
4
3
3
6
10
13
10
1
-4
-2
2
6
5
0
-4
-7
-10
-14
-22
-27
-26
-19
-16
-19
-24
-26
-25
-22
-19
-18
-17
-16
-13
-8
-2
6
12
14
12
9
6
4
5
7
10
16
21
25
21
12
0
-12
-23
-27
-28
-28
-27
-26
-25
-25
-25
-28
-28
-28
-26
-22
-18
-16
-18
-20
-22
-23
-25
-25
-23
-13
-4
4
7
6
7
9
14
18
18
17
18
21
19
19
21
27
32
34
34
34
32
28
27
24
22
17
12
13
15
14
10
7
2
-3
-1
1
1
-2
-2
0
1
-1
-10
-20
-26
-29
-28
-26
-22
-17
-11
-5
-1
2
2
2
4
7
9
10
8
6
1
-1
-2
-3
-5
-7
-8
-5
-3
-1
2
5
10
13
15
8
2
-2
-1
-1
-5
-11
-10
-7
-4
-8
-15
-14
-7
-1
-2
-5
-2
-1
-2
-6
-8
-5
1
4
5
5
4
1
-3
-6
-7
-7
-8
-7
-5
-1
2
3
2
4
8
12
13
9
4
-3
-4
-3
-2
-4
-7
-9
-5
-3
-1
4
7
7
4
0
-3
-3
-2
0
2
0
-4
-9
-12
-16
-17
-16
-15
-16
-17
-17
-17
-16
-14
-11
-11
-13
-17
-20
-22
-22
-19
-16
-13
-10
-7
-4
-3
-5
-7
-3
5
11
16
18
20
23
32
38
43
39
28
17
13
10
9
10
16
22
28
27
29
31
29
24
22
24
25
22
21
21
22
23
23
21
20
15
4
-5
-13
-15
-16
-17
-18
-17
-15
-14
-13
-11
-8
-9
-12
-12
-12
-9
-6
-3
2
5
6
8
9
7
3
3
0
-5
-11
-15
-12
-9
-10
-14
-19
-20
-23
-27
-29
-29
-28
-26
-25
-26
-26
-27
-25
-23
-22
-19
-21
-25
-32
-38
-37
-30
-23
-17
-15
-14
-17
-22
-22
-15
-5
4
9
14
21
25
29
33
33
33
36
43
48
48
40
29
19
14
13
15
17
17
15
13
9
5
0
-4
-4
0
7
10
7
3
0
3
5
3
-3
-6
-6
-3
0
-2
0
6
12
13
12
13
13
12
10
8
9
10
9
6
3
4
10
15
19
23
26
26
26
23
20
14
8
3
-4
-13
-13
-5
1
0
-6
-12
-12
-11
-9
-5
0
0
-3
-6
-14
-22
-29
-33
-32
-30
-25
-23
-23
-20
-16
-9
-6
-6
-10
-15
-17
-17
-17
-17
-16
-14
-9
-4
-1
1
4
8
9
9
10
7
0
-8
-13
-19
-23
-24
-24
-24
-23
-18
-8
2
8
11
14
18
18
14
7
2
1
1
5
10
13
13
9
5
4
5
9
18
24
27
27
23
17
14
12
14
19
21
24
24
23
17
13
12
18
23
23
16
7
-2
-7
-8
-11
-13
-12
-11
-12
-15
-18
-24
-25
-20
-13
-7
-6
-9
-11
-12
-15
-17
-21
-24
-23
-21
-18
-14
-9
-7
-10
-16
-16
-8
1
5
6
7
10
12
11
12
18
26
30
31
30
25
21
20
23
27
27
22
15
11
7
6
4
1
-3
-3
-2
1
3
4
5
5
2
1
3
8
10
10
10
6
2
0
-2
0
-1
-2
-4
-6
-9
-13
-14
-16
-16
-19
-20
-21
-21
-21
-20
-17
-13
-11
-11
-11
-11
-11
-11
-12
-14
-12
-9
-9
-11
-13
-13
-9
-9
-11
-13
-11
-8
-6
-1
4
11
15
14
14
14
14
11
11
12
14
14
13
13
9
0
-9
-16
-17
-16
-15
-13
-8
-1
0
1
5
9
9
3
-4
-7
-7
-1
5
11
13
10
10
11
8
1
-4
-1
5
9
11
12
11
10
7
9
14
18
21
20
17
15
14
16
15
14
9
5
7
11
15
16
15
13
8
2
-5
-9
-8
-3
3
8
8
3
-5
-12
-13
-15
-15
-15
-14
-12
-10
-7
-4
-4
-4
-6
-7
-6
-5
-3
-4
-4
-7
-6
-3
2
5
3
-4
-13
-21
-26
-27
-23
-15
-10
-3
0
-3
-9
-21
-33
-39
-37
-31
-25
-20
-12
-6
-9
-18
-26
-28
-25
-20
-16
-15
-12
-12
-7
1
8
16
22
25
24
21
19
16
16
20
24
28
32
31
30
26
24
21
19
23
32
38
36
29
27
26
25
19
11
5
2
1
-1
-1
-3
-7
-13
-16
-14
-8
-2
1
2
2
1
0
1
2
0
0
2
6
5
5
5
6
6
4
-1
-6
-10
-11
-11
-14
-16
-16
-19
-23
-25
-27
-24
-21
-17
-14
-8
-4
-2
-2
-5
-8
-15
-16
-18
-19
-20
-23
-25
-26
-24
-20
-16
-14
-8
-2
-1
-4
-12
-15
-11
-3
0
-1
-1
-1
-1
0
3
9
16
20
19
18
17
15
11
9
8
10
11
10
10
14
19
23
25
25
29
37
41
39
30
20
16
17
19
15
8
4
0
-6
-12
-15
-13
-8
-6
-5
-4
-4
-7
-12
-17
-21
-21
-17
-14
-13
-13
-9
-1
4
7
7
3
0
-2
-3
0
3
6
9
12
12
10
6
6
8
6
0
-5
-7
-7
-6
-6
-7
-12
-18
-21
-23
-29
-35
-41
-42
-41
-37
-33
-28
-23
-19
-13
-6
-3
-5
-12
-15
-15
-12
-9
-5
-1
0
-1
0
3
7
11
13
14
11
10
8
8
7
7
5
2
0
-1
0
4
11
20
26
32
33
32
30
28
27
27
26
23
23
25
23
19
14
9
12
17
19
19
18
15
11
8
8
9
9
8
7
7
7
6
5
4
2
0
-3
-8
-16
-17
-14
-9
-8
-8
-7
-8
-9
-13
-17
-19
-22
-24
-24
-24
-22
-20
-17
-14
-12
-12
-12
-14
-15
-18
-19
-18
-17
-16
-17
-22
-27
-29
-31
-29
-28
-30
-30
-28
-29
-30
-28
-23
-16
-11
-5
0
0
-3
0
6
15
21
26
30
31
29
24
20
17
17
15
14
15
19
24
27
28
26
21
16
13
15
13
12
14
16
19
21
21
21
19
19
18
19
19
17
10
3
-2
-2
-1
-3
-3
-4
-2
0
0
-1
-4
-4
-7
-7
-4
0
9
16
16
10
3
-2
-6
-7
-8
-6
-7
-9
-12
-13
-13
-15
-14
-14
-14
-13
-13
-12
-12
-11
-8
-4
-2
-1
0
0
-1
-6
-13
-18
-19
-12
-7
-7
-15
-21
-25
-26
-23
-17
-12
-8
-8
-10
-10
-7
-8
-7
-3
2
4
0
-6
-7
-2
2
4
6
12
20
21
13
2
-5
-4
2
11
16
18
13
9
11
12
11
12
15
18
17
13
8
5
7
8
8
6
5
4
5
4
3
0
2
4
5
3
1
1
6
10
14
18
23
29
31
27
18
13
11
5
2
3
10
13
11
3
-5
-10
-9
-6
-3
-3
-4
-10
-18
-22
-23
-21
-19
-18
-15
-16
-21
-27
-27
-23
-16
-12
-10
-6
-3
-1
1
2
3
3
2
4
6
6
8
8
12
11
10
8
10
12
12
9
7
9
10
9
3
-5
-12
-13
-11
-9
-6
-7
-10
-11
-10
-7
-6
-8
-8
-4
1
2
0
-3
-2
-2
-5
-8
-8
-6
-1
1
3
5
4
5
8
13
19
21
22
23
20
17
16
17
22
24
19
15
11
10
8
5
6
7
5
0
-10
-15
-16
-16
-17
-16
-14
-12
-10
-9
-6
-5
-3
-1
1
2
2
2
1
-1
-4
-5
-3
-4
-1
0
2
1
1
0
-4
-7
-8
-8
-6
-1
5
9
10
8
6
5
3
0
-2
-2
-1
-5
-8
-11
-13
-16
-16
-13
-8
-5
2
9
14
14
8
6
7
10
12
12
11
16
21
22
14
7
2
-2
-9
-15
-19
-16
-9
-6
-6
-9
-12
-16
-14
-11
-4
4
11
14
13
9
8
7
6
2
-1
-3
-6
-9
-15
-21
-21
-17
-11
-7
-8
-9
-8
-5
0
2
3
3
2
3
2
2
2
1
1
-3
-4
-8
-11
-13
-12
-9
-4
-1
3
7
8
10
7
3
3
4
5
4
5
10
14
18
20
20
18
13
7
4
3
1
1
-1
0
-1
-2
-4
-6
-6
-4
-2
1
-1
-6
-9
-6
-1
5
15
21
25
21
16
11
7
3
2
2
0
-4
-6
-4
-5
-3
-3
-4
-6
-9
-12
-12
-11
-8
-4
-2
-1
3
6
5
1
-6
-9
-10
-9
-8
-9
-13
-19
-24
-25
-19
-14
-11
-8
-6
-5
-6
-9
-10
-13
-15
-17
-15
-11
-7
-6
-9
-11
-14
-17
-20
-18
-13
-7
1
6
7
7
6
7
5
0
-2
-2
4
10
12
12
10
8
8
4
-2
-7
-7
-4
-1
0
1
2
2
0
-1
2
7
12
11
8
9
12
17
23
27
24
17
10
8
9
11
13
16
16
12
5
-4
-11
-11
-8
-3
-2
-2
1
1
0
-2
-3
0
4
7
7
9
13
12
9
5
4
10
14
10
-3
-12
-16
-17
-18
-18
-19
-17
-14
-17
-20
-22
-20
-15
-13
-11
-11
-11
-12
-16
-18
-15
-7
1
7
9
10
7
4
5
9
16
20
19
14
8
3
-1
-3
-4
-4
-3
-1
-1
-3
-5
-4
-3
-2
-3
-6
-8
-8
-10
-11
-10
-7
-6
-8
-9
-10
-15
-19
-16
-12
-11
-12
-13
-12
-9
-4
-1
3
12
21
24
24
21
17
15
15
14
11
9
9
16
22
22
18
10
9
8
10
13
17
21
20
16
11
8
-1
-9
-12
-10
-10
-13
-17
-19
-21
-20
-20
-16
-13
-13
-14
-18
-22
-24
-20
-15
-10
-7
-9
-11
-12
-10
-6
-3
-1
-1
-1
-2
-3
-3
1
6
7
4
0
-3
-6
-5
2
12
18
22
21
17
14
16
22
30
34
29
20
12
7
1
2
3
3
1
-5
-12
-16
-16
-16
-13
-7
-4
-3
-6
-7
-4
-1
3
6
4
2
2
4
8
9
11
11
10
4
-4
-8
-6
-4
-4
-2
-2
-1
0
-1
-2
-4
-1
4
7
4
-1
-3
2
5
5
6
9
12
10
5
-1
-6
-10
-13
-17
-18
-20
-22
-24
-26
-27
-23
-17
-10
-7
-8
-8
-4
1
6
11
15
16
12
7
2
-1
-1
-1
4
6
7
6
4
4
4
6
9
7
3
-1
-6
-6
-8
-10
-9
-4
1
0
-4
-8
-7
-4
-1
-2
-1
-1
4
9
8
6
6
8
9
6
0
-6
-7
-2
4
8
8
7
7
5
6
8
8
5
3
1
-1
-3
-1
4
9
8
5
1
2
6
9
9
7
7
12
16
16
13
10
7
3
0
0
2
5
7
8
7
6
5
2
0
0
1
2
2
3
5
5
5
7
10
10
8
3
-5
-10
-13
-9
-4
-4
-6
-8
-9
-11
-15
-18
-21
-21
-17
-9
-1
4
6
7
6
4
0
-2
1
4
6
6
4
-2
-13
-22
-23
-21
-20
-21
-18
-14
-16
-20
-22
-22
-17
-15
-14
-16
-17
-17
-15
-12
-6
1
11
18
16
13
11
11
10
7
3
1
-1
1
3
6
6
3
1
0
2
5
8
10
14
19
22
21
20
24
31
34
31
25
23
24
25
24
21
21
20
14
3
-7
-14
-16
-13
-7
-3
-1
-2
0
3
5
3
-1
-4
-4
-4
-7
-8
-10
-12
-12
-14
-16
-16
-13
-9
-8
-12
-15
-14
-10
-7
-5
-6
-5
-5
-4
-3
0
1
1
3
7
7
7
6
6
6
1
-4
-5
-1
0
0
-4
-12
-15
-13
-11
-7
-5
-5
-5
-6
-3
4
14
22
26
24
15
5
-1
-4
-2
1
5
6
3
-3
-6
-7
-6
-3
-5
-3
-3
-6
-10
-14
-14
-10
-3
5
9
11
12
13
10
3
-3
2
13
21
16
2
-12
-16
-13
-11
-12
-11
-5
-1
-1
-3
0
7
11
8
0
-3
-6
-8
-8
-4
1
0
-4
-10
-17
-19
-17
-10
-1
6
13
16
16
16
14
12
10
7
5
6
7
6
5
-2
-7
-5
3
9
9
4
-1
-4
-6
-10
-10
-9
-5
-3
-1
3
9
14
19
27
29
27
22
21
22
23
19
12
7
2
-2
-7
-15
-16
-16
-17
-16
-14
-8
-8
-8
-7
-7
-10
-16
-18
-13
-8
-7
-9
-12
-11
-9
-10
-14
-20
-24
-22
-19
-15
-13
-11
-10
-9
-11
-13
-10
-2
5
11
15
18
18
15
8
6
8
13
16
13
6
-2
-8
-11
-14
-10
-5
-1
-1
0
-2
-1
3
5
5
8
10
14
16
17
19
21
22
20
15
10
8
10
15
19
18
11
2
-2
0
3
6
4
-4
-7
-11
-12
-8
-8
-1
7
13
12
7
3
-1
-10
-19
-22
-18
-11
-6
-2
1
2
2
4
4
1
-2
-4
-2
1
2
1
2
4
2
3
4
6
7
3
-4
-11
-17
-23
-25
-25
-22
-18
-16
-17
-17
-14
-13
-12
-11
-9
-5
-6
-7
-6
3
6
6
8
8
6
1
-2
-2
0
1
-1
-4
-4
-4
-4
-5
-4
-3
3
7
7
1
-5
-4
-3
-4
-6
-8
-5
2
10
17
20
18
12
10
11
13
14
16
20
20
18
16
15
15
15
13
12
9
8
6
5
7
9
7
4
5
8
10
7
-2
-9
-12
-7
1
6
11
13
13
9
-1
-10
-14
-10
-8
-11
-13
-15
-13
-8
-7
-7
-13
-16
-15
-10
-4
0
3
5
5
0
-10
-14
-12
-10
-10
-16
-16
-13
-7
-3
-2
-1
0
0
-2
-9
-15
-16
-13
-7
-4
-6
-10
-9
-4
1
0
-3
-1
2
6
7
7
10
15
16
14
14
15
17
19
19
21
20
21
22
19
16
13
7
-4
-14
-18
-14
-7
-3
-2
-4
-9
-11
-12
-11
-12
-13
-13
-11
-8
-11
-16
-16
-11
-6
-5
-3
-1
4
8
10
12
14
15
19
20
18
13
9
11
13
15
17
16
14
10
7
3
2
-1
-2
1
4
3
3
4
4
0
-6
-10
-11
-11
-14
-14
-15
-13
-8
-3
-3
-7
-9
-8
-4
-2
1
2
1
-4
-10
-16
-21
-22
-19
-13
-11
-12
-15
-16
-17
-21
-24
-25
-18
-6
3
10
10
8
5
3
4
2
5
9
16
22
24
24
24
21
19
17
18
20
18
14
10
8
9
13
19
23
26
29
31
27
22
16
15
15
14
10
5
0
-3
-6
-12
-16
-16
-11
-11
-14
-19
-23
-23
-25
-26
-26
-24
-22
-21
-20
-18
-16
-17
-17
-19
-17
-13
-8
-5
-3
-4
-4
-6
-8
-8
-6
-4
-4
-6
-4
-1
1
5
7
7
5
-4
-13
-19
-20
-19
-16
-16
-15
-11
-8
-7
-6
-3
1
2
-4
-9
-11
-6
1
8
16
21
21
18
19
26
30
28
26
23
22
19
16
14
14
13
14
13
12
11
11
14
14
10
9
9
10
12
14
18
22
26
30
30
23
16
12
15
18
14
12
9
6
1
-5
-9
-15
-16
-16
-17
-20
-25
-29
-30
-26
-25
-28
-32
-34
-33
-30
-31
-33
-33
-33
-32
-25
-21
-20
-22
-22
-17
-14
-15
-18
-17
-12
-7
-5
-7
-7
-7
-5
-3
1
6
14
17
18
17
15
13
13
13
14
15
17
17
18
19
19
19
18
19
17
15
13
15
19
18
16
14
12
10
7
9
10
8
5
4
7
10
9
3
-3
-3
1
8
10
9
10
10
8
1
-6
-7
-6
-5
-5
-5
-3
-3
-4
-6
-7
-9
-9
-7
-4
-5
-9
-13
-14
-15
-19
-21
-18
-9
-1
2
4
4
7
6
3
1
2
9
13
12
14
16
16
12
6
4
5
6
4
2
1
0
2
3
6
7
5
3
-5
-8
-10
-6
0
4
1
-2
1
4
2
-4
-5
-3
-4
-8
-16
-23
-24
-20
-16
-14
-15
-14
-13
-14
-14
-13
-10
-7
-4
-1
0
4
6
7
7
6
6
11
18
20
17
13
10
11
18
27
30
28
22
16
12
7
3
-1
0
-1
-4
-10
-17
-23
-28
-29
-25
-26
-27
-22
-14
-10
-12
-16
-12
-7
-8
-13
-16
-13
-7
-1
8
16
21
19
7
-4
-9
-11
-11
-6
2
7
7
3
-1
-3
-5
-7
-11
-12
-12
-10
-7
-4
1
4
4
3
3
7
15
23
31
38
40
35
28
24
21
19
18
23
29
31
24
16
13
12
11
9
2
-6
-7
-2
2
-4
-13
-12
-7
-5
-9
-12
-10
-12
-16
-17
-12
-1
5
5
0
-5
-10
-17
-20
-18
-17
-16
-18
-19
-21
-21
-18
-9
1
4
1
-2
-3
-2
-1
-3
0
3
4
-1
-5
-6
0
5
2
-8
-19
-25
-26
-24
-21
-14
-10
-12
-20
-28
-30
-26
-21
-16
-5
8
20
22
15
7
5
8
10
11
11
10
7
5
1
-4
-7
-3
-1
3
6
6
6
7
8
10
7
2
-4
-5
-5
-4
-1
2
5
3
1
-4
-7
-4
1
5
5
3
0
2
4
5
6
13
25
36
37
30
21
19
23
25
24
20
16
11
6
2
5
9
7
4
1
2
4
4
6
4
-3
-9
-11
-14
-17
-16
-6
2
4
1
-6
-12
-14
-14
-13
-9
-2
2
0
-7
-15
-15
-13
-13
-12
-11
-9
-5
-2
4
9
15
20
23
23
21
15
9
1
-8
-14
-16
-17
-20
-27
-31
-33
-34
-35
-37
-38
-38
-40
-41
-38
-33
-24
-17
-10
-8
-13
-15
-15
-13
-9
-6
-5
-7
-12
-13
-13
-10
-5
-1
4
8
13
17
18
19
19
18
16
17
15
14
12
14
20
27
33
36
35
31
23
20
21
23
22
21
24
30
33
31
32
33
34
33
29
27
31
39
43
42
39
36
26
13
2
-4
-3
-3
-5
-11
-17
-21
-22
-20
-16
-13
-11
-11
-15
-21
-20
-18
-14
-13
-20
-28
-34
-39
-41
-43
-40
-35
-33
-36
-40
-40
-39
-38
-34
-30
-26
-23
-23
-19
-15
-12
-10
-9
-6
-4
-6
-9
-9
-7
-4
-2
2
7
13
10
2
-7
-12
-10
-5
-1
4
7
6
10
13
13
14
16
18
20
23
24
30
38
46
48
45
35
26
22
22
22
24
28
34
39
39
33
26
19
13
13
15
18
16
15
13
12
8
6
6
9
11
12
9
5
-2
-13
-21
-27
-30
-29
-27
-28
-29
-31
-33
-33
-31
-26
-16
-10
-6
-7
-8
-8
-7
-8
-9
-11
-10
-6
-3
-2
-3
1
3
6
7
10
11
6
-2
-11
-16
-15
-10
-4
-2
-4
-9
-15
-15
-9
-3
-1
-1
-2
-4
-4
-5
-5
-6
-11
-15
-18
-19
-21
-21
-15
-7
0
6
11
17
22
28
33
36
35
31
26
21
14
6
5
11
16
18
19
17
16
14
9
6
6
5
5
9
12
15
15
16
12
6
3
6
9
6
-1
-10
-17
-17
-14
-10
-8
-8
-10
-16
-21
-22
-18
-13
-10
-11
-18
-21
-22
-16
-8
2
8
12
14
17
18
19
16
16
18
18
13
4
-1
-1
0
1
-1
2
3
0
-8
-14
-12
-7
-3
0
5
10
13
17
16
12
9
8
11
