-38
-20
-12
-41
-28
-9
7
25
29
45
30
32
10
-5
17
23
7
-6
-3
5
-26
-12
14
17
-7
5
38
-19
-37
-35
28
33
9
25
-14
-22
-29
2
0
-5
-8
15
29
21
33
-24
-28
-26
17
39
49
55
41
38
15
1
-10
35
67
65
26
18
0
-7
-11
39
57
40
13
4
29
-14
-20
-31
18
31
35
34
42
28
3
13
38
44
40
9
-4
-2
-18
1
-38
8
5
10
-22
-33
-44
-51
-5
-16
7
-37
-33
-30
-37
-43
-72
-77
-76
-65
-27
-9
-33
-53
-39
-49
-56
-45
-22
2
-6
-23
-30
-26
20
7
22
14
-9
-6
-29
19
-13
-3
16
16
11
-14
30
66
37
3
17
-1
2
8
37
26
0
21
-6
-15
-40
-31
-46
-43
-5
23
34
52
49
14
16
-13
20
30
30
26
-64
-61
-41
-9
36
27
21
2
-2
3
-5
-47
-72
-69
-35
31
30
10
9
-4
16
-35
-17
26
54
15
-33
27
42
86
31
0
-6
-11
34
17
-29
-29
-13
32
70
39
16
3
40
48
30
-37
-36
-13
-8
12
-13
25
5
-30
-18
-39
-31
-29
-6
0
-6
34
23
-14
-59
-28
26
32
53
25
5
-13
-38
-23
-33
-22
41
59
57
57
44
7
-28
-67
-69
-63
13
135
92
19
-41
-27
-32
-36
30
97
83
32
9
-9
-14
13
24
0
-10
5
50
18
-33
-94
-121
-45
7
24
30
23
10
-1
-15
-1
17
44
55
21
33
50
-18
-43
-40
-23
-8
8
23
-22
-19
9
31
-47
-99
-74
-26
22
8
0
-21
-73
-64
-45
-40
-37
-5
32
18
-33
-29
-29
-58
-3
44
66
41
24
8
-36
-36
42
91
61
51
34
-6
-34
-47
-21
-2
17
82
99
59
13
-46
-70
-56
6
52
33
13
-10
-62
-106
-94
-30
-31
-28
-16
-36
-63
-119
-122
-130
-126
-76
-47
-76
-103
-111
-80
-83
-110
-99
-79
-45
-35
-35
-40
-28
-40
-28
-46
-2
78
140
152
111
116
130
186
247
275
270
250
246
258
289
333
322
293
285
336
382
395
353
289
220
117
40
48
128
167
96
-30
-134
-250
-308
-303
-275
-272
-321
-353
-375
-423
-506
-597
-638
-593
-543
-515
-507
-542
-617
-701
-721
-655
-540
-374
-227
-205
-250
-268
-207
-111
17
215
378
436
456
470
446
436
469
584
739
868
1011
1078
1067
1023
971
1038
1161
1271
1298
1191
942
613
402
437
607
689
604
375
-1
-419
-704
-794
-803
-837
-864
-908
-1031
-1227
-1437
-1671
-1849
-1830
-1608
-1318
-1128
-1075
-1165
-1310
-1344
-1202
-926
-574
-201
46
126
103
49
-6
-7
178
531
843
956
804
463
116
-29
133
476
786
929
876
675
425
268
349
629
999
1320
1550
1634
1549
1403
1339
1463
1779
2152
2277
1984
1380
775
445
455
742
940
692
28
-805
-1465
-1752
-1723
-1623
-1674
-1877
-2045
-2217
-2430
-2640
-2842
-2868
-2563
-1969
-1388
-1151
-1245
-1437
-1502
-1195
-547
154
680
938
1037
1041
1015
1001
934
908
1083
1401
1556
1292
674
-4
-451
-487
-159
217
364
199
-104
-358
-409
-199
192
675
1132
1526
1806
1933
1950
1974
2222
2773
3446
3728
3263
2175
987
283
367
1021
1575
1371
300
-1192
-2562
-3321
-3381
-3071
-2786
-2697
-2770
-3084
-3707
-4441
-4936
-4845
-3968
-2591
-1330
-760
-970
-1517
-1784
-1334
-173
1176
2267
2892
3049
2846
2382
1922
1697
1866
2434
3107
3387
2878
1616
173
-792
-998
-607
-39
294
126
-485
-1198
-1636
-1650
-1234
-382
713
1670
2133
2116
1904
1854
2257
3194
4146
4365
3586
2172
938
523
957
1582
1620
779
-621
-2054
-2989
-3308
-3364
-3419
-3489
-3516
-3583
-3863
-4363
-4945
-5243
-4768
-3580
-2178
-1205
-1006
-1308
-1524
-1116
-52
1244
2395
3135
3418
3419
3204
2820
2386
2204
2540
3137
3409
2844
1454
-104
-1109
-1209
-658
-108
-77
-611
-1323
-1730
-1659
-1172
-462
321
1112
1807
2365
2718
2899
3163
3727
4202
4076
3214
2056
1258
1265
1933
2390
1720
-67
-2135
-3622
-3971
-3481
-2984
-3088
-3759
-4539
-5167
-5565
-5669
-5603
-5245
-4322
-2951
-1734
-1314
-1558
-1775
-1348
18
1912
3527
4305
4163
3616
3242
3257
3495
3627
3652
3696
3504
2783
1524
-1
-1268
-1748
-1281
-449
-233
-995
-2269
-3254
-3323
-2482
-1233
-141
597
1107
1503
1888
2342
2920
3808
5057
5965
5770
4348
2454
1143
1152
2366
3573
3321
1314
-1522
-3939
-4939
-4583
-3737
-3353
-3715
-4505
-5470
-6406
-7018
-7146
-6517
-4997
-3050
-1570
-1266
-1859
-2427
-2094
-410
2095
4272
5317
5148
4375
3665
3424
3696
4109
4417
4573
4345
3421
1779
-96
-1457
-1859
-1308
-510
-423
-1399
-2931
-4077
-4205
-3289
-1805
-471
349
759
1098
1602
2343
3291
4473
5638
6096
5407
3756
2118
1467
2194
3607
4287
3134
403
-2605
-4446
-4513
-3564
-2868
-3139
-4149
-5370
-6471
-7161
-7221
-6661
-5493
-3899
-2442
-1858
-2298
-2913
-2628
-948
1725
4247
5564
5461
4525
3709
3549
4033
4761
5220
5250
4827
3781
2098
134
-1403
-1934
-1489
-708
-613
-1752
-3601
-4993
-5059
-3819
-2055
-661
-8
132
269
740
1710
3055
4587
5957
6449
5693
3985
2299
1650
2450
4019
4844
3611
629
-2617
-4616
-4634
-3334
-2173
-2263
-3580
-5306
-6754
-7507
-7296
-6302
-4802
-3185
-2070
-1970
-2767
-3415
-2891
-924
2003
4606
5662
5030
3665
2837
3023
3899
4912
5360
5002
4008
2505
729
-859
-1686
-1534
-903
-519
-1032
-2616
-4348
-5035
-4218
-2459
-821
41
48
-205
80
1132
2731
4459
6034
6917
6425
4764
2853
1756
2071
3563
4985
4798
2382
-1235
-4319
-5502
-4516
-2708
-1854
-2713
-4731
-6831
-8118
-8086
-6820
-5045
-3358
-2145
-1842
-2522
-3474
-3409
-1639
1400
4503
6217
5897
4309
2967
3022
4362
5947
6701
6146
4626
2775
1012
-292
-923
-981
-778
-844
-1588
-3141
-4970
-6001
-5534
-3825
-1920
-897
-979
-1502
-1490
-425
1510
3687
5467
6586
7274
7248
5987
3929
2350
2385
3888
5747
6138
3798
-628
-4668
-6250
-5100
-2796
-1574
-2613
-5262
-7837
-9189
-9039
-7580
-5508
-3749
-2754
-2530
-3004
-3821
-3816
-1871
1613
5020
6803
6389
4572
3065
3287
5179
7217
7910
6807
4577
2435
1033
222
-248
-492
-797
-1581
-2919
-4461
-5889
-6677
-6141
-4419
-2680
-2023
-2344
-2697
-2188
-525
1862
4146
5738
6588
7040
7112
6402
5108
3977
3957
5046
6244
6052
3591
-405
-3883
-5130
-4090
-2342
-1879
-3541
-6365
-8593
-9186
-8342
-6862
-5443
-4530
-4092
-3847
-3662
-3486
-2789
-815
2163
4769
5818
5276
4141
3688
4664
6604
7888
7349
5330
3129
1836
1491
1405
907
-113
-1351
-2554
-3688
-4733
-5544
-5769
-5067
-3705
-2673
-2717
-3334
-3268
-1757
796
3382
5154
5916
6118
6523
6885
6444
5153
4006
4008
4975
5877
5188
2277
-1801
-4752
-5186
-3653
-2100
-2389
-4761
-7654
-9274
-9140
-7879
-6260
-4907
-4203
-3960
-3740
-3420
-2915
-1630
865
3797
5753
6040
5131
4224
4333
5756
7615
8383
7199
4675
2419
1392
1242
983
194
-1058
-2577
-4073
-5201
-5828
-6058
-5867
-5260
-4516
-4061
-3947
-3684
-2612
-658
1545
3170
4134
4784
5526
6668
8265
9241
8325
5965
3930
3460
4112
4971
4707
2380
-1499
-4895
-6280
-5880
-4966
-4770
-5793
-7525
-8975
-9597
-9263
-8023
-6186
-4403
-3094
-2281
-1949
-1806
-852
1589
4680
6901
7602
7249
6558
6229
6774
7793
8092
7006
5050
3219
1827
622
-624
-1893
-3057
-4149
-5198
-6136
-6904
-7370
-7346
-6697
-5579
-4523
-3838
-3185
-2026
-294
1532
3144
4633
6006
7245
8420
9431
9359
7832
5765
4605
4705
5344
5562
4243
1060
-2905
-5710
-6386
-5593
-4882
-5381
-7150
-9159
-10377
-10404
-9254
-7378
-5513
-4269
-3566
-2982
-2365
-1420
545
3510
6266
7628
7605
7103
6842
7242
8250
9037
8576
6766
4558
2762
1478
379
-690
-1818
-3054
-4417
-5890
-7194
-7975
-7966
-7243
-6201
-5257
-4765
-4502
-3684
-1919
402
2463
3977
5187
6215
7327
8687
10018
10102
8465
6168
4735
4613
5112
5383
4215
1122
-2920
-5956
-6927
-6393
-5711
-5935
-7356
-9267
-10657
-10897
-9815
-7821
-5657
-4077
-3296
-2963
-2625
-1642
671
3969
6830
8096
7967
7395
7093
7510
8619
9507
9064
7177
4786
2746
1236
106
-892
-2012
-3422
-5077
-6720
-7885
-8298
-8114
-7590
-6865
-6081
-5521
-4970
-3772
-1811
306
2101
3564
4860
5998
7222
8685
10121
10672
9593
7369
5237
4364
4619
5213
4860
2550
-1415
-5318
-7348
-7233
-6229
-5817
-6755
-8743
-10665
-11489
-10612
-8401
-5943
-4184
-3375
-3055
-2678
-1766
297
3435
6512
8266
8407
7738
7178
7358
8476
9787
9987
8406
5625
3003
1259
267
-452
-1385
-2805
-4769
-6864
-8404
-9030
-8808
-8029
-7118
-6433
-6125
-5860
-4971
-3099
-614
1648
3210
4247
5211
6414
8055
9822
11175
11237
9620
7108
5021
4445
5005
5655
4983
2126
-2263
-6229
-7992
-7437
-6071
-5617
-6940
-9494
-11701
-12259
-10735
-7955
-5364
-3978
-3758
-3781
-3200
-1577
1198
4566
7310
8468
8153
7389
7183
7971
9488
10698
10402
8264
5146
2458
1041
624
280
-857
-2946
-5552
-7950
-9268
-9178
-8287
-7582
-7465
-7609
-7626
-7087
-5472
-2872
-206
1607
2582
3332
4440
6132
8277
10298
11569
11648
10188
7812
5684
4942
5409
6039
5659
3188
-1136
-5515
-7797
-7488
-6099
-5563
-6808
-9475
-12014
-12877
-11515
-8801
-6319
-5012
-4779
-4754
-4036
-2214
623
3847
6446
7711
7735
7397
7585
8608
10137
11259
10978
9023
6235
3890
2651
2135
1482
66
-2203
-4889
-7327
-8823
-9081
-8595
-8225
-8395
-8871
-9115
-8642
-7020
-4335
-1529
403
1306
1904
3035
5019
7590
10033
11546
11949
11367
9815
7848
6309
6071
6625
6834
5673
2492
-2015
-5976
-7531
-6665
-5237
-5179
-7194
-10461
-12997
-13245
-11147
-8169
-6007
-5342
-5666
-5764
-4621
-2165
1009
4117
6400
7436
7472
7415
8033
9336
10808
11687
11186
9148
6483
4520
3683
3196
1999
-195
-2928
-5459
-7174
-7906
-8024
-8388
-9397
-10448
-10658
-9772
-8228
-6379
-4462
-2877
-1743
-577
1207
3616
6144
8398
10133
11143
11460
11540
11321
10461
8945
7515
6800
6333
5444
3418
179
-3472
-6098
-6859
-6433
-6410
-7761
-10217
-12463
-13193
-12144
-10039
-8090
-7122
-7022
-6819
-5486
-2941
47
2824
4981
6291
6851
7267
8241
9730
11133
11879
11527
9950
7686
5815
4913
4400
3289
1197
-1575
-4416
-6609
-7700
-7872
-7981
-8737
-9968
-10857
-10709
-9543
-7669
-5455
-3498
-2225
-1307
140
2372
4810
6982
8846
10291
11175
11693
12149
11774
10149
7986
6698
6532
6441
5586
3272
-491
-4532
-6958
-7077
-6200
-6266
-7937
-10606
-12868
-13505
-12191
-9761
-7712
-6908
-6935
-6662
-5259
-2823
82
2939
5124
6262
6647
7162
8357
9875
11112
11650
11047
9248
7094
5814
5476
4856
3052
380
-2376
-4660
-5980
-6275
-6435
-7563
-9449
-10786
-10759
-9590
-7885
-6188
-4884
-3992
-3008
-1396
841
3219
5262
6926
8383
9502
10208
10789
11540
11625
10326
8214
6570
5824
5327
4713
3291
395
-3480
-6415
-7103
-6430
-6235
-7402
-9662
-11955
-12931
-11803
-9302
-7286
-6821
-7252
-7153
-5634
-2921
154
2682
4043
4387
4600
5592
7441
9308
10377
10390
9356
7643
6114
5582
5729
5293
3578
934
-1814
-3961
-4947
-4840
-4650
-5436
-7154
-8783
-9319
-8525
-6817
-4941
-3538
-2808
-2364
-1379
578
3052
5101
6392
7184
7848
8645
9760
10615
9977
7906
5756
4955
5239
5639
5089
2637
-1412
-5042
-6240
-5246
-4157
-4621
-6766
-9629
-11526
-11232
-9024
-6734
-5959
-6588
-7260
-6733
-4744
-2027
408
1860
2312
2418
2982
4360
6112
7488
8057
7721
6659
5497
5084
5532
5828
5012
3079
795
-1095
-2006
-1882
-1611
-2394
-4409
-6367
-6943
-6004
-4500
-3529
-3502
-4061
-4285
-3221
-840
1753
3218
3343
3101
3330
4357
6069
7958
9006
8718
7409
5636
4025
3170
3604
4446
4457
2813
-326
-3758
-5767
-5360
-3514
-2492
-3654
-6584
-9488
-10334
-8490
-5320
-3316
-3809
-5840
-7217
-6346
-3411
-171
1558
1194
-187
-774
464
3039
5319
5959
4960
3375
2370
2598
3922
5360
5612
4153
1793
-58
-629
-82
825
1179
333
-1596
-3419
-3837
-2753
-1273
-587
-960
-1928
-2630
-2118
-300
1683
2448
1910
1184
1240
2364
4168
5773
6168
5243
3577
2231
1797
2410
3448
3781
2905
843
-1613
-3315
-3373
-2141
-1117
-1616
-3624
-6114
-7522
-6870
-4626
-2621
-2579
-4455
-6552
-7023
-5217
-2241
-61
13
-1609
-3059
-2685
-377
2372
3736
3119
1533
553
1092
2822
4569
5057
3944
2201
1202
1478
2409
3059
2860
1791
375
-545
-450
299
792
505
-355
-1266
-1763
-1512
-549
481
880
627
280
304
776
1702
2802
3586
3686
3402
2830
2014
1240
1135
1850
2565
2645
1593
-430
-2503
-3263
-2354
-967
-661
-1923
-4217
-6101
-6298
-4720
-2824
-2386
-3726
-5665
-6530
-5441
-3047
-989
-579
-1643
-2758
-2549
-684
1776
3215
2894
1634
910
1421
2871
4424
5072
4318
2768
1767
1874
2546
3030
2940
2148
807
-315
-539
-134
129
-75
-548
-1086
-1526
-1550
-1065
-451
-138
-136
-152
81
561
1189
1815
2281
2446
2364
2359
2655
2986
2795
2051
1119
522
383
626
784
159
-1340
-2902
-3541
-3123
-2349
-2000
-2600
-4037
-5359
-5475
-4215
-2670
-1990
-2457
-3451
-3915
-3126
-1310
386
880
192
-667
-564
755
2494
3467
3094
1899
941
1008
1996
3040
3200
2235
847
-66
-114
455
1049
1081
365
-607
-1084
-847
-299
104
223
82
-163
-216
157
784
1262
1452
1468
1430
1425
1591
1979
2324
2294
1879
1321
900
743
791
822
461
-402
-1455
-2151
-2153
-1659
-1181
-1249
-1983
-2965
-3491
-3068
-1896
-791
-479
-1030
-1755
-1885
-1138
51
907
1012
569
170
277
875
1495
1602
1099
362
-98
-15
419
681
325
-575
-1482
-1862
-1563
-910
-467
-641
-1316
-1895
-1819
-1027
46
801
923
551
190
340
1054
1926
2453
2424
2042
1702
1681
1919
2117
2014
1617
1144
787
547
280
-95
-549
-981
-1315
-1523
-1647
-1783
-1955
-2058
-1984
-1734
-1402
-1084
-831
-643
-414
-50
423
869
1253
1598
1890
2004
1938
1895
2000
2132
2093
1792
1292
750
344
135
-36
-335
-831
-1412
-1881
-2103
-2133
-2167
-2317
-2510
-2620
-2506
-2152
-1677
-1254
-1010
-881
-726
-384
226
967
1544
1743
1642
1491
1496
1722
2071
2299
2168
1685
1082
556
201
16
-83
-287
-754
-1380
-1887
-2107
-2086
-1971
-1887
-1915
-2053
-2140
-1952
-1459
-838
-311
54
308
488
665
959
1425
1903
2217
2329
2342
2299
2215
2155
2106
2003
1765
1423
1070
771
542
342
85
-266
-690
-1048
-1238
-1231
-1122
-1039
-1021
-1057
-1060
-939
-656
-277
77
326
465
519
602
825
1158
1417
1425
1179
829
558
477
504
419
65
-508
-1111
-1574
-1800
-1821
-1819
-1990
-2362
-2724
-2894
-2809
-2551
-2239
-1984
-1815
-1638
-1345
-893
-367
112
473
747
1017
1296
1553
1764
1926
2002
1959
1862
1769
1670
1517
1304
1075
856
615
331
33
-233
-452
-644
-745
-756
-754
-789
-801
-705
-517
-245
119
515
802
952
1073
1262
1514
1801
2069
2209
2163
1961
1807
1789
1849
1767
1407
851
278
-115
-331
-494
-735
-1084
-1517
-1982
-2351
-2468
-2356
-2192
-2141
-2204
-2268
-2206
-1941
-1539
-1134
-833
-699
-693
-655
-385
127
639
882
771
459
206
215
444
679
695
429
26
-300
-434
-457
-487
-555
-659
-784
-901
-930
-858
-705
-508
-296
-119
-4
106
287
573
911
1230
1489
1672
1769
1801
1838
1902
1937
1902
1798
1591
1285
991
825
717
509
195
-126
-388
-612
-800
-967
-1105
-1223
-1286
-1261
-1144
-972
-833
-758
-700
-571
-346
-89
145
350
527
643
680
684
717
771
791
749
665
533
359
156
11
-60
-171
-402
-695
-883
-933
-937
-979
-1072
-1163
-1171
-1075
-927
-803
-726
-657
-564
-390
-116
171
339
375
395
498
673
827
872
793
678
568
436
325
281
272
188
-11
-254
-471
-601
-601
-495
-383
-399
-536
-685
-703
-572
-371
-183
-92
-82
-93
-9
222
502
720
809
805
767
731
737
781
813
774
639
425
206
64
40
60
25
-109
-304
-476
-583
-596
-556
-511
-528
-567
-543
-396
-197
-35
79
134
131
128
269
521
768
909
950
883
736
647
673
774
808
715
469
139
-154
-334
-379
-347
-346
-502
-782
-1052
-1206
-1186
-1039
-876
-830
-923
-1036
-1072
-966
-751
-516
-344
-261
-210
-129
-22
62
100
166
307
448
492
455
382
308
263
293
407
486
424
212
-3
-65
54
250
403
446
363
208
106
153
324
489
536
462
356
290
286
355
460
524
491
429
392
312
172
73
73
97
29
-118
-297
-470
-539
-484
-412
-480
-665
-790
-731
-551
-393
-360
-418
-472
-422
-242
-45
51
52
72
143
204
240
269
286
297
317
338
324
272
208
185
207
226
204
172
153
120
94
112
165
179
157
155
147
112
67
49
79
141
224
254
155
-56
-257
-333
-286
-227
-244
-345
-507
-638
-678
-619
-534
-497
-510
-541
-565
-574
-585
-571
-498
-356
-206
-146
-165
-178
-107
33
180
289
320
290
250
248
286
333
347
274
136
39
43
74
54
-16
-96
-164
-218
-205
-116
-9
56
42
7
22
145
365
587
726
765
738
738
820
988
1164
1223
1123
898
707
661
722
767
690
491
258
64
-89
-242
-379
-466
-580
-734
-864
-911
-917
-925
-925
-935
-943
-920
-838
-724
-588
-432
-326
-304
-306
-228
-80
56
144
169
129
40
-13
12
54
38
-64
-222
-388
-480
-457
-396
-413
-509
-608
-648
-613
-524
-417
-331
-249
-130
23
175
285
378
510
699
896
1056
1163
1189
1126
1014
959
990
1042
1027
922
738
511
281
140
112
106
8
-190
-418
-610
-727
-761
-704
-623
-588
-626
-682
-668
-550
-337
-106
40
65
44
87
223
379
498
546
499
390
305
314
361
326
181
-13
-169
-266
-314
-340
-380
-454
-576
-724
-838
-845
-746
-627
-565
-539
-494
-377
-212
-85
-20
17
105
238
366
460
496
529
592
681
750
777
727
578
397
274
284
339
354
256
36
-235
-450
-514
-439
-360
-381
-505
-624
-655
-600
-481
-347
-249
-241
-282
-274
-168
-7
139
243
298
319
343
420
513
569
581
553
479
375
298
248
212
180
148
82
-20
-97
-115
-107
-134
-198
-242
-231
-188
-147
-126
-123
-117
-83
-41
-15
6
58
136
191
228
291
356
367
315
269
254
223
170
117
54
-36
-163
-258
-291
-296
-310
-346
-378
-442
-540
-625
-634
-581
-523
-476
-464
-466
-473
-434
-343
-200
-53
30
47
60
150
293
441
534
535
444
357
374
482
551
546
483
400
263
93
-12
-6
77
120
51
-116
-275
-331
-247
-100
46
124
126
64
-13
-16
83
226
312
308
255
213
215
243
236
197
186
200
171
65
-61
-118
-135
-167
-241
-306
-339
-381
-457
-564
-639
-651
-606
-544
-499
-469
-488
-518
-523
-453
-318
-194
-91
3
125
210
217
194
210
284
351
360
310
270
280
292
269
240
250
277
251
154
36
-31
-30
8
50
78
75
52
32
20
36
99
207
317
386
398
363
334
346
389
435
475
475
393
260
154
114
94
60
14
-29
-78
-162
-274
-390
-458
-496
-528
-535
-518
-502
-526
-564
-566
-521
-433
-319
-231
-196
-187
-149
-50
88
203
247
217
162
138
170
239
299
303
267
226
199
166
120
79
57
51
32
8
0
-3
-16
-51
-42
9
56
70
79
99
126
166
240
294
280
233
196
203
220
246
257
208
89
-63
-165
-185
-153
-137
-205
-350
-485
-530
-499
-456
-445
-460
-480
-471
-432
-365
-275
-178
-117
-89
-54
-3
22
5
-16
-2
56
122
158
160
146
126
123
162
211
197
121
41
-12
-36
-37
-30
-39
-64
-69
-45
-4
43
78
85
58
41
63
125
222
314
366
341
273
229
259
321
351
337
290
215
123
79
65
33
-69
-182
-238
-276
-315
-383
-429
-444
-469
-495
-500
-455
-406
-375
-341
-294
-216
-128
-35
38
90
143
192
221
249
300
374
426
420
388
368
358
334
293
247
192
124
68
47
26
-18
-73
-99
-91
-88
-87
-91
-106
-123
-114
-47
52
133
174
168
148
152
186
235
264
237
159
76
35
33
28
23
19
-7
-86
-174
-228
-263
-299
-345
-367
-364
-350
-347
-339
-306
-260
-247
-242
-206
-138
-68
-14
46
100
131
136
169
251
329
355
346
338
319
286
254
229
193
160
138
104
38
-56
-120
