8
4
0
-19
-30
-31
-37
-45
-33
-8
3
-13
-26
-35
-62
-102
-99
-48
-12
-31
-55
-53
-44
-32
-32
-23
-20
9
37
48
33
-6
-51
-52
-11
4
-23
-49
-24
4
7
0
-17
-24
-12
3
-13
-27
-6
36
37
-1
-32
-34
-22
-24
-32
-29
-33
-37
-38
-32
-28
-30
-6
18
43
36
22
17
30
34
15
21
49
80
52
8
-32
-48
-40
-29
-39
-88
-118
-99
-61
-51
-60
-51
-5
63
99
55
-40
-65
-5
39
15
-12
14
45
35
-5
-32
-35
-20
-11
-13
-13
-18
-28
-53
-70
-71
-62
-32
-7
6
2
-3
3
6
12
29
61
80
90
96
89
56
14
9
38
73
99
94
61
46
76
99
62
21
23
23
-11
-13
46
71
30
-10
7
31
19
1
-8
-16
-14
23
63
48
-3
-25
12
60
85
68
37
10
-6
-19
-16
13
30
8
-24
-34
-37
-44
-63
-75
-61
-2
42
27
-20
-53
-43
-34
-12
26
49
50
48
55
49
26
6
-10
5
41
53
30
23
43
24
-24
-32
10
59
91
72
5
-65
-79
-56
-54
-65
-73
-90
-98
-78
-28
-1
-16
-45
-69
-89
-95
-75
-35
-6
8
11
6
15
26
22
10
-3
-11
-34
-60
-53
-28
-5
9
3
-12
-25
-21
-2
7
7
0
-5
0
5
-11
-38
-34
-11
5
-12
-11
15
55
73
60
26
-7
-26
-29
-15
11
26
18
-21
-59
-54
-20
10
9
8
30
70
75
39
5
7
16
-13
-63
-70
-45
-21
-19
-34
-31
-19
2
9
-2
16
36
32
27
43
47
6
-28
10
60
56
26
16
30
27
9
7
9
13
19
31
21
-19
-62
-51
-2
28
17
3
10
5
-8
-13
-1
8
-1
-1
7
27
17
-8
-18
1
31
38
25
2
-6
16
45
41
17
2
2
-15
-36
-45
-49
-48
-56
-68
-77
-66
-37
-52
-82
-74
-23
7
-6
-23
-37
-41
-34
-16
-11
-26
-28
-20
-12
7
22
14
-21
-46
-56
-69
-71
-46
-17
-13
14
86
130
102
56
61
81
63
37
27
30
29
18
12
15
16
-10
-68
-89
-37
42
59
28
-4
-8
-7
-1
28
25
3
-11
14
53
57
33
-7
-5
47
83
61
-7
-49
-37
13
56
40
-19
-56
-33
15
15
-20
-41
-47
-21
49
126
138
95
86
97
68
29
27
54
62
61
55
35
5
-9
5
13
2
0
12
14
-5
-1
16
0
-57
-101
-97
-76
-52
-46
-66
-93
-84
-55
-30
-30
-36
-43
-63
-70
-48
4
38
44
20
9
15
45
65
49
31
29
50
50
26
-3
-16
-17
-25
-11
30
53
34
-5
-27
-33
-36
-22
0
11
8
-13
-32
-32
-10
2
-17
-35
-33
-38
-70
-80
-45
-2
0
-11
9
46
40
-3
-40
-34
3
11
-20
-60
-70
-51
-41
-36
-20
-16
-12
-20
-35
-49
-56
-34
-2
2
-17
-14
29
58
31
-5
-10
-12
-16
-11
17
48
50
34
10
15
45
46
13
-16
-7
20
20
10
16
35
46
21
-20
-58
-79
-59
-27
-2
-5
-21
-40
-51
-33
12
55
78
62
19
-9
1
30
28
7
-6
-14
-21
-25
-21
-13
-10
-11
-19
-17
1
8
3
0
8
3
-29
-56
-66
-63
-36
-5
34
33
1
-17
20
91
121
100
62
57
81
104
91
47
20
18
17
7
-5
-6
-14
-18
-24
-32
-33
-28
-4
19
25
15
16
36
47
40
27
29
32
27
12
13
33
50
61
80
92
60
2
-25
-5
-7
-33
-52
-45
-36
-43
-53
-68
-75
-60
-38
-36
-48
-31
4
22
22
22
41
71
101
122
117
103
99
92
67
18
-19
-35
-45
-62
-79
-105
-158
-228
-286
-294
-260
-220
-196
-186
-147
-105
-68
-25
35
89
105
140
192
242
266
285
309
320
319
271
165
57
12
16
4
-59
-142
-236
-327
-395
-424
-415
-408
-411
-421
-426
-394
-303
-165
-22
87
161
231
340
464
572
610
601
588
578
572
532
460
365
260
135
11
-130
-278
-427
-545
-607
-636
-659
-693
-719
-736
-683
-565
-422
-301
-184
-24
136
266
373
459
548
658
764
825
818
794
764
702
607
486
349
184
27
-117
-253
-384
-517
-620
-694
-741
-767
-777
-750
-702
-645
-568
-462
-326
-171
-2
156
280
387
507
631
728
788
831
871
908
912
858
748
610
465
296
105
-93
-275
-438
-599
-786
-974
-1103
-1137
-1114
-1081
-1039
-969
-854
-719
-566
-385
-169
45
225
391
520
616
716
845
945
955
900
824
748
663
582
492
372
223
83
-37
-161
-295
-413
-491
-555
-603
-617
-590
-526
-441
-375
-334
-298
-223
-124
-39
36
86
124
142
156
171
197
231
241
206
146
95
60
26
-14
-45
-64
-60
-56
-59
-58
-14
80
188
290
378
445
467
484
524
574
539
398
221
87
7
-59
-167
-355
-610
-824
-901
-865
-802
-780
-809
-860
-869
-781
-588
-372
-195
-88
-29
36
157
346
512
607
642
657
654
633
613
576
500
410
328
233
131
87
137
212
251
262
264
281
327
423
516
531
416
206
17
-77
-78
-67
-127
-311
-585
-808
-870
-810
-725
-704
-759
-861
-892
-771
-558
-371
-264
-205
-183
-179
-109
87
360
545
551
448
381
412
498
574
586
479
269
102
79
128
121
44
-27
-87
-127
-90
43
183
254
281
308
365
464
600
722
774
785
769
679
507
320
205
143
47
-168
-505
-871
-1120
-1197
-1192
-1207
-1251
-1330
-1432
-1432
-1225
-874
-575
-392
-256
-121
29
227
482
723
866
908
874
792
712
685
691
636
486
263
52
-91
-158
-162
-184
-217
-226
-171
-47
131
367
593
766
906
1065
1279
1480
1584
1524
1298
958
649
455
327
98
-322
-849
-1343
-1686
-1848
-1883
-1904
-2012
-2184
-2284
-2200
-1905
-1501
-1083
-740
-470
-193
163
613
1088
1501
1773
1876
1876
1860
1871
1861
1746
1466
1029
502
-36
-506
-872
-1162
-1444
-1773
-2120
-2395
-2499
-2396
-2136
-1790
-1440
-1079
-666
-156
438
1022
1531
1952
2320
2641
2947
3272
3584
3759
3739
3580
3326
2896
2247
1437
594
-180
-862
-1485
-2203
-3098
-4020
-4698
-4985
-4967
-4785
-4540
-4285
-3932
-3334
-2456
-1460
-476
473
1344
2072
2698
3327
3936
4368
4549
4492
4221
3784
3281
2776
2194
1442
549
-408
-1368
-2242
-2949
-3495
-3972
-4369
-4602
-4610
-4397
-3981
-3422
-2832
-2209
-1464
-560
417
1374
2259
2993
3555
4006
4414
4770
4989
5007
4856
4589
4301
3968
3560
3063
2444
1591
453
-802
-1912
-2712
-3264
-3748
-4403
-5261
-6022
-6303
-6016
-5383
-4641
-3921
-3305
-2697
-1851
-659
661
1819
2700
3303
3686
4008
4420
4838
4995
4731
4135
3358
2545
1840
1248
583
-332
-1393
-2365
-3156
-3736
-4067
-4243
-4462
-4738
-4843
-4585
-3966
-3066
-2050
-1161
-469
194
1020
1993
2974
3790
4284
4438
4447
4488
4563
4552
4369
4013
3542
3085
2687
2314
1910
1478
909
34
-1054
-2074
-2750
-3094
-3261
-3492
-4040
-4842
-5440
-5403
-4748
-3847
-3021
-2446
-2111
-1705
-904
273
1435
2317
2887
3149
3207
3341
3728
4106
4077
3577
2808
1963
1221
749
451
-16
-817
-1736
-2512
-3080
-3409
-3487
-3497
-3680
-3948
-3992
-3624
-2911
-1988
-1077
-433
-57
347
1031
1934
2803
3404
3647
3625
3575
3656
3831
3928
3817
3467
3010
2643
2467
2430
2365
2174
1666
697
-534
-1618
-2212
-2409
-2487
-2804
-3586
-4608
-5285
-5212
-4572
-3838
-3291
-3035
-2924
-2586
-1694
-388
859
1753
2264
2462
2535
2798
3334
3805
3802
3317
2578
1829
1263
968
745
245
-588
-1508
-2301
-2874
-3158
-3252
-3429
-3754
-3965
-3814
-3311
-2592
-1804
-1159
-718
-279
400
1337
2311
3124
3621
3827
3907
4022
4224
4428
4546
4455
4122
3705
3348
3109
2884
2595
2010
919
-520
-1865
-2724
-3122
-3344
-3756
-4598
-5680
-6434
-6396
-5637
-4634
-3805
-3344
-3110
-2665
-1620
-101
1385
2495
3208
3589
3790
4116
4698
5192
5159
4578
3710
2774
1938
1329
831
95
-990
-2191
-3243
-4068
-4588
-4769
-4784
-4796
-4761
-4498
-4031
-3406
-2525
-1437
-385
486
1276
2090
2904
3738
4537
5101
5338
5409
5479
5532
5484
5363
5143
4774
4280
3776
3190
2158
597
-1162
-2595
-3497
-3986
-4399
-5182
-6447
-7631
-8008
-7438
-6402
-5355
-4530
-4022
-3520
-2490
-796
1054
2566
3672
4354
4635
4850
5357
6005
6221
5799
4896
3737
2528
1564
921
215
-895
-2308
-3672
-4771
-5497
-5805
-5829
-5825
-5802
-5566
-5015
-4161
-3082
-1844
-641
429
1453
2505
3546
4468
5229
5790
6084
6152
6122
6081
5964
5658
5166
4584
3966
3334
2718
2030
936
-692
-2472
-3814
-4511
-4806
-5117
-5820
-6939
-7953
-8120
-7278
-5901
-4591
-3632
-3043
-2503
-1452
301
2248
3775
4715
5151
5215
5246
5586
6037
6055
5413
4310
2979
1656
660
26
-690
-1862
-3291
-4538
-5466
-6049
-6145
-5832
-5472
-5259
-4954
-4377
-3533
-2381
-912
570
1707
2539
3329
4183
5067
5885
6432
6531
6304
6052
5916
5857
5736
5418
4862
4186
3560
2866
1679
-89
-1991
-3420
-4188
-4547
-4893
-5701
-7072
-8330
-8575
-7683
-6325
-5099
-4223
-3746
-3300
-2192
-217
1911
3456
4385
4886
5042
5170
5659
6298
6361
5623
4448
3127
1825
819
213
-485
-1703
-3191
-4454
-5375
-6011
-6205
-6008
-5789
-5710
-5476
-4890
-4045
-2934
-1485
-11
1098
1898
2755
3751
4742
5674
6413
6718
6551
6243
6070
5990
5836
5540
5097
4509
3893
3297
2295
519
-1671
-3450
-4337
-4605
-4776
-5407
-6768
-8282
-8862
-8058
-6540
-5171
-4201
-3609
-3159
-2259
-455
1776
3478
4413
4881
5055
5114
5491
6246
6603
5972
4672
3262
1951
876
258
-254
-1299
-2889
-4380
-5413
-6114
-6384
-6131
-5704
-5439
-5184
-4677
-3963
-2998
-1551
123
1451
2268
2952
3772
4669
5585
6321
6599
6426
6119
5924
5826
5716
5533
5135
4502
3819
3200
2306
702
-1361
-3137
-4105
-4419
-4561
-5071
-6361
-7995
-8781
-8060
-6489
-5138
-4269
-3746
-3364
-2591
-883
1413
3219
4126
4528
4685
4727
5016
5711
6133
5563
4280
2936
1757
761
86
-428
-1375
-2861
-4279
-5278
-5950
-6262
-6049
-5575
-5323
-5189
-4790
-4042
-2958
-1444
253
1540
2271
2891
3716
4657
5540
6227
6518
6402
6147
6050
6132
6220
6138
5765
5134
4445
3761
2550
570
-1647
-3227
-3897
-4186
-4588
-5639
-7407
-8969
-9148
-7880
-6397
-5413
-4733
-4189
-3639
-2517
-408
1928
3436
4153
4576
4793
4959
5556
6480
6700
5747
4315
3074
2013
1123
562
-89
-1450
-3218
-4589
-5437
-6030
-6215
-5885
-5584
-5635
-5583
-4979
-3998
-2699
-1005
655
1696
2225
2952
4098
5345
6327
6855
6908
6674
6533
6625
6820
6843
6486
5789
4928
4045
2707
719
-1409
-2963
-3755
-4316
-5066
-6346
-8120
-9556
-9678
-8464
-6987
-5976
-5309
-4741
-3960
-2471
-148
2155
3581
4291
4813
5193
5500
6096
6869
6960
5996
4588
3327
2228
1294
608
-232
-1773
-3679
-5149
-5986
-6424
-6446
-6043
-5766
-5922
-5964
-5369
-4207
-2722
-1013
583
1602
2196
2920
4019
5234
6249
6871
7049
6993
7052
7317
7538
7440
7043
6453
5604
3997
1593
-816
-2361
-2969
-3375
-4208
-5890
-8309
-10265
-10449
-8975
-7250
-6148
-5509
-5181
-4768
-3392
-720
2106
3842
4624
5067
5275
5497
6318
7468
7697
6541
4879
3437
2160
1145
604
-72
-1706
-3845
-5372
-6169
-6767
-6987
-6595
-6183
-6236
-6136
-5294
-4121
-2910
-1379
309
1473
2141
3010
4225
5308
6135
6764
6992
6819
6726
6932
7054
6794
6324
5769
5064
4269
3118
1193
-1210
-3167
-4037
-4252
-4563
-5473
-7173
-8972
-9647
-8661
-6807
-5246
-4245
-3666
-3286
-2492
-636
1954
4069
5108
5403
5292
4976
4980
5573
5974
5275
3723
2122
678
-543
-1203
-1434
-2119
-3581
-5031
-5883
-6248
-6191
-5544
-4716
-4397
-4469
-4187
-3258
-1887
-273
1334
2386
2793
3150
3899
4868
5719
6348
6608
6414
6119
6140
6416
6550
6403
6015
5410
4308
2360
-63
-2113
-3064
-3204
-3416
-4389
-6358
-8617
-9768
-9021
-7120
-5546
-4810
-4581
-4400
-3599
-1586
1276
3552
4458
4583
4654
4811
5203
6018
6643
6071
4397
2639
1322
310
-337
-656
-1390
-3043
-4918
-6049
-6405
-6361
-5943
-5314
-5067
-5253
-5137
-4221
-2748
-1038
744
2091
2706
3065
3887
5105
6110
6630
6709
6470
6211
6278
6648
6849
6675
6255
5738
4692
2600
-72
-2308
-3373
-3642
-3929
-4897
-6889
-9203
-10376
-9553
-7488
-5688
-4693
-4325
-4109
-3276
-1152
1881
4400
5593
5866
5836
5772
6029
6800
7406
6768
4866
2670
877
-389
-1105
-1532
-2435
-4195
-6090
-7308
-7808
-7724
-6992
-5938
-5313
-5214
-4887
-3921
-2383
-363
1808
3340
3844
4054
4786
5951
6973
7535
7551
7092
6532
6320
6436
6491
6182
5444
4325
2579
252
-2006
-3412
-3836
-4062
-4805
-6359
-8396
-9881
-9718
-7959
-5923
-4730
-4283
-3941
-3154
-1477
1120
3802
5502
6111
6240
6253
6242
6457
6836
6640
5298
3262
1340
-156
-1265
-2039
-2839
-4225
-5990
-7291
-7650
-7413
-6927
-6408
-6102
-5886
-5112
-3384
-1272
533
1875
2848
3558
4295
5379
6619
7501
7858
7885
7805
7724
7652
7563
7367
6963
5940
3619
380
-2483
-3840
-3915
-3831
-4611
-6844
-9857
-11715
-11066
-8644
-6359
-5114
-4688
-4639
-4071
-1954
1571
4831
6516
6934
6851
6627
6784
7736
8770
8387
6356
3809
1604
-87
-1090
-1494
-2350
-4405
-6791
-8257
-8762
-8742
-8120
-7026
-6235
-5999
-5480
-4135
-2276
-195
1944
3587
4250
4485
5153
6249
7203
7755
7874
7497
6904
6594
6571
6386
5834
4974
3817
2009
-383
-2653
-4069
-4467
-4540
-5022
-6339
-8259
-9667
-9401
-7487
-5215
-3716
-3017
-2684
-2106
-636
1820
4345
5834
6230
6092
5743
5423
5514
5911
5731
4325
2159
102
-1415
-2322
-2743
-3234
-4471
-6191
-7366
-7501
-6967
-6236
-5479
-4883
-4394
-3435
-1776
56
1516
2649
3571
4223
4773
5551
6457
7105
7326
7249
7013
6692
6511
6694
6998
6481
4119
350
-3025
-4481
-4095
-3281
-3586
-5926
-9515
-11950
-11398
-8548
-5617
-4011
-3740
-4179
-4086
-2137
1552
5181
7164
7534
7005
6164
5888
6881
8344
8412
6463
3631
1074
-792
-1684
-1757
-2151
-3821
-6102
-7702
-8363
-8326
-7450
-5913
-4715
-4392
-4124
-3161
-1640
231
2361
4101
4710
4609
4790
5415
6035
6495
6728
6459
5745
5087
4782
4641
4526
4242
3494
1867
-595
-3001
-4461
-4633
-4229
-4259
-5387
-7424
-9033
-8830
-6762
-4259
-2651
-2012
-1817
-1403
-133
2145
4625
6134
6390
5951
5267
4657
4460
4639
4438
3189
1200
-761
-2268
-3192
-3605
-3975
-4785
-5893
-6624
-6671
-6225
-5421
-4387
-3332
-2378
-1423
-326
881
2250
3676
4790
5385
5634
5821
6018
6229
6439
6494
6333
6056
5866
5811
5699
4588
1718
-1972
-4556
-4996
-4240
-3775
-4689
-7438
-10737
-12037
-10170
-6761
-4166
-3001
-2952
-3325
-2702
105
4173
7160
8175
8011
7294
6341
6132
7187
8090
7051
4327
1434
-963
-2687
-3260
-3012
-3524
-5498
-7599
-8633
-8733
-8125
-6528
-4479
-3288
-3025
-2535
-1197
705
2960
5207
6400
6122
5499
5682
6405
6890
6998
6645
5643
4400
3762
3845
3937
3484
2464
578
-2180
-4780
-5971
-5602
-4901
-4942
-6119
-8093
-9563
-9026
-6446
-3500
-1710
-1020
-795
-373
1012
3617
6348
7663
7413
6557
5674
4943
4702
4860
4439
2662
159
-2028
-3609
-4604
-5032
-5298
-6069
-7188
-7716
-7367
-6621
-5682
-4371
-2852
-1552
-399
946
2455
3877
5214
6466
7236
7279
7023
7032
7299
7414
7209
6788
6248
5822
5509
4693
2337
-1324
-4602
-6042
-5723
-5039
-5402
-7562
-10760
-12750
-11854
-8746
-5539
-3562
-2807
-2762
-2358
-389
3127
6587
8573
9092
8712
7796
7104
7415
8175
7831
5758
2822
-9
-2316
-3643
-3961
-4318
-5739
-7771
-9194
-9642
-9325
-8039
-5889
-3955
-2999
-2460
-1408
319
2551
5070
7042
7620
7208
6971
7325
7768
7975
7847
7110
5836
4706
4176
3970
3522
2616
877
-1954
-4963
-6793
-6905
-6299
-6151
-6982
-8783
-10541
-10595
-8273
-4895
-2417
-1335
-990
-605
594
3005
5963
8000
8445
7916
7066
6178
5640
5662
5543
4214
1729
-894
-2954
-4273
-4870
-5190
-5971
-7353
-8462
-8579
-7935
-6887
-5510
-3940
-2549
-1407
-89
1588
3407
5167
6725
7713
7909
7757
7889
8292
8538
8451
8045
7263
6329
5671
5259
3810
581
-3311
-5962
-6545
-6051
-5783
-6904
-9746
-12707
-13322
-10962
-7538
-5008
-3607
-3109
-2970
-1868
1128
4978
7701
8820
9071
8675
7847
7573
8275
8665
7333
4741
1970
-686
-2908
-3982
-4207
-5115
-7186
-9141
-10029
-10107
-9382
-7527
-5318
-4091
-3700
-2812
-1009
1214
3708
6182
7640
7685
7430
7880
8639
9033
9022
8602
7661
6628
6005
5620
4892
3703
1795
-1110
-4274
-6355
-6762
-6463
-6592
-7699
-9700
-11542
-11622
-9415
-6298
-4085
-3092
-2610
-1894
-260
2582
5786
7833
8238
7900
7572
7341
7280
7367
6988
5433
2997
553
-1466
-3006
-4074
-4957
-6240
-7955
-9272
-9528
-8949
-8006
-6791
-5326
-3864
-2565
-1155
591
2521
4467
6213
7416
7847
7916
8272
8927
9409
9457
9121
8517
7842
7288
6349
3923
87
-3570
-5490
-5670
-5376
-5917
-8169
-11601
-13962
-13376
-10408
-7329
-5479
-4715
-4481
-3840
-1655
2092
5772
7921
8679
8730
8268
7833
8306
9385
9378
7467
4583
1746
-711
-2400
-3033
-3521
-5080
-7460
-9387
-10339
-10417
-9377
-7362
-5572
-4933
-4612
-3449
-1444
1007
3748
6149
7159
6981
7008
7778
8691
9293
9587
9311
8393
7400
6819
6345
5494
4065
1650
-1584
-4608
-6137
-6224
-6117
-6818
-8615
-10908
-12300
-11531
-8834
-5905
-3999
-3102
-2655
-1909
-81
2912
5920
7679
8116
7804
7101
6472
6506
7042
6848
5180
2639
110
-1969
-3334
-3975
-4534
-5835
-7601
-8845
-9225
-8925
-7957
-6330
-4612
-3436
-2523
-1244
494
2472
4506
6249
7190
7495
7906
8711
9450
9731
9651
9325
8906
8485
7764
5689
1941
-2040
-4435
-4785
-4398
-4807
-6967
-10633
-13772
-14108
-11541
-8272
-6209
-5406
-5218
-4836
-3115
396
4410
7122
8166
8335
8077
7759
8104
9158
9619
8293
5606
2740
243
-1623
-2561
-3028
-4228
-6524
-8769
-9981
-10203
-9550
-8014
-6301
-5422
-5134
-4235
-2346
-8
2435
4685
6070
6365
6465
7186
8232
9025
9429
9363
8723
7838
7236
6908
6330
5130
2914
-210
-3321
-5210
-5596
-5512
-6036
-7747
-10287
-12213
-11985
-9541
-6538
-4511
-3616
-3265
-2656
-929
2093
5330
7287
7665
7322
6851
6505
6556
6964
6883
5409
2921
480
-1437
-2801
-3692
-4365
-5503
-7252
-8703
-9192
-8878
-8035
-6658
-4953
-3608
-2652
-1434
244
2114
3958
5653
6779
7173
7490
8234
9122
9651
9727
9394
8757
8177
7769
6465
3269
-862
-3861
-4690
-4369
-4435
-5998
-9324
-12890
-14174
-12220
-8861
-6452
-5464
-5258
-5087
-3845
-732
3385
6489
7760
8044
7954
7638
7698
8638
9513
8733
6267
3409
934
-1010
-2140
-2582
-3495
-5701
-8293
-9938
-10420
-9980
-8599
-6799
-5726
-5512
-4886
-3072
-627
1876
4209
5817
6317
6406
7081
8142
8892
9223
9268
8869
8112
7470
7116
6574
5524
3660
802
-2398
-4744
-5516
-5466
-5767
-7099
-9457
-11732
-12236
-10324
-7276
-5022
-4056
-3773
-3359
-1949
885
4374
6916
7746
7532
7052
6697
6823
7426
7641
6417
3963
1413
-556
-1925
-2862
-3712
-5048
-7007
-8698
-9345
-9150
-8567
-7644
-6336
-5024
-3868
-2455
-638
1289
3126
4877
6251
6941
7338
8063
9062
9782
9953
9693
9209
8763
8445
7690
5322
1411
-2388
-4349
-4422
-4121
-4931
-7646
-11535
-14279
-13872
-10796
-7572
-5971
-5793
-6035
-5509
-3144
915
4945
7204
7749
7645
7460
7602
8524
9884
10208
8506
5570
2760
691
-571
-1216
-1998
-3890
-6746
-9200
-10338
-10291
-9397
-7953
-6782
-6594
-6660
-5653
-3306
-435
2300
4411
5375
5492
5928
7225
8732
9663
9908
9575
8824
8180
7990
7913
7323
5968
3643
447
-2736
-4665
-5063
-5042
-5792
-7810
-10637
-12802
-12718
-10275
-7235
-5391
-4905
-4829
-4102
-1991
1390
4849
6977
7558
7459
7289
7317
7752
8486
8565
7086
4515
1999
93
-1267
-2248
-3221
-4876
-7202
-9125
-9849
-9641
-9034
-8137
-7089
-6179
-5208
-3616
-1427
802
2800
4588
6007
6892
7640
8648
9736
10451
10632
10442
10046
9658
9295
8375
5855
1880
-1903
-3831
-3961
-3876
-5035
-8002
-11948
-14677
-14351
-11470
-8484
-7093
-6989
-7135
-6383
-3800
400
4494
6785
7389
7422
7545
8133
9445
10974
11251
9483
6590
3941
2046
812
24
-1003
-3213
-6390
-9109
-10444
-10679
-10235
-9323
-8528
-8408
-8291
-6963
-4352
-1396
1195
3212
4475
5243
6268
7854
9427
10383
10708
10572
10085
9559
9233
8908
8118
6663
4329
1123
-2158
-4364
-5100
-5355
-6295
-8379
-11223
-13505
-13692
-11522
-8569
-6692
-6100
-5841
-4947
-2745
726
4360
6671
7371
7531
7911
8536
9305
10004
9904
8349
5874
3627
1987
617
-759
-2351
-4512
-7138
-9230
-10056
-10035
-9879
-9635
-9064
-8278
-7270
-5584
-3161
-626
1504
3245
4718
5936
7233
8869
10463
11396
11514
11248
10944
10732
10503
9912
8120
4613
410
-2703
-3802
-3924
-4684
-6959
-10606
-14156
-15552
-13985
-11019
-8980
-8435
-8502
-8132
-6383
-2828
1637
5094
6616
7093
7556
8385
9710
11426
12567
11866
9458
6798
4897
3658
2638
1437
-590
-3733
-7010
-9167
-10036
-10281
-10184
-9891
-10014
-10502
-10204
-8279
-5362
-2542
-172
1617
2823
4073
6064
8498
10398
11327
11536
11365
11197
11310
11477
11112
9917
8099
5598
2380
-830
-3068
-4140
-5031
-6638
-9121
-12038
-14231
-14500
-12785
-10543
-9297
-8916
-8388
-7018
-4482
-905
2797
5296
6351
7042
8033
9184
10278
11206
11399
10187
8026
6028
4568
3250
1720
-174
-2660
-5622
-8114
-9385
-9788
-10100
-10550
-10829
-10773
-10111
-8473
-6024
-3515
-1421
453
2341
4213
6109
8108
9905
11104
11689
11953
12106
12204
12296
12143
11176
8701
4831
915
-1630
-2496
-2896
-4273
-7268
-11403
-14891
-15855
-14104
-11549
-10253
-10388
-10822
-10312
-7998
-3916
555
3617
4890
5558
6599
8219
10290
12380
13426
12590
10503
8544
7282
6338
5242
3660
1174
-2133
-5253
-7286
-8380
-9219
-10007
-10747
-11603
-12270
-11875
-10039
-7530
-5245
-3370
-1764
-132
1989
4762
7514
9368
10283
10825
11420
12177
12977
13397
12964
11663
9954
8026
5521
2562
-209
-2293
-3922
-5718
-7962
-10770
-13542
-15027
-14549
-12951
-11843
-11552
-11196
-10022
-7762
-4423
-635
2370
3996
5151
6733
8577
10249
11668
12554
12173
10665
9095
7978
6842
5298
3424
1107
-1818
-4712
-6696
-7827
-8866
-10114
-11224
-11964
-12151
-11381
-9593
-7466
-5684
-4092
-2265
-127
2222
4726
7110
8937
10149
11114
12027
12821
13418
13747
13574
12597
10479
7129
3438
705
-454
-1067
-2726
-6034
-10456
-14296
-15834
-14710
-12652
-11890
-12669
-13554
-13187
-10932
-6964
-2500
644
1919
2712
4273
6663
9354
11880
13444
13240
11754
10367
9735
9365
8643
7299
5034
1796
-1469
-3718
-5030
-6290
-7879
-9550
-11304
-12890
-13455
-12449
-10578
-8881
-7461
-6031
-4471
-2556
92
3198
5861
7678
9021
10271
11514
12786
13955
14535
14148
13066
11807
10435
8401
5571
2488
-174
-2204
-4025
-6123
-8858
-11948
-14348
-15179
-14620
-13772
-13320
-12954
-12163
-10661
-8222
-5003
-1790
649
2537
4522
6591
8446
10112
11593
12342
12047
11234
10460
9650
8566
7222
5491
3074
255
-2178
-3943
-5507
-7244
-9006
-10561
-11702
-12051
-11445
-10322
-9269
-8291
-7031
-5271
-2972
-311
2314
4490
6225
7899
9684
11396
12810
13777
14290
14278
13788
12518
9974
6761
4077
2617
1586
-227
-3244
-7319
-11327
-13672
-13709
-12652
-12529
-13735
-15020
-15223
-13784
-10772
-7031
-4096
-2689
-1675
176
2864
5778
8591
10867
11783
11439
11037
11312
11797
11746
10980
9398
6851
3970
1708
212
-1310
-3387
-5751
-8120
-10252
-11626
-11837
-11332
-10992
-10933
-10631
-9678
-7960
-5508
-2680
-172
1730
3418
5322
7471
9674
11630
12934
13437
13511
13590
13619
13190
11736
9110
5982
3371
1783
532
-1372
-4381
-8133
-11451
-13188
-13191
-12649
-12885
-13833
-14552
-14312
-12815
-10189
-7128
-4739
-3269
-1827
268
2883
5560
8022
9875
10698
10833
11067
11650
12109
11931
10980
9241
6935
4721
3034
1604
-175
-2458
-4923
-7266
-9131
-10146
-10364
-10334
-10518
-10718
-10484
-9544
-7813
-5504
-3073
-985
791
2625
4679
6921
9169
11161
12620
13460
13873
13519
12018
9996
8527
7932
7177
5323
2256
-1637
-5241
-7329
-7728
-7867
-9342
-11900
-14159
-15195
-14764
-13080
-10958
-9657
-9396
-8788
-6846
-3946
-878
2065
4525
5876
6556
7780
9863
11826
12848
13012
12457
11199
9804
8884
8163
6776
4539
2058
-381
-2768
-4813
-6250
-7386
-8792
-10357
-11549
-12078
-11874
-10942
-9549
-8231
-7186
-5934
-4019
-1495
1219
3743
5841
7503
9011
10653
12397
13816
14443
13782
12005
10025
8744
8164
7343
5534
2537
-1213
-4602
-6614
-7351
-8064
-9750
-12075
-14149
-15275
-15045
-13620
-11860
-10773
-10255
-9322
-7424
-4720
-1622
1476
3926
5390
6499
8095
10200
12138
13392
13761
13127
11837
10683
10006
9252
7744
5507
2944
341
-2073
-4044
-5605
-7135
-8818
-10384
-11497
-12027
-11932
-11199
-10045
-8823
-7571
-6000
-3890
-1303
1519
4271
6654
8569
10091
11023
11331
11427
11794
12317
12254
11109
8837
5909
3275
1633
664
-791
-3396
-6525
-9241
-11070
-11954
-12108
-12125
-12721
-13668
-13901
-12885
-11035
-8977
-6786
-4600
-2765
-1054
1178
4010
6713
8784
10303
11311
11828
12201
12700
12968
12424
11104
9433
7603
5626
3657
1782
-197
-2437
-4707
-6652
-8156
-9291
-10142
-10787
-11261
-11390
-10911
-9774
-8193
-6424
-4575
-2638
-527
1816
4273
6630
8682
10087
10563
10419
10421
10979
11608
11445
10040
7533
4730
2587
1473
665
-986
-3729
-6709
-8981
-10243
-10671
-10716
-11021
-11907
-12699
-12526
-11251
-9402
-7371
-5355
-3734
-2540
-1111
1146
3922
6428
8218
9317
9824
10080
10495
11023
11125
10394
9045
7462
5887
4444
3092
1515
-494
-2655
-4467
-5779
-6719
-7424
-7967
-8377
-8581
-8321
-7487
-6137
-4516
-2851
-1222
417
2123
3477
4176
4614
5512
6955
8154
8443
7694
6216
4765
4146
4346
4242
2792
320
-2000
-3507
-4249
-4595
-5015
-6109
-7815
-9095
-9154
-8301
-7383
-6672
-6019
-5495
-4983
-3841
-1805
431
2011
2971
3770
4538
5346
6373
7438
7873
7432
6656
6036
5525
4927
4168
3078
1537
-90
-1302
-2082
-2794
-3621
-4491
-5337
-6033
-6288
-5959
-5250
-4450
-3661
-2842
-1932
-796
645
2249
3737
4875
5377
5289
5181
5639
6587
7198
6864
5519
3599
1942
1187
1197
973
-321
-2422
-4398
-5602
-5931
-5719
-5566
-6105
-7214
-7938
-7603
-6503
-5307
-4277
-3409
-2766
-2137
-968
806
2569
3693
4251
4612
4940
5337
5862
6296
6229
5536
4533
3564
2776
2205
1676
808
-563
-2042
-3025
-3377
-3432
-3602
-4025
-4523
-4730
-4334
-3387
-2224
-1159
-277
625
1761
3145
4383
4815
4517
4292
4805
5787
6243
5618
4007
2170
1050
948
1223
697
-1054
-3257
-4847
-5414
-5218
-4833
-4924
-5889
-7165
-7593
-6735
-5226
-3943
-3160
-2795
-2657
-2186
-845
1103
2729
3453
3610
3760
4115
4759
5568
6088
5801
4801
3775
3154
2832
2532
1969
908
-604
-2057
-2843
-2964
-2954
-3335
-4168
-5000
-5320
-4922
-4051
-3187
-2544
-2064
-1513
-669
550
2004
3349
4334
5009
5526
5812
5749
5598
5696
5942
5854
5166
3952
2436
1097
382
182
-219
-1386
-3061
-4504
-5235
-5306
-5108
-5096
-5558
-6287
-6627
-6147
-5162
-4276
-3690
-3217
-2723
-2103
-1131
154
1291
1963
2346
2757
3177
3525
3878
4180
4199
3811
3254
2763
2344
1984
1649
1157
370
-516
-1106
-1305
-1322
-1367
-1574
-1931
-2214
-2048
-1355
-501
142
540
909
1403
2099
3016
3708
3543
2675
2026
2269
2949
3221
2634
1227
-363
-1221
-923
-190
-299
-1559
-3082
-3910
-3809
-3189
-2541
-2453
-3164
-4047
-4189
-3430
-2411
-1702
-1362
-1371
-1636
-1608
-801
456
1306
1393
1126
947
1102
1652
2349
2649
2185
1303
689
664
952
1063
708
-54
-843
-1199
-986
-590
-457
-745
-1223
-1485
-1273
-625
98
574
754
828
1067
1640
2429
3165
3643
3884
4000
3836
3200
2416
2081
2372
2684
2428
1498
111
-1174
-1676
-1215
-626
-946
-2245
-3559
-4106
-3827
-3197
-2770
-2952
-3745
-4436
-4310
-3417
-2527
-2166
-2174
-2205
-2107
-1646
-660
413
852
618
411
617
1073
1604
2115
2308
1953
1473
1486
1973
2385
2355
1936
1318
796
743
1146
1478
1239
559
-60
-278
-63
367
653
500
12
-388
-379
33
595
976
999
768
675
920
1189
1152
900
772
839
940
998
918
584
156
-8
153
287
-9
-588
-1050
-1255
-1294
-1324
-1416
-1774
-2371
-2757
-2673
-2388
-2366
-2621
-2854
-2939
-2906
-2706
-2309
-1968
-1890
-1877
-1607
-1108
-608
-180
188
457
660
969
1422
1832
2072
2231
2441
2679
2827
2864
2845
2797
2710
2532
2281
1988
1700
1479
1333
1241
1109
890
676
633
853
1222
1417
1037
163
-520
-399
340
919
833
16
-1117
-1824
-1554
-562
95
-370
-1624
-2634
-2755
-2177
-1520
-1317
-1863
-2848
-3466
-3194
-2386
-1827
-1861
-2263
-2711
-2868
-2401
-1411
-572
-451
-773
-924
-606
87
980
1730
1959
1677
1417
1681
2404
3144
3448
3150
2452
1870
1845
2240
2517
2264
1456
471
-236
-352
-42
148
-193
-959
-1562
-1516
-884
-172
165
60
-158
-61
605
1534
1955
1633
1113
1088
1631
2301
2635
2247
1285
451
376
859
1088
513
-598
-1653
-2276
-2445
-2355
-2377
-2896
-3795
-4538
-4707
-4410
-4001
-3791
-3837
-4073
-4174
-3750
-2793
-1738
-1064
-778
-548
-80
714
1735
2660
3156
3169
3084
3277
3755
4202
4335
4055
3467
2883
2631
2692
2669
2231
1371
475
-98
-248
-213
-380
-859
-1420
-1685
-1508
-1088
-679
-457
-415
-377
-132
402
941
1109
951
839
1030
1424
1782
1852
1417
655
125
173
488
461
-145
-1005
-1702
-2056
-2152
-2175
-2328
-2768
-3351
-3706
-3622
-3301
-3027
-2857
-2712
-2635
-2520
-2112
-1411
-736
-319
-14
341
746
1163
1627
2043
2261
2345
2483
2705
2822
2769
2658
2469
2171
1898
1787
1708
1387
848
352
57
-74
-148
-255
-459
-736
-901
-795
-481
-161
20
126
307
685
1250
1821
1958
1519
1005
1036
1631
2177
2213
1583
529
-359
-533
-103
210
-209
-1223
-2254
-2829
-2820
-2465
-2222
-2548
-3360
-4040
-4079
-3605
-3066
-2784
-2809
-3035
-3167
-2799
-1915
-978
-471
-342
-175
250
887
1606
2248
2576
2526
2445
2684
3160
3504
3506
3235
2814
2398
2133
2048
2014
1830
1355
634
-45
-397
-392
-318
-483
-955
-1501
-1762
-1596
-1120
-685
-549
-666
-747
-491
108
780
1214
1256
953
617
641
1179
1829
2042
1610
794
120
8
474
935
720
-262
-1341
-1840
-1716
-1427
-1413
-1870
-2682
-3394
-3526
-3033
-2438
-2216
-2403
-2681
-2712
-2310
-1502
-642
-186
-215
-305
-45
604
1382
1970
2149
1904
1621
1698
2158
2620
2659
2236
1623
1224
1263
1556
1684
1298
568
-45
-209
4
222
158
-219
-641
-760
-425
169
621
721
600
561
838
1428
2065
2285
1867
1197
908
1265
1859
2081
1567
433
-706
-1191
-905
-462
-636
-1589
-2744
-3432
-3448
-3073
-2694
-2731
-3348
-4093
-4232
-3563
-2690
-2198
-2117
-2203
-2242
-1972
-1146
-64
590
597
442
634
1167
1829
2426
2665
2370
1888
1804
2188
2566
2583
2283
1811
1361
1162
1277
1395
1202
750
292
21
-59
1
73
36
-124
-301
-357
-270
-103
40
81
25
-7
96
315
513
614
661
724
780
681
427
229
312
556
661
446
-23
-522
-793
-678
-354
-254
-655
-1280
-1674
-1649
-1396
-1174
-1153
-1473
-1957
-2187
-1911
-1453
-1265
-1375
-1521
-1581
-1487
-1107
-550
-250
-422
-670
-563
-139
266
477
494
368
259
437
939
1487
1761
1756
1740
1817
1989
2157
2214
2077
1813
1607
1525
1444
1289
1075
799
451
100
-123
-221
-303
-444
-670
-906
-1056
-1014
-821
-616
-474
-327
-91
198
371
337
274
431
844
1231
1317
1011
456
9
1
372
676
488
-143
-799
-1097
-1009
-834
-886
-1340
-2029
-2516
-2474
-2091
-1841
-1956
-2286
-2533
-2519
-2147
-1519
-964
-800
-944
-935
-499
192
860
1365
1610
1589
1546
1815
2357
2737
2686
2348
2008
1876
1961
2071
1897
1385
792
382
204
156
78
-186
-633
-1062
-1272
-1221
-1068
-1015
-1098
-1210
-1202
-1020
-721
-444
-270
-155
7
268
613
1006
1327
1349
1000
644
718
1203
1609
1568
1102
443
-53
-77
300
588
292
-505
-1222
-1410
-1137
-776
-590
-752
-1315
-1901
-1938
-1348
-701
-547
-850
-1248
-1481
-1371
-898
-340
-145
-435
-828
-911
-607
-141
211
207
-133
-451
-325
201
666
735
511
288
228
401
807
1172
1180
859
592
602
789
1029
1149
955
456
45
41
339
564
467
99
-285
-401
-207
80
184
46
-172
-280
-173
178
634
929
915
712
573
634
889
1256
1519
1457
1079
642
476
652
964
1014
526
-279
-821
-809
-543
-448
-678
-1185
-1807
-2173
-2017
-1578
-1354
-1561
-1952
-2153
-1987
-1504
-931
-587
-668
-986
-1075
-727
-206
142
245
173
8
-27
280
770
992
765
409
278
390
551
611
481
137
-198
-267
-45
180
212
94
-55
-136
-35
290
635
719
543
417
568
933
1281
1481
1526
1451
1357
1378
1558
1776
1926
1936
1649
1092
616
590
902
1077
834
212
-466
-832
-692
-277
-132
-608
-1446
-2008
-1974
-1585
-1266
-1251
-1580
-2095
-2393
-2136
-1545
-1227
-1453
-1857
-2025
-1918
-1618
-1167
-824
-898
-1244
-1363
-1082
-669
-357
-217
-280
-455
-431
-31
498
826
896
846
798
899
1286
1785
2067
1992
1829
1845
2022
2196
2259
2193
1936
1582
1342
1316
1250
926
446
-3
-351
-573
-611
-570
-682
-994
-1279
-1339
-1209
-1031
-888
-790
-705
-514
-147
273
572
734
853
881
827
909
1233
1567
1602
1358
1021
731
619
715
821
625
63
-546
-909
-984
-952
-988
-1208
-1657
-2105
-2207
-1913
-1631
-1687
-1946
-2084
-1998
-1741
-1340
-940
-811
-973
-1060
-778
-282
127
348
389
246
41
65
381
696
721
517
332
259
315
504
726
793
618
413
358
476
675
860
944
832
659
669
907
1133
1125
927
679
495
447
581
766
754
511
220
99
131
214
251
158
-35
-175
-114
90
281
301
97
-189
-248
54
460
642
485
159
-111
-164
46
350
457
195
-215
-419
-359
-257
-277
-443
-777
-1199
-1472
-1416
-1196
-1114
-1273
-1521
-1717
-1772
-1582
-1193
-910
-972
-1164
-1149
-888
-530
-157
121
147
-11
-25
262
616
783
762
664
540
496
655
930
1000
800
570
480
484
495
561
594
441
180
72
163
252
239
230
219
118
25
97
294
394
333
246
239
314
447
583
644
580
488
526
681
833
888
878
848
778
667
558
513
562
650
651
447
103
-149
-160
-21
47
-127
-479
-775
-808
-630
-497
-567
-825
-1159
-1388
-1365
-1170
-1043
-1130
-1312
-1435
-1435
-1289
-1067
-880
-837
-920
-964
-865
-644
-418
-255
-174
-192
-231
-133
120
342
415
407
428
477
531
600
647
619
527
449
435
459
467
430
353
282
257
276
305
323
319
295
276
299
392
518
619
635
584
578
681
857
998
1054
1043
997
970
991
1047
1060
969
810
655
506
295
82
-5
12
-80
-375
-730
-962
-1010
-932
-841
-886
-1109
-1362
-1444
-1308
-1086
-928
-889
-955
-1039
-1004
-772
-448
-277
-351
-525
-626
-614
-517
-345
-216
-264
-452
-563
-522
-428
-364
-324
-329
-406
-452
-363
-190
-68
-39
-26
39
151
285
426
588
725
812
843
883
971
1110
1260
1329
1265
1125
1009
949
943
950
917
793
565
340
225
235
241
119
-85
-239
-307
-346
-368
-332
-261
-249
-286
-324
-307
-241
-166
-125
-149
-172
-141
-101
-96
-113
-100
-84
-108
-161
-184
-178
-206
-232
-190
-86
-28
-56
-120
-170
-177
-123
-22
34
-34
-123
-114
5
110
136
121
68
2
-25
-21
-30
-91
-166
-198
-204
-184
-177
-211
-248
-227
-144
-71
-60
-78
-95
-112
-76
29
147
169
107
70
107
167
192
162
74
-20
-78
-80
-87
-163
-266
-310
-280
-262
-314
-377
-378
-336
-317
-331
-339
-297
-198
-85
-3
12
26
124
295
450
515
530
523
510
524
585
643
601
478
337
249
228
227
147
-9
-167
-295
-391
-440
-410
-386
-433
-483
-464
-347
-182
-32
64
99
163
288
450
596
722
794
797
775
812
892
886
778
629
521
441
364
292
162
-49
-282
-470
-601
-722
-811
-859
-927
-991
-995
-931
-857
-795
-730
-677
-607
-473
-299
-150
-29
91
192
256
348
477
564
556
469
360
276
234
215
144
10
-137
-264
-372
-463
-518
-548
-599
-672
-704
-654
-579
-506
-394
-231
-81
37
188
372
510
552
545
578
679
775
796
746
670
587
513
454
345
211
106
47
-81
-283
-431
-485
-503
-565
-629
-663
-647
-599
-519
-427
-317
-209
-87
55
202
368
526
653
734
815
938
1044
1067
1025
969
900
792
672
603
539
405
207
39
-60
-130
-223
-349
-473
-566
-607
-587
-544
-518
-522
-506
-444
-383
-366
-341
-264
-171
-154
-210
-237
-209
-176
-212
-301
-383
-434
-460
-458
-446
-483
-586
-707
-768
-747
-665
-606
-617
-645
-630
-580
-503
-375
-213
-101
-47
64
282
482
560
581
653
758
810
816
797
779
769
770
776
758
700
612
516
444
379
329
334
344
290
173
122
177
223
186
159
192
236
229
214
232
244
238
212
172
135
92
13
-99
-168
-165
-163
-187
-233
-289
-343
-388
-419
-458
-504
-525
-540
-551
-573
-579
-532
-435
-361
-383
-430
-393
-262
-171
-184
-229
-213
-144
-114
-138
-162
-139
-101
-80
-34
67
173
208
175
144
145
116
18
-71
-43
90
188
161
72
70
178
316
401
440
427
399
411
463
492
478
453
389
291
216
193
162
112
90
57
-46
-177
-211
-174
-172
-225
-253
-242
-241
-225
-162
-89
-83
-109
-114
-87
-53
-43
-52
-68
-57
-24
14
41
40
-4
-92
-176
-207
-138
5
116
121
36
-38
-38
23
98
140
149
168
209
263
316
342
292
154
26
-19
-13
-30
-105
-211
-325
-423
-477
-489
-473
-440
-435
-464
-519
-528
-471
-419
-413
-429
-401
-302
-175
-35
95
192
262
304
329
355
414
484
510
458
374
323
323
365
383
348
289
279
288
216
95
32
51
30
-66
-134
-122
-84
-88
-67
22
101
113
59
22
39
103
189
262
297
304
284
230
163
99
61
25
-28
-85
-140
-207
-297
-376
-413
-460
-518
-542
-488
-413
-372
-371
-398
-378
-265
-106
-19
-32
-34
34
126
192
231
257
245
212
184
147
99
48
18
-26
-94
-166
-215
-219
-202
-207
-268
-317
-291
-202
-107
-46
-3
43
116
216
335
456
557
612
605
575
572
615
669
681
634
556
468
396
321
238
125
-2
-141
-274
-362
-413
-459
-532
-599
-650
-699
-703
-616
-498
-443
-436
-377
-258
-143
-62
5
63
111
167
181
155
134
186
251
253
203
165
122
48
-16
-41
-47
-81
-96
-84
-96
-147
-177
-135
-72
-54
-92
-122
-79
31
161
255
324
386
448
508
545
541
524
498
464
432
411
368
256
112
31
13
-19
-123
-264
-338
-378
-444
-560
-643
-666
-680
-665
-571
-416
-319
-310
-303
-251
-150
-60
2
56
115
167
164
137
147
185
165
80
-10
-54
-66
-90
-115
-135
-129
-94
-84
-157
-268
-302
-246
-197
-186
-159
-88
-22
15
39
90
177
265
319
350
390
415
432
476
540
550
464
353
275
249
252
265
257
184
77
13
29
77
81
4
-119
-227
-243
-164
-74
-55
-104
-168
-197
-178
-144
-128
-152
-182
-180
-149
-128
-125
-123
-137
-175
-226
-255
-262
-252
-241
-231
-214
-190
-186
-231
-258
-248
-217
-206
-203
-175
-104
-22
22
17
36
135
272
371
392
341
276
255
279
292
235
143
75
68
110
163
178
126
55
13
17
28
45
58
29
-32
-67
-26
39
80
67
16
-31
-25
35
112
178
212
220
214
211
195
161
123
104
96
72
15
-69
-141
-177
-170
-150
-165
-213
-257
-252
-236
-242
-279
-305
-272
-203
-159
-127
-85
-52
-57
-64
-25
-8
-36
-32
74
231
341
363
316
252
226
273
345
352
291
228
207
171
83
24
17
20
-16
-73
-133
-210
-280
-283
-259
-286
-357
-355
-243
-139
-111
-110
-75
-41
-43
-45
-7
25
32
25
49
111
193
281
310
262
169
84
43
63
127
166
144
83
51
58
57
9
-66
-117
-134
-168
-230
-284
-287
-258
-248
-265
-263
-229
-207
-205
-169
-90
-45
-49
-34
52
141
150
97
45
39
65
97
104
106
127
170
166
98
31
19
61
69
22
-39
-68
-64
-58
-66
-103
-132
-118
-76
-64
-72
-55
-26
-35
-68
-46
46
136
170
141
101
92
145
207
183
86
15
43
108
143
146
115
71
30
25
27
10
-17
-48
-64
-73
-88
-116
-129
-86
-22
13
5
-31
-39
2
53
55
42
91
190
220
160
91
67
53
-2
-55
-50
-24
-15
-21
-39
-83
-131
-122
-94
-139
-215
-213
-126
-55
-56
-86
-108
-110
-60
2
21
-22
-80
-96
-66
-2
60
63
28
-9
-24
-13
-1
-4
-57
-106
-78
-9
27
-10
-60
-48
-1
27
-11
-77
-115
-109
-78
-44
2
48
81
88
106
141
162
164
168
184
212
260
310
294
200
118
115
133
97
50
42
46
16
-20
-14
-4
-34
-84
-111
-97
-83
-82
-77
-76
-105
-136
-124
-95
-109
-157
-181
-179
-163
-115
-46
-1
-31
-96
-136
-129
-72
-6
45
52
41
44
53
65
58
41
-1
-52
-74
-39
45
109
117
71
18
-1
15
43
57
63
78
102
127
134
121
95
94
112
112
113
152
189
152
49
-36
-72
-86
-82
-86
-103
-130
-123
-75
-30
-39
-78
-117
-140
-156
-147
-114
-84
-78
-59
-4
29
21
-2
-13
-25
-23
1
27
44
76
99
87
59
59
80
79
73
77
80
77
59
41
26
-9
-43
-51
-11
6
-54
-112
-66
32
50
8
-6
25
42
50
58
55
31
13
0
-9
7
25
16
-14
-15
7
12
-22
-53
-78
-106
-112
-95
-80
-124
-183
-181
-125
-81
-83
-111
-143
-157
-104
-24
10
-29
-60
-39
-7
10
8
-5
-29
-34
-11
10
25
42
46
23
1
20
52
61
44
42
92
148
151
126
158
235
265
233
197
157
105
85
132
170
132
74
48
53
51
25
-11
-57
-100
-139
-147
-101
-53
-72
-148
-220
-244
-236
-212
-180
-155
-146
-147
-144
-138
-113
-65
-13
20
29
65
100
109
122
167
202
190
166
148
130
102
96
103
107
122
111
72
40
29
14
-31
-63
-63
-52
-47
-65
-106
-144
-131
-71
-37
-62
-89
-59
19
89
143
160
136
125
160
219
238
188
105
47
52
82
74
34
12
-5
-45
-79
-84
-92
-124
-143
-136
-153
-199
-228
-226
-218
-213
-193
-174
-173
-198
-212
-200
-164
-134
-156
-195
-180
-82
2
-29
-114
-113
-32
23
-5
-44
-13
53
118
147
139
136
138
144
120
86
72
71
83
100
122
133
124
126
133
158
183
179
151
107
87
99
107
98
69
47
33
17
17
48
55
16
-36
-38
-9
5
23
44
20
-44
-73
-34
6
11
31
47
24
-34
-42
17
74
81
66
84
112
89
54
63
107
109
54
3
-13
-6
-36
-82
-122
-147
-173
-200
-199
-189
-184
-197
-214
-231
-201
-150
-136
-157
-180
-146
-92
-48
-22
-15
-4
-8
-24
-18
19
77
108
100
65
17
-6
2
32
61
54
31
5
1
3
-4
-9
-6
-7
-26
-60
-81
-75
-36
41
108
101
30
-3
66
187
240
221
194
198
224
227
190
136
78
52
67
73
50
44
53
25
-64
-112
-83
-69
-97
-148
-190
-217
-192
-99
-33
-56
-102
-93
-48
-48
-74
-84
-60
-24
-2
-11
-45
-41
11
31
