2
5
9
1
-8
4
22
24
7
-7
-6
0
6
-3
-20
-31
-23
-14
-18
-28
-23
-7
-2
-8
-11
-1
-6
-28
-38
-24
0
15
22
29
39
43
36
15
6
7
-2
-1
17
31
1
-33
-29
-2
3
-2
9
25
21
8
4
5
-1
-5
-9
-15
-12
9
29
33
40
52
53
42
25
13
0
1
20
29
17
-11
-37
-53
-60
-55
-41
-29
-27
-31
-27
-15
-7
-6
-5
-8
-8
-5
6
14
19
29
36
29
12
8
20
44
51
33
8
-6
11
33
43
39
33
24
13
-6
-15
-13
-7
-2
-4
-11
-29
-38
-32
-16
-10
-13
-13
-5
5
12
20
24
22
13
12
24
33
34
26
20
15
13
6
-5
-8
-2
2
-10
-22
-14
6
11
-4
-18
-20
-18
-16
-10
-4
1
2
4
5
2
-9
-31
-47
-49
-44
-35
-29
-30
-31
-27
-8
4
11
7
-5
-16
-23
-14
-8
-4
-3
-4
6
21
25
12
3
10
6
-14
-20
-10
-1
-14
-25
-23
-19
-25
-36
-35
-23
-8
-3
2
10
12
-3
-22
-31
-30
-20
-5
0
-9
-12
-3
10
10
5
-4
-7
2
11
7
-4
0
13
22
19
6
-8
-17
-23
-21
-5
20
35
22
-3
-7
12
31
33
31
36
28
5
-8
4
19
17
17
24
19
-1
-14
-1
21
30
25
23
25
19
8
4
4
1
2
12
25
19
5
2
17
27
10
-8
-8
5
12
14
17
8
0
6
15
6
-22
-38
-36
-21
-1
19
36
41
29
5
-14
-16
-8
-2
3
10
11
-8
-31
-38
-26
-6
-4
-17
-37
-42
-28
-12
0
2
8
13
12
4
-1
2
8
-1
-22
-28
-21
-20
-33
-37
-11
13
16
3
-7
-10
-20
-22
-8
8
0
-12
1
20
33
32
35
34
27
22
3
-15
-14
3
16
8
3
-2
-11
-18
-6
25
46
46
14
-14
-15
10
25
20
19
34
58
61
44
25
21
20
1
-25
-32
-22
-14
-19
-34
-43
-50
-50
-45
-36
-17
4
22
24
-4
-37
-49
-38
-39
-44
-30
-1
1
-6
6
26
28
13
11
20
29
28
18
6
-4
-16
-14
6
15
-10
-43
-45
-25
-11
-10
-14
-19
-14
6
26
36
27
10
-6
-8
-5
-10
-9
5
14
9
3
9
9
9
22
35
37
27
10
-5
-14
1
19
27
22
7
3
5
4
1
1
9
10
12
14
3
-10
-6
12
18
10
-4
-19
-36
-43
-44
-47
-48
-33
-12
-12
-26
-33
-20
-8
-19
-38
-41
-18
2
-10
-23
-12
5
4
-15
-22
-23
-18
-10
7
12
-11
-32
-26
3
8
-13
-41
-55
-49
-30
-11
-2
-3
-10
-30
-54
-52
-19
17
25
13
11
30
52
63
58
53
58
78
92
77
58
63
91
102
82
53
40
38
34
31
45
63
58
20
-24
-48
-50
-46
-58
-82
-108
-114
-92
-73
-76
-96
-100
-101
-104
-102
-86
-70
-74
-67
-33
-3
4
8
45
101
138
149
148
142
140
163
216
265
265
233
198
197
240
303
333
258
101
-41
-74
-21
5
-58
-203
-361
-461
-447
-354
-285
-305
-398
-489
-504
-402
-229
-99
-77
-116
-127
-72
37
163
246
245
201
177
206
263
303
305
249
164
99
81
84
76
37
-38
-124
-175
-153
-100
-82
-108
-133
-106
-28
74
158
201
215
247
330
457
578
633
582
438
293
243
294
329
251
32
-251
-454
-496
-421
-404
-513
-679
-821
-878
-819
-656
-508
-497
-568
-579
-473
-279
-54
139
217
195
211
335
490
585
610
573
479
387
379
410
387
264
89
-83
-209
-265
-277
-300
-376
-472
-550
-547
-451
-303
-179
-110
-48
61
257
522
804
1028
1157
1231
1264
1233
1134
1020
938
845
682
426
107
-222
-521
-746
-922
-1099
-1313
-1539
-1714
-1793
-1763
-1657
-1524
-1408
-1294
-1127
-877
-573
-263
37
300
527
765
1045
1326
1546
1701
1804
1833
1781
1671
1521
1325
1059
749
419
84
-248
-578
-915
-1257
-1534
-1713
-1825
-1922
-1990
-1994
-1924
-1766
-1513
-1195
-878
-544
-174
200
558
946
1403
1868
2279
2600
2831
2995
3148
3300
3374
3290
2993
2507
1889
1264
725
249
-289
-1006
-1876
-2735
-3380
-3743
-3916
-4064
-4270
-4475
-4518
-4265
-3727
-3068
-2457
-1926
-1403
-793
-46
818
1668
2344
2810
3171
3528
3879
4180
4345
4281
3936
3421
2909
2439
1927
1281
510
-340
-1180
-1908
-2486
-2959
-3421
-3856
-4203
-4383
-4337
-4053
-3600
-3129
-2701
-2226
-1595
-787
102
937
1611
2144
2661
3246
3856
4391
4768
4950
4971
4924
4864
4774
4591
4283
3777
2940
1789
553
-437
-1091
-1630
-2377
-3487
-4766
-5770
-6155
-6018
-5788
-5769
-5880
-5872
-5499
-4638
-3417
-2226
-1361
-694
55
1005
2118
3293
4270
4745
4803
4854
5110
5405
5477
5199
4522
3538
2567
1843
1244
481
-536
-1638
-2687
-3555
-4113
-4368
-4552
-4846
-5147
-5250
-5076
-4593
-3852
-3101
-2519
-1979
-1171
-71
1076
2064
2803
3328
3746
4173
4640
5049
5298
5273
4961
4553
4254
4092
3880
3457
2844
2174
1602
1176
634
-300
-1542
-2633
-3169
-3280
-3371
-3853
-4781
-5720
-6063
-5586
-4729
-4090
-3850
-3802
-3611
-2938
-1720
-361
586
1008
1286
1742
2458
3375
4260
4682
4429
3906
3652
3728
3787
3537
2883
1832
663
-138
-450
-679
-1254
-2126
-2985
-3661
-4026
-3982
-3723
-3611
-3719
-3741
-3452
-2937
-2257
-1458
-724
-193
262
847
1507
2126
2716
3234
3535
3639
3739
3899
3977
3928
3803
3610
3398
3233
3102
2925
2692
2497
2229
1520
321
-948
-1722
-1918
-1971
-2360
-3371
-4760
-5814
-5901
-5161
-4423
-4270
-4565
-4833
-4613
-3652
-2177
-900
-358
-246
62
825
1919
3123
4079
4354
4021
3702
3895
4446
4821
4650
3875
2749
1754
1231
1018
607
-245
-1323
-2328
-3102
-3532
-3613
-3633
-3925
-4382
-4627
-4464
-3993
-3349
-2695
-2218
-1843
-1299
-478
439
1299
2067
2710
3202
3629
4088
4526
4846
4998
5006
4952
4872
4776
4640
4418
4076
3633
3115
2262
872
-706
-1784
-2102
-2208
-2779
-4075
-5777
-7092
-7285
-6432
-5530
-5418
-5895
-6219
-5881
-4744
-3051
-1456
-615
-350
112
1166
2609
4065
5160
5532
5244
4952
5170
5700
5996
5708
4811
3504
2265
1529
1193
650
-478
-1902
-3140
-4002
-4507
-4704
-4803
-5105
-5554
-5742
-5451
-4838
-4104
-3336
-2643
-2083
-1389
-346
890
2015
2919
3590
4010
4351
4869
5521
5981
6110
6019
5792
5486
5249
5134
4912
4410
3753
3154
2289
775
-1046
-2397
-2891
-3022
-3465
-4595
-6271
-7750
-8145
-7333
-6231
-5824
-6067
-6250
-5892
-4793
-3042
-1178
-3
369
732
1667
3056
4491
5677
6242
5999
5476
5437
5926
6265
5915
4899
3518
2176
1280
814
234
-937
-2460
-3707
-4504
-5025
-5319
-5383
-5511
-5881
-6085
-5746
-5008
-4152
-3239
-2392
-1791
-1156
-79
1328
2572
3408
3925
4256
4631
5235
5864
6134
5999
5682
5303
4924
4703
4603
4329
3749
3071
2513
2096
1537
367
-1401
-3024
-3675
-3510
-3438
-4142
-5614
-7206
-7940
-7275
-5830
-4877
-4910
-5318
-5332
-4540
-2913
-893
592
1060
1122
1672
2880
4319
5535
6138
5866
5094
4718
5078
5571
5423
4525
3200
1778
652
90
-206
-922
-2272
-3702
-4682
-5198
-5400
-5348
-5259
-5437
-5726
-5622
-4938
-3950
-2993
-2223
-1692
-1189
-282
1082
2423
3293
3743
4049
4385
4900
5565
6049
6090
5776
5389
5092
4933
4854
4614
4081
3437
2921
2614
2161
990
-892
-2670
-3406
-3213
-3062
-3751
-5357
-7172
-8109
-7537
-6031
-4989
-5087
-5735
-5948
-5137
-3341
-1166
389
778
657
1062
2325
3963
5361
6090
5915
5189
4780
5150
5804
5873
5042
3616
2080
927
422
244
-359
-1725
-3328
-4492
-5054
-5167
-5046
-5022
-5397
-5944
-6044
-5466
-4478
-3394
-2455
-1854
-1438
-670
703
2212
3267
3788
4077
4422
4968
5660
6198
6291
5968
5500
5138
4996
4999
4879
4399
3661
2987
2603
2328
1458
-308
-2317
-3486
-3484
-3161
-3518
-4951
-6938
-8299
-8135
-6746
-5498
-5367
-5937
-6265
-5764
-4300
-2179
-283
517
502
772
1872
3454
4957
6002
6203
5600
5032
5245
5955
6253
5697
4502
3050
1743
987
741
341
-843
-2573
-4032
-4820
-5117
-5164
-5178
-5434
-5964
-6245
-5795
-4821
-3808
-2990
-2358
-1777
-944
364
1831
2913
3518
3941
4421
4992
5649
6217
6388
6169
5856
5677
5587
5430
5133
4620
3965
3412
3098
2808
1813
-136
-2279
-3514
-3504
-3124
-3436
-4904
-7061
-8683
-8718
-7309
-5807
-5488
-6123
-6649
-6271
-4773
-2516
-381
560
390
390
1471
3336
5144
6330
6587
5954
5257
5438
6310
6833
6292
4917
3265
1824
1028
827
485
-726
-2580
-4154
-4997
-5336
-5443
-5495
-5786
-6420
-6846
-6442
-5345
-4168
-3259
-2603
-2044
-1243
146
1874
3242
3926
4263
4683
5272
5966
6566
6764
6445
5931
5617
5534
5468
5218
4707
3932
3113
2570
2400
2028
617
-1640
-3548
-4083
-3604
-3332
-4116
-5972
-7979
-8835
-7922
-6080
-4947
-5180
-5920
-6066
-5081
-3080
-763
799
1044
760
1166
2585
4423
5933
6591
6182
5192
4754
5356
6205
6177
5051
3418
1815
695
319
307
-315
-1988
-3950
-5191
-5557
-5463
-5252
-5318
-5886
-6503
-6324
-5199
-3811
-2662
-1840
-1352
-973
-143
1360
2964
3988
4442
4662
4870
5225
5837
6425
6528
6100
5548
5181
4987
4870
4693
4294
3663
3038
2603
1851
187
-1918
-3336
-3518
-3196
-3407
-4634
-6622
-8358
-8717
-7521
-5937
-5421
-6023
-6616
-6329
-5005
-2934
-771
410
338
181
1108
2919
4671
5868
6342
5959
5217
5140
5949
6654
6298
4998
3430
2053
1167
856
641
-273
-1985
-3662
-4639
-5055
-5216
-5235
-5355
-5888
-6466
-6298
-5315
-4178
-3314
-2638
-2026
-1329
-230
1268
2639
3464
3908
4293
4783
5437
6146
6553
6435
6031
5704
5552
5472
5373
5109
4544
3831
3315
3118
2507
754
-1634
-3298
-3471
-2937
-2958
-4194
-6376
-8409
-9023
-7857
-6022
-5237
-5884
-6841
-6881
-5598
-3342
-931
461
404
4
673
2498
4524
5938
6449
5960
5047
4877
5793
6759
6653
5504
3979
2503
1407
950
774
-13
-1730
-3598
-4763
-5165
-5198
-5129
-5237
-5814
-6577
-6696
-5794
-4409
-3269
-2563
-2106
-1624
-711
794
2449
3574
4048
4298
4676
5263
6000
6603
6721
6347
5884
5654
5591
5526
5317
4809
4057
3383
2968
2156
320
-1936
-3344
-3434
-3082
-3384
-4781
-6880
-8571
-8743
-7419
-5880
-5476
-6118
-6695
-6361
-4954
-2802
-638
520
466
329
1229
3078
4913
6109
6489
6049
5348
5307
6105
6770
6373
5068
3503
2109
1148
706
358
-631
-2337
-4029
-5061
-5491
-5589
-5539
-5641
-6142
-6692
-6599
-5712
-4504
-3429
-2608
-2011
-1408
-401
1108
2663
3748
4345
4711
5068
5546
6170
6734
6916
6672
6190
5763
5555
5504
5345
4867
4185
3628
2979
1518
-691
-2606
-3253
-3004
-3021
-4099
-6239
-8529
-9598
-8788
-6957
-5878
-6285
-7204
-7332
-6173
-4083
-1725
-8
411
140
601
2334
4507
6100
6839
6757
6076
5618
6130
7088
7251
6170
4532
3026
1878
1204
843
139
-1405
-3356
-4779
-5413
-5634
-5695
-5779
-6122
-6727
-7007
-6473
-5375
-4191
-3162
-2326
-1622
-756
572
2143
3432
4262
4810
5247
5681
6202
6770
7095
6996
6577
6084
5742
5648
5600
5216
4395
3510
2894
1982
208
-1940
-3340
-3597
-3511
-4005
-5487
-7601
-9218
-9217
-7734
-6188
-5937
-6751
-7291
-6623
-4728
-2328
-309
587
529
710
2006
4063
5893
6945
7169
6682
5985
5930
6602
7103
6599
5183
3519
2059
1058
536
-1
-1207
-3083
-4821
-5757
-6080
-6237
-6381
-6548
-6843
-7157
-6979
-6034
-4650
-3373
-2497
-1906
-1252
-120
1555
3289
4533
5118
5275
5475
6083
6998
7677
7713
7273
6718
6277
6056
5974
5770
5235
4526
3693
2119
-356
-2689
-3570
-3134
-2853
-3917
-6318
-9005
-10462
-9758
-7625
-6090
-6524
-7987
-8610
-7497
-5053
-2225
-82
544
143
365
2129
4666
6667
7582
7519
6751
6105
6517
7699
8256
7314
5433
3566
2136
1280
883
288
-1206
-3375
-5159
-5958
-6155
-6279
-6497
-6863
-7411
-7738
-7269
-6053
-4711
-3628
-2712
-1843
-910
373
2056
3670
4732
5320
5795
6325
6928
7501
7793
7589
7020
6412
5923
5525
5176
4775
4149
3288
2448
1763
648
-1305
-3421
-4582
-4595
-4385
-4860
-6286
-8204
-9523
-9241
-7601
-6022
-5706
-6289
-6524
-5643
-3719
-1328
750
1775
1855
2049
3159
4872
6380
7259
7408
6809
5967
5753
6229
6446
5669
4155
2554
1124
29
-601
-1104
-2130
-3809
-5407
-6293
-6586
-6596
-6454
-6406
-6694
-6993
-6598
-5313
-3685
-2288
-1363
-807
-188
1011
2787
4471
5454
5731
5719
5851
6349
7091
7620
7503
6819
6036
5522
5333
5300
5218
4809
3961
2500
245
-2230
-3721
-3596
-2897
-3254
-5257
-8074
-10224
-10441
-8718
-6564
-5891
-7076
-8430
-8221
-6124
-3113
-471
837
721
373
1307
3700
6333
7965
8257
7573
6639
6433
7304
8312
8146
6534
4390
2627
1491
892
449
-513
-2411
-4668
-6179
-6621
-6609
-6673
-6893
-7277
-7764
-7846
-6958
-5373
-3894
-2911
-2222
-1486
-414
1226
3217
4805
5542
5725
5941
6452
7168
7787
7891
7300
6394
5699
5384
5224
4921
4290
3332
2298
1526
1111
347
-1370
-3558
-4993
-5156
-4780
-4890
-5959
-7739
-9230
-9279
-7749
-5806
-4939
-5255
-5655
-5162
-3547
-1213
1068
2372
2463
2335
3082
4673
6262
7228
7491
7019
6080
5481
5659
5974
5483
4063
2330
747
-492
-1212
-1589
-2220
-3596
-5306
-6502
-6880
-6717
-6366
-6112
-6241
-6587
-6403
-5235
-3492
-1934
-940
-359
201
1238
2857
4587
5745
6110
6016
5901
6109
6664
7219
7257
6656
5776
5075
4735
4662
4637
4360
3684
2573
792
-1568
-3577
-4149
-3425
-2946
-4021
-6550
-9210
-10442
-9491
-7172
-5399
-5643
-7228
-8172
-7199
-4554
-1473
732
1242
597
526
2174
4870
7074
7950
7672
6758
5990
6205
7265
7931
7141
5145
3025
1531
754
402
-77
-1270
-3236
-5241
-6452
-6765
-6631
-6454
-6535
-7012
-7558
-7379
-6086
-4262
-2834
-2097
-1633
-888
436
2254
4083
5304
5776
5879
6085
6602
7309
7795
7591
6706
5704
5043
4737
4559
4289
3722
2742
1678
986
743
188
-1414
-3647
-5248
-5430
-4753
-4407
-5177
-6890
-8542
-8858
-7461
-5336
-4158
-4454
-5194
-5116
-3775
-1527
872
2388
2504
2026
2331
3754
5438
6538
6856
6421
5407
4583
4633
5175
5154
4080
2432
808
-507
-1307
-1600
-1923
-2955
-4549
-5794
-6178
-5977
-5555
-5148
-5087
-5487
-5706
-4947
-3329
-1657
-494
148
510
1027
2157
3792
5194
5754
5602
5351
5474
5992
6567
6744
6318
5495
4725
4352
4341
4393
4212
3712
3051
2138
440
-1863
-3605
-3782
-2975
-2744
-4008
-6469
-8925
-9880
-8700
-6390
-4975
-5552
-7082
-7736
-6537
-3880
-964
898
1032
218
232
1973
4569
6512
7140
6727
5756
5025
5324
6410
7021
6251
4494
2640
1212
435
221
-47
-1171
-3171
-5061
-5960
-5967
-5689
-5547
-5719
-6289
-6917
-6758
-5468
-3655
-2246
-1521
-1162
-698
366
2181
4122
5268
5381
5116
5196
5832
6715
7257
6971
5955
4850
4252
4184
4251
4016
3306
2315
1487
1099
1135
1015
-156
-2363
-4444
-5043
-4206
-3252
-3466
-5137
-7385
-8664
-7968
-5716
-3701
-3415
-4466
-5302
-4724
-2749
-180
1806
2281
1493
905
1647
3453
5188
6043
5855
4789
3657
3470
4284
5022
4636
3240
1555
141
-661
-796
-702
-1185
-2515
-4014
-4889
-4983
-4603
-4148
-3985
-4328
-4796
-4673
-3725
-2383
-1221
-443
-28
217
650
1583
2835
3923
4475
4515
4348
4349
4719
5218
5414
5136
4592
4088
3790
3763
3868
3846
3568
3228
2871
1776
-388
-2643
-3435
-2576
-1533
-1833
-3893
-6867
-9032
-8870
-6557
-4212
-3983
-5730
-7436
-7377
-5373
-2428
-25
623
-331
-1174
-326
2052
4481
5793
5837
4974
3957
3845
5018
6472
6717
5440
3569
2019
1141
891
917
514
-828
-2655
-4005
-4478
-4431
-4320
-4333
-4652
-5306
-5741
-5292
-4033
-2751
-2024
-1747
-1534
-999
133
1717
3126
3787
3779
3698
3998
4671
5364
5644
5308
4591
3968
3769
3865
3949
3796
3313
2688
2184
1989
2050
2059
1308
-512
-2603
-3552
-2967
-1992
-2048
-3588
-5953
-7774
-7801
-5991
-3888
-3344
-4484
-5853
-6035
-4730
-2508
-396
515
24
-691
-309
1272
3097
4324
4697
4232
3389
3078
3745
4761
5078
4383
3195
2020
1119
682
719
704
-12
-1330
-2531
-3221
-3473
-3407
-3167
-3174
-3757
-4461
-4546
-3852
-2878
-2108
-1677
-1565
-1493
-956
223
1565
2457
2739
2714
2784
3216
3973
4690
5002
4893
4649
4526
4615
4827
4950
4905
4755
4677
4568
3727
1757
-586
-1821
-1444
-524
-613
-2498
-5632
-8389
-9044
-7378
-5078
-4404
-5883
-7972
-8811
-7653
-5050
-2337
-1037
-1617
-2715
-2452
-367
2369
4372
5121
4757
3893
3656
4693
6384
7368
6976
5699
4288
3273
2869
2940
2877
1953
142
-1725
-2912
-3367
-3445
-3516
-3918
-4944
-6182
-6697
-6063
-4861
-3929
-3590
-3643
-3657
-3032
-1500
372
1719
2202
2254
2510
3306
4513
5586
5955
5597
5037
4831
5061
5468
5685
5425
4754
4064
3704
3654
3685
3663
3031
1244
-1185
-2780
-2653
-1672
-1384
-2629
-5138
-7711
-8788
-7714
-5558
-4418
-5253
-7073
-8177
-7542
-5326
-2626
-948
-1069
-2043
-2105
-505
1962
4020
5038
4959
4189
3750
4465
5982
7016
6770
5633
4325
3297
2761
2710
2729
2068
497
-1350
-2720
-3356
-3488
-3524
-3912
-4921
-6131
-6767
-6482
-5651
-4874
-4423
-4235
-4023
-3356
-2068
-501
771
1481
1863
2301
3103
4251
5362
5998
6055
5861
5818
6066
6495
6823
6765
6336
5797
5416
5251
5106
4333
2424
-62
-1717
-1843
-1264
-1410
-3050
-5825
-8519
-9610
-8557
-6590
-5832
-7050
-8966
-9796
-8768
-6339
-3646
-2091
-2251
-3016
-2629
-507
2282
4438
5488
5567
5169
5135
6081
7636
8663
8458
7318
5925
4781
4120
3943
3741
2763
869
-1197
-2674
-3416
-3699
-3944
-4607
-5944
-7452
-8165
-7698
-6619
-5778
-5501
-5545
-5441
-4650
-3016
-1035
510
1251
1607
2251
3478
5019
6283
6875
6780
6410
6273
6577
7078
7252
6797
5926
5091
4586
4408
4400
4353
4048
3173
1367
-1089
-3055
-3458
-2570
-1872
-2769
-5367
-8460
-10206
-9538
-7169
-5223
-5456
-7429
-9126
-8843
-6462
-3219
-833
-413
-1429
-2005
-726
2041
4795
6358
6506
5681
4887
5209
6694
8184
8435
7323
5603
4020
3022
2729
2765
2301
796
-1351
-3218
-4302
-4692
-4721
-4810
-5464
-6749
-7933
-8120
-7184
-5812
-4762
-4375
-4505
-4521
-3631
-1658
602
2089
2544
2580
2984
4084
5623
6944
7389
6941
6201
5816
6033
6595
6926
6538
5523
4454
3823
3653
3718
3677
3273
2293
541
-1603
-3228
-3541
-2846
-2373
-3222
-5460
-8063
-9550
-9022
-6975
-5131
-5035
-6510
-7975
-7878
-5863
-2874
-481
113
-777
-1473
-557
1864
4407
5881
6011
5250
4530
4738
5950
7216
7459
6501
5002
3671
2809
2422
2264
1800
553
-1289
-2956
-3953
-4345
-4413
-4481
-5068
-6328
-7498
-7549
-6465
-5181
-4462
-4350
-4505
-4349
-3309
-1407
579
1785
2156
2257
2768
3970
5572
6817
7153
6731
6240
6214
6664
7240
7408
6859
5781
4780
4282
4211
4242
4062
3529
2367
387
-1939
-3572
-3733
-2907
-2488
-3581
-6094
-8778
-9977
-8919
-6509
-4863
-5379
-7316
-8704
-8147
-5692
-2593
-520
-468
-1662
-2118
-637
2187
4759
5965
5718
4717
4127
4798
6437
7786
7731
6363
4605
3296
2758
2806
2854
2184
533
-1471
-2991
-3712
-3838
-3759
-3850
-4576
-5907
-7033
-7117
-6179
-5025
-4366
-4272
-4480
-4442
-3526
-1669
347
1556
1890
2034
2596
3744
5167
6280
6585
6223
5816
5758
6031
6343
6388
5916
5060
4259
3773
3505
3294
3080
2762
2286
1806
1299
219
-1568
-3156
-3453
-2672
-2116
-2805
-4749
-7127
-8602
-8116
-6039
-4280
-4501
-6296
-7848
-7771
-5958
-3279
-1089
-626
-1742
-2669
-1837
516
2876
4129
4165
3397
2679
3028
4561
6159
6586
5747
4491
3518
3068
3158
3482
3351
2206
456
-965
-1669
-1920
-2055
-2237
-2803
-3987
-5261
-5755
-5311
-4590
-4133
-3945
-3940
-4015
-3740
-2784
-1429
-305
340
704
1038
1633
2642
3817
4615
4806
4658
4503
4554
4866
5237
5271
4831
4215
3732
3507
3577
3823
3886
3506
2904
2513
2474
2255
1225
-514
-2028
-2400
-1817
-1385
-2120
-4152
-6584
-7961
-7392
-5512
-4253
-4901
-6791
-8266
-8120
-6362
-3953
-2353
-2508
-3722
-4244
-3051
-737
1391
2563
2726
2326
2219
3067
4690
6107
6550
6098
5272
4550
4194
4286
4538
4327
3245
1723
449
-317
-749
-989
-1194
-1834
-3097
-4350
-4821
-4480
-3947
-3692
-3853
-4381
-4838
-4520
-3245
-1733
-832
-659
-702
-390
629
2184
3613
4228
4046
3721
3855
4514
5340
5814
5652
5062
4534
4387
4489
4605
4512
4094
3454
2945
2785
2832
2811
2261
779
-1328
-2854
-2905
-2093
-1876
-3084
-5393
-7727
-8782
-7896
-5948
-4904
-5795
-7667
-8820
-8315
-6318
-3789
-2148
-2241
-3289
-3561
-2171
215
2394
3618
3725
3106
2768
3552
5214
6598
6854
6177
5170
4351
4012
4210
4547
4257
3058
1457
154
-568
-825
-877
-1105
-1959
-3335
-4497
-4801
-4362
-3833
-3592
-3740
-4127
-4362
-3975
-2949
-1853
-1075
-610
-349
-88
585
1823
3040
3611
3663
3703
3897
4214
4699
5140
5122
4613
4084
3836
3812
3887
3925
3662
3077
2568
2406
2395
2345
2171
1344
-476
-2503
-3306
-2642
-1778
-1996
-3624
-6116
-8214
-8463
-6611
-4415
-4048
-5724
-7775
-8469
-7230
-4674
-2252
-1540
-2742
-4182
-3965
-1826
868
2672
3088
2451
1678
1887
3431
5460
6549
6194
5098
4228
3986
4259
4824
5154
4601
3196
1788
1051
910
972
1010
665
-384
-1786
-2658
-2521
-1929
-1677
-2073
-2892
-3680
-3932
-3312
-2239
-1575
-1736
-2300
-2529
-2022
-904
296
919
805
462
491
1122
2087
2891
3088
2684
2229
2201
2620
3162
3524
3541
3243
2930
2921
3189
3440
3486
3370
3180
2822
1999
675
-676
-1222
-816
-360
-925
-2734
-4983
-6558
-6673
-5408
-4066
-4204
-6008
-8005
-8531
-7289
-5159
-3438
-3148
-4249
-5392
-5010
-2962
-542
1019
1408
1018
656
1232
3002
5093
6288
6271
5681
5270
5364
5957
6757
7134
6573
5315
4137
3506
3263
3067
2687
1873
494
-1065
-2098
-2318
-2194
-2386
-3161
-4349
-5484
-5987
-5499
-4453
-3790
-4073
-4929
-5418
-4877
-3372
-1588
-469
-383
-759
-597
528
2175
3588
4137
3775
3102
2988
3736
4877
5692
5708
4999
4116
3747
4083
4658
4882
4546
3784
2899
1969
931
-214
-1099
-1317
-1217
-1625
-3007
-4920
-6521
-7067
-6337
-5032
-4618
-5824
-7665
-8477
-7595
-5702
-3903
-3175
-3814
-4887
-4787
-2898
-306
1496
2043
1748
1352
1725
3308
5431
6734
6665
5858
5190
5067
5477
6132
6441
5912
4700
3440
2607
2253
2139
1927
1271
69
-1313
-2256
-2473
-2296
-2295
-2702
-3416
-4174
-4687
-4663
-4111
-3489
-3275
-3517
-3802
-3713
-3108
-2146
-1200
-661
-586
-641
-371
361
1338
2178
2500
2276
1896
1891
2358
2975
3379
3396
3103
2753
2666
2907
3231
3336
3161
2832
2565
2543
2801
2967
2392
1011
-364
-739
-82
652
451
-934
-2918
-4414
-4547
-3397
-2218
-2345
-3864
-5651
-6450
-5824
-4248
-2855
-2742
-3926
-5177
-5187
-3801
-1906
-455
11
-455
-1081
-802
676
2527
3686
3864
3450
2966
2887
3518
4651
5509
5444
4553
3464
2755
2680
3101
3481
3174
2008
570
-331
-419
-91
31
-406
-1408
-2600
-3353
-3303
-2817
-2640
-3119
-3883
-4392
-4436
-4071
-3538
-3133
-2998
-2939
-2673
-2204
-1644
-1022
-339
255
715
1145
1535
1850
2199
2688
3232
3602
3817
3946
4026
4150
4417
4811
5042
4922
4582
4355
4339
4165
3411
2102
893
535
943
1166
251
-1709
-3679
-4624
-4212
-3173
-2852
-3980
-5824
-6949
-6682
-5506
-4238
-3666
-4174
-5239
-5644
-4702
-3043
-1672
-992
-915
-1146
-1120
-288
1156
2331
2714
2567
2361
2311
2563
3188
3866
4070
3699
3112
2629
2396
2506
2853
2939
2385
1445
685
375
421
620
677
259
-575
-1281
-1396
-986
-528
-444
-875
-1557
-1994
-1905
-1474
-1170
-1254
-1629
-1988
-2087
-1910
-1604
-1333
-1201
-1262
-1379
-1323
-983
-543
-165
95
232
274
332
598
1086
1677
2182
2435
2472
2511
2792
3317
3869
4251
4375
4312
4091
3698
3158
2671
2535
2734
2798
2199
895
-534
-1433
-1486
-988
-808
-1615
-3227
-4697
-5288
-5045
-4480
-4248
-4812
-5999
-6932
-6804
-5734
-4579
-4009
-4116
-4577
-4781
-4134
-2666
-1161
-389
-296
-300
44
863
2035
3166
3803
3945
3962
4089
4349
4830
5526
6005
5829
5140
4516
4339
4471
4597
4420
3789
2835
1905
1337
1107
905
488
-226
-1138
-1997
-2467
-2509
-2558
-3104
-4027
-4769
-4977
-4772
-4500
-4406
-4541
-4709
-4592
-4069
-3340
-2673
-2176
-1766
-1358
-819
-72
764
1452
1937
2411
3018
3660
4204
4660
5074
5401
5579
5618
5577
5469
5332
5116
4658
3827
2813
2038
1687
1513
1028
-30
-1462
-2710
-3270
-3153
-2982
-3401
-4465
-5606
-6236
-6165
-5603
-5014
-4874
-5264
-5715
-5616
-4821
-3759
-2920
-2513
-2439
-2402
-2022
-1116
53
1016
1495
1552
1487
1659
2252
3079
3722
3966
3887
3713
3635
3768
4083
4338
4264
3806
3173
2664
2478
2514
2482
2131
1460
719
203
34
64
-43
-486
-1136
-1716
-2001
-1980
-1817
-1782
-2075
-2590
-3004
-3060
-2779
-2371
-2107
-2123
-2341
-2524
-2415
-1931
-1261
-725
-543
-683
-815
-587
171
1084
1644
1683
1507
1536
1884
2450
2976
3245
3134
2764
2452
2419
2646
2845
2707
2178
1473
878
553
539
678
647
194
-586
-1334
-1718
-1595
-1161
-921
-1227
-1967
-2659
-2860
-2502
-1875
-1497
-1647
-2138
-2517
-2444
-1954
-1347
-973
-999
-1290
-1522
-1413
-910
-269
151
181
-28
-165
-18
419
972
1361
1444
1284
1047
956
1154
1596
1951
1920
1534
1104
905
1001
1234
1368
1233
847
396
79
9
144
262
114
-304
-769
-1023
-973
-749
-635
-799
-1119
-1324
-1274
-1032
-751
-598
-578
-581
-518
-379
-182
81
342
515
580
573
591
691
889
1109
1237
1192
1045
949
984
1097
1153
1082
859
570
375
347
392
321
85
-241
-534
-711
-802
-871
-985
-1135
-1249
-1313
-1373
-1489
-1595
-1561
-1385
-1160
-992
-891
-807
-673
-458
-157
173
439
623
794
1024
1262
1435
1561
1686
1805
1888
1897
1815
1643
1451
1307
1158
889
470
44
-287
-564
-855
-1171
-1437
-1626
-1818
-2078
-2403
-2624
-2590
-2362
-2170
-2163
-2248
-2227
-2060
-1789
-1456
-1087
-732
-448
-206
72
427
840
1267
1669
1989
2186
2298
2412
2578
2743
2805
2713
2523
2326
2183
2088
1983
1787
1458
1055
675
371
119
-125
-391
-691
-1040
-1404
-1681
-1798
-1801
-1830
-1933
-2072
-2206
-2273
-2201
-1961
-1667
-1462
-1367
-1282
-1113
-839
-506
-141
203
463
662
868
1149
1449
1691
1835
1920
1989
2041
2055
2035
1996
1912
1746
1542
1358
1220
1067
836
529
195
-78
-277
-441
-633
-870
-1114
-1316
-1442
-1509
-1566
-1648
-1710
-1715
-1656
-1577
-1487
-1393
-1280
-1137
-998
-871
-732
-527
-296
-111
29
138
232
333
491
714
888
922
839
738
680
663
669
656
551
373
205
114
80
60
29
-50
-159
-259
-281
-235
-178
-156
-185
-209
-201
-158
-79
2
35
-6
-49
-35
3
51
105
153
133
51
-35
-60
-10
61
78
6
-117
-194
-172
-83
-6
16
13
-21
-83
-118
-98
-39
64
202
290
254
194
239
347
432
516
594
587
489
443
518
606
578
456
348
305
308
290
245
182
91
-30
-173
-265
-255
-196
-182
-243
-328
-376
-360
-272
-177
-156
-214
-294
-330
-297
-193
-105
-108
-193
-268
-293
-278
-223
-142
-91
-124
-192
-185
-79
20
24
-46
-110
-159
-169
-119
-60
-60
-149
-252
-302
-258
-151
-66
-63
-133
-213
-247
-191
-72
40
79
44
-11
-20
33
116
167
180
180
191
238
313
396
436
433
402
340
300
305
388
455
426
319
197
138
109
98
85
35
-77
-243
-374
-410
-389
-394
-472
-574
-628
-608
-528
-443
-418
-461
-498
-439
-267
-66
99
182
181
141
124
190
331
479
559
585
610
629
604
606
720
865
893
790
654
549
480
458
433
340
187
14
-161
-342
-472
-516
-550
-677
-880
-1021
-1001
-891
-836
-884
-953
-939
-832
-666
-492
-366
-339
-339
-244
-48
152
269
353
480
626
724
761
809
875
917
878
771
666
614
610
567
450
305
168
53
-44
-137
-253
-421
-561
-617
-590
-546
-527
-555
-644
-753
-791
-708
-579
-509
-527
-576
-596
-556
-441
-254
-76
12
11
1
76
220
389
520
611
682
723
761
809
862
902
908
870
783
707
665
597
474
347
268
192
79
-74
-214
-297
-340
-408
-521
-640
-746
-810
-799
-736
-692
-705
-739
-738
-673
-549
-425
-351
-319
-279
-214
-124
-6
115
207
283
356
418
426
405
412
442
442
384
321
290
280
254
216
199
219
236
195
130
89
76
52
40
71
95
65
21
0
-10
-14
3
46
64
51
46
61
90
103
106
110
131
155
155
120
59
10
-51
-129
-204
-233
-229
-265
-348
-393
-365
-362
-446
-541
-548
-485
-424
-371
-301
-221
-188
-201
-199
-109
35
135
176
227
364
533
631
641
614
597
592
612
654
655
584
472
349
227
137
106
74
-26
-175
-294
-375
-460
-549
-615
-662
-746
-872
-961
-971
-936
-919
-911
-865
-802
-751
-691
-550
-363
-202
-72
44
171
319
520
723
851
932
1066
1254
1412
1493
1552
1613
1655
1651
1579
1466
1312
1137
947
760
587
432
276
96
-121
-357
-605
-853
-1072
-1231
-1367
-1527
-1694
-1808
-1829
-1785
-1719
-1665
-1620
-1537
-1425
-1307
-1178
-1012
-791
-566
-345
-117
140
385
567
710
863
1046
1230
1408
1573
1665
1664
1606
1560
1545
1506
1399
1214
1020
865
716
478
159
-137
-355
-553
-772
-974
-1133
-1309
-1500
-1643
-1690
-1694
-1713
-1716
-1669
-1566
-1441
-1310
-1171
-1026
-877
-713
-513
-255
54
349
585
777
942
1115
1306
1507
1651
1708
1742
1766
1779
1797
1839
1839
1708
1514
1356
1240
1133
1014
843
588
298
35
-199
-440
-657
-844
-1030
-1233
-1413
-1524
-1578
-1603
-1629
-1662
-1679
-1650
-1557
-1407
-1244
-1089
-968
-845
-684
-457
-180
88
302
450
569
687
835
1006
1134
1193
1228
1276
1292
1252
1200
1172
1129
1064
975
840
656
450
264
102
-25
-149
-311
-510
-705
-857
-947
-943
-891
-900
-980
-1069
-1128
-1165
-1145
-1042
-922
-825
-719
-590
-461
-316
-124
69
174
209
269
386
537
689
806
874
886
863
834
824
848
869
847
764
608
424
337
362
373
249
44
-126
-240
-318
-378
-402
-410
-447
-558
-708
-799
-774
-672
-590
-549
-542
-547
-536
-482
-369
-249
-172
-146
-135
-74
33
163
277
352
379
372
365
375
403
437
476
496
484
479
470
458
426
397
362
291
223
203
192
90
-56
-128
-99
-58
-67
-124
-211
-287
-283
-208
-159
-198
-272
-291
-271
-268
-263
-217
-155
-121
-111
-94
-84
-80
-69
-44
-34
-26
-4
32
35
-2
-19
-20
-27
-10
74
171
191
143
132
165
196
209
237
286
318
286
198
141
150
200
237
254
253
205
119
27
-54
-130
-204
-270
-331
-373
-392
-394
-389
-394
-414
-438
-443
-400
-326
-260
-224
-207
-163
-102
-59
-24
30
91
122
112
129
183
252
273
244
244
297
353
367
380
413
433
379
292
254
259
254
193
136
135
149
91
-33
-128
-161
-192
-255
-301
-338
-375
-427
-456
-466
-459
-415
-341
-270
-238
-231
-231
-212
-166
-70
50
132
180
224
262
278
304
374
407
345
253
223
252
290
303
274
198
130
109
87
8
-70
-76
-44
-74
-194
-301
-323
-295
-314
-362
-367
-310
-264
-272
-290
-301
-299
-269
-206
-157
-129
-112
-81
-70
-87
-66
-25
3
7
30
107
163
170
159
166
180
175
175
192
194
172
139
113
81
40
23
48
87
99
90
78
45
-19
-46
-4
62
69
25
15
30
25
-13
-22
-1
5
-2
3
14
4
4
43
83
109
144
198
227
176
117
109
162
225
267
300
335
365
365
342
317
308
298
284
275
260
215
117
19
-37
-64
-128
-226
-278
-272
-262
-314
-410
-496
-539
-556
-584
-605
-592
-551
-539
-569
-590
-564
-488
-421
-397
-372
-276
-138
-55
-50
-26
68
151
193
224
290
337
344
361
405
446
453
444
430
407
386
373
361
334
286
224
188
191
182
100
-16
-106
-190
-277
-335
-323
-302
-349
-391
-363
-315
-327
-366
-317
-201
-111
-79
-84
-84
-28
81
208
280
284
277
298
389
489
533
527
492
462
454
451
455
436
405
368
316
271
224
168
99
37
-28
-111
-188
-231
-259
-330
-422
-465
-475
-512
-569
-582
-540
-511
-503
-527
-569
-607
-596
-520
-439
-384
-347
-306
-242
-173
-123
-91
-39
28
80
112
157
232
292
323
362
400
411
373
335
331
333
328
322
325
328
316
275
217
194
223
264
251
189
128
75
17
-43
-102
-148
-190
-215
-237
-256
-272
-281
-284
-291
-307
-334
-344
-299
-213
-161
-174
-214
-214
-161
-78
0
46
59
75
123
179
237
313
389
439
456
465
478
500
535
555
536
487
410
319
265
266
271
189
49
-65
-118
-149
-202
-271
-337
-394
-452
-482
-475
-467
-502
-572
-592
-535
-449
-388
-355
-306
-256
-190
-83
9
33
7
17
90
165
241
304
354
405
443
435
385
376
432
491
478
407
331
276
249
214
151
63
-39
-129
-191
-222
-266
-342
-391
-393
-368
-367
-404
-479
-557
-566
-501
-433
-397
-374
-325
-239
-142
-83
-56
0
92
159
160
167
209
249
277
295
313
293
253
216
196
205
256
299
258
160
84
69
50
-5
-79
-152
-215
-271
-278
-223
-160
-157
-203
-217
-160
-75
-12
36
82
118
123
108
108
149
209
252
268
260
254
263
257
218
178
176
172
96
-3
-49
-33
-24
-58
-94
-111
-127
-166
-240
-284
-290
-273
-241
-222
-239
-304
-334
-283
-213
-185
-180
-153
-95
-42
-23
-14
46
166
239
196
120
123
214
294
319
289
249
226
210
206
222
252
267
259
219
150
85
67
89
80
24
-31
-38
-2
18
-27
-125
-202
-219
-167
-108
-73
-86
-135
-177
-196
-164
-129
-117
-120
-83
-30
-6
-6
-15
-21
-21
0
14
10
0
26
71
95
97
88
79
63
62
88
98
74
41
50
91
153
201
185
116
63
73
80
62
58
69
24
-47
-72
-53
-66
-124
-167
-186
-194
-210
-252
-314
-348
-331
-317
-337
-345
-291
-229
-232
-258
-227
-124
-14
49
66
59
64
93
128
178
242
297
329
362
400
391
354
350
372
348
246
169
189
254
249
149
43
-7
-28
-71
-130
-184
-241
-313
-376
-424
-446
-445
-430
-431
-458
-473
-466
-454
-436
-384
-304
-238
-174
-87
11
76
94
107
148
220
291
336
352
373
397
417
425
420
410
388
365
303
206
147
161
189
170
108
34
-50
-118
-157
-174
-191
-241
-312
-352
-321
-243
-175
-132
-115
-112
-91
-47
1
48
99
114
110
144
212
244
217
214
281
349
368
354
344
327
268
198
158
137
114
79
30
-28
-77
-96
-99
-99
-96
-101
-138
-181
-193
-177
-178
-236
-314
-359
-338
-279
-237
-212
-194
-153
-113
-89
-81
-81
-73
-69
-57
-36
-21
4
61
113
104
48
23
39
49
34
30
43
49
21
-27
-72
-99
-96
-77
-67
-74
-86
-99
-121
-137
-111
-51
7
30
34
34
27
27
38
49
39
55
118
189
220
192
166
168
179
152
95
58
75
93
81
59
31
2
-41
-72
-111
-154
-167
-144
-114
-99
-61
-13
42
82
97
80
40
4
-25
-29
5
56
78
60
34
56
126
189
207
205
212
194
144
131
154
139
64
-26
-98
-172
-229
-229
-205
-203
-225
-232
-227
-241
-261
-251
-213
-183
-167
-154
-137
-123
-106
-70
-28
19
73
125
163
182
196
204
215
241
267
277
286
313
322
288
258
264
255
184
93
11
-60
-132
-185
-229
-259
-266
-275
-322
-408
-463
-457
-393
-310
-247
-246
-293
-319
-281
-204
-133
-74
-46
-28
28
149
251
287
316
384
442
425
373
368
418
454
413
344
323
328
316
280
237
154
39
-39
-76
-114
-182
-257
-289
-290
-298
-357
-420
-422
-388
-374
-383
-377
-335
-301
-292
-298
-292
-252
-195
-115
-13
84
136
146
167
214
263
311
359
408
424
424
425
427
433
428
413
382
327
270
233
212
191
134
67
3
-46
-81
-110
-129
-167
-219
-285
-323
-336
-356
-404
-457
-482
-480
-459
-400
-310
-246
-259
-302
-278
-188
-113
-103
-99
-72
-35
-37
-65
-66
12
143
228
229
196
205
252
296
286
249
228
216
173
110
97
120
122
100
109
121
103
72
44
4
-39
-32
2
8
-21
-34
-46
-65
-91
-118
-157
-170
-126
-69
-49
-61
-56
-46
-42
-36
0
57
94
90
49
28
32
63
119
165
186
184
214
247
223
174
178
238
276
280
258
226
179
136
108
74
34
-23
-73
-99
-95
-98
-137
-174
-178
-161
-186
-255
-325
-342
-315
-288
-286
-296
-286
-271
-247
-209
-193
-190
-158
-68
4
4
-8
14
47
59
75
110
137
150
162
163
127
84
64
77
89
88
70
50
52
77
78
43
7
-10
-28
-61
-84
-83
-68
-64
-90
-135
-139
-68
8
2
-74
-141
-149
-119
-67
-8
34
49
37
37
51
67
62
77
124
160
146
106
98
121
124
81
39
49
88
98
82
61
36
12
7
16
28
43
44
-2
-44
-34
-1
-12
-50
-58
-40
-55
-91
-94
-55
-6
5
4
1
-6
-14
-22
-14
5
-1
-25
-40
-4
46
67
73
87
103
108
128
146
136
93
62
55
51
48
49
58
60
35
0
-34
-42
-30
10
38
4
-88
-165
-154
-109
-109
-157
-182
-169
-162
-173
-182
-172
-139
-101
-103
-149
-150
-71
-8
10
13
26
27
27
71
115
134
111
68
37
36
68
77
48
17
16
38
73
95
88
50
