19
6
-25
-12
10
23
6
0
38
53
53
21
-4
6
17
47
66
73
54
19
5
-21
-73
-105
-76
-4
31
22
-17
-65
-47
5
37
-30
-104
-80
2
53
16
-40
-52
1
80
99
29
-35
-27
14
26
11
-6
-21
1
75
150
180
130
39
-25
4
54
47
25
52
111
84
32
17
47
86
103
91
10
-69
-79
-39
-23
-35
-38
-28
-40
-19
38
78
54
-5
-25
-25
-8
14
19
-1
-22
2
41
21
-39
-73
-52
-29
-25
-25
-21
-24
-37
-15
3
4
-12
-34
-52
-66
-62
-62
-53
-25
-9
-18
-28
-27
-34
-37
-30
-18
-15
23
77
119
122
78
16
-41
-42
-21
5
10
-18
-73
-100
-38
41
51
16
-12
-12
-37
-79
-112
-108
-77
-62
-74
-82
-53
-26
-33
-47
-3
64
60
-26
-109
-115
-74
-40
-10
37
55
20
-45
-55
-5
42
71
70
48
5
-31
-23
4
34
22
-19
-35
-15
7
10
16
27
-23
-92
-103
-51
11
27
32
26
28
53
76
31
-50
-100
-88
-57
-30
19
64
53
3
-18
-5
11
13
27
66
100
135
150
170
182
176
144
96
53
28
35
57
68
67
52
35
24
8
-4
-39
-40
-10
36
58
56
50
41
8
-27
-55
-78
-73
-36
5
-8
-50
-53
-2
24
-1
-21
15
76
79
10
-44
-64
-88
-123
-127
-65
-5
19
19
8
-17
-39
-27
8
6
-45
-57
-14
23
16
24
83
124
104
56
10
-27
-28
9
67
90
55
-24
-77
-48
11
23
-28
-72
-65
-21
5
-4
-30
-23
-12
-9
-31
-63
-79
-66
-12
33
54
20
-51
-123
-130
-56
-10
-21
-45
-55
-86
-144
-149
-110
-73
-36
7
15
-31
-30
-8
-33
-73
-67
-17
7
12
12
-28
-54
-15
80
133
102
41
15
23
13
-14
-25
-22
-10
43
131
171
116
58
64
72
-6
-104
-91
5
93
108
87
76
86
100
88
56
13
-13
-24
-25
-52
-94
-82
-20
36
47
48
35
3
-34
-28
19
54
57
23
5
33
65
26
-48
-70
-10
38
14
-26
-39
-22
-35
-71
-89
-70
-40
-11
8
-16
-56
-80
-36
13
35
31
21
27
65
129
161
141
103
78
37
4
-5
13
24
19
21
14
-8
-37
-30
12
31
-2
-39
-14
46
74
22
-76
-132
-103
-19
-3
-43
-44
33
76
-14
-114
-112
-57
-72
-99
-49
19
17
-37
-37
5
52
75
68
44
37
43
34
26
27
25
-21
-43
2
31
-21
-70
-42
16
20
4
3
-14
-37
-45
-47
-41
-36
-13
2
-5
-20
-60
-66
-33
7
22
-23
-77
-113
-107
-57
-27
-6
11
10
-1
-36
-61
-71
-55
-28
-15
-5
-31
-59
-57
9
54
19
-35
-24
53
104
111
93
84
91
97
97
64
17
24
47
45
2
-10
30
53
81
75
80
84
93
73
29
31
61
82
55
43
39
65
77
28
-30
-37
21
11
-74
-95
-41
3
-12
2
48
31
-57
-107
-70
-14
-27
-84
-102
-79
-57
-74
-94
-94
-85
-90
-86
-80
-82
-81
-75
-50
-42
-40
-39
-13
26
41
24
3
-6
-26
-37
-21
4
-19
-72
-77
-37
2
36
70
105
95
86
134
184
187
141
135
153
134
93
72
67
23
-29
-20
62
121
110
59
50
75
69
40
20
-1
-25
-25
2
-14
-53
-39
17
47
21
-24
-64
-85
-80
-90
-123
-151
-183
-210
-217
-188
-156
-188
-256
-317
-314
-239
-171
-141
-128
-141
-193
-246
-227
-138
-98
-80
-42
24
58
37
27
53
110
169
189
149
62
2
32
111
175
195
210
236
250
263
282
320
364
411
417
385
390
441
481
479
480
542
579
548
526
579
671
679
633
622
632
607
522
407
245
19
-250
-571
-902
-1181
-1376
-1542
-1685
-1742
-1722
-1675
-1604
-1460
-1249
-1042
-856
-670
-498
-367
-267
-149
51
305
562
773
966
1193
1390
1445
1358
1196
1012
745
379
-9
-415
-842
-1272
-1618
-1838
-1955
-1970
-1890
-1727
-1486
-1154
-757
-347
39
381
716
1057
1396
1703
1929
2108
2260
2333
2296
2180
2073
1960
1773
1535
1330
1189
1045
835
598
429
335
294
266
229
182
134
165
292
429
441
268
-48
-443
-909
-1455
-2063
-2654
-3112
-3380
-3442
-3301
-3017
-2614
-2118
-1531
-920
-343
194
663
1004
1187
1258
1302
1376
1469
1524
1516
1475
1408
1290
1058
699
231
-305
-890
-1527
-2178
-2727
-3052
-3114
-2959
-2598
-2030
-1291
-473
333
1060
1615
1939
2017
1926
1773
1666
1579
1415
1232
1132
1117
1061
947
844
741
571
356
143
-112
-459
-810
-978
-923
-725
-461
-171
89
294
500
769
1117
1506
1848
2079
2225
2433
2691
2890
3000
2998
2769
2142
1200
118
-1042
-2287
-3523
-4602
-5439
-5955
-6041
-5670
-4955
-4040
-3003
-1910
-843
97
874
1480
1934
2262
2512
2744
2955
3110
3176
3138
2984
2645
2107
1330
302
-886
-2100
-3172
-4062
-4721
-5011
-4865
-4320
-3449
-2340
-1089
142
1227
2066
2604
2881
2993
2953
2735
2378
2000
1692
1451
1259
1067
803
448
58
-322
-693
-959
-1076
-1101
-1148
-1150
-959
-573
-96
385
853
1263
1552
1743
1927
2092
2145
2126
2156
2236
2236
2159
2151
2227
2231
1941
1206
21
-1442
-2935
-4226
-5184
-5750
-5986
-5915
-5426
-4442
-3071
-1590
-277
770
1637
2390
2939
3125
2961
2562
2140
1917
1925
1910
1579
992
337
-310
-995
-1741
-2515
-3315
-4024
-4416
-4323
-3740
-2773
-1571
-282
955
2095
3073
3698
3873
3637
3142
2481
1710
915
162
-467
-934
-1232
-1377
-1444
-1510
-1544
-1441
-1144
-730
-280
198
707
1184
1547
1802
1994
2033
1815
1407
1065
914
893
935
1067
1362
1691
1925
2058
2168
2216
2135
1936
1682
1342
806
-12
-1206
-2611
-3900
-4815
-5285
-5361
-5046
-4451
-3666
-2690
-1589
-503
423
1114
1542
1756
1912
2071
2132
2020
1838
1695
1551
1272
756
23
-870
-1814
-2621
-3210
-3558
-3647
-3386
-2769
-1899
-858
231
1194
1902
2397
2720
2825
2631
2182
1607
1029
532
101
-299
-713
-1077
-1287
-1344
-1341
-1318
-1200
-956
-577
-81
533
1173
1710
2100
2310
2381
2251
1893
1343
738
224
-159
-352
-312
-26
408
909
1429
1877
2133
2157
2107
2066
1982
1794
1615
1592
1567
1161
131
-1428
-3168
-4775
-6021
-6753
-6937
-6578
-5683
-4236
-2313
-244
1583
2999
4034
4695
4875
4598
4047
3352
2500
1578
783
143
-549
-1505
-2617
-3664
-4552
-5208
-5552
-5402
-4721
-3591
-2032
-167
1775
3487
4769
5552
5795
5525
4805
3659
2197
686
-597
-1557
-2278
-2794
-3055
-3039
-2863
-2558
-2068
-1381
-666
-37
673
1522
2306
2734
2796
2598
2185
1568
800
-16
-761
-1246
-1281
-784
117
1127
2017
2619
2903
2936
2814
2614
2299
1905
1553
1405
1373
1127
289
-1218
-3103
-4970
-6481
-7451
-7800
-7512
-6595
-4996
-2704
-63
2332
4019
5022
5530
5542
4966
3970
2799
1548
338
-575
-1079
-1528
-2249
-3152
-3903
-4366
-4612
-4625
-4276
-3412
-2028
-206
1784
3595
4905
5603
5789
5539
4838
3655
2121
499
-937
-1975
-2577
-2885
-3044
-3055
-2823
-2306
-1546
-652
218
1000
1759
2478
3004
3183
2976
2423
1596
628
-347
-1278
-2021
-2425
-2386
-1841
-857
355
1493
2379
3013
3348
3382
3176
2816
2366
1942
1708
1769
1873
1506
300
-1682
-3973
-6080
-7601
-8287
-8064
-7076
-5469
-3321
-651
2160
4390
5608
6007
5921
5362
4266
2963
1814
747
-305
-1109
-1570
-2053
-3020
-4275
-5251
-5655
-5469
-4833
-3690
-1979
148
2406
4407
5783
6305
5967
5019
3730
2289
850
-492
-1655
-2516
-2926
-2927
-2788
-2743
-2740
-2570
-2094
-1284
-175
1072
2180
3072
3774
4252
4244
3477
1989
121
-1539
-2581
-2993
-2912
-2405
-1461
-221
1035
2113
2848
3148
3010
2616
2199
1866
1675
1621
1702
1932
2229
2161
1156
-925
-3626
-6249
-8235
-9099
-8568
-6921
-4724
-2362
251
3022
5278
6266
5946
4999
3942
2883
1829
953
242
-464
-1195
-1819
-2424
-3347
-4537
-5511
-5765
-5282
-4116
-2280
13
2349
4414
6008
6744
6310
4922
3150
1432
-12
-1050
-1632
-1865
-1867
-1668
-1379
-1252
-1463
-1980
-2422
-2346
-1594
-314
1201
2724
3957
4585
4498
3714
2311
508
-1302
-2654
-3257
-3053
-2289
-1282
-181
914
1839
2340
2442
2288
2016
1735
1558
1659
1971
2245
2328
2304
2302
1996
826
-1440
-4417
-7221
-9006
-9361
-8328
-6267
-3722
-1165
1177
3346
5041
5693
5195
4104
3060
2315
1862
1652
1416
782
-270
-1468
-2641
-3941
-5355
-6403
-6459
-5337
-3348
-936
1523
3701
5267
6004
5832
4758
2978
1098
-281
-954
-1097
-917
-637
-626
-935
-1309
-1672
-2120
-2560
-2545
-1776
-333
1503
3327
4673
5199
4801
3628
1955
57
-1668
-2858
-3298
-2992
-2150
-1010
128
894
1153
1050
942
969
1093
1381
1855
2410
2888
3205
3295
3101
2704
2253
1567
270
-1785
-4321
-6705
-8215
-8378
-7240
-5258
-3013
-955
745
2194
3427
4128
4039
3415
2807
2530
2441
2207
1547
317
-1336
-2994
-4299
-5314
-6087
-6270
-5358
-3464
-1128
1250
3330
4729
5195
4901
4108
2893
1475
279
-446
-760
-802
-655
-527
-859
-1712
-2607
-3023
-2904
-2495
-1712
-338
1496
3247
4411
4756
4318
3233
1729
182
-1007
-1645
-1808
-1627
-1153
-483
117
407
407
336
374
653
1203
1987
2736
3232
3471
3552
3515
3213
2590
1806
1035
10
-1695
-4127
-6651
-8351
-8706
-7785
-6019
-3890
-1725
255
2028
3526
4427
4552
4060
3424
2931
2589
2229
1580
345
-1395
-3204
-4636
-5554
-6022
-5956
-5183
-3569
-1174
1559
3838
5070
5255
4778
3934
2757
1453
401
-194
-378
-431
-586
-1046
-1873
-2707
-3199
-3215
-2832
-2034
-697
1006
2711
4056
4799
4718
3727
2125
438
-836
-1487
-1636
-1488
-1134
-570
15
265
130
-174
-345
-267
96
786
1741
2811
3626
3929
3703
3153
2501
1897
1492
1238
778
-430
-2564
-5179
-7390
-8459
-8159
-6656
-4497
-2255
-292
1417
2963
4103
4487
4099
3364
2770
2511
2360
1907
860
-749
-2476
-3934
-4977
-5667
-5969
-5492
-4054
-1821
721
2936
4363
4823
4553
3849
2843
1666
588
-156
-520
-584
-599
-857
-1528
-2425
-3049
-3142
-2739
-2037
-1007
451
2193
3800
4757
4887
4150
2826
1283
-7
-773
-1103
-1133
-1003
-712
-300
4
55
-159
-365
-251
243
1032
1853
2537
3006
3223
3170
2875
2439
1968
1584
1393
1212
370
-1649
-4515
-7234
-8860
-8907
-7357
-4785
-2131
5
1552
2828
3874
4375
4136
3441
2912
2711
2612
2343
1568
-70
-2343
-4454
-5766
-6326
-6348
-5558
-3780
-1246
1412
3541
4750
4833
4066
2967
1921
1011
308
-40
-39
14
-215
-888
-1974
-3211
-4144
-4369
-3843
-2632
-868
1280
3299
4617
5029
4574
3518
2109
785
-46
-400
-538
-643
-656
-625
-728
-912
-976
-822
-465
243
1298
2362
3078
3338
3290
2996
2613
2347
2224
2162
2089
1945
1173
-833
-4025
-7392
-9633
-10050
-8559
-5678
-2317
515
2376
3531
4217
4243
3572
2750
2391
2583
2997
3216
2687
919
-1902
-4816
-6893
-7864
-7740
-6415
-3962
-977
1892
4247
5667
5736
4650
3253
2182
1383
739
378
315
214
-281
-1264
-2735
-4461
-5726
-5748
-4511
-2580
-421
1844
3846
5018
5211
4678
3643
2313
1184
688
706
749
522
-20
-792
-1584
-2092
-2075
-1556
-678
480
1722
2749
3293
3384
3183
2765
2318
2105
2209
2454
2602
2551
2076
624
-2078
-5540
-8571
-10066
-9581
-7303
-4006
-864
1169
2086
2535
2873
2869
2611
2666
3260
4040
4485
4225
2765
-117
-3657
-6461
-7773
-7752
-6713
-4792
-2258
258
2252
3450
3752
3321
2616
2106
1998
2179
2393
2347
1743
463
-1261
-3018
-4561
-5668
-5835
-4749
-2833
-847
939
2486
3465
3750
3757
3847
3721
3183
2523
2015
1466
617
-396
-1365
-2206
-2739
-2695
-1948
-718
634
1873
2819
3346
3412
3177
2874
2653
2635
2861
3166
3239
2799
1520
-1061
-4757
-8470
-10693
-10700
-8634
-5151
-1552
850
1720
1919
2191
2445
2560
2960
3928
5114
5869
5639
4051
899
-3117
-6560
-8341
-8480
-7534
-5661
-3083
-577
1103
1932
2273
2341
2428
2972
3956
4733
4784
4116
2913
1075
-1266
-3467
-5048
-5973
-6171
-5307
-3552
-1725
-385
586
1387
1993
2625
3558
4552
4972
4597
3769
2716
1407
-25
-1226
-1953
-2165
-1879
-1215
-485
94
659
1359
1991
2384
2588
2777
2937
3080
3333
3577
3568
3194
2340
536
-2586
-6493
-9672
-10725
-9365
-6326
-3045
-824
-102
-183
58
1005
2297
3672
5094
6298
6801
6311
4747
1865
-2057
-5656
-7603
-7798
-7034
-5768
-4136
-2552
-1435
-692
100
1028
2051
3329
4906
6217
6464
5561
3903
1835
-406
-2398
-3800
-4708
-5172
-5039
-4346
-3525
-2885
-2171
-1088
296
1806
3359
4734
5440
5290
4605
3690
2517
1139
-84
-903
-1465
-1893
-2001
-1724
-1235
-676
100
1097
2054
2748
3190
3462
3571
3601
3596
3555
3458
3274
2604
687
-2637
-6539
-9529
-10434
-9029
-6008
-2868
-964
-620
-937
-711
311
1681
3161
4887
6551
7426
7036
5289
2160
-1787
-5121
-6700
-6709
-6056
-5179
-4193
-3389
-2932
-2418
-1397
40
1679
3614
5697
7120
7057
5693
3844
1948
210
-1152
-2042
-2792
-3654
-4304
-4556
-4594
-4480
-3888
-2515
-583
1556
3574
4970
5274
4576
3615
2942
2438
1858
1244
656
-84
-943
-1589
-1827
-1746
-1290
-224
1168
2370
3045
3281
3239
3059
3073
3391
3773
3875
3042
621
-3293
-7314
-9651
-9514
-7275
-4166
-1817
-1283
-2080
-2710
-2190
-638
1484
3840
5915
7162
7309
6308
4064
856
-2320
-4317
-4922
-4813
-4717
-4861
-5210
-5600
-5608
-4716
-2855
-481
2101
4549
6259
6558
5658
4528
3675
2954
2183
1390
456
-921
-2564
-4009
-5053
-5639
-5572
-4538
-2741
-683
1244
2773
3593
3659
3458
3495
3760
3853
3605
3012
1997
604
-835
-1808
-2145
-1866
-1009
177
1286
1947
2171
2166
2225
2568
3057
3492
3805
4129
3934
2154
-1433
-5659
-8658
-9424
-7966
-5134
-2597
-1756
-2624
-3722
-3680
-2292
65
2855
5477
7146
7486
6598
4569
1686
-1174
-2785
-2905
-2489
-2547
-3391
-4753
-6206
-7031
-6483
-4517
-1828
926
3398
5126
5559
4843
3892
3421
3481
3771
3857
3168
1391
-1026
-3347
-5160
-6221
-6243
-5137
-3258
-1230
407
1316
1555
1556
1828
2576
3659
4622
4926
4354
3045
1425
-107
-1218
-1626
-1222
-248
763
1381
1541
1424
1279
1348
1846
2658
3462
4000
4083
3180
771
-2835
-6296
-8138
-7805
-5689
-3089
-1737
-2454
-4329
-5382
-4473
-1963
1192
4125
6094
6664
5929
4485
2759
898
-503
-787
-300
-358
-1659
-3632
-5523
-6929
-7242
-6012
-3720
-1353
678
2312
3116
2789
2095
2186
3345
4763
5533
5219
3669
1100
-1697
-3758
-4683
-4732
-4218
-3284
-2315
-1664
-1397
-1277
-1032
-355
1140
3276
5172
5930
5447
4225
2735
1304
317
28
197
416
557
586
411
149
226
811
1637
2418
3032
3390
3394
3163
2614
1225
-1292
-4330
-6507
-6915
-5751
-4095
-3163
-3565
-4867
-5770
-5093
-2818
131
2774
4595
5330
5054
4234
3235
2233
1484
1401
1637
1157
-553
-2949
-5083
-6388
-6598
-5581
-3807
-2091
-860
-10
457
421
419
1406
3407
5351
6243
5896
4457
2165
-258
-1858
-2443
-2542
-2616
-2699
-2768
-3029
-3328
-3228
-2488
-1176
527
2420
3940
4415
3844
2965
2458
2361
2418
2481
2438
2143
1627
1077
623
361
477
1072
1948
2638
2832
2563
2114
1726
897
-870
-3435
-5703
-6494
-5652
-3820
-2294
-2223
-3599
-5064
-5042
-3176
-399
2207
3894
4377
3885
3019
2209
1505
1004
1056
1518
1383
-137
-2597
-4694
-5666
-5498
-4433
-2902
-1658
-1157
-1093
-1012
-801
-436
543
2358
4467
5787
5583
4056
1962
220
-689
-868
-917
-1328
-2050
-2795
-3433
-3890
-3877
-3072
-1504
324
1910
2890
3107
2713
2224
2174
2573
3061
3283
3045
2370
1565
1023
817
821
1110
1711
2326
2607
2500
2122
1745
1663
1960
1902
584
-1956
-4757
-6503
-6595
-5259
-3517
-2653
-3124
-4237
-4629
-3586
-1521
795
2807
4149
4484
3870
2887
1988
1439
1445
1876
1935
815
-1302
-3491
-4991
-5529
-4994
-3710
-2498
-2002
-1950
-1746
-1402
-1047
-209
1576
3662
4936
5031
4205
2722
1171
409
561
747
224
-828
-1998
-3093
-3930
-4001
-3084
-1736
-601
327
1236
1723
1522
1413
2113
3118
3537
3305
2860
2287
1693
1452
1634
1891
1995
2147
2330
2311
2014
1677
1528
1613
1769
1310
-386
-3189
-5871
-6986
-6023
-3812
-2116
-2208
-3753
-5172
-5013
-3127
-356
2231
3791
4062
3440
2639
1987
1498
1393
1889
2383
1802
-206
-2746
-4595
-5200
-4702
-3623
-2595
-2235
-2575
-2953
-2753
-1958
-787
882
2940
4586
4998
4244
3018
1953
1508
1788
2272
1994
639
-1161
-2692
-3642
-3989
-3609
-2622
-1543
-723
-233
72
249
602
1538
2835
3844
4104
3728
2936
1946
1223
1120
1459
1805
1981
2125
2198
2019
1685
1548
1732
2009
2277
2212
1074
-1438
-4320
-5967
-5769
-4261
-2561
-1818
-2740
-4719
-6072
-5534
-3260
-414
2008
3314
3338
2590
1993
2006
2425
2986
3420
3144
1652
-720
-2805
-3823
-3838
-3387
-2944
-2923
-3578
-4294
-4267
-3366
-2097
-625
1102
2664
3449
3448
3105
2735
2578
2790
3152
2944
1772
111
-1250
-2018
-2341
-2260
-1857
-1519
-1557
-1717
-1547
-1082
-527
367
1733
2891
3190
2907
2709
2671
2615
2745
3040
3056
2655
2311
2313
2365
2268
2238
2286
2097
1631
823
-778
-3328
-5850
-6845
-5926
-3977
-2458
-2522
-4106
-5882
-6190
-4412
-1338
1585
3230
3347
2547
1823
1845
2607
3558
4180
4116
3016
849
-1674
-3417
-3833
-3319
-2718
-2688
-3479
-4739
-5441
-4878
-3404
-1768
-252
1258
2482
3044
3129
3155
3337
3732
4426
4938
4304
2274
-69
-1570
-2166
-2325
-2274
-2309
-2815
-3545
-3658
-2823
-1624
-571
444
1392
1975
2234
2717
3553
4196
4300
3992
3438
2705
2151
2151
2546
2811
2644
2156
1580
1090
789
847
862
-132
-2421
-4956
-6236
-5896
-4502
-3022
-2625
-3775
-5446
-5916
-4460
-1875
583
2235
2847
2599
2027
1898
2511
3429
4108
4156
3241
1387
-670
-1991
-2444
-2589
-2750
-3035
-3614
-4517
-5106
-4755
-3696
-2565
-1506
-446
434
915
1324
2060
2939
3731
4342
4636
4085
2697
1294
540
298
68
-371
-1016
-1815
-2537
-2767
-2471
-1929
-1313
-495
379
878
1015
1374
2174
2966
3435
3647
3672
3382
3070
3257
3824
4044
3562
2794
2233
1921
1816
1688
679
-1711
-4611
-6452
-6533
-5476
-4212
-3678
-4494
-6098
-6950
-5836
-3044
-17
1979
2493
2013
1560
1848
2944
4239
5178
5529
4936
3190
922
-725
-1201
-1154
-1406
-2357
-3966
-5619
-6499
-6177
-5118
-4000
-3107
-2372
-1594
-753
193
1343
2702
4130
5214
5531
4915
3750
2748
2364
2351
2120
1372
59
-1560
-3008
-3673
-3449
-2888
-2500
-2284
-2013
-1530
-719
316
1316
1970
2306
2582
2820
2930
3034
3462
4170
4495
4176
3630
3236
2991
2810
2735
2651
2254
1162
-906
-3624
-5885
-6637
-5817
-4475
-3912
-4787
-6554
-7761
-7173
-4659
-1448
988
1909
1682
1227
1367
2519
4268
5808
6482
6043
4563
2583
991
274
44
-338
-1185
-2649
-4538
-6161
-6662
-6044
-5119
-4456
-3981
-3418
-2665
-1576
-27
1698
3061
3837
4125
4004
3664
3627
4190
4799
4619
3508
1963
396
-1001
-1832
-1839
-1446
-1406
-1827
-2261
-2620
-2877
-2635
-1574
-196
806
1372
1697
1857
2031
2672
3784
4780
5078
4820
4538
4392
4277
4159
4105
3592
1860
-958
-3760
-5469
-5712
-4870
-3995
-4366
-6306
-8428
-8992
-7446
-4652
-1966
-359
-124
-499
-271
1248
3632
5865
7236
7440
6465
4761
3203
2478
2493
2508
1826
142
-2296
-4670
-6178
-6555
-6295
-6069
-6035
-5932
-5520
-4634
-3241
-1562
35
1234
2212
3056
3801
4512
5298
6140
6500
5940
4648
3173
1954
1191
947
899
362
-863
-2224
-3207
-3694
-3662
-3129
-2325
-1830
-1807
-1868
-1498
-516
760
1980
2895
3424
3741
4199
4914
5639
6005
6016
5789
5389
4605
3037
643
-1964
-3819
-4503
-4431
-4426
-5227
-6985
-8931
-9787
-8799
-6566
-4346
-2965
-2349
-1879
-921
887
3298
5487
6782
7012
6455
5533
4815
4760
5151
5143
3909
1408
-1535
-3838
-4836
-4736
-4401
-4658
-5646
-6682
-7047
-6555
-5440
-3984
-2434
-1121
-115
717
1505
2340
3482
4976
6189
6405
5731
4933
4488
4321
4246
3948
3121
1793
356
-823
-1811
-2573
-2988
-3106
-3171
-3347
-3490
-3440
-3055
-2245
-1019
296
1426
2382
3364
4429
5363
6083
6620
6835
6165
4366
2011
93
-867
-971
-832
-1485
-3633
-6652
-8902
-9239
-7881
-5986
-4686
-4490
-4975
-5140
-4104
-1839
822
2922
4051
4355
4254
4263
4829
5858
6582
6328
4980
3047
1261
189
-104
-349
-1334
-3196
-5225
-6493
-6702
-6140
-5363
-4749
-4416
-4138
-3583
-2617
-1396
-58
1404
2751
3737
4348
4805
5241
5680
6059
6284
6051
5319
4293
3219
2172
1147
257
-460
-1210
-2151
-3149
-3879
-4134
-4008
-3528
-2812
-2069
-1298
-305
954
2141
3050
3943
4867
5554
5616
4872
3465
1858
873
809
993
300
-1757
-4515
-6778
-7567
-6810
-5490
-4806
-5127
-5822
-6168
-5711
-4295
-2223
-219
1123
1801
2128
2483
3118
4135
5212
5789
5462
4363
3157
2420
2245
2184
1590
228
-1523
-2895
-3524
-3621
-3519
-3500
-3782
-4331
-4676
-4333
-3492
-2545
-1568
-544
370
1035
1777
2743
3769
4649
5255
5511
5252
4674
4203
3915
3522
2784
1929
1091
207
-649
-1247
-1617
-1946
-2114
-2010
-1843
-1703
-1215
-306
530
974
1365
2084
2699
2449
1311
63
-463
-157
539
840
-25
-2117
-4338
-5228
-4444
-2947
-1997
-2205
-3412
-4690
-4943
-3705
-1680
-37
626
414
-93
-289
295
1593
2952
3578
3205
2293
1452
1152
1485
2092
2195
1282
-255
-1573
-2106
-1907
-1345
-994
-1293
-2098
-2762
-2765
-2274
-1675
-1221
-979
-867
-579
233
1455
2539
3107
3116
2759
2415
2529
3194
3785
3552
2503
1357
733
673
770
681
176
-582
-1191
-1337
-1035
-485
132
582
713
639
738
1220
1987
2805
3394
3270
2011
31
-1373
-1320
-278
457
-83
-1881
-4093
-5440
-5253
-4048
-3065
-3100
-3972
-4874
-5055
-4231
-2533
-690
449
525
5
-280
179
1492
3113
4060
3846
2924
2169
2022
2451
3084
3168
2151
381
-1099
-1582
-1288
-969
-1149
-1934
-3022
-3895
-4057
-3472
-2537
-1727
-1226
-1064
-1074
-769
282
1766
2785
2970
2793
2691
2815
3198
3718
3866
3285
2434
1884
1686
1564
1287
801
141
-422
-591
-335
107
399
433
241
48
56
445
1194
1932
2254
1681
233
-1392
-2060
-1318
6
682
-60
-1967
-4023
-4927
-4217
-2685
-1660
-1815
-2988
-4417
-5041
-4234
-2376
-646
140
-63
-732
-1064
-392
1264
3013
3758
3289
2277
1637
1740
2417
3152
3180
2074
367
-770
-792
-262
-54
-580
-1800
-3206
-3953
-3498
-2283
-1302
-1015
-1332
-1774
-1860
-1192
147
1542
2349
2334
1833
1426
1630
2425
3331
3610
2948
1844
1011
887
1337
1814
1731
898
-144
-678
-510
48
540
695
442
12
-196
111
862
1619
2014
1983
1671
1030
186
-527
-647
-351
-157
-451
-1394
-2723
-3833
-4062
-3519
-3020
-3184
-3929
-4712
-4947
-4282
-2961
-1758
-1199
-1231
-1327
-999
-68
1287
2523
3152
3085
2707
2457
2591
3089
3690
3865
3148
1745
499
61
304
533
234
-586
-1719
-2600
-2745
-2195
-1619
-1519
-1741
-1998
-2148
-1949
-1185
-176
477
487
190
101
534
1441
2402
2870
2654
2151
1940
2284
2863
3264
3137
2408
1392
747
898
1400
1550
1123
452
-181
-504
-289
320
856
994
879
803
634
123
-667
-1302
-1461
-1305
-1028
-1049
-1823
-3182
-4175
-4142
-3470
-2893
-2752
-3166
-3948
-4327
-3634
-2261
-1223
-920
-978
-892
-457
343
1447
2534
3157
3177
2826
2523
2502
2815
3270
3278
2421
1043
46
-117
261
579
457
-315
-1487
-2255
-2097
-1427
-1048
-1166
-1512
-1933
-2224
-1957
-1123
-262
119
126
110
241
651
1342
2138
2538
2270
1682
1330
1510
2011
2449
2503
2001
1124
402
203
444
702
668
388
19
-181
-35
380
745
915
1001
1107
1324
1591
1563
875
-282
-1141
-1322
-1080
-892
-1290
-2407
-3737
-4389
-4025
-3190
-2684
-2954
-3792
-4461
-4257
-3180
-1879
-1059
-820
-811
-705
-302
497
1587
2456
2647
2369
2098
2163
2585
3162
3511
3145
2209
1380
1117
1265
1335
1036
275
-753
-1454
-1465
-1153
-1128
-1455
-1836
-2197
-2490
-2367
-1641
-796
-454
-573
-635
-398
-7
516
1213
1824
2009
1805
1626
1751
2119
2467
2390
1840
1263
1138
1357
1526
1530
1343
905
269
-86
111
659
1113
1216
1011
606
263
308
794
970
200
-1196
-2177
-2139
-1460
-821
-978
-2163
-3703
-4484
-4070
-3041
-2328
-2376
-3095
-3859
-3837
-2787
-1331
-362
-122
-244
-379
-257
375
1499
2550
2843
2445
1889
1745
2114
2789
3375
3244
2304
1149
645
941
1435
1532
933
-271
-1483
-1924
-1476
-847
-681
-986
-1467
-1976
-2249
-1882
-1030
-371
-385
-762
-956
-817
-331
398
984
1028
703
502
648
1068
1594
1942
1763
1287
1134
1527
2027
2121
1746
1199
761
531
490
664
933
1013
714
313
270
576
1009
1277
1241
616
-533
-1594
-1873
-1314
-606
-478
-1225
-2588
-3782
-4012
-3170
-2050
-1723
-2438
-3621
-4249
-3703
-2218
-859
-559
-1245
-1943
-1765
-692
720
1833
2213
1872
1341
1244
1773
2526
3080
3136
2583
1655
1080
1407
2299
2837
2414
1301
115
-567
-358
468
1031
599
-537
-1516
-1956
-1942
-1597
-1184
-1158
-1633
-2137
-2221
-1882
-1261
-611
-348
-591
-859
-592
162
986
1640
1972
1893
1670
1738
2119
2390
2238
1770
1182
690
575
832
1129
1152
893
512
165
150
607
1258
1600
1465
1116
744
280
-349
-840
-900
-683
-545
-744
-1371
-2380
-3168
-3124
-2436
-1958
-2220
-2957
-3664
-3890
-3352
-2334
-1553
-1531
-2060
-2297
-1800
-743
306
894
1010
875
939
1378
2097
2881
3548
3780
3405
2757
2556
2966
3411
3345
2741
1847
906
264
208
391
98
-848
-1945
-2639
-2861
-2665
-2200
-1948
-2290
-2919
-3179
-2858
-2216
-1524
-976
-769
-769
-598
-138
418
945
1376
1522
1380
1213
1322
1596
1805
1904
1877
1722
1495
1388
1461
1558
1528
1399
1196
985
891
1029
1252
1348
1274
1210
1343
1615
1604
963
-32
-706
-745
-458
-235
-492
-1570
-3139
-4189
-3967
-2987
-2376
-2684
-3704
-4661
-4805
-3934
-2607
-1695
-1549
-1865
-2010
-1506
-315
1085
2002
2097
1775
1767
2265
2978
3550
3767
3425
2626
1993
1924
2234
2511
2522
2055
978
-165
-579
-128
374
249
-465
-1381
-2108
-2364
-2023
-1449
-1338
-1894
-2597
-2862
-2542
-1966
-1449
-1315
-1599
-1863
-1581
-698
360
1144
1351
1030
693
873
1506
2128
2414
2364
2066
1738
1603
1657
1858
2034
1907
1398
913
854
1161
1586
1915
1899
1485
1078
1087
1369
1624
1623
1038
-197
-1475
-1885
-1338
-617
-496
-1333
-2872
-4103
-4087
-2874
-1704
-1565
-2392
-3449
-3852
-3280
-2130
-1231
-1223
-1897
-2560
-2491
-1455
-10
1042
1200
787
506
780
1547
2380
2907
2920
2456
1768
1237
1229
1705
2230
2291
1726
849
154
16
302
501
235
-399
-1037
-1474
-1544
-1180
-704
-689
-1288
-1994
-2203
-1830
-1129
-585
-521
-808
-1109
-1093
-705
20
650
686
228
-104
142
758
1375
1708
1650
1294
890
740
904
1229
1359
1259
1118
1063
1074
1129
1320
1485
1536
1558
1671
1820
1927
2058
2298
2454
2122
1217
183
-319
-140
335
506
-111
-1540
-3117
-3811
-3303
-2351
-2076
-2831
-4090
-5001
-4931
-3905
-2596
-1934
-2324
-3226
-3696
-3218
-2078
-852
-61
37
-312
-436
93
1082
2060
2630
2585
2147
1912
2117
2532
2944
3278
3349
2928
2208
1679
1488
1551
1587
1341
787
35
-503
-539
-204
19
-270
-874
-1407
-1694
-1685
-1362
-960
-880
-1237
-1713
-2017
-1995
-1586
-1028
-732
-838
-938
-720
-272
208
612
857
919
957
1100
1358
1616
1837
2005
2058
2067
2003
2021
2196
2451
2614
2558
2426
2242
1999
1754
1663
1826
2103
2108
1524
492
-534
-1051
-976
-582
-443
-1159
-2658
-4252
-5021
-4723
-3968
-3561
-3939
-4822
-5620
-5795
-5149
-3981
-2911
-2516
-2808
-3213
-3036
-2084
-787
303
857
995
1011
1292
2008
2859
3439
3616
3542
3382
3252
3316
3682
4014
3994
3676
3236
2804
2379
2041
1815
1507
1021
400
-228
-733
-1070
-1237
-1329
-1547
-1991
-2499
-2691
-2519
-2259
-2126
-2067
-1983
-1995
-1998
-1749
-1288
-955
-907
-860
-624
-303
23
375
708
812
742
813
1215
1697
1972
2068
2149
2300
2400
2446
2469
2447
2371
2266
2211
2139
1999
1877
1817
1710
1530
1487
1640
1575
881
-222
-1145
-1562
-1564
-1387
-1282
-1628
-2595
-3778
-4501
-4426
-3821
-3263
-3256
-3919
-4804
-5168
-4765
-3910
-3047
-2411
-2113
-2114
-2058
-1649
-824
126
918
1376
1587
1841
2216
2539
2732
3005
3436
3808
3914
3839
3721
3616
3599
3667
3664
3323
2638
1909
1444
1195
904
495
100
-241
-704
-1356
-1923
-2147
-2134
-2261
-2612
-2934
-3067
-3058
-2982
-2857
-2747
-2645
-2412
-2044
-1722
-1600
-1493
-1211
-704
-148
290
625
854
1002
1159
1461
1914
2318
2428
2353
2292
2386
2521
2614
2673
2673
2563
2428
2391
2363
2196
1839
1523
1373
1360
1417
1426
1314
1081
721
157
-648
-1430
-1854
-1856
-1652
-1591
-2032
-3024
-4166
-4760
-4552
-3911
-3392
-3348
-3732
-4251
-4470
-4053
-3132
-2154
-1514
-1289
-1269
-1130
-626
131
872
1453
2066
2713
3186
3341
3276
3241
3314
3481
3646
3738
3637
3232
2618
2138
1986
1965
1751
1211
474
-240
-733
-939
-1057
-1337
-1792
-2168
-2271
-2239
-2224
-2284
-2339
-2326
-2187
-1876
-1596
-1538
-1742
-1945
-1850
-1469
-967
-559
-288
-156
-86
138
599
1153
1518
1698
1798
1858
1807
1708
1754
1913
2021
1940
1708
1499
1388
1352
1385
1520
1784
1925
1780
1409
1030
804
693
632
561
527
582
681
768
662
235
-465
-1164
-1540
-1527
-1247
-953
-1031
-1679
-2676
-3478
-3668
-3252
-2596
-2191
-2289
-2689
-3000
-2953
-2568
-2013
-1574
-1352
-1223
-1035
-773
-481
-169
84
313
692
1346
1934
2081
1792
1464
1445
1767
2243
2557
2531
2145
1639
1292
1199
1221
1146
979
768
590
489
409
230
-83
-384
-452
-234
83
206
-48
-551
-908
-856
-454
-166
-267
-574
-797
-867
-976
-1105
-1084
-981
-931
-917
-806
-658
-639
-655
-460
-83
264
437
446
389
396
624
990
1250
1374
1435
1488
1586
1708
1755
1591
1381
1343
1377
1424
1463
1505
1454
1239
1021
892
948
1139
1194
829
-13
-938
-1432
-1330
-876
-474
-424
-906
-1777
-2591
-3004
-2957
-2672
-2358
-2218
-2358
-2721
-3107
-3278
-3170
-2898
-2556
-2163
-1772
-1533
-1533
-1598
-1481
-988
-182
629
1207
1525
1736
1910
2066
2232
2434
2607
2712
2864
3045
3122
2922
2570
2227
1902
1658
1552
1522
1296
863
439
148
-141
-470
-629
-553
-498
-654
-894
-1130
-1392
-1645
-1653
-1410
-1219
-1229
-1420
-1675
-1916
-1948
-1629
-1153
-843
-781
-830
-898
-910
-764
-401
31
311
388
363
363
493
742
996
1154
1298
1540
1832
2026
2112
2193
2257
2218
2113
2065
2138
2212
2178
2086
1950
1735
1430
1174
1132
1139
942
362
-437
-1101
-1417
-1357
-1141
-1089
-1419
-2114
-2861
-3232
-3189
-2936
-2802
-2775
-2755
-2796
-2970
-3151
-3169
-3019
-2740
-2341
-1809
-1315
-884
-524
-227
-3
244
613
1029
1435
1809
2156
2366
2397
2404
2465
2596
2687
2764
2821
2784
2579
2178
1714
1313
1039
813
608
364
91
-201
-476
-690
-865
-1027
-1250
-1477
-1607
-1621
-1582
-1542
-1506
-1496
-1522
-1583
-1592
-1463
-1227
-1055
-1009
-895
-687
-476
-429
-469
-447
-322
-93
230
540
713
766
811
935
959
928
987
1233
1524
1729
1923
2056
2020
1819
1673
1758
1930
1950
1744
1473
1337
1347
1384
1330
1207
1129
1068
825
372
-134
-551
-924
-1231
-1294
-1111
-955
-1082
-1526
-2086
-2593
-2941
-3038
-2944
-2797
-2650
-2386
-2116
-2128
-2469
-2806
-2832
-2570
-2127
-1528
-939
-519
-334
-299
-227
-30
321
776
1195
1503
1709
1902
2133
2293
2338
2270
2207
2247
2361
2447
2410
2263
2005
1694
1416
1236
1091
895
631
328
68
-124
-284
-446
-614
-807
-1061
-1266
-1328
-1392
-1601
-1871
-1991
-1994
-2000
-1979
-1870
-1672
-1443
-1199
-923
-710
-658
-701
-657
-391
-41
267
589
881
1023
962
936
1070
1263
1377
1491
1669
1832
1934
1989
2033
1981
1859
1743
1685
1691
1740
1795
1768
1626
1430
1271
1186
1114
1020
819
530
194
-183
-662
-1241
-1598
-1560
-1326
-1312
-1637
-2065
-2457
-2786
-3024
-3072
-2981
-2923
-2937
-2921
-2813
-2661
-2599
-2626
-2638
-2478
-2110
-1650
-1109
-601
-198
-4
104
339
763
1266
1603
1767
1850
2037
2382
2748
2975
2888
2645
2399
2217
2092
1992
1906
1759
1553
1329
1107
835
549
302
99
-106
-313
-444
-527
-631
-794
-961
-1113
-1254
-1391
-1473
-1562
-1698
-1781
-1742
-1534
-1378
-1365
-1486
-1584
-1502
-1257
-995
-860
-756
-540
-276
-149
-112
34
309
550
723
850
956
1029
1228
1621
2067
2352
2432
2429
2405
2426
2445
2433
2357
2322
2330
2272
2121
1968
1805
1540
1266
1131
1092
905
552
155
-286
-870
-1469
-1825
-1829
-1735
-1904
-2448
-3134
-3594
-3774
-3858
-3959
-4034
-3989
-3802
-3407
-2901
-2490
-2339
-2342
-2196
-1811
-1342
-930
-530
-5
561
1041
1403
1717
1976
2157
2342
2670
3059
3291
3373
3396
3381
3239
3062
2857
2502
2060
1707
1456
1163
814
510
228
-61
-352
-692
-1091
-1428
-1571
-1515
-1461
-1542
-1728
-1916
-1990
-2045
-2167
-2349
-2478
-2455
-2267
-1967
-1634
-1397
-1279
-1167
-958
-645
-297
80
410
656
881
1132
1395
1617
1794
1884
1820
1750
1849
2079
2265
2290
2209
2054
1870
1693
1544
1447
1369
1271
1053
712
368
115
-55
-212
-323
-382
-444
-510
-489
-363
-256
-267
-396
-626
-912
-1169
-1259
-1206
-1148
-1147
-1117
-1014
-1004
-1184
-1440
-1591
-1606
-1599
-1607
-1570
-1432
-1174
-892
-667
-624
-768
-948
-945
-741
-518
-342
-90
267
567
743
961
1238
1407
1396
1303
1269
1250
1244
1193
1135
1136
1214
1254
1107
844
561
322
158
91
124
122
38
-6
18
-15
-219
-440
-498
-443
-381
-305
-235
-257
-388
-542
-625
-656
-672
-699
-695
-609
-496
-458
-483
-536
-638
-755
-738
-492
-201
-50
9
104
199
234
323
551
782
795
671
606
672
714
671
713
868
965
845
700
689
761
826
877
928
915
819
751
803
891
974
1046
1184
1318
1283
1065
768
480
176
-177
-523
-760
-877
-910
-909
-956
-1085
-1303
-1580
-1884
-2137
-2308
-2424
-2473
-2449
-2354
-2257
-2089
-1848
-1678
-1596
-1476
-1287
-1122
-921
-505
-9
333
516
680
885
1049
1106
1125
1242
1532
1807
1796
1613
1522
1602
1639
1546
1412
1287
1135
913
799
792
854
820
640
436
250
68
-145
-319
-451
-613
-787
-871
-921
-1040
-1171
-1221
-1250
-1372
-1565
-1666
-1590
-1423
-1265
-1123
-884
-603
-399
-287
-144
99
341
466
449
404
463
669
914
1107
1216
1294
1367
1407
1417
1386
1360
1371
1376
1330
1263
1277
1338
1308
1215
1142
1114
1048
970
873
759
663
617
577
464
363
272
133
-112
-415
-712
-1006
-1258
-1445
-1554
-1671
-1830
-1974
-2051
-2100
-2210
-2337
-2378
-2398
-2440
-2419
-2240
-1991
-1798
-1619
-1412
-1183
-926
-641
-461
-383
-235
82
411
596
759
987
1212
1364
1418
1397
1344
1361
1510
1687
1771
1782
1781
1766
1669
1498
1284
1045
839
725
655
489
253
90
63
76
30
-100
-291
-470
-635
-796
-926
-966
-966
-975
-948
-883
-873
-921
-949
-924
-955
-1031
-1007
-827
-598
-486
-445
-384
-207
-11
144
250
351
449
524
609
768
964
1092
1150
1126
1085
1069
1122
1163
1102
999
969
1011
1060
1044
963
895
855
820
731
607
495
357
261
197
118
11
-79
-74
-102
-188
-293
-394
-517
-713
-895
-1031
-1101
-1140
-1153
-1154
-1143
-1132
-1168
-1246
-1398
-1547
-1639
-1632
-1555
-1463
-1388
-1341
-1240
-1044
-838
-693
-589
-487
-438
-379
-189
111
390
587
784
996
1157
1236
1248
1209
1141
1060
1008
977
986
1061
1160
1197
1091
928
823
768
720
658
565
413
277
205
140
29
6
88
44
-226
-568
-752
-851
-961
-1095
-1262
-1428
-1477
-1318
-1157
-1139
-1157
-1071
-941
-834
-694
-492
-326
-207
-70
110
342
565
718
716
640
664
874
1114
1255
1333
1392
1419
1366
1304
1261
1171
1054
1009
1059
1078
934
723
559
501
489
476
458
333
109
-121
-204
-142
-124
-194
-244
-243
-192
-182
-200
-247
-332
-403
-533
-719
-862
-865
-764
-733
-823
-993
-1176
-1302
-1333
-1309
-1243
-1154
-1086
-1094
-1140
-1050
-814
-566
-415
-339
-320
-308
-234
-47
173
322
428
502
558
611
617
555
507
540
628
657
637
624
611
578
548
529
454
269
36
-70
-35
-19
-102
-171
-165
-255
-404
-455
-340
-238
-288
-347
-374
-375
-402
-393
-301
-244
-242
-245
-142
-60
-91
-179
-231
-209
-111
94
277
336
286
266
324
412
495
523
511
549
663
778
804
792
793
738
583
451
457
556
572
421
236
170
250
319
290
214
178
207
247
240
208
205
308
398
327
152
76
163
240
198
172
222
287
287
219
118
-40
-191
-316
-419
-540
-640
-718
-786
-857
-958
-1091
-1230
-1291
-1301
-1321
-1362
-1410
-1430
-1391
-1264
-1093
-964
-878
-799
-696
-567
-444
-372
-327
-218
0
262
432
495
575
694
795
819
843
896
896
846
775
707
608
528
517
513
416
311
303
370
350
204
67
-7
6
37
40
0
-84
-232
-372
-398
-280
-126
-60
-55
-137
-235
-274
-211
-104
-26
11
-1
45
211
385
406
320
300
383
469
504
537
598
660
700
665
551
452
471
604
686
683
650
635
578
493
412
332
213
91
76
144
177
140
57
-15
5
66
69
-61
-207
-261
-274
-307
-333
-340
-341
-347
-391
-458
-509
-526
-550
-590
-581
-513
-532
-691
-881
-923
-841
-773
-827
-924
-958
-937
-926
-941
-880
-756
-658
-628
-597
-503
-387
-286
-199
-105
-33
-39
-47
23
144
228
242
263
304
325
346
385
483
538
441
261
183
249
306
270
288
384
431
415
384
398
365
315
319
367
380
297
180
99
105
211
343
388
326
187
59
-15
15
97
149
162
125
86
85
161
274
370
404
361
324
344
384
353
293
308
365
403
370
306
264
237
199
136
91
53
24
30
30
-6
-38
63
139
58
-100
-181
-182
-214
-179
-149
-266
-465
-480
-299
-198
-292
-399
-401
-397
-428
-422
-321
-255
-273
-269
-202
-149
-200
-269
-280
-221
-141
-109
-154
-245
-318
-350
-373
-350
-290
-252
-297
-406
-463
-425
-296
-189
-169
-158
-78
27
30
-49
-87
-25
49
40
-25
-22
75
134
67
-22
-23
23
39
2
-10
14
37
46
87
192
273
265
235
258
290
315
369
434
503
552
581
616
626
598
507
471
600
728
715
620
546
494
463
453
448
354
203
98
30
21
26
16
-33
-122
-162
-119
-72
-127
-235
-244
-203
-254
-415
-536
-594
-638
-651
-632
-543
-455
-413
-445
-477
-422
-328
-265
-228
-178
-144
-132
-103
-44
-23
-16
65
203
304
293
237
247
310
366
322
203
147
123
60
-91
-234
-332
-404
-411
-328
-256
-314
-416
-449
-385
-356
-436
-588
-687
-656
-531
-409
-332
-333
-415
-537
-593
-516
-377
-254
-238
-314
-416
-428
-332
-189
-75
-6
77
181
269
210
84
112
358
622
684
656
637
624
594
575
592
602
642
746
832
829
757
715
771
869
923
865
744
623
560
524
474
395
314
278
286
281
250
212
161
79
-54
-165
-218
-243
-245
-254
-271
-294
-271
-211
-183
-163
-122
-91
-97
-110
-128
-185
-254
-257
-161
8
218
307
177
-19
-63
40
82
45
102
255
327
228
20
-158
-248
-214
-142
-169
-300
-410
-430
-447
-511
-596
-604
-508
-392
-387
-543
-674
-674
-602
-638
-757
-824
-783
-700
-626
-526
-482
-478
-448
-371
-439
-642
-716
-545
-327
-225
-163
-63
0
-21
-51
47
227
316
331
378
522
583
564
556
601
626
585
566
570
606
585
497
418
413
454
442
379
342
347
368
375
358
336
334
346
325
292
286
375
505
562
491
355
246
202
237
334
382
240
-6
-211
-283
-252
-182
-148
-180
-185
-113
-66
-152
-288
-306
-177
-39
-7
-56
-102
-100
-117
-179
-194
-116
-28
-97
-206
-177
-36
18
-58
-87
-76
-110
-209
-244
-168
-84
-75
-155
-207
-144
-33
12
-20
-46
-71
-154
-209
-181
-120
-118
-134
-139
-216
-375
-518
-573
-589
-577
-480
-358
-300
-330
-358
-360
-373
-334
-290
-281
-330
-348
-321
-307
-282
-213
-143
-99
-48
17
41
53
141
310
422
410
364
442
598
667
633
614
653
677
693
758
801
753
659
594
569
536
512
452
381
320
352
434
489
472
366
208
25
-81
-103
-83
-89
-133
-190
-256
-301
-331
-320
-254
-156
-130
-207
-284
-282
-250
-253
-261
-207
-100
9
80
80
75
76
66
32
-24
-62
-54
60
229
284
191
53
-23
-15
12
52
58
-23
-146
-222
-178
-123
-167
-275
-356
-415
-491
-539
-500
-370
-328
-486
-699
-762
-660
-602
-639
-634
-523
-386
-293
-312
-406
-467
-413
-322
-323
-349
-273
-122
-12
1
-11
3
67
148
229
300
364
401
404
443
488
482
418
400
502
616
638
559
467
407
382
376
325
233
137
151
249
356
390
360
325
270
233
245
279
240
157
120
126
88
37
30
49
83
63
-8
-88
-72
4
-25
-115
-172
-108
19
156
247
232
163
140
164
163
162
162
178
180
187
213
193
148
122
137
107
-20
-144
-192
-152
-72
-10
-27
-153
-265
-306
-330
-344
-363
-426
-568
-674
-654
-588
-537
-458
-360
-336
-425
-514
-498
-389
-290
-295
-365
-380
-342
-317
-313
-288
-231
-189
-140
-101
-108
-150
-158
-94
-7
58
92
121
163
190
195
197
177
99
53
147
264
272
192
159
164
127
119
172
233
215
155
169
261
369
395
364
332
342
406
413
305
119
53
119
138
22
-81
-39
41
28
-54
-98
-88
-47
2
50
71
90
120
151
189
246
307
357
419
491
517
456
375
374
451
483
422
335
285
242
182
113
80
39
38
53
46
3
-60
-83
-112
-161
-252
-318
-316
-249
-231
-317
-461
-550
-551
-577
-658
-728
-672
-569
-537
-543
-544
-524
-508
-483
-439
-449
-478
-478
-472
-481
-479
-411
-267
-133
-107
-191
-281
-255
-165
-68
-1
42
90
123
141
135
150
228
332
407
422
376
284
177
144
193
251
283
315
376
399
359
299
239
182
145
148
162
152
141
154
148
84
-1
10
131
223
172
59
6
5
-3
20
100
207
279
274
165
26
5
93
166
158
137
156
185
203
220
243
272
306
343
352
314
264
212
191
195
232
270
268
249
219
213
217
168
51
-102
-165
-135
-88
-87
-111
-113
-123
-202
-342
-479
-557
-563
-540
-521
-499
-492
-492
-485
-464
-423
-371
-334
-341
-376
-361
-305
-272
-242
-175
-110
-151
-256
-313
-277
-219
-163
-73
-16
-9
-4
50
118
100
8
-110
-189
-153
-68
-8
-2
-16
-6
21
58
76
76
127
180
128
11
-15
83
124
58
4
-26
-88
-144
-46
126
181
157
128
135
159
200
232
215
202
231
243
257
318
399
413
365
344
373
389
394
412
417
397
397
456
443
300
127
51
61
57
51
86
118
92
58
99
194
218
168
110
80
53
14
-15
-85
-153
-198
-226
-285
-403
-480
-481
-400
-302
-260
-273
-318
-321
-262
-234
-314
-437
-438
-331
-278
-331
-383
-332
-228
-143
-117
-163
-202
-191
-83
29
63
60
56
79
67
34
36
35
12
-39
-68
-39
5
23
-43
-149
-197
-133
-51
-36
-30
-4
-56
-229
-351
-297
-142
13
138
223
261
250
218
186
149
119
106
159
216
225
207
191
155
84
72
143
206
191
167
210
285
314
328
371
387
328
216
152
133
129
122
154
204
223
186
132
117
109
130
152
142
73
12
22
48
18
-60
-105
-127
-144
-145
-112
-80
-118
-203
-277
-305
-302
-282
-253
-242
-272
-321
-336
-292
-206
-151
-180
-273
-287
-168
-14
49
19
-28
-23
34
92
83
-15
-80
-67
-20
-29
-62
-61
-79
-159
-200
-170
-121
-79
0
80
62
-16
-91
-159
-231
-221
-161
-136
-212
-241
-218
-216
-219
-169
-62
-27
-28
-38
-57
-102
-156
-185
-190
-130
-7
81
75
33
39
104
194
280
324
316
285
304
371
434
465
471
518
622
667
602
501
465
470
410
321
255
234
229
231
202
140
80
89
96
35
-38
-67
-47
-54
-62
-28
-22
-80
-200
-275
-249
-166
-100
-130
-181
-212
-237
-268
-279
-233
-218
-239
-255
-226
-143
-41
59
114
145
172
164
67
-35
-78
-12
85
143
139
81
52
46
23
-26
-93
-119
-112
-119
-154
-194
-207
-241
-271
-222
-131
-119
-229
-331
-399
-394
-324
-237
-210
-293
-388
-410
-371
-317
-295
-253
-167
-93
-17
38
41
-20
-60
18
113
118
75
89
170
184
109
52
105
184
195
163
192
286
345
319
259
213
188
209
281
366
364
317
266
219
143
56
37
68
114
120
76
-13
-94
-85
11
97
114
86
29
-39
-90
-75
9
96
89
-29
-121
-90
5
61
47
22
26
41
44
36
77
119
84
-5
-31
-19
-43
-88
-88
-34
7
26
13
-7
-7
-14
-69
-155
-191
-148
-80
-55
-113
-226
-282
-227
-91
29
32
-54
-123
-103
-47
-57
-129
-149
-92
7
27
-31
-73
-82
-61
-67
-57
-58
-63
-37
24
77
60
38
38
15
-32
-68
-40
40
146
205
158
67
10
31
95
158
179
128
51
8
-6
-48
-115
-134
-84
-53
-75
-70
-29
-19
-58
-41
6
-5
-40
16
155
219
188
146
133
100
52
47
88
147
212
252
195
61
-10
32
101
126
136
155
164
106
16
-49
-75
-65
-53
-20
27
44
0
-94
-173
-194
-179
-188
-244
-266
-234
-219
-242
-243
-185
-130
-101
-64
-54
-69
-75
-43
-44
-50
-42
-41
-77
-91
-15
51
28
16
84
140
84
26
85
129
72
-8
17
73
57
8
8
50
47
-21
-76
-33
32
18
-25
-11
40
18
-58
-113
-104
-57
5
74
157
211
155
22
-91
-108
-68
-2
34
-12
-74
-72
-17
-2
-49
-70
-53
-39
-62
-98
-76
-10
18
11
60
162
187
118
59
71
83
68
65
48
27
26
51
72
61
40
33
62
125
130
86
80
138
165
148
177
253
273
218
165
186
228
202
81
-23
-4
42
26
-22
0
49
55
57
65
28
-63
-144
-168
-213
-290
-306
-277
-283
-331
-296
-226
-240
-292
-298
-238
-204
-173
-121
-107
-114
-131
-144
-152
-158
-134
-120
-139
-134
-107
-62
-5
81
149
138
84
55
45
41
77
84
40
-17
28
108
109
107
136
147
52
-51
-30
73
138
104
34
37
123
178
139
85
25
-101
-249
-248
-117
-48
-81
-84
-34
-17
-49
-38
60
138
123
42
-8
-13
-10
15
92
153
139
74
27
43
140
231
204
47
-57
-5
108
169
175
186
186
150
130
182
237
234
189
180
219
248
221
91
-67
-144
-98
-61
-73
-73
27
134
106
-22
-115
-85
-36
-22
-32
-35
-18
-47
-119
-192
-175
-119
-122
-177
-240
-253
-256
-260
-313
-426
-496
-429
-270
-139
-100
-123
-177
-213
-179
-95
-40
-64
-108
-106
-43
49
107
125
114
90
81
101
129
109
66
74
151
171
100
16
-1
45
61
50
54
78
104
113
130
127
73
-3
-57
-55
-52
-76
-86
-71
-61
-93
-120
-63
43
115
110
52
-21
-30
29
83
98
71
90
130
126
68
-14
25
145
247
229
136
108
151
191
150
84
71
87
63
34
43
90
94
30
-10
9
13
-74
-157
-108
40
133
111
3
-111
-161
-138
-68
-31
-7
-2
-3
-2
48
111
90
-31
-141
-97
16
43
-67
-141
-140
-175
-273
-313
-247
-249
-316
-327
-237
-132
-78
-30
25
68
76
57
15
-1
-3
9
71
187
267
228
159
140
146
100
42
13
-10
-31
-7
70
124
140
108
44
-8
-40
4
67
108
53
-71
-120
-28
139
221
169
43
-77
-129
-122
-127
-171
-229
-182
-55
43
68
30
-18
-76
-98
-54
13
47
36
-31
-87
-70
0
14
-15
38
154
178
86
53
122
127
-16
-102
-22
68
-1
-110
-108
-34
-25
-14
63
139
119
36
25
8
-38
-66
-23
-31
-124
-199
-186
-143
-105
-47
-25
-69
-126
-97
-2
61
40
5
-7
-35
-97
-156
-134
-82
-52
-42
-37
2
61
102
103
71
41
32
46
94
102
26
-56
-69
-9
18
1
-19
-21
-21
-29
-48
-80
-91
-72
-32
10
53
57
78
185
268
203
80
60
101
61
-1
5
10
-7
-8
48
108
104
37
-18
-20
26
55
43
40
47
77
97
90
62
43
57
76
