4.63242 1.34411 0.130535 2.66225 2.72085 1.22136 1.417 1.39677 1.00397 0.465166 0.231487 0.084262 
3.87095 1.62654 0.698806 2.21301 2.58816 1.58529 1.14548 1.10332 0.953178 0.473448 0.205869 0.0522176 
5.22707 1.16382 0.059167 2.72051 3.47955 1.00743 0.992923 1.22783 0.849317 0.57783 0.306665 0.115112 
3.36684 1.94786 1.35862 2.02782 2.27213 1.58926 1.15596 1.14574 0.895916 0.503846 0.304715 0.0567541 
2.84507 2.07785 1.71738 1.70857 1.7678 1.66253 1.47476 1.0317 0.499464 0.228257 0.167442 0.0320956 
3.18228 2.35363 1.82141 2.0363 2.04381 1.57251 1.28207 1.14954 0.71794 0.243706 0.150094 0.039724 
3.49306 2.47394 1.90011 2.1643 2.39897 2.07641 1.64418 1.19477 0.622056 0.2379 0.129782 0.0513378 
2.94428 2.20889 1.89099 2.02643 2.20664 1.92563 1.36933 0.763283 0.384551 0.236191 0.188689 0.0313781 
3.18288 2.43733 2.06785 2.04201 2.14848 2.01141 1.54978 0.863672 0.310112 0.179084 0.13583 0.0281601 
2.94041 2.43172 2.10135 1.63418 1.28379 1.34004 1.37996 1.05408 0.445599 0.111512 0.0183731 -0.0133106 
3.39397 2.59729 2.00462 1.78646 1.92747 1.91379 1.51225 0.965687 0.353485 0.0799049 -0.00384141 -0.00158269 
3.1446 2.32558 1.83142 2.03188 2.31691 2.02429 1.32729 0.778682 0.308199 0.0322368 0.0595853 0.00724718 
3.4681 2.573 1.70091 1.50231 2.05286 2.49759 2.1122 1.09289 0.0965752 -0.28734 -0.0554309 0.00703711 
3.07727 2.27405 1.52255 1.25699 1.64045 2.06732 1.88296 1.01268 0.0863472 -0.252845 -0.0444961 -0.0184911 
3.69883 2.66113 1.4795 1.13896 1.79509 2.53732 2.39035 1.1492 -0.132209 -0.500636 -0.111079 -0.00570642 
4.60365 2.70672 1.14904 1.29055 1.94839 2.51048 2.60336 1.41483 -0.212172 -0.667081 -0.216849 -0.00217659 
3.63177 2.45231 1.18835 0.747173 1.33727 2.1862 2.35321 1.32611 -0.0164082 -0.543434 -0.192155 -0.048372 
3.45799 2.10546 0.850703 0.687668 1.4691 2.19186 2.19511 1.22654 0.0419459 -0.471784 -0.240364 -0.0539703 
3.57536 1.84979 0.542055 0.673248 1.73881 2.58213 2.40136 1.18817 -0.0305907 -0.481127 -0.414632 -0.0543052 
5.63025 2.42532 -0.099961 0.286314 1.58202 2.69258 3.08709 1.33432 -0.432616 -0.402772 -0.424412 -0.0850071 
4.40734 2.51879 0.374624 -0.121258 1.09334 2.45045 2.46613 0.975638 -0.24527 -0.464582 -0.538833 -0.109621 
4.14051 2.22831 0.239544 -0.138174 0.985493 2.09975 1.97861 0.789651 -0.237207 -0.576542 -0.611147 -0.140954 
4.07703 2.01616 0.160608 -0.10016 1.04213 2.03758 1.78377 0.679838 -0.237275 -0.521265 -0.696323 -0.17098 
5.33659 2.36465 -0.12568 -0.367363 1.23915 2.46725 2.13267 0.658151 -0.504774 -0.465489 -0.655692 -0.197257 
5.29562 2.48959 -0.0243463 -0.238751 1.31607 2.3888 1.97642 0.643347 -0.391683 -0.551458 -0.706288 -0.213067 
4.0342 2.32224 0.515326 -0.0129291 0.865926 1.76208 1.6093 0.643697 -0.239371 -0.709818 -0.860092 -0.211913 
3.53926 2.04568 0.576657 0.0813139 0.62983 1.37422 1.38856 0.647253 -0.281974 -0.887628 -0.88018 -0.20482 
3.52999 2.03149 0.443256 -0.182367 0.382337 1.20499 1.36466 0.571517 -0.442862 -0.947058 -0.827897 -0.212725 
4.11596 2.20721 0.229607 -0.582484 0.0511952 1.14962 1.39501 0.550587 -0.576715 -0.981393 -0.746817 -0.222071 
4.34317 2.26243 0.071961 -0.576613 0.139227 1.12042 1.36633 0.507646 -0.587109 -0.983744 -0.742903 -0.221266 
3.77988 1.98586 0.173637 -0.460327 0.0841411 0.880397 1.16803 0.539288 -0.562437 -1.01521 -0.689928 -0.215581 
3.78635 2.09255 0.201896 -0.601103 -0.229138 0.646593 1.14691 0.516627 -0.564202 -0.952163 -0.614906 -0.21575 
4.12491 2.29474 0.3276 -0.628311 -0.439468 0.522081 1.16957 0.630239 -0.5862 -0.961914 -0.597654 -0.212931 
4.43288 2.2912 0.0452368 -0.571264 -0.0438871 0.560872 1.05724 0.603173 -0.531776 -0.898855 -0.640189 -0.210011 
4.25562 2.19442 0.188812 -0.583985 -0.367905 0.542501 1.24142 0.57649 -0.613728 -0.908843 -0.616456 -0.207599 
4.68863 2.17565 -0.0456441 -0.540233 -0.388339 -0.00951206 1.13039 0.959314 -0.676774 -1.00673 -0.599423 -0.192219 
4.60972 2.20682 -0.0664043 -0.642361 -0.381984 0.199664 1.08125 0.81103 -0.57654 -0.970251 -0.615645 -0.205114 
4.22632 2.06639 0.0101794 -0.440629 -0.164947 0.284444 0.990662 0.806671 -0.461393 -1.05592 -0.62752 -0.209718 
3.96774 2.05607 0.279746 -0.436685 -0.247356 0.474497 1.19261 0.694598 -0.58995 -0.987549 -0.623 -0.208967 
4.2028 2.20292 0.287209 -0.430929 -0.147381 0.67081 1.19966 0.551241 -0.565136 -0.889375 -0.647451 -0.206676 
5.04736 2.37251 -0.117955 -0.288164 0.0582819 0.178189 1.10252 0.910809 -0.511752 -0.886394 -0.674518 -0.205948 
4.61884 2.3057 0.110569 -0.349186 0.0160564 0.514494 1.13978 0.756587 -0.363528 -0.798437 -0.676583 -0.221668 
4.32971 2.19481 0.257036 -0.289615 -0.00669789 0.619519 1.13143 0.743525 -0.271123 -0.750327 -0.680571 -0.222773 
4.3315 2.46147 0.450805 -0.579849 -0.452207 0.479614 1.24578 0.809401 -0.274342 -0.654909 -0.617496 -0.222104 
4.74071 2.40817 0.108454 -0.481427 -0.0339653 0.5632 1.08903 0.923581 -0.189414 -0.604726 -0.61554 -0.221504 
3.83457 1.95405 0.304213 -0.272877 -0.0261279 0.432635 0.966362 0.820339 -0.0270935 -0.516167 -0.588776 -0.222565 
4.45577 2.29371 0.367364 -0.331437 -0.0136417 0.668959 1.23141 0.736112 -0.117543 -0.271134 -0.612931 -0.236833 
4.47327 2.53839 0.434086 -0.419562 -0.206995 0.383565 0.968497 0.81725 0.0444422 -0.289653 -0.530436 -0.224461 
4.26856 2.43547 0.572529 -0.276934 0.0600448 0.648073 0.96715 0.895203 0.193582 -0.269126 -0.560362 -0.226986 
3.71314 2.19452 0.683927 -0.0160461 0.179597 0.715159 0.757571 0.56776 0.244961 -0.210334 -0.554171 -0.204549 
4.81993 2.90297 0.369841 -0.621275 0.388379 1.46886 1.34478 0.530045 0.0924325 0.0826965 -0.485003 -0.199668 
4.28307 2.71724 0.718051 -0.209322 0.337639 1.16581 1.17716 0.559548 0.241799 0.0801617 -0.491646 -0.195027 
3.97485 2.35676 0.604775 -0.0338611 0.585032 1.23132 1.05409 0.447735 0.0923568 0.00647845 -0.376199 -0.160546 
4.30939 2.87549 0.815302 -0.0227852 0.673017 1.39994 1.18212 0.529445 0.270057 0.077804 -0.441183 -0.170738 
3.82524 2.69145 1.41042 0.781485 0.976872 1.20817 0.833167 0.302617 0.134717 0.0249342 -0.371383 -0.123575 
4.12089 2.77242 1.1022 0.584788 1.12286 1.37779 0.912085 0.373546 0.210739 0.0947564 -0.296511 -0.111814 
3.7201 2.54685 1.44402 1.12903 1.3083 1.35769 1.1443 0.767959 0.306923 -0.0859596 -0.361778 -0.0816935 
4.76343 2.94865 1.33614 1.08929 1.16201 0.950968 1.02273 0.845868 0.284106 0.0641538 -0.390833 -0.143882 
4.70926 2.50458 0.97711 1.22146 1.28244 0.865754 1.14207 0.788219 0.0752361 -0.0819955 -0.458801 -0.157592 
4.72655 2.25946 0.764098 1.18812 1.11054 0.846914 1.2014 0.646769 -0.171685 -0.223755 -0.483948 -0.164687 
3.70739 2.34501 0.813099 0.493367 0.851255 0.955744 0.748074 0.277518 -0.15197 -0.268768 -0.418837 -0.120281 
4.03476 2.19807 0.657937 0.550984 0.578595 0.795857 0.855766 0.693091 0.138073 -0.355004 -0.448854 -0.156398 
5.01738 1.8011 -0.126742 1.01488 1.08679 0.00521146 1.81312 0.606303 -0.386359 -0.286264 -0.480831 -0.178524 
4.83983 2.07945 0.274711 1.198 1.02432 0.217571 1.6158 0.768904 -0.476392 -0.107626 -0.525464 -0.19013 
4.48724 1.92185 0.383296 1.54756 0.337897 0.330657 2.00388 0.669808 -0.441083 0.0288558 -0.452151 -0.208531 
3.91357 2.00476 0.905982 1.15187 0.565621 0.356705 1.55718 0.749406 0.0294687 -0.095135 -0.415902 -0.142119 
4.25549 1.71144 0.863056 1.27066 0.873031 -0.292476 2.08152 0.943284 0.089079 0.163964 -0.332752 -0.14286 
4.41817 1.78977 0.642942 1.67095 1.04709 -0.702345 2.23958 0.512689 0.274043 0.201663 -0.334652 -0.150312 
4.24047 1.91847 0.497019 1.1007 1.47131 -0.454149 1.62286 0.761846 0.442635 -0.226932 -0.404659 -0.106036 
4.39521 1.30077 0.0290485 1.41025 1.37716 -0.709823 1.92019 0.623965 -0.255018 -0.141854 -0.419574 -0.138432 
3.74906 1.12347 0.00728579 1.11327 1.30695 -0.53879 1.46713 0.479116 -0.426934 -0.347639 -0.486428 -0.129484 
4.00995 1.26314 0.027735 1.28646 1.39624 -0.247495 1.67061 0.70808 -0.0511235 -0.0648486 -0.320262 -0.090924 
3.73553 1.09016 0.15475 1.18845 1.24743 0.253657 1.38048 1.02444 0.190921 0.020477 -0.168067 -0.0569039 