12
12
12
29
29
29
29
29
29
29
29
29
29
29
29
12
28
28
28
29
29
29
29
29
29
29
4
20
28
28
28
29
29
29
29
29
29
28
23
14
14
14
14
24
14
24
14
14
30
14
14
14
14
14
32
32
32
32
32
32
32
14
14
14
14
14
14
14
14
14
26
14
14
26
10
22
22
22
22
22
22
15
15
11
11
11
11
11
11
15
15
15
15
15
15
15
27
15
15
19
19
19
11
19
27
27
27
27
27
27
27
15
27
11
27
11
11
19
11
11
11
15
27
15
31
15
27
15
27
27
27
11
15
19
15
31
15
31
15
15
15
15
31
15
31
