2.15093 0.322536 -0.790245 -0.0870431 1.45134 -0.387494 1.58517 1.67751 0.37636 0.188755 0.28495 -0.00562172 
2.21273 -0.128212 -0.628137 0.0018098 1.00987 -0.161178 1.45174 1.76147 0.221199 0.298714 0.331832 0.0157479 
2.55726 -0.311109 -0.256136 0.282172 1.2449 -0.378459 1.69766 1.66801 0.348214 0.362459 0.238343 -0.0113068 
3.09197 0.804066 1.09715 1.38022 2.13487 0.166551 1.59409 1.21251 -0.0182094 0.284863 0.339003 0.0265418 
2.8427 1.92825 1.48561 1.29345 1.00372 0.723679 0.790416 0.660939 0.416074 0.245789 0.116701 -0.00789756 
3.00925 2.36893 1.61995 0.704535 0.0416235 -0.137616 0.160277 0.543627 0.459547 0.123907 -0.128652 -0.0852447 
3.60746 3.02312 2.0665 0.826663 -0.0210382 0.0422121 0.539851 0.804284 0.650887 0.190966 -0.247348 -0.110708 
3.40565 2.74447 1.78867 0.7056 -0.0322072 -0.120255 0.282681 0.626249 0.566785 0.149074 -0.222159 -0.120211 
3.20199 2.42349 1.43585 0.501224 0.133788 0.257122 0.502517 0.56666 0.338392 -0.0335804 -0.281269 -0.150695 
3.30392 2.47116 1.31137 0.271563 -0.022381 0.364321 0.762092 0.638607 0.241271 -0.120305 -0.268055 -0.163361 
3.57904 2.70168 1.33402 0.1389 -0.111351 0.441509 0.843148 0.701839 0.263659 -0.159416 -0.31936 -0.173507 
3.69174 2.52926 1.02052 0.106615 0.229964 0.742489 0.914137 0.609786 0.186274 -0.160107 -0.406957 -0.179358 
3.3984 2.34298 1.12925 0.345582 0.350675 0.775502 1.03607 0.761178 0.106868 -0.358441 -0.486734 -0.18178 
3.59413 2.72651 1.31515 0.0950398 -0.15169 0.439037 0.929443 0.777191 0.166535 -0.350176 -0.393189 -0.185516 
3.67007 2.46465 0.993558 0.141642 0.250182 0.725505 0.955499 0.722128 0.168351 -0.349211 -0.531203 -0.19181 
4.6367 2.92438 0.91296 -0.0359307 0.16679 0.828347 1.21858 0.90941 0.179625 -0.339172 -0.574364 -0.22536 
4.64036 2.89759 0.796763 -0.0497434 0.303358 0.787818 1.08643 0.934982 0.206642 -0.422513 -0.625472 -0.242366 
4.22277 3.14882 1.23522 -0.312648 -0.507905 0.310377 0.977047 0.751914 -0.00464891 -0.476508 -0.478977 -0.207378 
3.93931 2.57712 0.965682 0.176406 0.27288 0.593306 0.738214 0.592914 0.0670777 -0.508264 -0.611835 -0.199623 
7.41648 2.65187 -0.280751 0.00696136 0.658004 0.568667 1.11498 1.06162 -0.259765 -0.514854 -0.518567 -0.199782 
5.75622 3.14531 0.18936 -0.375457 0.259198 0.740473 1.03397 0.584553 -0.286276 -0.428157 -0.602338 -0.233093 
4.18739 2.76155 0.879197 -0.221249 -0.20482 0.217276 0.480266 0.325133 -0.0989796 -0.459589 -0.625238 -0.213832 
4.13648 2.7101 0.74441 -0.259904 -0.0954363 0.28548 0.328576 0.159769 -0.0924968 -0.44343 -0.65234 -0.212476 
4.43773 2.84077 0.702465 -0.418134 -0.120524 0.509548 0.543731 0.0866895 -0.282369 -0.464161 -0.681497 -0.220011 
5.88628 2.65327 -0.0335645 -0.274332 -0.0586505 0.0153093 0.888902 0.583965 -0.799668 -0.55847 -0.624007 -0.222696 
3.99323 2.28262 0.568866 -0.0698043 0.00741186 0.193994 0.257849 0.0351741 -0.438324 -0.704997 -0.693209 -0.210004 
3.90378 2.48767 0.643715 -0.295738 -0.312354 -0.13659 0.0624598 0.00454508 -0.401096 -0.721352 -0.610051 -0.203545 
3.85489 2.17804 0.437233 -0.352307 -0.400117 -0.0256482 0.334399 0.0602433 -0.662225 -0.879907 -0.591716 -0.195785 
4.20479 2.3324 0.228413 -0.681056 -0.40661 0.242497 0.4805 -0.0431 -0.670013 -0.719902 -0.632666 -0.209195 
4.49328 2.37943 0.160405 -0.521879 -0.359385 0.0149873 0.44548 0.214569 -0.591885 -0.770403 -0.60317 -0.208892 
4.36881 2.4456 0.200476 -0.599373 -0.321438 0.14153 0.454785 0.159682 -0.534904 -0.736803 -0.571984 -0.202214 
4.11623 2.60607 0.644658 -0.465 -0.319485 0.385548 0.722166 0.198258 -0.497482 -0.645862 -0.588861 -0.198915 
4.41121 2.53899 0.481351 -0.357574 -0.342387 0.126383 0.658134 0.388605 -0.448607 -0.672809 -0.497082 -0.184096 
5.88349 2.767 -0.188845 -0.287838 -0.0519157 0.115814 1.07131 0.744233 -0.721664 -0.439471 -0.498051 -0.171969 
4.87386 2.78862 0.359993 -0.575652 -0.327871 0.346884 0.870243 0.43494 -0.454953 -0.482887 -0.480643 -0.177906 
4.87451 2.67559 0.209673 -0.690697 -0.30416 0.412543 0.813767 0.398331 -0.421118 -0.402078 -0.415169 -0.162485 
5.56571 2.83874 -0.12124 -0.687838 -0.368263 0.0686919 0.869779 0.345599 -0.758916 -0.184154 -0.285642 -0.108863 
5.6823 2.851 -0.111834 -0.736386 -0.540715 0.0370921 1.06053 0.458537 -0.858855 -0.174852 -0.241499 -0.0863575 
4.42146 2.63646 0.361684 -0.773399 -0.713829 -0.00332202 0.675076 0.411063 -0.340422 -0.373599 -0.121766 -0.0997134 
4.44098 2.65665 0.476915 -0.777465 -0.754511 0.0662671 0.649984 0.304705 -0.253837 -0.150461 -0.0667926 -0.0885137 
5.42874 3.12369 0.293008 -0.957463 -0.859944 -0.0952506 0.628501 0.290101 -0.400815 -0.0267771 -0.130429 -0.0750659 
4.81623 3.10546 0.744544 -0.610314 -0.783877 -0.243891 0.375589 0.282459 -0.169167 -0.0934808 -0.0520444 -0.0699094 
4.35698 2.90004 0.914187 -0.199521 -0.437173 -0.255837 0.207794 0.306327 -0.0560979 -0.160793 0.0265383 -0.0653355 
4.16528 2.87448 1.21226 0.0469492 -0.323681 -0.0313242 0.258564 0.0447358 -0.307223 -0.181774 0.0176537 -0.0566936 
4.12921 3.1788 1.52159 0.0643311 -0.297327 0.160506 0.507063 0.240638 -0.215428 -0.240561 -0.101214 -0.0880197 
4.49572 3.06015 1.34835 0.31695 0.107446 0.28003 0.439066 0.200372 -0.150794 -0.159809 -0.0593782 -0.0590115 
4.33322 3.126 1.24469 0.0684536 0.0168041 0.38294 0.545406 0.303177 -0.115036 -0.235922 -0.095025 -0.0789509 
4.96007 3.2246 1.00579 -0.0204942 -0.137849 0.233386 0.752546 0.368137 -0.379245 -0.22062 -0.114576 -0.0579735 
3.87755 2.68806 1.13364 0.00195497 -0.222275 0.302707 0.671981 0.269947 -0.297048 -0.238814 0.0283282 -0.0770659 
4.4293 2.7032 0.820497 -0.152509 -0.121217 0.384727 0.709032 0.323081 -0.153018 0.0139292 -0.0346416 -0.0688757 
4.53398 2.80636 0.696198 -0.509969 -0.404468 0.435554 0.907909 0.457543 -0.134166 -0.00800691 -0.0366861 -0.0692378 
4.61475 2.72536 0.440884 -0.554361 -0.394743 0.317678 0.79461 0.426115 -0.0728047 0.125319 0.0454286 -0.0528793 
4.93537 2.87073 0.581659 -0.499864 -0.397318 0.339076 0.819127 0.359616 -0.0213828 0.358842 -0.0169118 -0.0690432 
4.6151 2.82535 0.618382 -0.516282 -0.260775 0.612513 0.927501 0.473033 0.219537 0.382053 -0.0235251 -0.074346 
4.03102 2.48802 0.625018 -0.449238 -0.206975 0.676918 1.07842 0.734333 0.277565 0.155505 -0.0450547 -0.0977049 
4.83308 3.11332 0.637494 -0.745723 -0.362592 0.847629 1.24121 0.550818 0.143942 0.421849 -0.129258 -0.0842966 
6.59717 2.98941 -0.122979 -0.376563 0.170258 0.882277 2.08731 1.21555 -0.510248 0.440929 0.0460201 -0.0577781 
4.98667 2.74274 0.141229 -0.700996 -0.130009 0.76875 1.24238 0.789949 0.350656 0.428271 -0.102814 -0.118709 
3.86625 2.12281 0.456479 -0.222738 -0.0607696 0.52547 1.01157 0.969143 0.547655 0.265931 -0.0832723 -0.134344 
5.32294 2.67869 0.151403 -0.47188 -0.22948 0.665457 1.54011 0.893862 0.070995 0.519791 -0.115925 -0.125972 
5.17814 2.79399 0.385244 -0.3043 -0.27441 0.389879 1.34943 0.977878 0.235374 0.467552 -0.156953 -0.136185 
4.7233 2.63998 0.593766 -0.0153946 0.0472239 0.422718 1.09503 1.09393 0.539511 0.293054 -0.218741 -0.14702 
3.48632 2.15011 0.830669 0.173991 0.250185 0.648529 0.998807 0.926802 0.493455 0.0643222 -0.265639 -0.128828 
4.31038 2.82353 0.998877 0.108952 0.256174 0.764402 1.02853 0.915059 0.715741 0.391741 -0.288329 -0.143726 
4.63462 2.80013 0.903921 0.227202 0.217001 0.835146 1.48336 1.28285 0.815948 0.544619 -0.218013 -0.14318 
4.98281 2.8464 0.912377 0.329253 0.329918 0.767929 1.45943 1.36639 0.861995 0.654182 -0.156887 -0.140716 
3.35827 2.44829 1.27514 0.262731 0.0250154 0.548401 1.22321 1.44435 1.0179 0.342626 -0.175186 -0.119375 
4.37326 3.10596 1.44909 0.390762 0.114253 0.378628 0.961948 1.3682 1.09636 0.485429 -0.205031 -0.133921 
5.4061 3.2216 1.11439 0.499818 0.304017 0.421584 1.23411 1.21084 0.765536 0.615528 -0.136157 -0.139377 
4.09279 2.81367 1.42501 0.547483 0.229096 0.443881 0.794659 1.03334 1.04069 0.599972 -0.265588 -0.130204 
4.86259 3.10863 1.19394 0.579735 0.463013 0.515259 0.887234 1.08023 0.95037 0.67887 -0.126657 -0.120032 
5.60347 3.27261 0.887353 0.782884 0.881478 0.786141 1.26165 1.0903 0.901601 0.800208 0.0438063 -0.0800038 
4.0254 2.82889 1.47351 0.624343 0.3886 0.507181 1.10277 1.22781 1.09434 0.65038 0.143255 -0.0192745 
4.04123 2.89705 1.68454 0.889375 0.647726 0.856601 1.2546 1.11949 0.590583 0.352231 0.126409 -0.00354679 
3.8892 2.69471 1.70011 1.46984 1.35181 1.14027 1.23896 1.23582 0.658034 0.299026 0.0471683 -0.00374403 
4.26792 2.69517 1.56228 1.38799 1.24863 0.940951 1.06099 0.92576 0.651985 0.393569 0.15616 0.0168683 
3.86472 2.39381 1.56776 1.60957 1.48205 0.988512 0.950379 0.991031 0.672003 0.434279 0.144216 0.0108093 
4.08952 2.26941 1.31836 1.56282 1.55021 1.38719 1.37047 1.10653 0.767243 0.534453 0.112663 0.00699419 
5.16437 2.29843 0.746115 1.64598 1.84614 0.728985 0.754761 1.32152 0.914234 0.635427 0.173618 0.0220087 
4.22035 2.25291 1.30684 1.69145 1.78925 1.275 1.16913 1.08853 0.889477 0.624531 0.100584 0.00342414 
4.45115 2.25478 1.00449 1.86095 1.87798 1.15785 1.36789 1.58051 0.788108 0.323507 0.138838 0.0455915 
4.62081 2.11686 0.85167 1.87385 2.02356 1.13536 1.51891 1.48438 0.694356 0.301047 0.0746834 0.0325487 
3.848 2.0607 1.20523 1.82822 2.01589 1.46862 1.31926 1.21842 0.630552 0.10539 0.107508 0.0398305 
6.29803 1.40542 0.186445 2.69164 2.5134 0.374309 1.80298 1.78133 0.764097 0.163241 0.101413 0.0709468 
4.61686 1.96836 0.668322 1.92573 2.23525 1.30237 1.08311 1.12256 0.59785 0.241928 0.139399 0.0484657 
4.40149 2.08614 0.893779 1.65388 1.87709 1.21757 1.24657 0.967902 0.654465 0.474949 0.261913 0.0597853 
3.63297 2.24889 1.31086 1.44078 1.76583 1.30881 1.04398 0.871458 0.833862 0.53498 0.111606 0.00950167 
5.08666 1.87919 0.440977 1.90352 2.17481 0.872011 1.21969 0.877573 0.505372 0.460936 0.197771 0.0383861 
4.39261 2.09369 0.893161 1.71652 1.60082 0.750677 1.0238 1.057 0.573099 0.245352 0.172913 0.0368721 
3.66249 2.22879 1.17965 1.34186 1.4885 1.04953 0.681264 0.610096 0.459918 0.294198 0.124374 0.0122303 
4.87313 1.46695 0.200027 1.88935 1.96115 0.411228 1.33436 1.33084 0.676482 0.368039 0.20674 0.0775498 
3.76036 1.78385 1.00298 1.73592 1.61719 0.909379 1.10109 1.40142 0.931486 0.37991 0.244739 0.0501409 
4.24198 1.45247 0.683816 2.0969 1.75791 0.856863 1.22742 1.57858 1.06933 0.486448 0.346233 0.0906768 
3.44283 1.63122 0.849888 1.77637 2.16343 1.54023 1.14884 1.21206 0.80346 0.294356 0.211028 0.0460637 
4.94505 1.02204 0.106035 2.82312 2.38029 0.846455 1.42302 1.71038 0.662396 0.294443 0.328408 0.149156 
3.68943 1.55449 0.975933 2.15814 2.19558 1.06052 0.970056 1.04753 0.656276 0.293101 0.376593 0.0881951 
3.72463 1.64295 0.941172 1.74204 1.70062 0.98236 1.33814 1.17722 0.495453 0.262927 0.427667 0.100314 