3.58502 1.68964 -0.42933 -1.15876 -0.553998 0.245449 0.835513 0.986271 0.810968 0.522179 0.170346 -0.0296746 
2.89238 2.16939 1.51926 0.979807 0.593646 0.439293 0.477022 0.528381 0.386023 0.199612 0.096376 -0.0316846 
5.3227 3.71066 1.59264 0.610467 0.666576 0.864762 0.87341 0.865769 0.946275 0.672064 0.233621 0.0254133 
3.5024 2.89808 2.19054 1.5362 1.10547 0.841647 0.70827 0.622667 0.509797 0.310892 0.0611355 -0.00751946 
5.58774 3.9969 2.35163 1.71693 1.20332 0.562413 0.49355 0.639416 0.247662 -0.0355346 0.036382 0.00407117 
3.77526 3.32652 2.74794 2.15184 1.46702 0.823404 0.36 0.156088 0.0126306 -0.0423797 0.0532042 -0.0179568 
3.29919 2.79716 2.31041 1.74 1.19301 0.703183 0.314168 0.119322 0.0528298 0.0880348 0.0993226 -0.0183613 
3.7812 3.27936 2.67629 2.1144 1.52655 0.770208 0.148519 -0.110117 -0.124263 -0.0377931 0.0983961 -0.0121897 
5.64583 4.10143 2.6948 2.46999 1.82646 0.275435 -0.328725 0.0854814 0.0209749 -0.360688 -0.0718611 -0.0151563 
4.00377 3.49325 2.8259 2.139 1.47973 0.756948 0.187644 -0.0347156 -0.170004 -0.146086 0.0453668 -0.019979 
3.2984 2.85758 2.4722 2.02651 1.50708 0.86971 0.299197 -0.0581062 -0.174998 -0.138083 -0.0351335 -0.0460338 
3.93644 3.55668 2.98042 2.24211 1.41936 0.573829 -0.183925 -0.62608 -0.618675 -0.303403 0.0636501 -0.0281915 
4.85793 4.29052 3.43045 2.59201 1.59444 0.388677 -0.529538 -0.880335 -0.843179 -0.560737 -0.116689 -0.0465426 
3.9452 3.65315 3.08427 2.19202 1.25619 0.276396 -0.4762 -0.86685 -0.849869 -0.448209 0.0364846 -0.0354482 
3.68809 3.52639 3.17245 2.36097 1.31664 0.332144 -0.487613 -0.924283 -0.870516 -0.447515 0.0323155 -0.0588788 
3.72719 3.41771 2.99348 2.23964 1.2292 0.224603 -0.426962 -0.662914 -0.593523 -0.314282 0.0193548 -0.0377573 
5.16657 4.45632 3.4368 2.70314 1.92197 0.66411 -0.44871 -0.797743 -0.622293 -0.411227 -0.17218 -0.0621375 
4.2874 3.84169 3.37513 2.81281 2.05673 0.977006 0.0226232 -0.334357 -0.360609 -0.254825 -0.0909843 -0.063373 
3.35992 3.01777 2.76059 2.38616 1.8473 1.22535 0.660271 0.248278 -0.0186893 -0.153355 -0.110352 -0.0533946 
3.36398 3.00285 2.70783 2.27456 1.68484 1.04596 0.517399 0.150696 -0.0525793 -0.105573 -0.0682787 -0.0478875 
4.0467 3.89677 3.65291 3.16364 2.41224 1.47939 0.584996 -0.0449211 -0.317078 -0.233841 -0.0364918 -0.0713417 
3.4733 3.19435 2.94493 2.50845 1.89961 1.20445 0.581856 0.144488 -0.0672856 -0.110923 -0.063741 -0.0483426 
3.66262 3.44712 3.22087 2.70406 2.02297 1.3224 0.676431 0.166707 -0.139029 -0.168265 -0.0373064 -0.0518998 
3.51122 3.25518 3.03295 2.63545 2.03155 1.28917 0.581096 0.0727948 -0.154346 -0.140463 -0.0142734 -0.0495966 
3.80199 3.56138 3.25547 2.68854 1.979 1.16014 0.469325 0.017663 -0.184165 -0.158297 -0.0333644 -0.0500002 
3.23905 2.92863 2.74057 2.38972 1.86551 1.23128 0.665498 0.243991 -0.0253681 -0.130278 -0.103891 -0.0468546 
3.71282 3.46095 3.15285 2.61262 1.94337 1.22451 0.574177 0.0922716 -0.155866 -0.159775 -0.0442657 -0.0498076 
5.06298 4.88122 4.3388 3.56695 2.64892 1.57103 0.537528 -0.204075 -0.514997 -0.395471 -0.213952 -0.105755 
4.03812 3.75871 3.41434 2.83162 2.06202 1.26889 0.499293 -0.0438227 -0.287274 -0.254981 -0.0322567 -0.0564687 
3.27547 3.02204 2.87959 2.55347 2.03253 1.38852 0.757351 0.23076 -0.0891925 -0.172238 -0.105146 -0.0533928 
3.44698 3.13445 2.85277 2.4118 1.84174 1.21335 0.615123 0.174838 -0.0697513 -0.138524 -0.0780249 -0.0476563 
6.21999 5.27578 4.14629 3.19198 2.80589 1.71028 0.74562 0.116283 -0.727921 -0.36316 -0.268158 -0.103654 
4.15469 3.85243 3.46139 2.85219 2.10233 1.28691 0.587908 0.0548774 -0.257971 -0.264675 -0.0384692 -0.0552362 
3.31443 3.05127 2.8605 2.47597 1.94725 1.3025 0.676422 0.179535 -0.118851 -0.196992 -0.115566 -0.0557594 
3.62542 3.39612 3.15749 2.67005 1.98677 1.24225 0.55992 0.0725801 -0.184317 -0.196891 -0.05213 -0.0546484 
3.67786 3.47035 3.21056 2.70562 2.01468 1.24048 0.52838 -0.0180635 -0.266408 -0.222552 -0.0244835 -0.0568489 
3.94455 3.71509 3.35378 2.74005 2.01911 1.28592 0.533882 -0.0596608 -0.357223 -0.295049 -0.00833749 -0.0548265 
3.34799 3.03795 2.81965 2.42169 1.86013 1.21246 0.586048 0.117409 -0.137452 -0.200165 -0.129818 -0.0577048 
3.68177 3.4369 3.1856 2.71405 2.05897 1.31711 0.551693 -0.0529281 -0.335148 -0.300974 -0.0942717 -0.0764614 
3.3122 2.98691 2.72498 2.31557 1.78232 1.18348 0.625883 0.150542 -0.165021 -0.253882 -0.164352 -0.070559 
4.13705 3.94751 3.6295 3.06864 2.28324 1.32422 0.493174 -0.0859944 -0.315659 -0.289899 -0.114436 -0.0863549 
3.68651 3.44445 3.21389 2.76787 2.13686 1.4245 0.710637 0.181015 -0.0950478 -0.164312 -0.0757814 -0.0628647 
3.42369 3.19816 3.08076 2.79405 2.33159 1.70272 1.03083 0.493036 0.129575 -0.0506489 -0.068425 -0.039263 
3.52656 3.3558 3.26301 2.956 2.39245 1.6553 0.929293 0.409542 0.125861 -0.00997746 -0.00696834 -0.0329764 
3.98754 3.87624 3.68837 3.30011 2.63372 1.81816 1.04362 0.376922 0.00296508 -0.0683274 0.069157 -0.0321064 
3.91479 3.77277 3.55658 3.11464 2.56747 1.93211 1.26437 0.626041 0.188954 0.0292162 0.0863479 -0.0127959 
3.85227 3.70638 3.55084 3.19318 2.62869 1.85341 1.06855 0.490202 0.143036 0.0227823 0.0758419 -0.0203849 
3.42274 3.14434 2.9385 2.62789 2.18346 1.63189 1.04694 0.549566 0.239392 0.061074 -0.0271951 -0.0209674 
3.7908 3.49662 3.18509 2.73371 2.23102 1.62496 0.995678 0.500466 0.136084 -0.0234475 -0.0137797 -0.0332718 
3.29625 2.95555 2.74485 2.46138 2.0509 1.49469 0.951327 0.473192 0.119246 -0.0416605 -0.054729 -0.0362111 
3.94707 3.73901 3.50355 3.10609 2.46179 1.60866 0.721352 0.0648754 -0.177877 -0.148654 0.0277793 -0.0522538 
3.40347 3.1266 2.89735 2.51933 2.04198 1.47425 0.889607 0.40458 0.0940893 -0.0196016 -0.00302575 -0.0281163 
4.23555 4.0064 3.71853 3.27711 2.59691 1.66998 0.823106 0.0832703 -0.326098 -0.24885 0.0509854 -0.0510103 
3.19424 2.85497 2.62984 2.30693 1.8855 1.38452 0.881265 0.471551 0.18337 0.0284703 -0.0140077 -0.0221293 
3.66032 3.49697 3.4147 3.15949 2.62157 1.85971 1.03735 0.39881 0.070808 0.0123561 0.0712182 -0.0291799 
3.15483 2.77498 2.5624 2.28446 1.88106 1.40987 0.94803 0.545298 0.209631 0.0268684 -0.0165897 -0.0198283 
3.25956 2.93822 2.71286 2.40122 2.03128 1.55737 1.00998 0.542241 0.274505 0.133861 0.0377594 -0.00834003 
2.96322 2.53089 2.27982 2.01372 1.68292 1.27888 0.860501 0.529364 0.309254 0.163251 0.0712693 -0.0135752 
2.93626 2.50826 2.30155 2.05982 1.74004 1.36167 0.998344 0.685791 0.442195 0.252373 0.124445 -0.000428963 
2.84915 2.37716 2.10924 1.83478 1.57295 1.31131 1.01246 0.724225 0.508376 0.337915 0.191595 -0.00109381 
2.86945 2.4064 2.16809 1.93291 1.65695 1.35668 1.04826 0.774922 0.542496 0.352446 0.190378 0.00459311 
2.9271 2.48367 2.26578 2.04557 1.76598 1.44874 1.13057 0.846927 0.556868 0.326846 0.171969 0.013522 
2.83898 2.37427 2.13529 1.879 1.59846 1.32074 1.04253 0.749519 0.512218 0.337095 0.198588 0.00755075 
2.91843 2.4647 2.22771 1.99608 1.70522 1.36657 1.05371 0.800569 0.555603 0.336254 0.190726 0.0177827 
3.01605 2.60084 2.37866 2.13035 1.82545 1.47347 1.14402 0.826853 0.532091 0.310554 0.184183 0.0242713 
4.897 4.03439 3.39265 3.14753 2.59143 1.73052 1.09277 0.671716 0.250916 -0.0767443 0.133238 0.0212917 
3.01081 2.54123 2.29741 2.06902 1.76498 1.37448 1.00153 0.695965 0.468807 0.281814 0.150052 0.0157517 
3.00566 2.56027 2.38044 2.15661 1.80333 1.40442 1.09666 0.78428 0.439167 0.203994 0.118819 0.0148996 
3.67342 3.21331 2.88923 2.62974 2.26737 1.75484 1.17083 0.612417 0.223386 0.142865 0.19919 0.0250711 
3.92039 3.34306 2.79902 2.62574 2.3963 1.76729 0.982301 0.605082 0.402062 0.225901 0.157354 0.025184 
3.79935 3.19231 2.65943 2.4669 2.33795 1.79124 1.0826 0.695917 0.426813 0.228507 0.157074 0.026329 
3.34876 2.83672 2.50438 2.29583 2.12647 1.73296 1.19945 0.706872 0.419846 0.256737 0.143602 0.0217329 
3.89206 3.07046 2.56288 2.59919 2.47357 1.62475 0.959574 0.687191 0.518111 0.259922 0.102085 0.014719 
3.78077 3.02989 2.46456 2.40417 2.25507 1.6219 1.056 0.663055 0.327555 0.166341 0.145382 0.0197445 
4.08645 3.12154 2.42173 2.58792 2.53501 1.92892 1.06198 0.590764 0.320488 0.207802 0.141159 0.0237353 
3.87898 2.94261 2.23835 2.22326 2.18298 1.54592 1.1063 0.703899 0.339154 0.153102 0.258315 0.0474394 
3.49159 2.8821 2.43608 2.1275 1.62147 1.38566 1.35355 1.13304 0.551397 0.16762 0.184269 0.0337209 
4.13414 2.81544 2.13241 2.72153 2.8013 1.76732 1.05552 0.876644 0.679517 0.319451 0.122785 0.0282408 
3.47462 2.49514 2.00202 2.28547 2.21664 1.506 1.01197 0.988362 0.761219 0.357 0.102605 0.0220703 
3.4584 2.53014 2.06038 2.26729 2.45735 1.67822 0.83373 0.655474 0.657286 0.432803 0.138901 0.0191839 
3.2375 2.49938 1.99078 1.93632 1.88773 1.35285 0.764438 0.744638 0.787563 0.505178 0.141608 0.0155207 
4.01783 2.4622 1.41338 1.87662 2.39289 1.56882 0.867833 0.663182 0.518586 0.269348 0.140827 0.0182318 
3.03243 2.10243 1.62569 1.77805 1.84153 1.36675 0.829616 0.53665 0.381452 0.258508 0.208669 0.028328 
4.95783 2.09649 1.07609 2.23827 2.80824 1.94459 1.07978 0.58677 0.486198 0.341577 0.252414 0.0711257 
3.98159 2.50189 1.50882 1.93135 2.32406 1.61521 0.856161 0.382662 0.303704 0.376319 0.268151 0.0606402 