-1
-5
-15
-23
-23
-14
-5
0
3
4
1
-6
-16
-22
-18
-7
6
13
8
0
-6
-10
-14
-10
-2
4
0
-4
2
12
10
-4
-13
-8
4
6
3
-2
3
8
-1
-11
-9
2
7
3
7
17
15
9
8
3
-3
-5
6
11
10
7
7
7
11
19
23
20
21
30
35
28
18
19
19
20
20
14
4
-3
-5
-5
-9
-12
-16
-22
-27
-23
-14
-2
6
-1
-12
-14
-10
-10
-21
-20
-5
11
15
5
-5
-12
-14
-8
-2
-3
-4
-10
-13
-16
-17
-15
-12
2
8
3
-10
-18
-12
-4
2
-3
-10
-11
-1
9
7
-6
-18
-20
-10
7
14
8
-7
-19
-20
-11
-4
1
3
3
-7
-16
-11
3
6
-5
-15
-17
-19
-21
-21
-19
-16
-16
-17
-18
-18
-19
-23
-27
-26
-15
-2
3
0
4
14
19
13
8
12
25
28
20
14
16
23
22
24
29
29
21
13
17
20
16
2
-2
5
9
11
17
29
29
18
11
9
6
4
8
14
15
13
9
1
-4
-4
-4
-4
-8
-7
-5
-7
-11
-22
-27
-24
-20
-11
-10
-6
-8
-4
-2
-7
-18
-28
-25
-16
-2
11
23
17
5
3
3
0
-6
-1
1
-4
-4
8
19
21
17
16
19
23
21
13
4
0
-2
-4
-3
2
10
12
13
13
14
19
24
23
16
9
6
4
5
9
4
-6
-11
-11
-13
-9
-5
0
-4
-13
-20
-21
-13
-5
6
8
2
-1
2
11
6
-4
-15
-18
-19
-21
-26
-25
-23
-22
-16
-8
0
0
-6
-11
-19
-25
-30
-31
-28
-25
-15
-8
-10
-11
-8
-4
-6
-8
-10
-14
-13
-6
-2
-1
8
15
12
-2
-11
-14
-14
-14
-2
11
16
13
12
11
-1
-9
-6
4
6
-1
-4
-2
2
3
0
0
7
17
18
15
20
18
9
3
10
20
22
18
13
3
-5
-6
-4
1
14
26
23
12
10
14
10
-1
-8
-5
0
10
17
17
10
8
13
11
5
3
5
3
-7
-17
-19
-10
-1
1
-8
-19
-18
-9
-5
-15
-26
-21
-8
-3
-4
3
12
11
10
9
6
4
7
11
4
-5
-1
15
26
24
12
6
10
15
11
1
2
6
3
-7
-9
1
6
-6
-11
4
20
15
1
3
16
16
4
-4
0
11
21
24
20
14
11
11
6
3
-1
-3
2
11
17
12
10
18
25
21
11
1
-3
-2
-5
-14
-25
-18
-2
1
-8
-15
-11
-2
3
4
4
4
5
4
-1
-4
-3
0
-4
-9
-11
-7
-5
-6
-6
-8
-7
-5
-5
-6
-10
-10
-10
-9
-13
-16
-15
-12
-13
-13
-9
-7
-10
-12
-5
5
8
11
11
5
-9
-17
-14
-6
-5
-9
-9
-9
-15
-20
-20
-8
4
4
-3
-10
-9
-2
-1
-3
-5
-11
-10
-4
4
1
-5
-1
4
2
-6
-10
-13
-11
-2
7
7
7
12
19
13
-1
-10
-10
-1
9
9
4
-5
-11
-13
-15
-17
-18
-22
-28
-33
-36
-36
-34
-37
-45
-52
-55
-57
-57
-51
-43
-40
-36
-26
-16
-17
-23
-31
-33
-30
-23
-9
8
17
10
-4
-6
10
28
34
31
33
41
43
38
32
32
36
38
42
41
38
36
36
44
50
50
46
42
43
45
47
49
50
54
59
62
67
71
79
78
64
51
52
69
83
83
75
68
66
63
58
54
50
47
46
48
46
41
33
21
13
14
15
6
-2
2
14
21
20
14
2
-37
-101
-175
-230
-248
-232
-198
-181
-200
-257
-314
-346
-343
-301
-238
-185
-161
-146
-129
-114
-104
-81
-43
8
74
142
199
228
227
208
185
179
202
235
247
213
148
89
51
40
33
22
-3
-39
-86
-133
-172
-197
-208
-207
-202
-200
-189
-171
-150
-129
-105
-65
-27
10
44
80
120
153
178
199
224
248
270
281
284
282
274
260
240
218
197
186
173
150
121
101
89
83
78
67
52
46
49
46
44
55
69
78
88
105
128
146
157
159
162
170
166
157
148
139
122
82
7
-100
-212
-290
-340
-376
-401
-429
-492
-606
-727
-795
-792
-740
-676
-621
-582
-548
-511
-467
-413
-336
-225
-101
27
150
268
357
407
427
444
489
557
621
643
608
533
453
394
361
324
260
174
74
-24
-116
-190
-248
-310
-373
-418
-430
-417
-393
-373
-366
-380
-382
-347
-271
-173
-81
-11
18
14
13
49
133
242
329
363
337
293
260
252
251
249
249
246
236
208
167
119
72
37
25
44
77
98
95
75
51
46
73
133
210
279
319
332
327
333
366
414
451
462
462
463
464
446
413
375
341
305
271
235
162
15
-194
-400
-539
-599
-616
-652
-748
-909
-1094
-1236
-1288
-1244
-1155
-1069
-1002
-950
-885
-803
-708
-602
-468
-288
-69
163
375
530
619
668
718
792
904
1023
1095
1078
978
848
737
653
572
485
386
265
109
-53
-194
-319
-452
-570
-654
-692
-697
-686
-680
-684
-690
-670
-605
-506
-398
-298
-220
-148
-68
41
164
253
288
296
323
383
464
535
563
528
449
378
334
307
283
256
221
168
108
60
25
-7
-25
-22
-1
37
78
112
133
149
180
235
317
407
476
516
533
549
573
616
664
685
675
641
593
539
492
450
411
358
270
118
-106
-368
-613
-790
-878
-916
-980
-1125
-1337
-1558
-1721
-1784
-1743
-1635
-1520
-1429
-1359
-1280
-1178
-1051
-891
-682
-423
-134
159
424
618
742
833
943
1091
1262
1414
1495
1486
1400
1292
1199
1145
1094
1009
864
674
464
264
79
-94
-256
-412
-548
-655
-727
-783
-845
-917
-983
-1006
-964
-865
-748
-647
-580
-537
-493
-416
-286
-111
62
179
236
268
314
384
481
583
662
701
709
700
666
612
548
502
484
487
482
448
394
329
256
196
182
226
291
322
302
251
213
224
273
326
363
391
409
417
421
424
417
393
374
363
346
306
259
215
168
95
-31
-217
-431
-605
-690
-694
-690
-755
-912
-1117
-1305
-1414
-1420
-1343
-1249
-1194
-1177
-1162
-1132
-1084
-1019
-932
-818
-666
-484
-292
-133
-29
33
83
163
299
481
653
754
767
725
693
704
757
807
814
770
695
625
572
531
480
411
329
257
207
176
148
105
26
-73
-158
-196
-185
-161
-164
-206
-265
-319
-357
-373
-359
-331
-309
-292
-275
-258
-241
-215
-188
-163
-127
-73
-10
40
72
97
131
179
242
309
369
405
417
421
430
445
466
495
523
537
531
518
498
476
460
440
411
387
373
358
325
285
253
229
205
174
142
104
64
28
-2
-26
-51
-61
-63
-65
-79
-109
-145
-170
-176
-166
-158
-155
-164
-194
-250
-309
-340
-337
-318
-317
-338
-369
-396
-410
-417
-425
-441
-457
-461
-457
-453
-448
-444
-444
-462
-481
-484
-462
-421
-377
-339
-319
-316
-312
-282
-235
-199
-183
-168
-148
-129
-100
-58
-17
6
17
37
70
111
149
179
197
205
214
222
235
251
261
267
268
273
284
307
325
327
320
319
331
330
317
316
323
320
305
303
311
306
285
270
272
282
287
287
275
255
228
198
168
143
133
129
116
91
71
66
65
59
57
56
59
62
64
56
35
15
5
16
42
70
95
123
152
166
162
151
147
149
158
171
174
158
125
72
8
-57
-111
-156
-208
-266
-315
-349
-386
-439
-498
-545
-577
-606
-627
-639
-641
-637
-631
-636
-647
-647
-614
-572
-545
-523
-488
-435
-394
-358
-332
-315
-295
-257
-211
-174
-138
-89
-44
-15
6
32
57
83
120
158
176
177
185
214
255
281
286
286
294
314
338
364
377
374
375
390
417
439
450
460
469
481
485
482
467
443
412
365
315
277
257
230
190
148
122
110
101
94
80
59
30
3
-23
-43
-59
-76
-88
-93
-89
-81
-65
-46
-28
-7
25
67
108
146
183
212
235
257
284
309
322
327
325
312
288
252
209
150
80
5
-62
-117
-162
-214
-275
-332
-387
-441
-495
-530
-544
-561
-591
-618
-623
-602
-582
-564
-545
-517
-491
-469
-446
-423
-394
-360
-324
-297
-271
-247
-230
-216
-196
-171
-153
-141
-130
-128
-135
-145
-145
-138
-119
-91
-62
-35
-9
18
48
79
116
163
212
256
300
348
396
429
447
463
485
511
539
567
586
583
565
547
529
506
480
456
411
347
291
249
205
150
99
60
29
0
-26
-45
-66
-97
-130
-146
-139
-123
-118
-112
-87
-54
-36
-26
2
50
88
108
129
168
206
233
253
270
280
278
279
288
297
291
268
241
217
196
174
140
98
52
6
-52
-118
-181
-239
-295
-351
-397
-440
-480
-516
-543
-556
-567
-584
-604
-615
-618
-629
-645
-654
-648
-630
-605
-579
-563
-552
-543
-523
-493
-455
-418
-384
-345
-293
-236
-176
-111
-49
3
47
100
157
211
251
281
298
304
307
327
376
434
465
459
435
424
429
440
447
438
412
378
348
316
279
244
216
189
168
162
162
161
147
122
89
65
57
65
72
74
66
58
68
96
125
134
130
133
147
161
176
182
168
130
92
97
146
219
281
311
310
295
301
342
409
474
509
512
491
444
378
324
308
319
340
353
333
249
105
-42
-154
-213
-234
-256
-311
-421
-565
-706
-809
-867
-896
-909
-927
-958
-997
-1031
-1063
-1106
-1138
-1124
-1059
-975
-901
-857
-856
-883
-878
-786
-619
-433
-283
-191
-143
-110
-43
82
252
418
549
657
752
834
886
915
947
994
1061
1131
1179
1162
1065
923
795
720
699
689
643
522
329
112
-72
-186
-239
-265
-318
-422
-558
-690
-790
-836
-807
-730
-658
-611
-579
-558
-537
-484
-361
-187
-7
153
270
337
376
433
542
689
851
990
1059
1045
992
963
984
1043
1116
1169
1166
1104
1028
979
968
992
1024
979
787
482
192
21
-29
-21
-69
-269
-636
-1059
-1368
-1479
-1479
-1514
-1642
-1832
-2051
-2239
-2332
-2312
-2243
-2176
-2088
-1966
-1856
-1794
-1749
-1660
-1468
-1159
-763
-379
-123
-25
9
130
424
852
1280
1555
1627
1579
1556
1634
1792
1960
2073
2088
2004
1855
1686
1540
1430
1359
1298
1200
1017
750
429
116
-137
-308
-425
-551
-731
-978
-1270
-1517
-1634
-1613
-1529
-1456
-1427
-1462
-1525
-1525
-1386
-1128
-836
-580
-371
-202
-48
127
369
670
973
1251
1480
1636
1702
1729
1809
1955
2111
2211
2227
2140
1960
1768
1651
1624
1622
1573
1459
1277
1059
865
756
731
669
417
-47
-563
-923
-1036
-1007
-1062
-1380
-1950
-2539
-2892
-2912
-2754
-2697
-2878
-3183
-3385
-3380
-3192
-2939
-2743
-2611
-2443
-2149
-1782
-1469
-1248
-1035
-708
-214
373
881
1176
1274
1328
1507
1877
2350
2757
2927
2810
2544
2341
2318
2435
2552
2537
2330
1973
1571
1214
951
781
626
397
55
-379
-849
-1275
-1544
-1625
-1631
-1713
-1926
-2180
-2374
-2433
-2316
-2065
-1804
-1636
-1538
-1425
-1269
-1049
-727
-308
109
443
700
923
1131
1333
1588
1928
2274
2501
2571
2553
2511
2489
2534
2630
2659
2547
2361
2175
1996
1845
1751
1690
1590
1452
1335
1233
977
408
-338
-908
-1058
-913
-802
-1043
-1768
-2803
-3676
-3919
-3500
-2912
-2750
-3183
-3891
-4419
-4477
-4028
-3313
-2715
-2452
-2425
-2399
-2223
-1863
-1328
-656
88
762
1205
1369
1368
1402
1674
2256
2991
3550
3679
3367
2862
2514
2536
2848
3173
3250
2946
2322
1612
1090
847
802
768
587
182
-416
-1089
-1654
-1942
-1912
-1733
-1681
-1934
-2417
-2841
-2944
-2672
-2186
-1740
-1560
-1628
-1689
-1529
-1163
-691
-155
346
660
773
854
1051
1370
1759
2155
2462
2585
2540
2472
2488
2593
2743
2864
2883
2730
2460
2237
2158
2199
2256
2176
1713
827
-142
-730
-771
-520
-404
-787
-1791
-3073
-3957
-3982
-3332
-2729
-2740
-3370
-4203
-4769
-4725
-4053
-3155
-2556
-2437
-2572
-2661
-2545
-2118
-1336
-340
551
1041
1118
1039
1093
1447
2130
2967
3601
3765
3514
3135
2886
2895
3134
3419
3507
3267
2729
2058
1455
1087
991
1006
866
404
-335
-1155
-1764
-1943
-1776
-1611
-1750
-2163
-2643
-2990
-3029
-2703
-2177
-1772
-1683
-1802
-1873
-1691
-1244
-647
-72
340
552
674
873
1207
1612
2003
2315
2496
2548
2557
2626
2792
2995
3160
3227
3196
3092
2967
2708
2067
1116
316
106
353
513
100
-1013
-2465
-3553
-3762
-3200
-2590
-2687
-3606
-4720
-5312
-5177
-4546
-3834
-3429
-3464
-3708
-3736
-3380
-2721
-1904
-1034
-205
371
571
604
911
1641
2552
3307
3737
3863
3828
3826
3977
4253
4474
4447
4202
3950
3735
3388
2881
2446
2186
1953
1523
921
274
-364
-956
-1394
-1572
-1692
-2036
-2581
-3019
-3201
-3236
-3220
-3111
-2929
-2785
-2729
-2627
-2371
-2017
-1659
-1273
-802
-345
1
298
666
1103
1534
1939
2332
2671
2904
3052
3191
3364
3586
3818
3856
3381
2449
1594
1319
1578
1838
1538
448
-1088
-2358
-2791
-2457
-2005
-2165
-3119
-4352
-5181
-5342
-4974
-4449
-4150
-4267
-4646
-4919
-4802
-4222
-3323
-2390
-1680
-1307
-1216
-1114
-602
397
1547
2400
2779
2867
2986
3382
4021
4647
4975
4905
4653
4566
4715
4840
4732
4429
4061
3656
3189
2709
2284
1873
1361
724
112
-428
-983
-1525
-1889
-2085
-2348
-2772
-3192
-3439
-3521
-3505
-3386
-3186
-3004
-2904
-2789
-2492
-2005
-1452
-926
-431
12
393
793
1314
1930
2511
2967
3334
3593
3520
3096
2655
2608
2943
3241
3089
2315
1118
20
-485
-367
-144
-469
-1497
-2723
-3563
-3871
-3836
-3716
-3724
-4036
-4597
-5110
-5283
-5023
-4478
-3895
-3430
-3187
-3212
-3287
-2937
-1994
-869
-106
187
269
505
1112
2021
2920
3474
3590
3462
3491
3890
4444
4796
4851
4703
4449
4132
3849
3720
3703
3556
3112
2488
1912
1432
1015
708
443
21
-612
-1247
-1661
-1830
-1903
-2033
-2258
-2512
-2753
-2876
-2738
-2345
-1966
-1817
-1816
-1735
-1430
-901
-239
423
944
1284
1553
1604
1343
1047
1227
1961
2685
2805
2132
994
56
-96
498
1227
1296
348
-1072
-2016
-2149
-1828
-1521
-1470
-1835
-2603
-3365
-3695
-3488
-2947
-2448
-2287
-2485
-2927
-3326
-3205
-2349
-1293
-831
-1094
-1508
-1541
-1000
-59
852
1358
1330
1000
869
1333
2182
2817
2981
2883
2707
2525
2501
2759
3147
3328
3076
2530
2071
1892
1873
1871
1823
1554
953
297
-13
48
167
87
-238
-689
-1117
-1360
-1247
-836
-492
-551
-905
-1178
-1137
-776
-196
379
712
796
581
19
-472
-378
359
1177
1485
1020
-127
-1265
-1597
-995
-46
412
-127
-1370
-2386
-2590
-2147
-1530
-1096
-1134
-1745
-2526
-2913
-2631
-1819
-959
-550
-711
-1248
-1804
-1823
-961
284
928
604
-96
-452
-144
709
1596
2003
1717
1003
487
717
1546
2232
2295
1908
1422
1034
966
1318
1816
1982
1584
854
313
266
560
861
937
670
65
-521
-655
-288
209
433
243
-192
-564
-640
-322
291
857
954
620
323
416
852
1432
2009
2343
2037
993
-44
-255
474
1384
1637
888
-616
-2050
-2577
-2035
-1072
-669
-1396
-2837
-3969
-4214
-3743
-3036
-2527
-2558
-3203
-3965
-4224
-3680
-2578
-1529
-1049
-1148
-1489
-1669
-1237
-47
1312
1934
1593
1011
939
1598
2653
3522
3787
3371
2647
2205
2495
3264
3787
3616
2935
2143
1543
1417
1781
2204
2133
1331
166
-666
-786
-416
-68
-87
-605
-1499
-2223
-2261
-1671
-1007
-782
-1063
-1529
-1763
-1548
-890
-29
630
777
609
598
997
1747
2628
3165
2792
1745
923
1021
1831
2557
2467
1327
-239
-1273
-1327
-734
-275
-688
-2022
-3422
-4042
-3854
-3369
-3020
-3041
-3565
-4363
-4889
-4702
-3822
-2808
-2280
-2341
-2645
-2816
-2505
-1450
-25
823
636
76
69
843
2012
2978
3391
3237
2779
2464
2699
3473
4207
4311
3826
3175
2668
2475
2669
3077
3200
2610
1457
474
200
460
655
487
-53
-872
-1668
-1962
-1620
-1104
-947
-1235
-1683
-1981
-1956
-1532
-802
-101
192
29
-169
116
1025
2038
2241
1581
873
863
1518
2250
2558
2038
862
-181
-430
57
608
496
-409
-1535
-2276
-2543
-2487
-2245
-2068
-2351
-3128
-3906
-4135
-3694
-3012
-2631
-2645
-2852
-3115
-3159
-2615
-1574
-817
-833
-1164
-1068
-452
319
918
1321
1573
1615
1633
1984
2707
3287
3346
3141
3070
3102
3127
3210
3376
3416
3065
2408
1892
1821
1971
1903
1497
927
314
-239
-476
-336
-147
-346
-929
-1438
-1541
-1303
-970
-648
-451
-516
-723
-646
-6
671
637
35
-447
-265
310
805
865
332
-467
-1018
-983
-488
-66
-344
-1216
-1958
-2159
-2049
-1909
-1722
-1640
-1985
-2627
-3038
-2832
-2169
-1601
-1529
-1754
-1943
-1953
-1695
-1040
-266
-50
-509
-890
-544
308
1035
1258
1164
1030
946
1060
1566
2311
2725
2496
2082
2001
2256
2642
2991
3155
2933
2306
1709
1643
2079
2429
2188
1518
863
444
304
451
701
667
143
-581
-967
-786
-291
101
202
76
-160
-257
-108
-93
-305
-534
-474
-253
-211
-408
-928
-1474
-1714
-1617
-1407
-1320
-1589
-2244
-2779
-2779
-2457
-2259
-2223
-2229
-2406
-2699
-2783
-2388
-1654
-1101
-1129
-1461
-1460
-1053
-571
-146
288
420
50
-263
89
874
1419
1408
1144
984
949
1042
1386
1958
2265
1909
1294
1111
1436
1853
2054
1999
1718
1279
954
1063
1557
1914
1638
928
445
465
749
1026
1179
1104
727
310
328
882
1532
1764
1584
1415
1487
1707
1579
1140
787
679
724
631
420
-104
-891
-1498
-1604
-1360
-1275
-1712
-2636
-3420
-3603
-3405
-3258
-3328
-3472
-3789
-4232
-4441
-4158
-3451
-2899
-2819
-2960
-2811
-2397
-1970
-1369
-504
56
-138
-492
-87
985
1912
2214
2107
2006
2024
2196
2653
3308
3658
3292
2581
2318
2617
3019
3166
3037
2670
2026
1368
1180
1570
2025
1839
1034
295
124
333
597
808
840
516
-5
-163
283
928
1256
1237
1178
1242
962
435
380
972
1576
1402
708
-97
-763
-1031
-872
-503
-360
-820
-1899
-2797
-2801
-2151
-1517
-723
-594
-2037
-4322
-5339
-4345
-3216
-2959
-3373
-3764
-3496
-2702
-1904
-1441
-1027
-555
-693
-1384
-1683
-1108
-216
185
-3
-230
-149
304
1042
1864
2295
1971
1323
1249
1949
2761
3032
2727
2196
1695
1422
1599
2183
2649
2376
1463
735
783
1347
1789
1860
1625
1163
687
652
1300
2122
2354
1980
1686
1546
1106
798
1132
1845
1964
1249
220
-660
-892
-541
-141
-138
-659
-1749
-2894
-3181
-2586
-2081
-2304
-2901
-3449
-3951
-4154
-3804
-3007
-2379
-2561
-3355
-3716
-3072
-2067
-1442
-1134
-966
-1232
-1650
-1230
224
1607
1821
1083
524
751
1497
2306
3026
3362
2881
1878
1462
2122
3118
3464
2976
2175
1507
1211
1416
2042
2502
2083
850
-200
-251
451
1064
1153
861
425
13
2
724
1817
2420
2184
1516
648
117
453
1468
2329
2138
1055
-409
-1271
-867
163
750
392
-720
-2133
-2925
-2554
-1663
-1349
-1940
-2907
-3816
-4244
-3917
-3065
-2287
-2316
-3290
-4376
-4413
-3368
-2227
-1681
-1657
-2063
-2726
-2825
-1699
13
924
451
-575
-962
-436
553
1543
2180
2152
1464
875
1282
2507
3647
3813
3011
2025
1529
1716
2306
2885
2918
2019
706
153
837
1954
2496
2303
1570
642
201
748
1777
2238
1934
1025
-128
-657
-112
1096
1836
1662
728
-578
-1269
-813
196
745
123
-1489
-3021
-3243
-2235
-1132
-742
-1121
-1994
-3147
-3696
-3227
-2112
-1356
-1802
-2996
-3579
-2825
-1427
-229
391
279
-785
-2023
-2071
-770
687
916
-136
-1278
-1377
-383
901
1810
1954
1199
-2
-450
487
1962
2606
1984
940
267
156
522
1293
2041
1971
928
-80
11
1126
2195
2424
1934
1283
933
1159
2073
3239
3898
3152
1418
468
1081
2533
3317
2994
1774
62
-1030
-828
230
1031
691
-912
-2742
-3387
-2706
-1773
-1492
-1804
-2632
-3878
-4593
-4026
-2481
-1376
-1730
-3035
-3826
-3302
-2062
-1001
-384
-330
-1094
-2069
-1828
-102
1601
1768
649
-276
-263
482
1517
2574
3065
2396
1076
571
1532
2964
3626
3179
2110
1058
504
724
1603
2348
2026
560
-816
-853
172
1037
1096
583
-85
-674
-686
284
1824
2393
964
-974
-1542
-466
933
1638
1387
0
-1588
-2112
-1217
212
860
-2
-1813
-2981
-2870
-2152
-1624
-1420
-1651
-2582
-3634
-3835
-2723
-1104
-552
-1562
-3055
-3623
-3108
-2133
-1038
-335
-627
-1672
-2085
-961
846
1826
1392
443
-11
257
984
1871
2525
2265
1073
103
456
1759
2615
2251
1261
475
199
395
1096
1958
2087
1052
-243
-470
522
1713
2176
1905
1412
1031
1080
1833
3123
3432
2093
679
607
1777
2686
2854
2225
933
-121
-349
207
965
1124
26
-1703
-2591
-2235
-1529
-1275
-1411
-1990
-3060
-3901
-3792
-2682
-1608
-1671
-2746
-3519
-3191
-2280
-1467
-809
-488
-979
-1789
-1565
-53
1456
1698
881
209
306
980
1860
2658
2906
2208
1063
699
1508
2668
3063
2445
1463
796
673
1020
1621
1933
1296
-108
-1085
-774
301
981
817
204
-312
-513
-184
833
1540
785
-680
-1332
-581
453
880
603
-400
-1441
-1859
-1435
-510
141
-362
-1840
-2891
-2700
-1868
-1349
-1258
-1527
-2307
-3125
-3243
-2283
-943
-549
-1433
-2441
-2366
-1449
-559
88
481
131
-874
-1243
-125
1512
2079
1298
361
208
714
1448
2171
2575
2107
918
214
860
2173
2781
2211
1128
314
70
401
1116
1690
1448
333
-710
-647
444
1431
1535
1025
539
352
653
1557
1993
1391
408
75
676
1284
1504
956
-71
-742
-883
-635
-293
-244
-973
-2073
-2590
-2351
-1950
-1840
-1936
-2385
-3078
-3468
-3175
-2205
-1418
-1572
-2404
-2770
-2158
-1257
-646
-262
-134
-467
-840
-338
1011
2054
1915
1121
821
1238
1888
2465
2957
3015
2297
1393
1299
2130
2945
2888
2081
1243
802
741
972
1352
1461
806
-273
-803
-295
621
963
639
207
-11
83
434
493
242
-97
-216
-48
110
239
-132
-768
-1056
-974
-796
-739
-975
-1627
-2211
-2314
-2185
-2203
-2273
-2263
-2515
-2934
-3073
-2810
-2299
-1953
-2002
-2250
-2177
-1698
-1217
-881
-559
-359
-446
-390
265
1185
1679
1475
1100
1205
1792
2448
2818
2979
2892
2474
2168
2455
3128
3387
2937
2238
1780
1689
1802
1967
2016
1695
970
325
309
862
1255
1041
560
302
412
769
791
308
-138
-303
-124
115
308
77
-788
-1456
-1503
-1225
-985
-1023
-1593
-2407
-2794
-2657
-2508
-2564
-2604
-2765
-3187
-3485
-3379
-2870
-2357
-2309
-2700
-2960
-2654
-2039
-1515
-1088
-832
-966
-1181
-811
250
1127
1144
618
451
965
1705
2240
2511
2567
2285
1894
1945
2593
3212
3169
2597
2048
1845
1883
2067
2281
2263
1735
881
408
771
1558
1891
1503
907
675
953
1253
984
535
292
277
299
326
373
-107
-842
-1186
-1056
-786
-746
-1137
-1776
-2107
-2053
-2024
-2176
-2225
-2210
-2516
-2930
-3014
-2641
-2106
-1941
-2245
-2522
-2350
-1916
-1542
-1179
-833
-850
-1170
-1117
-322
628
930
506
135
347
885
1367
1726
2030
2005
1608
1397
1815
2503
2729
2398
1985
1808
1719
1652
1792
2061
1998
1348
657
647
1269
1760
1666
1259
1015
1118
1169
763
405
452
638
547
279
93
-408
-1004
-1177
-989
-855
-1065
-1636
-2293
-2449
-2156
-2076
-2418
-2681
-2692
-2851
-3049
-2930
-2473
-2035
-2024
-2320
-2362
-1831
-1200
-968
-909
-705
-578
-628
-330
563
1383
1384
797
528
955
1619
2014
2166
2231
2109
1830
1856
2423
3002
2897
2200
1655
1587
1725
1739
1666
1521
1159
667
422
676
1160
1369
1086
632
513
793
836
364
10
17
132
81
-22
-262
-931
-1520
-1626
-1388
-1208
-1432
-2059
-2597
-2574
-2300
-2303
-2518
-2596
-2695
-2988
-3120
-2821
-2231
-1831
-1948
-2290
-2229
-1625
-1008
-671
-403
-249
-493
-758
-266
840
1516
1272
728
656
1070
1537
1914
2176
2185
1835
1517
1746
2370
2730
2516
2099
1868
1803
1734
1739
1933
2089
1809
1179
857
1213
1760
1862
1544
1326
1447
1429
892
451
554
789
645
230
-125
-682
-1265
-1402
-1166
-1009
-1329
-2133
-2891
-2890
-2373
-2229
-2650
-3038
-3119
-3239
-3286
-2975
-2446
-2142
-2361
-2723
-2542
-1732
-1021
-854
-834
-586
-417
-413
9
986
1700
1446
775
712
1377
2067
2337
2346
2236
1932
1635
1843
2598
3153
2843
2023
1579
1762
2046
2105
2082
1979
1557
957
789
1274
1828
1789
1275
949
1200
1430
919
250
132
349
268
-106
-366
-825
-1424
-1687
-1549
-1348
-1486
-2125
-2949
-3241
-2941
-2749
-2994
-3242
-3313
-3549
-3763
-3502
-2841
-2335
-2414
-2733
-2588
-1799
-1020
-742
-693
-550
-524
-579
-99
984
1778
1617
981
824
1354
2009
2392
2470
2317
1865
1389
1540
2292
2850
2532
1692
1102
1015
1223
1466
1597
1462
1005
481
423
980
1643
1781
1391
1114
1315
1509
1226
1017
1212
1410
1195
817
576
130
-321
-411
-270
-282
-709
-1470
-2093
-2100
-1831
-1984
-2603
-3114
-3359
-3607
-3705
-3471
-3070
-2901
-3151
-3427
-3251
-2654
-2072
-1720
-1477
-1347
-1436
-1336
-547
598
1205
1011
695
933
1545
2101
2523
2781
2737
2366
2142
2503
3154
3443
3168
2699
2384
2224
2197
2398
2573
2312
1615
1087
1229
1769
2086
1890
1497
1295
1256
895
436
420
695
761
345
-167
-777
-1383
-1525
-1258
-1081
-1522
-2446
-3186
-3138
-2571
-2366
-2742
-3199
-3402
-3561
-3588
-3246
-2775
-2584
-2812
-3045
-2816
-2114
-1452
-1164
-1052
-931
-898
-818
-222
773
1387
1206
799
977
1655
2210
2439
2525
2480
2171
1919
2210
2845
3073
2645
2050
1785
1753
1724
1784
1887
1752
1236
744
807
1325
1732
1624
1250
1113
1268
1296
1024
963
1091
995
642
350
204
-200
-594
-703
-732
-991
-1553
-2139
-2377
-2220
-2232
-2665
-3103
-3216
-3292
-3506
-3500
-3273
-3144
-3236
-3306
-3113
-2723
-2368
-2119
-1767
-1378
-1252
-1313
-1028
-244
468
703
677
795
1161
1595
1999
2350
2515
2380
2221
2437
2919
3153
2984
2760
2653
2533
2365
2335
2431
2339
1970
1573
1509
1666
1753
1710
1631
1610
1549
1350
960
538
331
392
494
311
-352
-1277
-1801
-1624
-1190
-1202
-1843
-2668
-3138
-2999
-2557
-2329
-2530
-3010
-3432
-3468
-3067
-2599
-2386
-2476
-2674
-2769
-2560
-2011
-1388
-963
-856
-1000
-1128
-829
-26
927
1408
1195
721
615
1162
1994
2594
2630
2134
1564
1551
2258
3073
3278
2782
2148
1834
1929
2265
2567
2580
2171
1572
1274
1528
2049
2342
2205
1829
1423
1045
793
795
938
874
388
-357
-963
-1268
-1337
-1384
-1574
-1999
-2664
-3211
-3281
-3004
-2912
-3206
-3575
-3727
-3672
-3510
-3247
-2974
-2826
-2826
-2767
-2465
-1980
-1485
-1062
-710
-504
-424
-255
245
946
1449
1657
1700
1759
1874
2104
2350
2412
2289
2149
2165
2282
2405
2428
2399
2373
2276
2071
1879
1842
1884
1867
1736
1560
1399
1337
1397
1522
1564
1414
1176
1043
940
730
431
223
232
109
-342
-960
-1404
-1503
-1520
-1602
-1861
-2328
-2759
-2895
-2722
-2550
-2657
-2985
-3240
-3280
-3104
-2832
-2565
-2372
-2337
-2334
-2219
-1942
-1548
-1140
-825
-693
-671
-544
-149
401
815
992
951
797
781
1106
1625
1941
1938
1794
1686
1757
2061
2388
2487
2313
2013
1800
1845
2109
2309
2199
1846
1509
1431
1673
1981
2092
1912
1593
1280
1055
975
962
908
662
341
109
-70
-347
-758
-1048
-1192
-1351
-1610
-1887
-2077
-2251
-2372
-2427
-2394
-2397
-2570
-2823
-2945
-2796
-2579
-2455
-2417
-2385
-2352
-2286
-2086
-1793
-1583
-1550
-1507
-1226
-719
-224
66
201
254
337
566
945
1331
1650
1882
1939
1880
1971
2362
2783
2915
2745
2482
2302
2287
2406
2517
2417
2040
1648
1548
1696
1755
1526
1183
977
961
1018
1102
1175
1007
594
208
175
307
212
-138
-575
-917
-1134
-1241
-1293
-1366
-1576
-1903
-2202
-2314
-2209
-2123
-2186
-2375
-2573
-2671
-2644
-2473
-2275
-2207
-2288
-2343
-2219
-1916
-1566
-1331
-1273
-1283
-1185
-837
-308
172
413
382
264
356
729
1207
1559
1638
1457
1214
1265
1734
2267
2479
2316
2008
1832
1899
2078
2165
2061
1805
1514
1322
1349
1479
1499
1302
975
717
617
651
714
721
507
105
-281
-402
-225
-52
-64
-244
-404
-505
-579
-631
-667
-829
-1106
-1291
-1334
-1292
-1352
-1473
-1573
-1638
-1674
-1743
-1748
-1630
-1485
-1436
-1446
-1375
-1203
-1009
-898
-921
-1025
-1055
-910
-627
-312
-103
-92
-199
-93
294
681
841
824
842
960
1197
1497
1634
1530
1311
1224
1326
1411
1283
1109
1137
1256
1255
1161
1100
955
747
625
589
600
676
775
693
362
-62
-297
-203
57
143
-22
-204
-312
-379
-415
-398
-429
-538
-581
-494
-481
-664
-821
-787
-628
-610
-749
-877
-904
-827
-789
-803
-838
-853
-821
-713
-568
-526
-658
-808
-767
-591
-471
-458
-479
-476
-462
-386
-269
-155
-2
174
263
237
243
355
497
606
728
820
854
812
763
789
872
864
705
599
587
531
530
591
580
340
141
207
307
395
430
426
261
123
230
423
488
343
304
373
362
224
248
455
542
454
411
364
103
-124
-11
280
285
-8
-278
-293
-212
-289
-470
-575
-614
-697
-722
-627
-627
-831
-983
-953
-929
-988
-959
-816
-757
-815
-882
-898
-846
-643
-385
-323
-455
-545
-419
-159
92
210
144
-17
-85
37
233
324
274
302
370
328
304
314
333
204
218
376
325
226
247
459
433
274
232
269
356
528
700
561
181
-2
299
705
823
639
388
424
664
853
840
665
605
662
768
746
536
327
230
288
441
539
469
228
37
-53
-179
-409
-566
-496
-451
-601
-857
-977
-988
-981
-937
-931
-1047
-1189
-1283
-1307
-1254
-1207
-1268
-1420
-1377
-1159
-999
-1039
-1124
-1094
-892
-701
-615
-581
-590
-504
-355
-93
88
220
315
372
495
753
935
926
1046
1308
1308
1034
1024
1072
1080
1267
1491
1421
1183
1209
1088
760
811
1253
1394
1142
935
784
555
390
554
870
935
529
-27
-141
129
351
390
362
133
-291
-537
-347
37
113
-100
-432
-611
-655
-634
-459
-291
-441
-946
-1377
-1407
-1157
-926
-878
-1093
-1483
-1719
-1692
-1551
-1363
-1184
-1126
-1291
-1479
-1333
-972
-660
-553
-441
-378
-437
-489
-259
127
319
446
498
617
650
572
592
754
1062
1250
1156
1136
1137
1223
1276
1178
1204
1239
1365
1225
1107
1256
1435
1207
889
1014
1205
916
447
494
617
368
102
213
275
95
-45
44
-43
-411
-580
-485
-337
-539
-764
-795
-913
-1113
-1177
-904
-893
-1114
-1100
-1036
-1212
-1428
-1206
-841
-755
-762
-813
-912
-1055
-916
-553
-351
-282
-306
-323
-424
-352
56
298
157
116
288
275
7
154
599
605
245
171
265
191
308
632
888
597
238
303
629
816
669
628
629
555
539
869
1042
791
811
983
837
469
552
788
680
553
549
329
-79
-170
109
303
203
-202
-531
-474
-348
-324
-293
-234
-438
-720
-695
-633
-673
-618
-469
-376
-443
-535
-716
-755
-403
-226
-311
-322
-244
-279
-382
-196
-65
-163
-219
-98
-71
-241
-268
-267
-129
30
81
-121
-347
-283
-170
-103
26
148
-2
-274
-240
-114
-4
103
230
295
126
35
-13
34
156
289
378
127
-263
-215
193
520
464
386
206
-104
-4
423
626
245
159
414
385
173
179
437
350
229
321
344
155
23
320
466
292
66
119
33
-90
89
327
112
-238
-52
147
-132
-311
-151
-56
-151
-137
-23
-291
-621
-694
-321
-12
-21
-366
-531
-284
-181
-82
-103
-167
-428
-364
26
-1
-237
-241
-56
-128
-193
177
313
-47
-220
-148
14
-67
-13
142
18
-225
-466
-486
-219
56
101
21
-170
-217
-308
-86
300
321
108
-21
52
172
288
534
614
362
350
360
415
341
470
803
697
541
293
201
235
264
348
183
-85
-217
-156
138
370
199
-105
-157
-106
-67
-142
-300
-450
-418
-32
11
-525
-761
-529
-378
-322
-189
-123
-459
-580
-332
-292
-436
-310
-99
-171
-232
-131
-120
-256
-129
175
204
-73
-314
-289
-155
-119
-6
196
259
-80
-229
51
68
-110
136
630
373
-196
-107
27
-51
256
930
773
98
189
474
334
288
793
891
381
391
663
492
151
525
777
352
-24
141
392
-58
-166
248
480
65
-481
-202
-72
-473
-643
-197
80
-262
-467
-310
-454
-738
-603
-312
-189
-306
-417
-606
-631
-350
-174
-156
-60
27
-223
-584
-484
-161
-47
-97
-110
-151
-265
-354
-184
-70
14
56
8
-42
-281
-226
-115
67
157
162
202
113
121
197
262
314
419
379
399
394
441
376
195
361
518
534
340
325
497
412
335
555
598
168
-88
253
455
96
47
367
250
-178
-151
226
34
-432
-395
-206
-375
-583
-429
-189
-225
-390
-352
-173
-187
-391
-264
-16
-157
-569
-352
-2
-85
-252
-167
-146
-512
-534
-158
58
-163
-490
-501
-312
-317
-331
-282
-71
-133
-357
-205
87
301
151
85
235
151
-2
84
523
601
316
213
229
310
360
582
727
471
269
281
328
225
169
327
273
60
74
277
74
-312
-63
305
164
-236
-77
249
-86
-354
2
266
73
-58
230
192
-194
-127
223
261
-7
-63
46
61
-192
-308
-73
152
-19
-245
-216
-195
-348
-367
-93
-52
-240
-380
-437
-346
-346
-391
-259
-84
-158
-517
-537
-188
-124
-209
-48
73
-114
-518
-369
71
148
19
18
171
18
-263
57
422
132
-101
145
385
-70
-178
400
471
43
40
478
264
-177
28
358
160
9
338
431
85
-56
274
343
201
261
465
296
-50
76
301
179
19
284
418
142
-77
32
37
2
96
322
221
-155
-419
-335
67
181
111
105
58
-230
-482
-365
-76
-13
-64
-144
-225
-281
-335
-256
52
90
-212
-344
-218
-274
-506
-344
-62
-24
-136
-177
-218
-265
-289
-377
-292
-16
20
-28
-138
-234
-220
6
247
287
397
301
-74
-155
222
338
172
193
372
241
-14
-91
163
406
404
302
326
297
-58
-134
111
293
162
82
19
-177
-250
-122
137
255
193
1
-176
-239
-215
-31
249
363
170
-49
-209
-325
-230
106
371
307
89
-25
-201
-305
-191
-24
-8
-163
-284
-275
-202
-224
-265
-181
-87
-214
-260
-101
-179
-486
-501
-57
115
-94
-66
59
-129
-421
-128
406
355
71
144
253
-44
-267
2
299
261
168
299
378
147
-61
145
446
427
126
83
116
-23
7
278
468
310
201
235
111
-105
-68
182
394
402
299
189
-30
-173
-74
276
432
122
-150
-142
-82
-155
-66
152
92
-141
-234
-220
-308
-284
-101
-30
-52
-95
-198
-384
-382
-271
-255
-213
-114
-33
-53
-65
-168
-267
-211
-11
97
56
-121
-263
-253
-105
13
32
88
-44
-189
-178
-36
-54
-154
-76
108
101
-84
-131
-157
-161
-99
103
297
236
46
-102
-73
67
121
204
310
221
-23
-135
13
124
121
127
106
-72
-164
-39
129
103
-35
-43
21
-13
-42
-17
-36
-106
-131
-76
-68
-45
64
188
134
39
23
22
54
118
195
226
165
57
-5
83
148
15
-7
136
85
-131
-46
243
246
7
-119
-139
-228
-222
-108
29
-7
-159
-290
-322
-217
-103
-48
-63
-56
-126
-246
-271
-84
153
173
82
19
7
39
75
77
38
49
126
102
62
131
177
56
-72
139
460
414
185
167
282
238
80
210
422
246
-21
-47
205
190
2
148
340
132
-285
-204
131
72
-194
-144
59
-57
-255
-137
43
-58
-297
-209
7
-37
-240
-320
-202
-249
-324
-234
-94
-185
-456
-435
-252
-184
-187
-12
75
-136
-341
-213
-21
-27
7
160
133
-96
-210
-13
235
150
13
76
190
34
-125
7
171
96
-11
111
146
45
-24
25
71
77
208
267
144
67
103
167
206
358
453
304
195
261
283
173
127
213
246
162
158
157
61
-31
52
201
99
-126
-201
-187
-217
-229
-161
-220
-354
-332
-217
-206
-344
-456
-462
-343
-205
-171
-256
-371
-339
-230
-157
-191
-255
-254
-268
-124
-20
-87
-108
21
118
0
-20
103
10
-122
7
164
59
-13
196
313
229
160
225
228
182
336
506
482
293
194
293
404
415
370
362
293
200
209
278
205
71
110
252
174
1
-13
-38
-143
-180
-93
-162
-322
-342
-322
-433
-440
-277
-346
-543
-435
-218
-291
-469
-383
-246
-298
-306
-177
-205
-260
-220
-193
-160
-118
-109
-131
-41
41
-44
-111
-28
49
33
151
256
138
35
110
222
253
242
285
298
286
362
402
430
407
392
421
394
309
249
265
315
302
328
355
325
294
263
224
166
147
84
17
86
154
56
-97
-95
-44
-100
-169
-162
-165
-244
-269
-325
-317
-324
-313
-278
-251
-184
-327
-450
-333
-202
-209
-223
-132
-170
-330
-265
-191
-236
-239
-103
-104
-206
-171
-137
-140
-81
104
129
-35
-57
29
64
100
246
328
220
167
267
257
165
213
289
278
207
227
261
158
88
88
46
52
56
84
60
8
45
25
-14
-42
-3
32
2
-62
-88
-41
-56
-70
-126
-170
-183
-202
-176
-204
-229
-221
-187
-155
-244
-272
-167
-134
-227
-208
-103
-238
-376
-219
4
-35
-187
-199
-135
-183
-192
-87
62
139
22
-10
55
37
-27
36
232
286
211
199
233
223
277
453
444
309
330
446
428
370
486
533
343
234
321
378
344
293
301
291
228
122
54
126
142
82
31
3
-56
-113
-123
-121
-113
-43
-84
-273
-251
-185
-225
-345
-301
-186
-324
-411
-343
-248
-335
-387
-265
-232
-304
-306
-145
-131
-214
-191
-129
-150
-156
-75
-50
-114
-119
-9
19
-45
-67
13
31
-56
-74
10
66
47
77
100
125
134
159
156
134
174
168
150
126
100
42
24
56
59
28
64
137
87
-9
-17
70
122
112
117
96
58
53
86
80
-5
-95
-137
-131
-114
-119
-162
-197
-190
-175
-192
-236
-252
-239
-246
-259
-225
-155
-136
-178
-185
-147
-121
-106
-62
-32
-36
-16
41
65
55
84
135
123
79
79
132
185
228
261
258
235
230
270
286
260
251
272
299
272
229
222
213
200
192
185
159
119
102
118
105
59
-13
-89
-142
-141
-104
-88
-107
-124
-108
-101
-109
-124
-134
-142
-149
-160
-164
-146
-91
-62
-94
-128
-124
-116
-149
-192
-207
-205
-191
-161
-138
-92
-56
-47
-81
-105
-73
-19
34
57
69
68
72
80
106
148
177
173
145
154
188
234
232
202
184
195
241
221
169
169
213
211
152
149
179
155
110
103
97
54
19
-1
-42
-60
-32
-3
-20
-50
-62
-70
-49
-30
-65
-154
-206
-219
-212
-204
-204
-213
-241
-233
-211
-207
-208
-224
-270
-283
-246
-193
-222
-273
-262
-228
-202
-191
-136
-83
-84
-109
-96
-40
28
61
83
83
68
81
105
139
167
182
170
133
124
173
216
198
169
173
206
213
210
226
231
203
168
162
161
139
113
127
136
74
-21
-73
-71
-50
-61
-73
-88
-90
-44
5
22
-37
-94
-73
-14
-6
-58
-90
-88
-71
-46
-31
-59
-112
-120
-66
-40
-49
-72
-80
-78
-94
-107
-116
-99
-82
-97
-120
-129
-94
-44
-12
-21
-34
-3
33
62
84
96
85
66
67
80
83
84
94
89
85
74
71
73
94
124
118
101
80
65
51
32
3
-34
-34
-17
-23
-54
-52
-25
-29
-61
-79
-63
-35
-13
-1
-13
-41
-48
-46
-32
-39
-58
-65
-43
-13
-12
-20
-31
-14
12
31
16
14
44
49
29
19
51
72
77
75
55
25
19
36
57
66
71
66
39
5
-29
-33
-2
26
26
6
-3
-3
-12
-29
-49
-66
-74
-73
-66
-46
-22
-14
-7
9
22
9
-8
-13
-40
-67
-73
-61
-95
-153
-153
-102
-50
-46
-43
-32
-29
-29
-24
-6
11
26
27
9
-21
-30
-9
12
16
21
42
59
65
75
94
119
150
152
134
113
112
130
147
169
175
178
172
140
112
102
114
117
90
51
32
48
73
57
15
-11
-8
-11
-36
-66
-74
-74
-85
-90
-87
-105
-154
-188
-188
-183
-191
-179
-162
-172
-194
-203
-193
-211
-254
-267
-234
-186
-179
-190
-188
-182
-168
-137
-102
-95
-77
-32
12
25
23
31
34
45
84
131
157
175
202
219
210
205
238
267
251
210
183
181
178
179
184
189
194
197
179
165
167
172
143
95
85
93
86
47
18
20
20
-3
-33
-42
-46
-51
-59
-76
-105
-128
-128
-114
-121
-146
-171
-174
-172
-177
-177
-157
-142
-157
-187
-181
-147
-128
-134
-140
-116
-93
-84
-88
-84
-74
-57
-33
-5
-3
-9
7
42
59
36
26
41
55
62
81
116
130
116
90
74
70
88
117
135
136
129
129
116
94
82
99
113
102
93
103
103
82
73
77
82
66
41
4
-38
-57
-62
-70
-93
-115
-114
-109
-119
-144
-158
-154
-163
-170
-170
-150
-146
-168
-177
-167
-139
-126
-134
-121
-83
-52
-50
-61
-39
-22
-23
-22
6
56
76
80
68
50
56
76
89
87
88
91
85
106
148
166
160
153
164
167
163
175
177
164
148
151
165
162
156
157
162
152
127
115
120
101
64
42
39
29
-1
-18
-29
-45
-82
-111
-116
-127
-164
-198
-186
-167
-175
-198
-204
-205
-200
-202
-215
-228
-216
-181
-163
-173
-194
-180
-133
-96
-88
-90
-72
-53
-57
-62
-54
-59
-59
-46
-19
6
15
37
47
55
92
147
184
163
125
123
148
150
133
130
143
145
141
177
224
232
202
180
181
171
163
163
170
165
141
107
62
21
13
22
11
-30
-44
-20
-16
-38
-50
-45
-63
-94
-98
-114
-160
-187
-168
-143
-164
-189
-186
-167
-158
-160
-148
-138
-134
-134
-127
-117
-121
-125
-115
-99
-81
-68
-57
-39
-21
-5
0
7
10
7
14
41
66
76
92
113
118
97
76
74
94
127
145
145
135
144
154
151
155
155
147
126
117
116
96
77
74
72
59
37
29
4
-41
-80
-88
-68
-59
-68
-89
-98
-88
-86
-100
-105
-94
-82
-99
-123
-120
-90
-58
-57
-64
-60
-42
-22
-11
-28
-36
-13
26
37
17
18
35
45
39
17
4
-3
5
7
4
15
34
50
37
18
11
21
34
35
33
46
61
56
31
24
36
31
24
34
65
75
50
15
1
11
9
-4
-23
-29
-24
-20
-27
-48
-68
-68
-62
-52
-54
-57
-51
-64
-87
-98
-77
-53
-47
-40
-34
-39
-59
-75
-74
-53
-19
0
0
-3
4
21
38
27
2
-23
-13
16
32
30
25
34
43
51
47
34
22
32
59
76
75
62
54
43
50
70
74
64
45
44
35
12
-5
-13
4
13
5
-9
-20
-21
-9
17
43
35
7
-22
-40
-40
-25
-13
-22
-45
-46
-30
-11
-11
-24
-35
-36
-32
-34
-29
-23
-17
-4
8
11
19
33
39
28
30
62
73
76
71
58
29
13
34
64
79
80
73
55
39
36
33
25
25
43
46
37
30
30
27
10
-3
-11
-19
-31
-30
-15
-12
-45
-82
-90
-94
-108
-110
-95
-87
-100
-85
-60
-81
-133
-150
-117
-107
-133
-151
-129
-100
-82
-77
-78
-86
-96
-98
-90
-68
-30
10
24
14
3
10
21
31
47
74
87
70
52
50
55
51
53
75
99
103
96
96
103
108
103
93
76
69
70
74
76
69
74
75
64
50
49
63
59
49
54
57
54
42
24
-17
-62
-64
-43
-32
-46
-70
-80
-77
-65
-66
-79
-86
-88
-80
-70
-70
-73
-67
-46
-39
-57
-73
-67
-41
-32
-26
-17
-15
-19
-27
-25
-18
1
25
34
29
32
46
53
56
70
92
112
113
92
73
76
102
124
135
130
117
100
95
90
77
50
21
15
28
49
40
12
-5
-14
-26
-42
-48
-40
-41
-51
-60
-71
-86
-96
-90
-77
-80
-91
-93
-80
-69
-60
-55
-54
-59
-72
-82
-92
-90
-95
-100
-96
-76
-62
-73
-84
-76
-54
-44
-48
-36
-12
-7
-24
-21
-1
12
6
7
31
53
61
57
61
72
75
71
75
95
116
130
132
122
109
104
106
103
101
106
118
115
94
69
61
61
56
49
48
52
37
4
-10
10
25
0
-34
-35
-14
-7
-29
-61
-74
-65
-49
-53
-72
-92
-103
-103
-98
-99
-110
-108
-96
-97
-121
-148
-144
-107
-55
-15
-7
-38
-73
-74
-35
10
12
-16
-32
-6
21
16
11
38
72
70
54
50
52
36
9
-2
11
27
30
41
66
88
78
53
28
-6
-42
-28
69
169
185
118
48
17
22
70
119
119
68
15
-11
-36
-58
-53
-35
-25
-37
-46
-45
-57
-71
-56
-32
-49
-95
-95
-48
-44
-125
-240
-264
-149
38
151
107
-50
-224
-254
-69
176
256
144
74
109
126
74
47
71
74
89
130
117
-12
-115
-86
14
99
144
133
51
-3
1
-5
-42
-32
36
101
152
139
-7
-168
-130
61
191
176
95
-16
-120
-146
-133
-173
-219
-177
-86
-57
-112
-202
-293
-297
-158
22
109
68
-6
-27
34
138
230
312
411
479
460
396
373
398
376
282
159
63
14
16
58
69
-33
-233
-401
-442
-407
-378
-377
-392
-434
-481
-485
-485
-534
-587
-542
-409
-273
-179
-149
-195
-261
-245
-141
-44
17
72
103
79
12
-41
-62
-56
-17
27
31
-24
-95
-120
-103
-84
-70
1
142
274
331
344
364
413
539
706
840
927
1025
1134
1177
1204
1334
1527
1618
1486
1111
603
166
20
177
386
362
1
-565
-1111
-1470
-1606
-1581
-1487
-1381
-1274
-1219
-1327
-1610
-1854
-1797
-1397
-863
-403
-113
-7
-33
-72
-23
126
386
773
1192
1390
1199
757
373
263
438
735
926
859
569
209
-120
-386
-565
-635
-576
-404
-255
-301
-572
-900
-1058
-979
-744
-505
-396
-411
-473
-517
-544
-516
-323
75
567
960
1122
1074
977
1038
1335
1755
2123
2350
2464
2508
2513
2502
2531
2640
2585
1973
790
-416
-1043
-1064
-895
-931
-1419
-2361
-3455
-4255
-4544
-4410
-4002
-3390
-2692
-2117
-1847
-1919
-2028
-1697
-764
473
1620
2480
2992
3123
2994
2776
2543
2413
2551
2888
2974
2392
1162
-259
-1316
-1711
-1602
-1477
-1657
-2106
-2595
-2991
-3276
-3382
-3142
-2435
-1396
-395
253
544
683
820
1005
1256
1618
2049
2436
2680
2605
2096
1261
525
304
600
1060
1317
1252
995
733
597
690
1079
1705
2360
2879
3250
3532
3596
2965
1329
-869
-2578
-2998
-2326
-1443
-1234
-2157
-3962
-5864
-6973
-6789
-5476
-3636
-1883
-669
-200
-442
-969
-972
61
1872
3714
4974
5487
5298
4529
3465
2397
1562
1135
1161
1324
991
-317
-2393
-4382
-5447
-5335
-4481
-3508
-2803
-2438
-2287
-2193
-1999
-1457
-337
1318
3079
4355
4869
4789
4426
3939
3330
2645
2046
1610
1205
552
-541
-1975
-3455
-4566
-4914
-4367
-3178
-1843
-731
30
448
683
1074
1929
3219
4586
5630
6173
6278
6134
6015
5996
5476
3535
121
-3475
-5669
-5971
-5170
-4410
-4536
-5757
-7672
-9433
-9994
-8805
-6205
-3036
-58
2272
3634
4001
3886
3954
4517
5531
6793
7973
8494
7760
5685
2822
-43
-2266
-3495
-3815
-3859
-4422
-5721
-7216
-8183
-8164
-7141
-5422
-3409
-1444
351
1931
3239
4254
5075
5854
6585
7077
7216
7081
6609
5483
3527
1060
-1338
-3247
-4471
-5076
-5413
-5906
-6679
-7377
-7434
-6460
-4506
-2009
493
2561
3957
4686
5035
5340
5727
6136
6487
6736
6801
6607
6087
5274
4247
3163
1723
-749
-4463
-8392
-10830
-10827
-8891
-6524
-5194
-5491
-6773
-7667
-6933
-4317
-714
2742
5575
7781
9150
9234
8091
6322
4601
3433
3077
3278
3222
2023
-527
-3782
-6778
-8782
-9453
-8851
-7500
-6191
-5272
-4347
-2920
-951
1180
3079
4584
5757
6818
7838
8535
8461
7398
5642
3754
2066
607
-717
-2031
-3499
-5153
-6701
-7695
-7862
-7287
-6255
-5012
-3647
-2253
-897
525
2088
3610
4787
5580
6110
6371
6243
5709
4933
4147
3516
3093
2837
2657
2371
1778
960
256
-40
-514
-2149
-5186
-8357
-9880
-9107
-6685
-3922
-1907
-1214
-1570
-2018
-1675
-444
1066
2502
4128
5991
7372
7358
5909
3533
807
-1498
-2546
-2243
-1599
-1695
-2623
-3813
-4864
-5726
-6175
-5784
-4595
-3103
-1521
480
2795
4652
5493
5501
5118
4497
3860
3573
3639
3558
2819
1522
94
-1380
-2939
-4291
-4870
-4626
-4037
-3381
-2599
-1737
-1141
-903
-702
-212
527
1297
2068
2835
3374
3466
3228
2974
2747
2405
2016
1821
1892
2040
2131
2170
2184
2088
1842
1611
1604
1955
2417
2087
-24
-3949
-8002
-10116
-9515
-7074
-4368
-2482
-1846
-2036
-2158
-1534
-328
790
1849
3527
5926
8045
8698
7573
4939
1442
-1744
-3531
-3848
-3669
-3824
-4213
-4450
-4521
-4675
-4825
-4671
-4178
-3321
-1716
899
3974
6514
7860
7860
6693
4881
3130
1903
1162
666
201
-318
-962
-1809
-2852
-3933
-4776
-5056
-4569
-3343
-1613
316
2035
3023
3003
2268
1446
918
775
997
1519
2016
2135
1873
1522
1255
952
623
590
1088
1864
2450
2664
2633
2472
2340
2421
2856
2971
1520
-2104
-6791
-10219
-10956
-9214
-6300
-3480
-1618
-1004
-1032
-622
557
1803
2471
3118
4649
6769
8223
8050
6180
2935
-1006
-4425
-6319
-6791
-6753
-6687
-6191
-4928
-3272
-1874
-962
-469
-330
-179
734
2864
5703
8087
9060
8361
6381
3763
1087
-1265
-3095
-4283
-4732
-4362
-3339
-2118
-1247
-1040
-1315
-1587
-1376
-533
777
2266
3564
4251
4021
2852
1083
-820
-2454
-3478
-3606
-2743
-1189
453
1759
2622
3065
3096
2882
2710
2694
2614
2313
1944
1798
1978
2397
2956
3564
3676
2142
-1662
-6910
-11196
-12558
-10699
-6875
-2841
58
1230
1194
1125
1666
2315
2449
2466
3399
5284
6957
7235
5654
2321
-2133
-6372
-8981
-9600
-9001
-7892
-6151
-3475
-320
2290
3711
3951
3263
2168
1638
2502
4620
6889
8059
7548
5451
2367
-988
-4085
-6511
-7942
-8063
-6701
-4143
-1124
1479
3038
3390
2838
2000
1387
1095
1006
1141
1475
1716
1353
91
-1821
-3820
-5261
-5584
-4404
-1801
1419
4203
5958
6646
6378
5201
3343
1356
-146
-923
-992
-396
810
2292
3509
4137
4197
3265
522
-4145
-9182
-11959
-11348
-8159
-4185
-776
1419
2092
1743
1424
1522
1494
1062
1159
2801
5200
6578
5990
3689
261
-3697
-7082
-8712
-8470
-7192
-5391
-2818
500
3514
5038
4941
3862
2331
850
235
1068
2954
4736
5490
5001
3382
876
-2102
-4928
-6881
-7502
-6617
-4390
-1417
1588
4012
5355
5377
4239
2544
863
-532
-1374
-1437
-865
-240
-134
-686
-1701
-2962
-4121
-4489
-3440
-1043
1877
4398
6006
6453
5625
3782
1556
-344
-1545
-1951
-1537
-366
1231
2778
3963
4756
5150
4984
3608
490
-4064
-8461
-10718
-10309
-8007
-5202
-2846
-1341
-713
-324
563
1731
2416
2487
2944
4466
6047
6354
5085
2651
-538
-4005
-6720
-7858
-7790
-7287
-6262
-4051
-822
2123
3784
4347
4332
3862
3172
2871
3330
4186
4740
4629
3788
2164
-98
-2599
-4835
-6376
-6994
-6449
-4662
-1977
1030
3713
5433
5826
4996
3501
1847
307
-818
-1343
-1401
-1364
-1542
-2030
-2757
-3606
-4298
-4321
-3267
-1216
1252
3526
5264
6212
6227
5361
3836
2036
349
-843
-1237
-792
240
1471
2650
3733
4561
4951
4701
3121
-301
-5227
-9759
-11954
-11481
-9199
-6336
-3592
-1405
49
1280
2679
3699
3615
2744
2565
3714
5046
5361
4491
2811
476
-2304
-4707
-6166
-6954
-7330
-6648
-4140
-333
3195
5376
6220
5909
4500
2548
997
392
589
1105
1557
1602
963
-356
-2126
-3934
-5303
-5817
-5138
-3247
-474
2655
5425
7032
7043
5675
3562
1239
-983
-2747
-3783
-4109
-3977
-3666
-3275
-2851
-2496
-2204
-1695
-660
915
2732
4447
5766
6393
6096
4899
3103
1173
-504
-1713
-2254
-1921
-730
1023
2836
4313
5106
5176
4178
1524
-2806
-7758
-11244
-12241
-10873
-8005
-4592
-1366
1015
2548
3726
4522
4342
3175
2141
2559
4042
5211
5371
4543
2761
-41
-3275
-5938
-7619
-8474
-8218
-6187
-2558
1325
4086
5498
5826
5030
3247
1277
55
-120
489
1408
2155
2230
1388
-209
-2203
-4102
-5442
-5837
-4982
-2919
-10
3132
5667
6845
6368
4576
2131
-408
-2561
-3977
-4528
-4327
-3589
-2589
-1662
-1091
-991
-1057
-785
169
1735
3485
4959
5804
5822
4991
3421
1378
-660
-2241
-2993
-2753
-1551
295
2313
4115
5373
5927
5654
3987
422
-4690
-9455
-11814
-11400
-9043
-5974
-2968
-547
1031
2245
3535
4413
4199
3244
3007
4186
5531
5718
4644
2791
351
-2480
-4897
-6339
-7226
-7824
-7367
-5100
-1591
1665
3799
4947
5191
4410
2971
1651
910
724
931
1342
1495
894
-416
-2043
-3605
-4784
-5297
-4868
-3515
-1538
851
3359
5339
6120
5526
3945
1844
-449
-2437
-3735
-4286
-4248
-3744
-2809
-1644
-611
5
347
829
1701
2873
4041
4931
5236
4798
3661
1982
40
-1711
-2869
-3187
-2666
-1460
156
1869
3402
4514
5058
5205
4698
2613
-1325
-6111
-9555
-10632
-9734
-7733
-5329
-2848
-723
959
2662
4329
5110
4619
3782
3930
4803
5075
4339
3105
1668
-272
-2677
-4878
-6500
-7686
-8266
-7420
-4850
-1451
1470
3481
4794
5286
4742
3444
2087
1188
893
955
975
615
-135
-1075
-2121
-3181
-3998
-4286
-3879
-2764
-888
1673
4228
5790
5917
4990
3486
1601
-512
-2452
-3805
-4441
-4355
-3601
-2367
-971
170
966
1675
2448
3183
3617
3654
3381
2808
1989
986
-88
-1002
-1580
-1746
-1415
-588
707
2257
3722
4831
5440
5051
2848
-1371
-6359
-9918
-11083
-10179
-8034
-5234
-2261
215
2120
3831
5066
4997
3650
2430
2618
3579
3981
3588
2763
1473
-550
-2893
-4833
-6387
-7747
-8230
-6873
-3780
-221
2654
4649
5755
5666
4423
2680
1191
250
-167
-142
63
65
-287
-875
-1630
-2517
-3406
-3921
-3612
-2313
-160
2398
4665
6004
6179
5354
3774
1627
-647
-2546
-3883
-4637
-4665
-3806
-2339
-818
304
956
1327
1602
1931
2314
2730
3009
2925
2491
1804
896
-212
-1231
-1739
-1563
-794
483
2121
3798
5129
5832
6032
5585
3723
-49
-5097
-9374
-11537
-11587
-10066
-7596
-4620
-1818
478
2600
4533
5550
5203
4208
3961
4565
4878
4356
3314
2029
224
-2131
-4426
-6242
-7636
-8416
-7846
-5585
-2306
815
3231
4991
5863
5486
4001
2141
713
89
98
278
231
-95
-577
-1275
-2178
-3035
-3598
-3669
-3052
-1464
1060
3726
5468
5787
4935
3371
1337
-875
-2713
-3860
-4294
-4045
-3049
-1541
-121
609
577
303
355
949
1815
2669
3346
3641
3427
2736
1703
546
-523
-1236
-1409
-944
122
1546
2966
4185
5064
5506
5225
3365
-419
-5510
-9896
-11985
-11754
-9823
-6981
-3702
-635
1727
3599
5037
5484
4733
3657
3618
4581
5171
4770
3697
2194
22
-2745
-5345
-7323
-8734
-9312
-8288
-5431
-1660
1710
4102
5612
6121
5388
3735
1951
702
217
341
702
801
422
-296
-1246
-2358
-3381
-3978
-3864
-2937
-1173
1256
3630
5118
5385
4708
3487
1736
-469
-2599
-4037
-4466
-3983
-2829
-1413
-321
113
75
111
598
1417
2243
2901
3411
3695
3560
2891
1796
519
-604
-1282
-1367
-896
38
1256
2545
3726
4611
5063
4909
3492
292
-4357
-8882
-11424
-11625
-9908
-7124
-3955
-981
1267
3018
4572
5456
5098
3911
3270
3815
4459
4228
3301
2035
252
-2214
-4709
-6503
-7703
-8455
-8110
-5969
-2460
1041
3569
5182
5984
5695
4327
2534
1144
542
525
707
797
647
250
-537
-1685
-2794
-3504
-3726
-3424
-2327
-243
2248
4125
4824
4555
3641
2042
-142
-2281
-3618
-3982
-3568
-2484
-980
452
1173
1095
750
620
781
1026
1397
2067
2776
3062
2698
1824
737
-343
-1233
-1681
-1524
-693
552
1928
3283
4423
5104
5192
4609
2666
-1034
-5949
-10062
-11802
-11153
-8921
-6102
-3163
-628
1320
3107
4797
5607
5022
3872
3654
4423
4874
4419
3341
1794
-477
-3197
-5422
-6878
-8026
-8685
-7791
-4901
-1105
2118
4359
5819
6229
5281
3460
1763
814
529
618
851
975
739
11
-1174
-2566
-3810
-4671
-4881
-4149
-2286
410
2991
4693
5369
5266
4460
2841
676
-1444
-3039
-3835
-3587
-2312
-587
673
981
690
413
419
589
750
965
1304
1686
1967
1946
1532
769
-187
-997
-1305
-947
-45
1058
2255
3510
4711
5539
5753
4955
2438
-1895
-7103
-11074
-12524
-11534
-8959
-5776
-2535
220
2390
4267
5661
5920
4978
3852
3724
4349
4647
4199
3125
1412
-1021
-3710
-5922
-7601
-8971
-9469
-8143
-4966
-1119
2167
4548
6017
6251
5186
3477
2006
1173
884
992
1326
1476
1086
65
-1406
-2950
-4246
-5037
-5036
-3981
-1779
1133
3913
5837
6631
6306
4902
2617
54
-2103
-3623
-4466
-4371
-3179
-1445
-125
308
162
-107
-294
-313
-33
686
1670
2554
3160
3421
3166
2173
598
-911
-1727
-1666
-903
273
1684
3122
4320
5111
5446
5092
3140
-845
-6091
-10398
-12064
-11163
-8646
-5577
-2453
200
2069
3535
4776
5191
4358
3087
2913
3994
4917
4732
3567
1792
-562
-3311
-5751
-7490
-8740
-9285
-8289
-5381
-1500
1884
4211
5655
6150
5512
4062
2606
1757
1588
1841
2205
2271
1722
480
-1299
-3195
-4815
-5895
-6147
-5324
-3270
-279
2785
5011
5946
5709
4587
2860
943
-694
-1966
-2880
-3214
-2668
-1466
-449
-209
-637
-1152
-1327
-1039
-271
909
2203
3198
3726
3836
3437
2308
499
-1392
-2598
-2766
-2033
-699
978
2734
4162
5052
5455
5414
4793
2839
-769
-5419
-9360
-11055
-10442
-8178
-5254
-2428
-320
1015
2231
3541
4250
3824
2943
2909
3904
4788
4782
3975
2457
98
-2796
-5254
-6839
-7958
-8580
-7864
-5345
-1921
1071
3207
4740
5513
5130
3889
2720
2291
2471
2776
2877
2548
1601
-53
-2210
-4312
-5869
-6706
-6749
-5798
-3612
-503
2622
4941
6155
6352
5562
3918
2026
486
-655
-1701
-2538
-2620
-1933
-1175
-1056
-1594
-2295
-2759
-2736
-1974
-431
1465
2990
3817
4102
3895
2965
1294
-525
-1659
-1756
-1025
222
1765
3335
4482
4919
4771
4263
3566
2168
-489
-4375
-8268
-10322
-10045
-7991
-5307
-2787
-897
157
988
2189
3374
3691
3222
3213
4361
5672
5955
5035
3188
516
-2688
-5449
-7053
-7849
-8246
-7742
-5698
-2570
346
2360
3723
4554
4568
3897
3208
3041
3301
3555
3481
2839
1481
-503
-2818
-4915
-6283
-6755
-6358
-5093
-2914
-29
2870
5037
6135
6197
5382
3848
2119
898
280
-281
-1154
-2055
-2558
-2837
-3251
-3711
-3921
-3720
-3115
-1903
132
2499
4298
5030
4950
4474
3486
1840
-8
-1346
-1879
-1817
-1238
-78
1348
2438
2929
3102
3257
3343
3367
3288
2359
-221
-4306
-7930
-9427
-8788
-7057
-5250
-3585
-2269
-1137
359
2270
3790
4254
4194
4683
5633
5991
5257
3597
1221
-1692
-4450
-6233
-7110
-7676
-7819
-6807
-4475
-1645
822
2776
4238
4862
4587
3983
3670
3679
3636
3326
2620
1348
-427
-2391
-4179
-5478
-6107
-5941
-4913
-3065
-570
2086
4309
5772
6409
6226
5195
3584
2024
877
-62
-1097
-2133
-2919
-3529
-4127
-4547
-4528
-4085
-3393
-2308
-522
1744
3765
4979
5424
5292
4500
3031
1267
-248
-1314
-1959
-2114
-1613
-619
429
1306
2143
3039
3746
4152
4506
4979
4627
2377
-1784
-6165
-8925
-9723
-8991
-7489
-5603
-3816
-2305
-482
1916
4084
4945
4627
4383
4781
5139
4779
3666
1963
-274
-2691
-4605
-5795
-6722
-7543
-7595
-6242
-3739
-1052
1209
2936
3938
4072
3583
3085
2992
3155
3215
2956
2316
1303
-57
-1590
-2931
-3841
-4295
-4206
-3370
-1705
390
2263
3612
4436
4713
4285
3221
2015
1042
190
-744
-1677
-2393
-2959
-3583
-4151
-4340
-4053
-3432
-2459
-878
1234
3253
4608
5201
5178
4527
3208
1490
-196
-1588
-2564
-2931
-2455
-1277
84
1222
2220
3265
4209
4786
4988
5094
5256
5109
3728
520
-4060
-8263
-10612
-10714
-9219
-7124
-5014
-3254
-1634
224
2193
3506
3666
3339
3631
4644
5571
5747
4959
3154
493
-2366
-4658
-6257
-7460
-8089
-7552
-5684
-3175
-911
809
1917
2299
2153
2036
2466
3382
4394
5140
5306
4692
3300
1360
-797
-2823
-4417
-5234
-4971
-3603
-1509
628
2252
3154
3354
2994
2238
1403
784
400
129
-128
-463
-1103
-2154
-3277
-3958
-3990
-3542
-2762
-1594
-51
1572
2900
3771
4120
3779
2792
1597
692
105
-355
-609
-421
161
736
1078
1349
1758
2287
2777
3245
3770
4274
4579
4650
4146
2241
-1585
-6495
-10369
-11824
-10885
-8598
-5880
-3280
-1280
198
1553
2883
3659
3600
3444
4066
5337
6344
6311
4971
2425
-801
-3859
-6159
-7687
-8634
-8783
-7771
-5669
-3044
-598
1239
2196
2388
2405
2831
3883
5331
6760
7592
7278
5738
3384
758
-1748
-3818
-5170
-5637
-5245
-4131
-2557
-1001
9
298
152
-30
-23
287
975
1850
2547
2808
2567
1804
482
-1154
-2608
-3440
-3545
-3029
-2080
-948
35
645
975
1179
1341
1415
1470
1612
1744
1715
1515
1294
1064
790
610
780
1350
2069
2732
3273
3671
3793
3569
3136
2691
2066
547
-2327
-6178
-9469
-10812
-9851
-7345
-4552
-2297
-1023
-388
298
1387
2470
2957
3073
3573
4672
5740
5948
4844
2491
-597
-3500
-5485
-6405
-6657
-6529
-5904
-4635
-2837
-960
620
1647
2065
2183
2485
3375
4792
6237
7032
6680
5236
3139
883
-1233
-3053
-4431
-5198
-5204
-4477
-3255
-1981
-1059
-586
-339
27
682
1585
2547
3261
3511
3269
2590
1516
96
-1455
-2803
-3648
-3781
-3178
-2069
-908
-110
253
414
637
1024
1593
2268
2859
3158
3118
2792
2119
1052
-197
-1190
-1568
-1275
-460
633
1754
2637
3112
3203
3046
2754
2386
2147
1868
815
-1654
-5052
-7783
-8825
-8267
-6922
-5390
-3976
-2974
-2210
-1190
301
1736
2595
3222
4159
5288
5942
5663
4427
2350
-142
-2394
-3892
-4606
-4832
-4710
-4272
-3565
-2667
-1678
-738
-101
220
590
1405
2795
4540
6172
7044
6657
5124
3031
938
-911
-2378
-3273
-3494
-3142
-2464
-1729
-1260
-1286
-1748
-2276
-2426
-1928
-785
730
2178
3210
3660
3525
2846
1736
330
-1127
-2254
-2623
-2078
-1015
-72
235
-110
-780
-1331
-1406
-871
116
1185
2059
2623
2785
2457
1709
796
31
-308
-58
698
1663
2493
2971
3055
2859
2543
2191
1834
1482
1221
804
-407
-2821
-5939
-8384
-9259
-8509
-6804
-4862
-3214
-2151
-1407
-536
649
1759
2429
2926
3765
4973
5971
6145
5246
3348
934
-1294
-2839
-3651
-3982
-4029
-3901
-3630
-3149
-2452
-1749
-1331
-1145
-714
378
2155
4311
6300
7401
7088
5521
3445
1526
-14
-1181
-1969
-2386
-2526
-2531
-2479
-2501
-2758
-3232
-3593
-3358
-2341
-750
984
2450
3370
3633
3366
2780
2062
1321
623
30
-388
-629
-758
-884
-1055
-1260
-1520
-1732
-1674
-1162
-278
654
1357
1710
1746
1552
1232
905
646
505
488
636
933
1260
1468
1493
1444
1448
1566
1756
1962
2138
2190
2041
1332
-422
-3359
-6712
-9050
-9489
-8087
-5743
-3435
-1886
-1264
-1101
-740
99
1197
2304
3438
4654
5807
6568
6526
5336
3027
299
-1912
-3089
-3382
-3221
-2944
-2799
-2856
-2961
-2868
-2544
-2179
-1820
-1248
-209
1350
3196
4829
5645
5337
4152
2716
1599
1026
895
933
882
551
-105
-971
-1892
-2746
-3453
-3895
-3916
-3441
-2526
-1411
-382
366
765
915
1021
1295
1795
2394
2906
3151
2967
2348
1475
603
-132
-755
-1282
-1709
-2053
-2354
-2584
-2609
-2401
-2047
-1580
-908
28
1088
2036
2676
2971
2993
2875
2728
2548
2263
1846
1381
986
747
677
718
720
585
216
-653
-2291
-4565
-6589
-7370
-6534
-4622
-2591
-1191
-721
-901
-1088
-687
341
1609
2783
3764
4517
4956
4971
4425
3228
1607
86
-865
-1176
-1176
-1298
-1810
-2705
-3696
-4353
-4380
-3837
-3026
-2168
-1257
-190
1060
2314
3213
3501
3261
2856
2666
2858
3308
3631
3402
2461
1036
-421
-1586
-2410
-2980
-3312
-3378
-3186
-2775
-2218
-1673
-1333
-1230
-1135
-726
141
1308
2470
3337
3783
3778
3365
2555
1411
112
-1014
-1609
-1553
-1099
-795
-1055
-1833
-2704
-3216
-3143
-2518
-1540
-491
392
1017
1417
1617
1630
1515
1454
1650
2151
2791
3313
3569
3522
3206
2730
2270
1927
1650
1319
677
-644
-2846
-5469
-7468
-7966
-6875
-4946
-3109
-2060
-1917
-2251
-2300
-1540
-79
1613
3134
4346
5189
5580
5402
4563
3126
1429
-32
-857
-1052
-976
-1077
-1634
-2634
-3780
-4621
-4831
-4444
-3695
-2755
-1630
-298
1147
2453
3343
3732
3741
3621
3585
3728
3990
4116
3803
2915
1602
212
-980
-1831
-2383
-2788
-3188
-3579
-3803
-3738
-3402
-2931
-2423
-1887
-1259
-452
563
1652
2518
2937
2937
2728
2517
2370
2162
1714
919
-86
-1022
-1617
-1833
-1926
-2142
-2462
-2623
-2400
-1824
-1136
-585
-239
17
380
996
1803
2569
3100
3363
3424
3386
3331
3263
3078
2747
2413
2160
1946
1653
1244
577
-711
-2881
-5567
-7702
-8301
-7156
-4983
-2836
-1649
-1764
-2719
-3496
-3197
-1696
465
2540
4011
4758
4914
4673
4098
3238
2281
1537
1275
1484
1848
1817
989
-646
-2662
-4391
-5306
-5271
-4638
-3904
-3353
-2903
-2285
-1374
-286
765
1705
2580
3430
4264
5054
5651
5762
5132
3831
2275
926
-4
-620
-1179
-1930
-2927
-3967
-4702
-4897
-4583
-3980
-3276
-2494
-1572
-518
535
1444
2107
2523
2769
2934
2990
2858
2502
1975
1349
689
63
-480
-899
-1159
-1264
-1314
-1418
-1590
-1705
-1656
-1407
-1031
-652
-398
-262
-112
189
644
1149
1601
1969
2257
2518
2803
3094
3323
3403
3352
3235
3077
2829
2418
1685
354
-1716
-4142
-6072
-6765
-6093
-4628
-3269
-2772
-3316
-4393
-5096
-4713
-3149
-916
1240
2706
3306
3320
3174
3107
3095
3065
3007
2952
2908
2766
2319
1391
-14
-1603
-2938
-3637
-3633
-3241
-2965
-3142
-3614
-3893
-3578
-2675
-1468
-277
706
1471
2164
2966
3862
4595
4898
4720
4290
3888
3633
3391
2872
1857
382
-1258
-2662
-3574
-3995
-4107
-4150
-4234
-4279
-4069
-3472
-2542
-1465
-450
403
1086
1664
2167
2564
2791
2799
2681
2573
2556
2531
2267
1604
583
-577
-1563
-2095
-2081
-1709
-1333
-1199
-1334
-1628
-1904
-1946
-1598
-837
196
1273
2164
2734
3002
3083
3104
3156
3275
3460
3682
3851
3836
3501
2850
1876
483
-1390
-3504
-5229
-5973
-5608
-4659
-3941
-4062
-5029
-6243
-6847
-6207
-4326
-1816
419
1699
1936
1618
1392
1628
2335
3298
4237
4869
5034
4715
3971
2887
1618
461
-319
-658
-719
-840
-1385
-2487
-3828
-4785
-4926
-4272
-3176
-2050
-1173
-659
-390
-109
417
1202
2073
2857
3483
3942
4195
4181
3891
3358
2669
1946
1309
831
464
50
-599
-1535
-2574
-3427
-3872
-3871
-3568
-3195
-2931
-2785
-2643
-2352
-1835
-1131
-337
388
949
1313
1520
1619
1668
1768
1942
2137
2277
2332
2257
2006
1559
972
363
-108
-324
-298
-161
-101
-220
-467
-697
-781
-652
-291
226
737
1096
1283
1388
1509
1670
1853
2034
2145
2015
1408
257
-1153
-2287
-2675
-2283
-1615
-1379
-1996
-3292
-4649
-5351
-4984
-3665
-1990
-697
-227
-479
-930
-1046
-589
371
1566
2668
3396
3623
3429
3015
2612
2355
2262
2299
2397
2387
2014
1141
-67
-1213
-1953
-2146
-1909
-1551
-1414
-1672
-2201
-2728
-2930
-2610
-1800
-757
209
909
1287
1402
1356
1254
1163
1113
1114
1147
1184
1159
1015
740
395
114
-10
26
102
73
-138
-531
-1017
-1472
-1753
-1748
-1505
-1232
-1173
-1398
-1750
-1972
-1846
-1335
-576
202
778
1042
1035
927
905
1048
1336
1683
2005
2254
2351
2206
1787
1211
679
346
265
391
622
801
793
547
164
-174
-346
-311
-93
246
583
792
777
454
-218
-1109
-1854
-2043
-1532
-652
11
-29
-844
-2107
-3200
-3507
-2795
-1413
-111
453
90
-843
-1713
-1922
-1233
91
1441
2288
2457
2098
1535
1062
867
965
1242
1502
1541
1245
595
-291
-1127
-1554
-1388
-777
-89
319
255
-241
-926
-1428
-1467
-1024
-355
166
293
23
-423
-757
-782
-456
99
672
1062
1190
1098
908
742
680
739
898
1098
1227
1158
821
264
-361
-883
-1184
-1250
-1157
-1037
-1027
-1220
-1584
-1943
-2092
-1911
-1457
-894
-413
-153
-116
-152
-57
302
890
1581
2203
2577
2615
2374
2023
1721
1589
1652
1803
1855
1674
1266
722
208
-124
-198
-61
148
261
191
-9
-237
-375
-334
-92
258
490
370
-214
-1108
-1884
-2131
-1766
-1113
-665
-788
-1488
-2420
-3062
-3051
-2366
-1363
-587
-432
-886
-1569
-1988
-1809
-1014
114
1145
1738
1768
1394
964
824
1104
1705
2375
2831
2850
2386
1583
698
26
-251
-171
2
30
-178
-615
-1213
-1812
-2158
-2091
-1674
-1146
-778
-722
-909
-1136
-1198
-989
-527
76
622
949
1027
984
945
962
1028
1133
1248
1314
1302
1145
823
389
-7
-254
-335
-264
-136
-87
-215
-479
-712
-750
-533
-151
200
374
354
200
7
-137
-167
-94
7
55
-8
-187
-408
-563
-549
-342
19
450
826
1033
1015
854
741
794
998
1228
1360
1319
1101
775
436
200
128
199
328
448
546
614
621
509
209
-253
-728
-994
-971
-830
-881
-1338
-2119
-2930
-3433
-3413
-2862
-2039
-1363
-1142
-1397
-1805
-1932
-1470
-425
844
1848
2224
1940
1274
637
378
625
1231
1875
2247
2178
1676
934
266
-39
121
622
1174
1430
1186
511
-309
-941
-1193
-1076
-780
-552
-585
-909
-1360
-1674
-1697
-1451
-1027
-539
-141
49
56
-1
-17
72
304
606
801
778
578
330
143
97
244
522
799
937
895
717
498
355
351
486
712
937
1024
837
355
-287
-846
-1128
-1090
-836
-573
-509
-763
-1211
-1580
-1647
-1364
-847
-263
197
405
376
275
276
455
778
1141
1427
1537
1440
1198
940
808
851
1020
1214
1326
1282
1080
806
607
584
710
795
624
128
-561
-1196
-1554
-1538
-1266
-1015
-1081
-1565
-2288
-2883
-3022
-2601
-1790
-944
-439
-435
-779
-1102
-1091
-650
77
773
1132
1038
630
188
-46
60
464
948
1249
1203
833
331
-36
-62
290
867
1396
1619
1430
934
358
-64
-170
39
373
545
366
-139
-777
-1297
-1508
-1372
-1040
-743
-628
-682
-795
-864
-790
-530
-155
177
350
365
277
151
68
73
186
365
525
575
468
248
8
-125
-37
267
655
962
1087
1012
762
430
161
50
100
217
295
238
41
-223
-455
-578
-565
-430
-248
-114
-61
-63
-65
-49
-5
76
183
273
302
284
254
261
324
420
525
626
722
750
680
581
536
575
668
787
854
786
555
216
-142
-437
-599
-657
-711
-851
-1099
-1391
-1611
-1639
-1434
-1102
-808
-691
-775
-1000
-1237
-1307
-1127
-781
-492
-403
-533
-804
-1071
-1169
-983
-558
-36
389
585
520
321
182
273
633
1144
1581
1745
1574
1180
788
598
684
963
1261
1373
1172
717
235
-46
-43
167
411
492
290
-127
-572
-880
-970
-851
-626
-468
-490
-656
-870
-1041
-1081
-927
-597
-199
149
368
425
362
295
317
475
732
961
1014
837
538
271
145
182
329
482
523
426
227
9
-152
-215
-191
-119
-20
67
98
43
-50
-120
-120
-27
136
317
443
467
394
279
174
79
-27
-150
-270
-394
-515
-590
-564
-453
-316
-221
-184
-167
-142
-93
-40
9
77
189
327
406
354
193
-31
-268
-487
-639
-696
-679
-648
-671
-781
-948
-1076
-1108
-1005
-785
-530
-349
-314
-402
-520
-551
-432
-190
70
258
321
243
80
-52
-23
203
557
911
1133
1129
925
661
508
542
713
906
988
878
592
254
9
-55
26
153
239
244
176
59
-32
-42
58
244
444
556
516
364
189
67
25
71
153
172
35
-256
-604
-875
-955
-800
-496
-210
-97
-193
-392
-565
-613
-496
-233
73
263
271
153
-4
-142
-189
-97
95
266
337
320
258
201
172
194
245
260
188
18
-192
-371
-456
-428
-328
-231
-204
-263
-349
-377
-280
-54
234
496
638
646
551
409
280
230
274
352
372
284
86
-194
-462
-615
-607
-489
-354
-260
-209
-172
-104
14
155
254
275
241
185
124
63
27
14
-6
-98
-276
-488
-656
-727
-700
-571
-371
-188
-120
-184
-300
-372
-360
-252
-91
57
131
138
131
171
290
471
660
782
813
775
701
614
565
609
718
794
745
548
236
-95
-330
-419
-391
-316
-267
-319
-476
-662
-784
-792
-678
-470
-270
-168
-182
-242
-272
-226
-106
38
141
166
122
55
9
38
168
357
519
580
547
422
237
77
36
108
182
169
52
-130
-311
-416
-402
-297
-177
-123
-166
-266
-345
-336
-207
-2
193
276
215
59
-123
-259
-302
-228
-85
26
47
-23
-126
-175
-135
-18
112
220
277
271
252
278
368
466
516
485
359
182
26
-35
0
87
184
247
230
143
64
47
106
205
291
304
222
108
29
-21
-72
-131
-177
-187
-173
-149
-142
-141
-118
-70
3
86
153
160
100
30
-2
3
27
47
36
-38
-152
-257
-343
-410
-435
-402
-364
-355
-350
-321
-290
-291
-294
-277
-248
-226
-240
-285
-334
-356
-334
-273
-193
-144
-149
-161
-137
-79
-20
48
145
255
352
428
487
518
520
496
458
401
330
259
186
98
-6
-114
-187
-209
-193
-183
-190
-203
-215
-224
-209
-131
-6
103
131
82
15
-21
-24
-9
26
58
60
20
-41
-94
-126
-132
-90
-10
79
149
209
263
284
263
237
281
389
510
581
594
582
556
525
496
487
493
474
393
259
97
-75
-237
-355
-429
-505
-601
-696
-741
-724
-655
-557
-456
-354
-242
-131
-54
-14
19
61
104
126
123
88
26
-53
-133
-195
-215
-205
-184
-159
-124
-107
-102
-61
35
129
194
233
240
213
156
112
89
102
138
150
113
37
-53
-138
-213
-268
-293
-265
-203
-154
-127
-113
-116
-145
-172
-164
-141
-124
-108
-88
-71
-66
-60
-19
51
142
236
317
358
332
285
266
280
296
288
258
201
110
4
-100
-176
-214
-211
-190
-184
-198
-215
-231
-254
-265
-247
-220
-201
-184
-139
-73
4
88
157
192
197
201
213
231
259
284
290
251
180
100
33
-4
-16
2
51
126
192
237
241
212
184
198
257
336
408
459
463
403
329
262
212
162
115
75
20
-65
-185
-322
-435
-504
-535
-539
-502
-408
-292
-202
-159
-129
-87
-26
49
120
174
192
174
134
76
2
-79
-143
-187
-217
-255
-318
-413
-511
-571
-580
-552
-515
-471
-394
-275
-151
-71
-41
-30
13
96
195
278
316
306
245
166
101
69
62
74
115
169
208
214
196
166
134
125
162
236
300
308
253
177
111
72
51
32
27
32
31
0
-50
-99
-133
-151
-163
-192
-234
-236
-183
-122
-76
-22
59
127
152
163
184
195
172
128
100
99
108
112
120
139
140
104
42
-14
-41
-51
-42
-20
7
20
17
14
17
7
-25
-77
-116
-135
-144
-144
-131
-92
-40
23
97
157
172
133
66
3
-35
-33
13
75
121
125
91
21
-83
-195
-264
-269
-214
-130
-62
-43
-81
-133
-170
-187
-179
-144
-103
-84
-90
-121
-155
-180
-187
-196
-202
-188
-164
-153
-149
-116
-54
12
81
168
260
329
354
345
318
276
234
219
227
201
126
59
43
45
10
-41
-69
-46
-3
42
70
99
128
144
144
103
42
-25
-77
-107
-135
-151
-150
-137
-118
-96
-69
-47
-49
-75
-94
-97
-87
-73
-43
-12
-1
1
0
2
-3
-2
-1
-15
-34
-28
23
98
174
230
270
276
237
175
116
78
53
46
63
88
98
68
4
-71
-136
-160
-137
-78
-22
2
1
-4
-8
-30
-60
-79
-81
-70
-51
-25
-27
-67
-104
-118
-128
-154
-182
-194
-195
-196
-190
-166
-131
-96
-59
-9
50
95
116
105
79
53
42
48
67
89
90
63
17
-33
-90
-129
-138
-123
-100
-77
-45
-15
-6
-15
-16
-12
1
20
56
117
183
246
285
297
291
280
252
214
179
154
121
84
45
5
-40
-75
-97
-121
-143
-144
-119
-87
-54
-27
13
79
148
177
168
166
180
195
202
211
189
133
56
-34
-122
-181
-206
-214
-208
-181
-150
-129
-101
-51
0
37
61
81
97
116
142
164
164
115
41
-26
-66
-88
-126
-172
-218
-267
-318
-361
-376
-376
-359
-323
-262
-189
-117
-62
-26
4
45
95
154
224
280
303
289
245
185
119
74
51
26
-12
-53
-98
-125
-122
-95
-77
-85
-96
-105
-115
-131
-131
-103
-55
-11
14
24
26
34
29
9
-22
-36
-17
15
48
70
65
36
-1
-18
-22
-16
7
37
58
78
108
135
137
130
141
167
197
218
228
226
218
211
183
138
84
23
-48
-108
-153
-195
-245
-272
-276
-283
-290
-287
-255
-198
-131
-65
-3
69
137
177
191
201
212
213
210
209
189
151
104
61
33
8
-5
-11
-21
-34
-68
-110
-152
-180
-191
-197
-183
-147
-104
-86
-103
-140
-167
-173
-150
-110
-60
16
93
144
157
149
126
89
57
45
41
36
22
-2
-20
-29
-37
-41
-22
32
87
128
158
189
212
205
173
139
105
52
-4
-41
-63
-91
-114
-135
-169
-197
-198
-171
-137
-100
-78
-79
-77
-48
3
39
58
62
66
80
104
127
138
144
147
144
135
127
135
159
184
182
156
105
35
-38
-84
-97
-102
-111
-124
-138
-163
-183
-183
-156
-119
-82
-32
33
91
99
76
46
12
-19
-37
-40
-33
-29
-34
-72
-123
-148
-151
-139
-118
-76
-34
-21
-25
-31
-33
-28
-15
7
28
30
16
-6
-13
-3
7
17
33
59
71
54
7
-48
-91
-121
-130
-99
-39
20
57
76
83
77
68
67
73
89
128
193
259
268
228
171
130
93
52
33
36
32
6
-29
-60
-93
-138
-177
-168
-117
-69
-71
-106
-121
-93
-44
-16
-16
-13
22
66
81
60
46
51
59
62
65
76
80
77
75
74
61
37
17
10
12
8
1
-5
-7
-22
-33
-30
-20
-9
-17
-34
-48
-43
-25
-13
-19
-42
-69
-96
-115
-132
-132
-95
-31
21
26
16
10
13
1
-13
6
50
76
58
31
12
-25
-83
-121
-119
-113
-122
-121
-95
-66
-51
-48
-48
-56
-70
-81
-86
-86
-90
-83
-57
-27
-11
-1
22
63
107
141
157
165
175
194
209
201
174
131
82
38
9
2
4
4
-5
-23
-36
-50
-60
-59
-14
69
134
147
126
107
85
45
-6
-29
-29
-42
-90
-141
-174
-200
-232
-243
-220
-185
-147
-109
-64
-30
-17
-1
46
109
155
160
161
185
214
226
211
185
157
126
98
79
61
34
5
-7
0
13
19
6
-28
-70
-106
-115
-84
-37
-5
6
9
-3
-46
-103
-136
-129
-116
-124
-136
-130
-117
-121
-148
-174
-189
-177
-139
-84
-25
34
77
77
49
23
20
43
71
76
49
10
-24
-67
-106
-117
-96
-67
-37
-7
23
53
80
97
103
99
106
122
131
122
93
69
56
49
46
50
61
70
63
61
69
82
88
93
118
142
150
141
132
119
92
60
43
42
34
20
11
8
-11
-28
-26
-15
-20
-43
-65
-74
-72
-66
-61
-69
-77
-79
-82
-92
-97
-85
-64
-52
-40
-29
-26
-38
-48
-57
-59
-57
-45
-29
-17
8
37
68
80
83
87
92
89
81
77
83
79
63
43
29
6
-40
-87
-115
-128
-147
-169
-174
-162
-151
-152
-162
-174
-181
-178
-171
-168
-161
-140
-100
-62
-40
-34
-19
4
20
18
12
29
76
118
123
89
58
62
96
136
160
159
139
117
116
145
191
220
207
173
141
118
104
102
118
125
109
86
57
21
-21
-43
-42
-36
-40
-52
-62
-65
-54
-36
-4
25
34
29
22
18
17
11
-7
-44
-74
-80
-68
-66
-72
-83
-92
-98
-97
-96
-107
-101
-75
-45
-43
-72
-106
-129
-133
-125
-108
-81
-55
-46
-36
-23
-20
-41
-67
-74
-76
-74
-61
-35
-13
2
28
47
51
52
67
84
85
87
93
96
93
88
86
79
60
39
33
40
30
-9
-59
-96
-110
-107
-99
-98
-105
-114
-120
-116
-96
-57
-16
17
36
51
63
67
64
67
85
111
138
158
157
149
157
166
148
100
64
54
48
51
61
78
77
60
48
47
52
46
42
48
50
45
40
56
66
52
21
-10
-36
-69
-92
-94
-82
-68
-49
-35
-40
-52
-62
-63
-60
-51
-41
-34
-28
-22
-20
-23
-23
-20
-22
-22
-17
4
26
47
57
40
5
-6
-7
-16
-40
-47
-37
-46
-67
-95
-121
-153
-173
-156
-110
-81
-78
-77
-55
-17
19
56
85
