-25
-16
-9
-9
-15
-19
-4
21
37
39
28
22
13
-1
-7
-4
3
3
2
-3
-18
-31
-23
3
13
4
3
17
27
18
6
0
2
3
3
5
5
1
-3
-1
10
20
29
37
38
28
12
5
7
11
6
-1
-2
0
-1
-5
-11
-16
-14
-10
-3
-1
-5
-8
-3
3
3
-3
-11
-15
-16
-17
-18
-19
-18
-13
-8
-6
-8
-11
-11
-11
-10
-7
-9
-11
-11
-5
0
-1
-4
-9
-11
-8
-3
-3
-6
-4
0
3
4
1
-4
-6
-6
-6
-6
0
3
-3
-10
-6
2
5
0
-7
-8
-5
1
5
1
-8
-13
-10
-6
-4
1
11
9
2
1
7
7
2
3
5
4
4
9
11
4
-4
2
17
21
8
-9
-10
-4
5
12
14
6
-2
1
5
5
2
1
0
8
18
23
15
5
9
17
20
14
2
-7
-3
10
15
13
11
19
18
13
8
5
3
3
7
4
0
-1
5
13
14
10
5
2
1
-3
-3
2
9
12
4
-10
-22
-29
-30
-31
-31
-30
-27
-19
-12
-12
-14
-15
-18
-22
-22
-11
-4
-8
-13
-14
-9
-8
-12
-11
-5
5
5
-1
-7
-5
3
7
7
7
9
5
-3
-11
-9
-3
1
-2
0
6
6
-2
-8
-4
-3
-2
-2
-7
-15
-15
1
12
11
7
12
15
7
-3
-1
6
11
3
-7
0
13
23
20
15
8
2
5
21
31
20
7
5
13
20
25
27
21
14
13
15
18
20
18
11
6
6
3
-2
1
9
-1
-22
-29
-23
-21
-24
-18
-4
5
6
3
-1
-2
0
1
-2
-3
-2
-1
-5
-16
-26
-30
-19
-9
-6
-8
-10
-16
-25
-20
-3
18
19
10
-1
-6
-11
-12
-10
-6
-9
-12
-12
-10
1
20
28
11
-7
-6
-2
-12
-26
-23
-10
-4
-3
2
7
12
12
11
8
2
0
1
2
0
-1
3
5
2
3
14
19
17
8
4
3
1
-8
-19
-25
-21
-7
4
2
-6
-13
-11
2
9
-2
-15
-15
-10
-13
-18
-11
-2
2
5
12
16
11
9
21
30
23
14
14
15
9
3
-1
-5
-5
-2
1
0
6
18
21
18
15
18
17
15
13
10
8
9
10
3
-1
-1
3
2
7
8
1
-1
3
1
-8
-16
-12
-7
-9
-16
-30
-39
-34
-22
-14
-13
-9
5
16
16
6
-2
6
16
18
13
5
0
-2
8
16
11
-1
-7
-8
-13
-17
-5
6
-11
-48
-70
-46
-8
8
-6
-25
-23
2
26
32
12
-10
-17
-4
25
39
28
5
0
13
23
32
34
16
-13
-17
8
26
18
4
7
13
11
2
-6
-10
-11
-13
-17
-15
-7
0
3
0
-9
-19
-24
-11
5
6
-3
-11
-8
-3
-2
0
6
11
9
2
0
11
20
22
18
16
11
0
-9
-13
-11
-9
-14
-20
-21
-15
-10
-11
-12
-12
-12
-9
-9
-20
-32
-31
-15
-7
-14
-21
-16
-10
-5
1
8
8
3
-4
-6
-6
-4
-6
-13
-15
-4
10
16
13
5
-1
1
4
7
9
7
-1
-7
-4
9
21
23
18
13
10
13
14
16
20
28
33
25
10
-3
-12
-14
-11
-5
1
3
0
-3
-7
-11
-12
-11
-5
2
1
-3
-8
-8
-6
-1
3
-2
-8
-2
8
11
17
29
35
29
24
28
31
26
26
30
25
12
-3
-4
12
24
17
-7
-18
1
23
28
17
7
4
0
-7
-11
-9
-1
-3
-13
-20
-17
-11
-6
-3
-2
-2
-7
-14
-20
-21
-21
-24
-25
-21
-24
-35
-40
-32
-23
-21
-17
-18
-25
-32
-30
-23
-18
-17
-18
-21
-27
-28
-20
-16
-18
-22
-23
-19
-14
-6
6
14
10
3
1
5
10
13
8
-2
-7
0
11
13
4
1
8
16
19
12
6
5
11
14
11
9
15
27
36
36
37
40
43
44
43
42
44
47
50
52
56
59
60
59
56
55
56
59
59
54
45
41
43
45
43
37
31
21
5
-4
0
3
-4
-10
-6
0
-4
-14
-17
-12
-12
-31
-64
-99
-125
-143
-149
-149
-150
-147
-146
-157
-181
-193
-185
-164
-142
-116
-89
-75
-75
-75
-62
-32
-4
10
31
81
137
150
120
90
88
105
125
131
116
99
101
113
102
60
25
18
24
8
-24
-39
-35
-35
-64
-96
-110
-107
-104
-99
-87
-75
-63
-53
-42
-31
-23
-8
14
39
62
86
116
147
165
166
159
155
156
164
177
182
175
164
154
137
117
105
106
103
92
83
76
58
32
15
14
7
-6
-17
-14
-10
-14
-26
-35
-37
-43
-72
-124
-186
-230
-241
-222
-196
-187
-206
-254
-306
-333
-320
-286
-251
-228
-210
-191
-166
-138
-114
-101
-89
-63
-13
47
104
151
170
158
137
143
174
208
231
248
248
232
214
206
206
187
153
109
72
57
57
52
19
-32
-80
-115
-139
-143
-130
-123
-138
-166
-187
-192
-185
-167
-147
-131
-120
-108
-100
-91
-75
-47
-20
-1
19
43
70
83
85
98
117
129
132
143
178
219
230
205
176
172
196
211
201
171
155
168
191
192
158
110
89
107
139
149
131
104
84
65
43
-1
-40
-32
23
74
82
61
41
27
13
-15
-66
-121
-152
-142
-120
-115
-159
-242
-323
-367
-370
-355
-342
-339
-343
-340
-336
-339
-346
-345
-325
-296
-254
-201
-142
-93
-59
-32
-5
25
66
115
165
205
231
243
245
245
252
269
281
275
257
243
237
229
212
184
155
127
104
84
66
41
6
-36
-75
-108
-130
-141
-138
-136
-142
-160
-182
-203
-221
-226
-204
-166
-139
-129
-124
-109
-92
-79
-62
-40
-14
16
44
68
81
86
92
103
124
148
170
187
202
208
205
199
195
198
212
229
226
191
156
153
176
191
183
167
159
150
137
122
105
89
75
76
82
82
63
35
15
1
-23
-62
-106
-125
-109
-81
-81
-123
-185
-227
-234
-220
-213
-232
-264
-288
-286
-279
-281
-301
-324
-326
-302
-254
-216
-192
-179
-168
-158
-146
-128
-107
-86
-63
-38
-15
1
26
51
67
69
72
87
110
132
151
164
164
153
144
148
155
152
143
130
121
114
111
103
91
76
63
55
45
35
29
27
17
-7
-32
-48
-51
-50
-48
-42
-37
-40
-49
-45
-34
-27
-30
-25
-5
21
38
39
41
44
45
48
69
98
116
116
108
103
105
116
126
132
135
137
137
138
153
171
180
179
172
164
157
153
146
131
114
109
104
90
65
44
26
14
12
12
11
-7
-43
-87
-120
-139
-152
-168
-184
-203
-222
-241
-261
-281
-306
-321
-327
-320
-309
-307
-313
-314
-300
-280
-268
-263
-250
-237
-220
-200
-177
-157
-142
-125
-107
-84
-63
-39
-10
24
54
64
69
90
124
148
152
157
176
202
217
211
199
201
222
242
244
225
195
168
151
146
144
140
130
110
83
56
38
29
24
20
15
6
-11
-26
-29
-34
-38
-32
-13
7
12
11
9
10
17
34
58
79
93
97
97
97
109
133
149
147
140
146
163
174
175
176
183
186
185
182
185
190
178
145
109
90
88
92
88
66
24
-28
-81
-118
-140
-155
-176
-208
-247
-279
-298
-315
-335
-361
-380
-387
-384
-375
-363
-360
-370
-385
-386
-360
-322
-292
-271
-256
-241
-225
-201
-164
-126
-95
-74
-51
-20
6
23
44
73
99
113
131
154
176
187
192
194
199
210
222
228
226
218
213
211
209
207
203
199
183
146
107
84
79
72
55
38
33
34
34
22
-8
-38
-46
-26
-3
6
7
10
16
25
37
40
35
30
32
31
41
75
100
90
60
50
79
125
159
160
133
120
140
178
209
220
220
221
225
230
235
235
219
186
156
142
144
150
145
109
46
-19
-61
-78
-85
-106
-147
-203
-257
-296
-327
-357
-388
-414
-434
-444
-450
-461
-483
-510
-531
-534
-510
-464
-421
-402
-405
-407
-397
-361
-301
-233
-176
-135
-103
-71
-35
10
57
98
138
185
235
273
297
314
328
339
351
370
397
410
401
373
346
328
315
298
278
257
236
206
157
93
30
-19
-59
-90
-106
-113
-119
-129
-146
-171
-190
-188
-167
-142
-118
-96
-82
-84
-96
-96
-70
-13
59
116
144
145
135
130
145
182
228
266
298
318
319
311
317
341
372
378
372
363
378
372
361
310
286
241
275
104
-852
-2174
-2852
-2479
-2192
-2480
-2700
-2359
-1921
-1683
-1479
-1226
-1042
-597
189
799
1076
1346
1844
2260
2303
2086
1835
1692
1749
1832
1858
1777
1679
1520
1643
1887
1476
572
-75
382
1000
1091
980
898
747
369
174
120
42
55
299
846
1654
2068
1470
211
-537
-490
-434
-598
-679
-550
-687
-1082
-1370
-1051
-366
-353
-1433
-2804
-3260
-2910
-2357
-1890
-1570
-1630
-1932
-1933
-1619
-1358
-1226
-1191
-1171
-876
0
1092
1502
907
189
-204
-53
227
485
705
718
842
1034
1264
1191
977
1127
1681
2077
1909
1506
1318
1324
1315
1253
1159
1048
884
685
476
324
265
261
164
-197
-708
-1125
-1273
-1279
-1096
-737
-318
-121
-276
-601
-953
-1275
-1648
-1994
-2084
-1874
-1617
-1498
-1567
-1609
-1547
-1069
-254
483
659
152
-541
-1190
-1608
-1646
-1320
-557
379
799
437
-214
-343
32
517
911
1068
985
1208
1799
2214
2057
1578
809
-128
-1002
-1194
-749
-211
74
-268
-932
-1439
-1496
-1221
-836
-565
-383
-347
-319
-185
-84
-111
-572
-1179
-1335
-716
255
851
1002
958
945
955
992
1049
1128
1244
1414
1571
1614
1564
1482
1476
1590
1772
1907
1899
1792
1681
1590
1527
1480
1463
1465
1445
1358
1132
762
353
103
145
382
520
337
-233
-988
-1637
-1829
-1565
-1185
-1137
-1421
-1895
-2473
-2877
-2902
-2486
-2153
-2090
-2177
-2245
-2228
-2255
-2248
-2167
-1274
837
2323
1726
-204
-1279
-913
-51
949
1742
1629
920
425
495
996
1548
1750
1517
1392
1854
2225
2250
2061
1531
949
838
1353
1570
1168
718
477
243
26
-139
-357
-655
-949
-1214
-1025
-635
-622
-1185
-1599
-1382
-1370
-1608
-1591
-1129
-763
-838
-821
-675
-544
-294
214
873
959
533
177
185
348
354
607
1139
1448
1372
1398
1803
2051
1925
1827
2054
2192
2020
1925
1764
1242
498
187
343
174
-454
-1252
-1867
-2053
-1939
-1776
-1909
-2120
-2243
-2383
-2570
-2414
-2045
-1822
-1886
-2026
-2281
-2770
-2772
-2198
-1572
-1470
-1336
-694
-157
-290
-579
-325
347
811
1119
1624
2034
1872
1218
826
995
1438
1876
2199
2280
2013
1627
1498
1615
1497
1051
671
430
-11
-790
-1257
-1307
-1341
-1443
-1581
-1838
-2147
-2101
-1691
-1413
-1337
-1137
-780
-274
299
488
138
-216
-58
315
426
399
471
632
877
1235
1576
1725
1692
1640
1705
1886
2060
2124
2084
2074
1993
1677
1194
894
1041
1344
1347
866
-2
-962
-1707
-2046
-1926
-1839
-2112
-2582
-2915
-2956
-2861
-2438
-1802
-1524
-1986
-2701
-2808
-2186
-1610
-1695
-1864
-1375
-458
-59
-171
-188
100
559
1072
1559
1676
1494
1361
1492
1807
2114
2713
3487
3798
3209
2238
1806
1869
2005
2151
2270
2107
1588
1092
868
727
502
283
-121
-871
-1464
-1303
-707
-619
-1100
-1394
-1075
-669
-875
-1933
-2898
-2816
-1992
-1469
-1361
-936
-125
246
-194
-529
-68
763
908
555
694
1469
1988
1965
1748
1523
1270
1057
1116
1258
1196
735
-83
-911
-1305
-1084
-526
-243
-662
-1524
-2348
-2754
-2890
-2843
-2460
-1794
-1315
-1531
-2200
-2676
-2645
-2201
-1575
-1026
-827
-1001
-1190
-1152
-739
-191
247
381
345
373
567
927
1420
1925
2386
2938
3391
3177
2299
1899
2457
3179
3154
2776
2544
2235
1698
1265
1142
1132
911
370
-245
-648
-646
-699
-1024
-1391
-1806
-2151
-2053
-1263
-407
-344
-788
-999
-917
-873
-955
-752
-403
-289
-385
-285
127
564
842
1246
1528
1438
951
588
875
1454
1818
1678
1176
439
-280
-511
-105
253
46
-593
-1174
-1559
-1799
-1844
-1719
-1778
-2206
-2627
-2790
-2894
-3187
-3190
-2681
-2186
-2183
-2436
-2258
-1469
-489
93
263
449
702
622
414
558
1078
1355
1297
1206
1460
1961
2492
2967
3113
2685
1661
888
1009
1615
1776
1429
1064
1053
1138
1081
906
734
695
648
392
-149
-589
-634
-382
-210
-353
-392
-225
-91
-206
-530
-519
-88
461
813
948
1084
1104
748
286
216
504
702
662
626
668
547
84
-425
-665
-433
-195
-745
-2105
-3326
-3440
-2804
-2235
-2022
-1964
-2082
-2315
-2290
-1953
-1490
-949
-356
-132
-514
-1239
-1732
-1749
-1051
81
670
342
-14
365
876
862
686
722
846
1236
1817
1860
938
113
220
682
707
428
188
45
47
156
309
484
720
969
993
976
902
817
901
1021
1023
985
1371
1955
1927
958
-35
-315
75
547
835
1025
1306
1801
2097
2256
2388
2101
1132
47
-53
484
661
33
-905
-1371
-1254
-761
-546
-740
-1290
-2220
-3296
-3832
-3161
-1879
-1335
-1577
-1731
-1698
-1977
-2426
-2230
-1736
-1501
-1463
-1415
-1316
-1268
-898
-296
151
474
761
1086
1371
1496
1513
1386
1239
1454
2152
3032
2985
1716
477
249
729
784
285
-84
26
456
669
292
-161
-105
324
378
-75
-478
-559
-580
-692
-781
-719
-563
-414
-163
223
466
468
451
752
1140
1306
1416
1679
2004
1959
1602
1330
1409
1721
1861
1616
1030
318
-198
-336
-132
56
-254
-942
-1555
-1831
-1942
-1924
-1762
-1740
-2192
-2999
-3438
-2993
-1959
-1011
-895
-1470
-2024
-2235
-2048
-2098
-2535
-2954
-3036
-2495
-1432
-221
835
1357
1692
1915
1951
1911
1973
2297
2743
3150
3264
2852
2262
1845
1958
2365
2585
2424
1509
265
-581
-438
200
299
-263
-798
-977
-758
-288
94
25
-312
-254
21
77
103
683
1403
1504
1121
910
821
478
162
475
1454
2123
1810
811
-198
-861
-1656
-2422
-2730
-2641
-2595
-2662
-2694
-2662
-2214
-1191
-311
-491
-1333
-1811
-1793
-1683
-1723
-1787
-1857
-1856
-2191
-3146
-3765
-3018
-971
386
210
-513
-583
185
863
1082
948
911
1247
1777
2368
2931
3291
2782
1682
715
770
1630
2343
2592
2423
2455
2609
2600
2459
2277
2163
1758
945
124
-138
226
625
656
380
-19
-257
-185
174
545
644
561
508
471
196
-148
-120
303
677
734
377
-296
-837
-715
-114
219
-56
-661
-1225
-1564
-1714
-1759
-1663
-1650
-2249
-3637
-4670
-4399
-3288
-2420
-2169
-2272
-2455
-2533
-2436
-1927
-1007
109
574
194
-207
-54
673
1447
1994
2246
2034
1501
1219
1629
2303
2390
1709
1007
765
1009
1475
1877
2048
2268
2464
2310
1865
1739
2081
2007
1158
61
-557
-544
-218
177
98
-715
-1663
-1893
-1129
-230
270
448
473
456
410
290
177
271
685
1023
943
465
-665
-2109
-3027
-2306
-482
510
-144
-1569
-2297
-2129
-1407
-1082
-1665
-2767
-3176
-2508
-1729
-1380
-1178
-883
-771
-933
-1097
-865
-267
-80
-1592
-3750
-4235
-2477
-636
-343
-305
153
362
226
817
2270
3232
3245
3112
3037
2650
2371
2692
3377
3885
3802
2708
963
-131
191
1155
1802
1942
1560
929
431
554
1231
1963
2173
1666
1232
1313
1465
1652
1919
2366
2051
886
-167
-38
1028
1946
2347
2025
1039
-446
-1114
-502
564
782
-183
-1819
-3103
-3295
-2652
-1900
-1928
-2526
-3274
-3679
-3526
-2940
-2339
-2400
-3327
-4296
-4166
-2833
-1105
143
-12
-1463
-2589
-2249
-938
-74
380
760
775
241
27
568
1613
2764
3360
3109
1866
803
918
1865
2427
1272
-683
-1753
-1313
-151
754
1337
1222
247
-944
-1498
-1199
-498
45
144
-456
-1259
-1375
-782
-429
-944
-2304
-3429
-3445
-2875
-2006
-735
1223
2624
2050
427
-692
-557
329
1276
1648
860
-761
-1847
-1348
123
1150
998
-99
-1366
-1857
-1028
379
1150
959
-88
-1360
-2328
-2064
-903
104
338
-103
-432
-230
678
1895
2721
2613
1648
631
351
747
1388
1990
2364
2096
1252
954
1849
3152
3588
2816
1657
927
1023
1824
2333
2003
977
-46
-602
-606
-55
517
672
443
174
-120
66
1125
2407
2929
2273
1067
-124
-457
450
1803
2292
1345
-238
-1394
-1340
-373
633
632
-706
-2483
-3253
-2583
-1372
-713
-921
-1677
-2855
-3783
-3956
-2872
-1193
-531
-1617
-3330
-3862
-3032
-1821
-693
-55
-458
-1602
-2187
-1034
925
2132
1720
411
-475
-454
288
1263
1945
2087
1431
332
-334
148
1714
2913
2353
222
-1607
-1801
-573
579
624
-187
-1267
-1740
-1435
-324
765
911
186
-569
-652
-136
909
1905
1884
682
-471
-144
1376
2130
1314
-336
-1732
-2456
-2538
-1532
-26
773
47
-1760
-3051
-2832
-1472
-217
219
-229
-1310
-2296
-2251
-911
549
761
-160
-1025
-1195
-898
-488
154
593
95
-1160
-1692
-381
1755
2997
2868
2141
1308
660
760
1656
2349
1972
760
-539
-860
48
1422
1722
699
-463
-676
109
900
1284
1050
336
-461
-823
-425
308
814
942
700
320
247
975
2222
2877
2214
986
600
1315
2221
2406
1822
903
46
-448
-245
452
798
14
-1323
-2031
-1867
-1459
-1201
-1092
-1291
-1938
-2620
-2688
-1988
-1119
-1030
-1730
-2253
-1880
-1121
-315
613
962
86
-974
-558
817
1418
1063
651
541
685
882
1085
1195
1206
1054
550
405
932
1705
1980
1584
948
410
-19
-271
-79
425
594
-195
-1169
-1229
-508
146
301
278
177
-123
-32
676
1165
748
-49
-139
463
1008
972
492
-111
-500
-615
-522
-249
-241
-746
-1488
-1943
-2010
-1964
-1759
-1521
-1561
-1978
-2379
-2427
-2199
-1833
-1658
-1625
-1741
-2084
-2351
-1966
-886
-249
-706
-1452
-1357
-370
810
1386
1248
926
957
1289
1672
2060
2236
2078
1621
1455
1788
2279
2352
1780
1122
947
947
743
544
570
556
114
-328
-304
134
620
1024
1310
1320
1225
1128
875
401
174
467
956
1113
914
386
-292
-626
-475
-183
-99
-328
-768
-1696
-2886
-3694
-3396
-2380
-1969
-2282
-2847
-2698
-2316
-1908
-1553
-1558
-1745
-1719
-1400
-1038
-681
2
590
461
287
673
1433
1887
1874
1559
1323
1463
2221
3022
3289
2697
1357
535
901
2403
3443
2600
719
-429
651
2742
4043
4180
3556
2591
1320
434
511
1200
1728
1804
1658
1452
1407
1519
1299
959
785
655
279
-193
-354
-589
-1078
-1527
-1799
-2001
-1773
-1676
-2385
-3305
-3342
-2947
-2955
-2555
-1389
-833
-1867
-3022
-3175
-2873
-2904
-3219
-3447
-3476
-3301
-3063
-2823
-2569
-2409
-2408
-2292
-1775
-1073
-626
-667
-937
-1006
-687
-234
110
395
476
227
-81
91
686
1110
1020
634
351
264
333
495
717
789
500
75
-17
440
1047
1357
1308
1185
1265
1473
1394
1120
1138
1506
1870
1840
1540
1046
564
486
722
925
793
244
-514
-943
-786
-563
-720
-1049
-1240
-1489
-1826
-1848
-1470
-1008
-898
-1166
-1465
-1362
-808
-211
177
295
200
87
300
999
1851
2312
2132
1707
1689
2265
2912
3229
3287
3148
2796
2503
2721
3333
3661
3303
2602
2144
2073
2159
2236
2265
2044
1394
670
477
920
1443
1513
1123
693
555
481
117
-158
-38
200
56
-446
-884
-1242
-1451
-1449
-1371
-1393
-1697
-2318
-2839
-2764
-2339
-2321
-2737
-2993
-2948
-3037
-3211
-3090
-2658
-2307
-2383
-2656
-2651
-2196
-1689
-1444
-1289
-1120
-1100
-1156
-870
-143
574
738
378
75
310
946
1409
1566
1538
1340
1036
1022
1530
2092
2102
1559
1027
914
1094
1234
1236
1179
969
580
308
496
977
1235
1128
903
846
655
144
-58
324
833
715
26
-655
-1122
-1179
-964
-842
-1007
-1486
-2157
-2634
-2432
-1868
-1764
-2277
-2801
-2944
-2920
-2756
-2428
-2055
-1904
-2159
-2486
-2339
-1555
-773
-508
-624
-752
-784
-619
2
931
1558
1345
670
464
1084
1921
2256
2181
1998
1746
1582
1801
2433
2922
2768
2163
1681
1664
1937
2144
2200
2109
1726
1217
1031
1460
2097
2289
1977
1624
1371
878
459
606
1182
1406
792
-139
-870
-1017
-716
-529
-678
-1177
-1949
-2695
-2789
-2194
-1802
-2157
-2854
-3255
-3328
-3143
-2718
-2244
-2004
-2269
-2748
-2760
-1946
-892
-415
-521
-763
-879
-749
-158
784
1497
1446
799
368
750
1652
2261
2269
1914
1436
1084
1223
1929
2594
2510
1746
1052
977
1364
1723
1780
1561
1115
678
632
1135
1815
2050
1751
1324
890
457
424
914
1491
1396
557
-451
-1075
-952
-480
-320
-665
-1387
-2268
-2827
-2545
-1828
-1656
-2295
-3086
-3453
-3386
-2974
-2478
-2170
-2213
-2563
-2802
-2434
-1465
-645
-500
-735
-863
-748
-395
299
1161
1667
1448
833
647
1296
2208
2597
2369
1902
1531
1459
1862
2523
2824
2415
1617
1154
1304
1718
1937
1848
1580
1129
736
848
1501
2111
2095
1596
871
210
164
771
1446
1386
542
-523
-1306
-1321
-804
-424
-604
-1365
-2399
-3167
-3061
-2324
-1871
-2212
-3064
-3810
-4009
-3509
-2729
-2258
-2355
-2889
-3342
-3118
-2108
-1026
-606
-812
-1163
-1249
-843
88
1194
1819
1566
839
575
1277
2379
2971
2828
2289
1760
1585
2033
2862
3298
2870
1969
1378
1478
1969
2339
2300
1908
1384
1057
1203
1773
2322
2434
1962
907
39
144
1087
1861
1633
612
-656
-1423
-1174
-350
117
-312
-1473
-2698
-3135
-2564
-1796
-1704
-2325
-3169
-3849
-3961
-3323
-2459
-2099
-2519
-3316
-3719
-3195
-2032
-1133
-1003
-1396
-1791
-1767
-1089
108
1154
1338
666
10
280
1377
2392
2712
2441
1896
1443
1551
2382
3311
3425
2632
1729
1511
1965
2507
2699
2469
1936
1377
1228
1669
2362
2725
2400
1319
225
60
828
1669
1677
829
-483
-1503
-1480
-655
46
-198
-1422
-2857
-3438
-2816
-1892
-1632
-2179
-3094
-3901
-4066
-3318
-2258
-1742
-2116
-2960
-3476
-3064
-1863
-724
-392
-892
-1650
-1891
-1200
188
1409
1601
761
-148
-50
1093
2277
2662
2262
1546
1032
1125
1970
2998
3274
2527
1511
1212
1779
2561
2936
2743
2163
1533
1370
1929
2797
3246
2666
1289
293
437
1394
2093
1831
687
-807
-1661
-1367
-469
83
-384
-1825
-3307
-3644
-2774
-1852
-1808
-2567
-3584
-4366
-4335
-3375
-2187
-1717
-2353
-3404
-3704
-2759
-1293
-406
-410
-976
-1579
-1639
-727
805
1860
1644
539
-197
262
1552
2604
2797
2222
1353
828
1142
2213
3114
2962
1878
896
873
1629
2417
2704
2444
1819
1250
1303
2086
3079
3197
1990
595
251
1095
2041
2204
1486
92
-1125
-1385
-722
83
111
-997
-2590
-3380
-2917
-2024
-1652
-2026
-2936
-4050
-4562
-3928
-2619
-1757
-2092
-3227
-3955
-3399
-1950
-737
-426
-901
-1641
-1985
-1298
295
1695
1851
824
-129
12
1136
2358
2976
2785
1936
1079
1097
2189
3378
3528
2535
1378
1004
1519
2382
2969
2943
2319
1541
1287
1892
2937
3210
2177
794
265
895
1811
2148
1497
78
-1130
-1425
-863
-116
-59
-1100
-2621
-3429
-3186
-2546
-2185
-2348
-3076
-4144
-4739
-4300
-3151
-2277
-2465
-3391
-3987
-3538
-2399
-1322
-749
-837
-1416
-1807
-1180
350
1736
1979
1188
462
631
1622
2698
3272
3091
2266
1486
1563
2531
3449
3421
2531
1619
1356
1718
2319
2785
2834
2300
1508
1222
1862
2629
2431
1465
654
607
1005
1293
1190
517
-362
-993
-1096
-669
-286
-643
-1703
-2573
-2730
-2484
-2264
-2203
-2413
-3052
-3735
-3851
-3216
-2356
-2132
-2681
-3303
-3259
-2591
-1797
-1196
-987
-1284
-1790
-1703
-681
620
1175
736
100
31
631
1506
2232
2461
2023
1348
1179
1783
2614
2915
2508
1869
1585
1804
2364
2948
3211
2915
2333
2131
2545
2926
2631
2001
1591
1576
1669
1577
1205
536
-80
-438
-598
-618
-771
-1304
-2037
-2474
-2537
-2587
-2710
-2822
-3057
-3576
-4026
-3911
-3282
-2736
-2823
-3268
-3373
-2893
-2283
-1893
-1600
-1391
-1424
-1552
-1182
-201
743
971
579
326
606
1248
1877
2298
2333
1908
1478
1662
2409
2959
2807
2241
1860
1881
2170
2565
2894
2932
2602
2267
2388
2773
2669
2040
1553
1558
1776
1750
1402
770
96
-307
-454
-459
-512
-920
-1703
-2337
-2417
-2282
-2361
-2603
-2844
-3181
-3578
-3701
-3366
-2816
-2594
-2890
-3235
-3067
-2478
-1944
-1611
-1401
-1413
-1636
-1519
-698
356
781
439
62
225
824
1408
1819
2002
1793
1344
1229
1820
2608
2829
2380
1845
1750
2052
2506
2890
3033
2811
2408
2305
2503
2530
2245
1926
1783
1725
1557
1179
615
135
-67
-217
-470
-805
-1281
-1853
-2240
-2288
-2291
-2499
-2785
-3011
-3201
-3334
-3321
-3157
-2930
-2841
-2976
-3059
-2781
-2248
-1819
-1582
-1431
-1399
-1429
-1187
-508
254
539
304
80
342
943
1441
1673
1727
1636
1429
1432
1788
2189
2288
2118
1965
1926
2006
2270
2657
2923
2839
2597
2578
2648
2451
2113
1959
2072
2156
1957
1411
646
140
72
134
16
-450
-1192
-1888
-2161
-2099
-2131
-2409
-2800
-3188
-3518
-3583
-3363
-3037
-2860
-2972
-3179
-3111
-2626
-2033
-1656
-1519
-1534
-1583
-1407
-787
59
557
397
1
52
628
1251
1571
1656
1564
1297
1152
1445
1990
2250
2022
1624
1458
1552
1804
2163
2489
2560
2346
2226
2344
2278
1960
1777
1898
2058
1902
1495
938
436
234
273
290
29
-616
-1382
-1785
-1741
-1680
-1914
-2327
-2723
-3088
-3292
-3164
-2834
-2612
-2739
-3069
-3147
-2724
-2041
-1536
-1361
-1443
-1597
-1513
-941
-17
692
739
271
-14
342
1103
1702
1840
1593
1181
975
1245
1856
2280
2116
1557
1173
1267
1683
2107
2370
2375
2122
1881
1910
1972
1837
1624
1507
1481
1343
1062
635
177
-114
-251
-364
-583
-1016
-1585
-1938
-1947
-1978
-2226
-2492
-2615
-2793
-3041
-3060
-2776
-2434
-2349
-2487
-2494
-2122
-1560
-1157
-973
-904
-845
-723
-358
269
831
1005
827
723
953
1378
1714
1855
1786
1533
1287
1362
1796
2125
1961
1508
1264
1379
1621
1819
1973
2023
1937
1823
1701
1463
1225
1198
1384
1478
1199
606
-22
-330
-310
-274
-448
-874
-1455
-1960
-2120
-2036
-2073
-2346
-2647
-2885
-3088
-3149
-2944
-2617
-2464
-2566
-2685
-2501
-1996
-1451
-1101
-959
-906
-852
-638
-62
698
1170
1087
841
968
1453
1946
2223
2292
2132
1847
1775
2104
2538
2573
2158
1738
1682
1899
2093
2140
2094
1982
1835
1784
1743
1522
1169
884
838
858
710
292
-288
-710
-941
-1098
-1264
-1482
-1827
-2247
-2548
-2695
-2780
-2848
-2912
-3074
-3311
-3384
-3183
-2823
-2547
-2453
-2427
-2270
-1894
-1423
-1009
-728
-571
-492
-320
110
717
1184
1318
1317
1380
1562
1844
2212
2517
2512
2253
2096
2278
2605
2725
2557
2332
2225
2195
2220
2311
2441
2488
2401
2238
1921
1496
1154
1044
1060
920
560
32
-546
-988
-1223
-1327
-1505
-1874
-2348
-2755
-3023
-3195
-3271
-3232
-3213
-3435
-3765
-3798
-3449
-3021
-2793
-2696
-2536
-2276
-1929
-1486
-978
-568
-415
-367
-96
457
991
1299
1482
1669
1798
1876
2095
2500
2793
2717
2441
2355
2546
2769
2867
2854
2741
2545
2418
2465
2601
2659
2633
2545
2256
1737
1245
1104
1263
1299
914
174
-598
-1128
-1277
-1197
-1282
-1780
-2562
-3186
-3376
-3277
-3191
-3285
-3553
-3920
-4268
-4285
-3805
-3170
-2874
-2970
-3065
-2828
-2296
-1655
-1026
-547
-419
-512
-337
384
1269
1772
1895
1898
1925
2068
2458
3043
3427
3311
2896
2650
2783
3089
3266
3237
2990
2589
2281
2300
2578
2724
2566
2246
1897
1489
1100
1012
1150
1142
684
-121
-872
-1282
-1353
-1364
-1575
-2086
-2807
-3404
-3503
-3227
-3105
-3329
-3727
-4010
-4057
-3834
-3369
-2930
-2771
-2882
-2900
-2514
-1801
-1126
-676
-402
-310
-274
-45
566
1294
1677
1685
1630
1751
2023
2398
2779
2940
2763
2462
2377
2542
2732
2714
2533
2311
2103
1970
2017
2192
2244
2096
1929
1881
1812
1563
1307
1184
1068
821
428
32
-358
-743
-1038
-1290
-1566
-1928
-2328
-2621
-2827
-3071
-3347
-3519
-3575
-3630
-3754
-3811
-3703
-3476
-3209
-2981
-2772
-2532
-2231
-1835
-1308
-798
-506
-382
-163
302
820
1245
1592
1862
2027
2166
2426
2790
3033
3030
2915
2867
2899
2935
2970
3003
2948
2771
2532
2365
2310
2351
2406
2403
2285
2009
1594
1219
1094
1128
1066
687
56
-628
-1124
-1236
-1110
-1115
-1492
-2148
-2752
-3071
-3127
-3090
-3130
-3366
-3764
-4097
-4109
-3827
-3502
-3282
-3208
-3223
-3145
-2809
-2215
-1576
-1178
-1081
-1069
-813
-199
579
1245
1589
1589
1535
1776
2384
3033
3348
3290
3068
2914
2961
3223
3528
3574
3264
2854
2639
2644
2675
2644
2518
2240
1849
1590
1532
1400
1090
731
462
228
-26
-300
-685
-1120
-1463
-1695
-1884
-2098
-2348
-2610
-2877
-3139
-3335
-3411
-3387
-3419
-3537
-3625
-3598
-3441
-3205
-2971
-2796
-2653
-2456
-2073
-1572
-1137
-888
-766
-537
-112
473
1056
1428
1585
1683
1913
2329
2761
3038
3103
3023
2953
2961
3074
3197
3175
2988
2744
2568
2477
2410
2355
2265
2071
1794
1552
1424
1281
1051
807
609
438
202
-67
-307
-516
-768
-1076
-1301
-1433
-1585
-1843
-2112
-2347
-2576
-2714
-2729
-2738
-2896
-3130
-3218
-3104
-2927
-2836
-2787
-2685
-2548
-2389
-2117
-1770
-1495
-1335
-1128
-773
-350
74
486
813
989
1129
1445
1924
2293
2418
2442
2540
2709
2847
2942
2965
2860
2645
2489
2498
2522
2393
2153
1958
1827
1678
1503
1387
1291
1027
641
380
277
163
-38
-211
-427
-766
-1054
-1145
-1148
-1280
-1574
-1889
-2089
-2197
-2249
-2302
-2398
-2557
-2675
-2647
-2596
-2588
-2526
-2330
-2163
-2106
-2011
-1834
-1655
-1533
-1362
-1131
-912
-690
-383
2
350
581
751
961
1229
1481
1691
1920
2135
2232
2217
2222
2320
2424
2462
2441
2340
2174
2047
2050
2104
2048
1849
1653
1572
1548
1474
1328
1068
689
380
322
393
304
-5
-386
-732
-999
-1108
-1104
-1141
-1332
-1662
-1963
-2099
-2078
-1985
-1914
-1936
-2098
-2300
-2330
-2138
-1885
-1727
-1705
-1768
-1804
-1691
-1407
-1091
-911
-921
-1002
-923
-561
-91
212
267
229
300
544
915
1254
1414
1413
1385
1437
1571
1745
1867
1855
1757
1680
1693
1752
1815
1871
1847
1637
1306
1083
1092
1165
1079
892
706
527
350
273
285
216
14
-166
-220
-268
-405
-584
-665
-654
-669
-790
-958
-1104
-1192
-1192
-1140
-1135
-1252
-1390
-1435
-1397
-1397
-1488
-1627
-1685
-1584
-1408
-1300
-1338
-1451
-1475
-1316
-1038
-784
-639
-559
-451
-270
-18
244
466
630
733
823
952
1118
1282
1350
1331
1387
1541
1643
1614
1536
1496
1446
1432
1487
1464
1326
1182
1102
986
806
745
820
887
834
708
532
302
126
72
64
14
-37
-82
-192
-394
-557
-602
-593
-625
-730
-842
-942
-1042
-1141
-1174
-1145
-1133
-1174
-1256
-1364
-1487
-1534
-1433
-1258
-1152
-1194
-1345
-1460
-1380
-1087
-764
-614
-634
-673
-595
-360
-32
242
349
338
320
362
533
804
966
964
921
961
1015
1067
1198
1334
1351
1243
1147
1132
1209
1289
1298
1230
1080
878
766
828
923
869
755
709
624
474
373
357
309
270
310
275
30
-286
-403
-343
-288
-313
-404
-546
-739
-875
-918
-970
-1100
-1187
-1149
-1080
-1132
-1286
-1418
-1482
-1487
-1475
-1444
-1428
-1407
-1312
-1208
-1177
-1202
-1108
-891
-704
-573
-425
-275
-166
4
228
386
446
557
743
870
952
1122
1277
1309
1329
1472
1637
1615
1500
1461
1493
1514
1486
1422
1339
1199
1060
1046
1087
1084
987
848
624
356
287
436
568
472
169
-212
-490
-481
-277
-181
-270
-432
-651
-955
-1162
-1082
-911
-886
-979
-1106
-1319
-1577
-1656
-1536
-1411
-1419
-1460
-1486
-1572
-1677
-1671
-1496
-1282
-1131
-967
-772
-676
-723
-665
-392
-107
49
180
403
486
434
550
866
1096
1169
1298
1424
1391
1405
1637
1799
1745
1671
1658
1537
1396
1457
1583
1527
1307
1098
917
763
701
781
878
696
289
-25
-102
-77
-121
-129
-224
-559
-855
-901
-819
-858
-944
-981
-1121
-1300
-1321
-1236
-1219
-1301
-1342
-1392
-1496
-1533
-1397
-1151
-1042
-1083
-1159
-1158
-1090
-916
-601
-327
-280
-379
-353
-115
150
349
514
622
642
643
796
1012
1166
1263
1334
1341
1302
1247
1244
1340
1537
1624
1446
1226
1163
1146
1016
949
1008
888
534
327
371
292
32
-47
53
-90
-455
-559
-485
-662
-1006
-1020
-810
-884
-1125
-1209
-1220
-1383
-1370
-1035
-919
-1136
-1259
-1063
-973
-1081
-962
-668
-529
-632
-591
-399
-364
-320
-63
207
162
63
276
474
350
337
669
893
812
790
913
810
687
998
1413
1296
874
833
1002
970
866
983
1015
704
486
591
541
242
184
371
267
-171
-352
-295
-295
-283
-130
-249
-762
-1164
-1077
-838
-741
-667
-692
-1053
-1422
-1339
-960
-876
-974
-837
-817
-1167
-1318
-932
-452
-365
-315
-193
-313
-532
-446
18
398
509
429
393
468
622
845
1018
1067
1061
1083
1133
1119
1131
1186
1179
1183
1257
1187
893
723
844
947
815
658
583
401
182
98
95
49
-67
-164
-321
-522
-640
-649
-616
-632
-728
-905
-1152
-1276
-1165
-961
-880
-910
-1039
-1288
-1345
-1037
-714
-700
-745
-738
-901
-1114
-800
-307
-149
-168
-115
-190
-476
-328
232
621
616
526
569
534
533
819
1270
1396
1069
855
1010
1102
1040
1190
1403
1266
984
1005
978
672
617
933
999
612
333
250
63
-61
111
143
-224
-542
-537
-423
-505
-658
-693
-779
-944
-1034
-980
-934
-1036
-982
-865
-959
-1133
-1042
-966
-1055
-921
-610
-654
-941
-829
-585
-576
-501
-211
-97
-197
-200
-109
-35
171
463
527
446
456
491
519
751
979
974
874
894
981
931
915
1047
1047
924
891
914
818
644
664
739
614
446
410
354
217
56
13
9
38
42
-131
-369
-485
-502
-542
-446
-304
-355
-637
-816
-701
-642
-740
-652
-534
-609
-796
-828
-731
-742
-731
-531
-417
-560
-698
-630
-503
-430
-298
-66
-90
-283
-259
-43
142
191
316
366
370
354
413
507
565
670
733
717
606
649
755
686
628
645
614
477
551
720
462
93
192
403
249
98
211
144
-197
-215
81
-82
-398
-227
95
-208
-706
-513
-191
-298
-411
-165
-341
-968
-925
-272
-120
-492
-514
-301
-495
-685
-280
49
-155
-402
-213
-26
-196
-119
171
164
-67
-7
302
276
146
339
548
405
261
414
548
417
318
420
395
271
352
517
431
213
146
182
62
28
166
212
60
-140
-182
-148
-125
-78
-106
-198
-247
-310
-369
-324
-209
-206
-369
-351
-148
-191
-378
-350
-237
-328
-349
-86
-11
-301
-301
-17
-20
-218
-75
202
65
-35
171
275
83
59
359
403
244
286
358
218
160
287
293
146
250
407
279
112
208
328
234
182
226
217
33
-126
-16
155
54
-236
-247
-94
-179
-266
-128
-136
-470
-607
-349
-185
-192
-141
-230
-502
-598
-323
-190
-327
-299
-95
-75
-234
-188
-64
-83
-101
58
142
-27
-90
68
176
96
32
76
173
315
426
348
134
-9
130
437
569
456
193
73
70
170
336
363
191
89
233
300
200
50
57
155
236
288
119
-187
-271
-92
110
101
-42
-132
-166
-169
-201
-268
-333
-301
-135
-40
-107
-263
-417
-473
-358
-187
-210
-282
-239
-208
-320
-319
-141
-47
-87
-41
60
36
-96
-180
2
343
463
208
75
249
312
210
277
380
255
168
354
445
259
104
110
209
322
249
31
-48
91
112
-55
-44
71
12
-87
-28
16
-164
-291
-100
32
-148
-278
-120
-58
-266
-343
-207
-283
-482
-384
-169
-169
-253
-192
-210
-295
-221
-47
44
44
-16
-99
-51
44
66
86
193
179
46
33
97
155
241
326
231
96
114
205
242
255
291
217
101
49
146
247
152
54
52
31
-41
-49
45
43
-54
-91
-154
-309
-300
-172
-123
-152
-205
-175
-265
-337
-258
-123
-25
-132
-225
-163
-133
-148
-62
120
52
-188
-136
81
51
-117
-14
190
142
60
186
275
111
26
222
337
241
185
276
306
210
192
249
258
241
187
126
168
262
233
93
105
220
165
-6
-23
54
64
17
-18
-45
-141
-233
-265
-211
-196
-282
-292
-230
-237
-312
-355
-347
-369
-297
-115
-195
-383
-382
-235
-198
-191
-49
-17
-167
-273
-132
-21
-71
-47
109
234
156
15
72
165
244
295
281
259
176
223
352
363
270
213
297
305
206
218
303
286
210
274
273
87
13
116
148
6
-46
-23
-102
-175
-109
-70
-177
-272
-242
-184
-243
-360
-334
-268
-287
-341
-291
-280
-460
-525
-299
-96
-165
-296
-260
-156
-154
-130
-11
69
42
-10
43
66
-37
17
269
396
222
109
261
326
205
298
525
440
197
268
534
487
294
391
486
314
218
388
456
136
-4
213
289
17
-173
2
50
-156
-243
-152
-234
-433
-315
-85
-193
-504
-541
-321
-254
-355
-367
-274
-317
-514
-423
-108
-114
-360
-354
-77
-81
-292
-240
-99
-63
-98
-84
-5
-28
-97
-56
112
198
73
28
169
228
140
108
160
213
280
337
327
259
297
345
332
353
393
367
250
233
230
174
135
121
130
71
11
-46
-72
-58
-152
-207
-148
-184
-332
-354
-237
-233
-370
-355
-276
-312
-330
-258
-216
-324
-339
-187
-97
-222
-303
-166
-50
-69
-115
-32
55
45
50
62
82
116
127
170
223
279
273
265
340
367
245
194
310
346
275
325
428
394
274
273
292
204
206
250
244
207
137
61
58
112
50
-94
-115
-71
-178
-252
-167
-176
-317
-366
-283
-253
-284
-215
-216
-379
-453
-325
-195
-158
-184
-171
-143
-170
-200
-172
-24
23
-65
-89
-68
-70
-9
107
108
15
49
179
156
66
97
107
58
73
240
261
65
12
159
220
139
189
260
129
-28
67
216
120
22
125
148
-38
-133
-3
47
-78
-129
-73
-106
-212
-229
-147
-173
-271
-295
-224
-192
-275
-279
-205
-227
-288
-216
-101
-109
-131
-67
-35
-65
-1
114
79
21
70
147
179
186
227
199
136
181
224
208
195
213
224
140
125
191
189
166
177
222
188
124
136
160
156
136
120
89
58
47
59
36
-75
-107
-38
-62
-145
-178
-121
-151
-220
-190
-203
-253
-236
-175
-129
-158
-241
-248
-170
-105
-107
-97
-85
-121
-109
-41
-7
13
94
111
36
87
166
129
97
138
218
198
191
220
175
180
202
192
149
157
227
178
127
168
120
-16
-30
130
168
17
-63
-62
-75
-97
-95
-127
-158
-151
-149
-162
-179
-213
-255
-230
-241
-337
-339
-226
-205
-283
-267
-167
-173
-202
-146
-152
-212
-147
-13
-6
-63
-40
-17
-42
-8
87
92
47
64
97
114
142
202
237
214
186
200
179
143
150
199
231
230
247
254
227
198
171
152
172
205
215
197
182
116
34
3
-33
-96
-135
-128
-138
-172
-181
-199
-259
-281
-242
-218
-250
-274
-281
-301
-304
-252
-184
-149
-153
-140
-116
-93
-80
-74
-56
-39
-15
14
61
112
127
113
123
147
140
141
212
275
245
188
185
198
193
210
249
232
174
153
180
196
169
132
98
90
130
167
156
122
100
71
29
15
31
13
-4
0
-37
-128
-185
-157
-133
-152
-168
-174
-178
-173
-151
-180
-236
-237
-183
-141
-155
-173
-168
-160
-156
-144
-100
-54
-60
-61
14
108
99
-5
-65
-29
55
111
112
87
61
59
80
107
118
96
83
95
116
133
141
130
107
90
75
45
12
1
-7
-23
-28
-13
10
10
-20
-60
-85
-87
-90
-87
-58
-36
-59
-107
-131
-124
-107
-82
-51
-45
-64
-86
-91
-67
-29
-5
-9
-20
-19
-16
-19
-12
8
39
62
73
63
55
52
43
39
40
45
42
29
29
53
73
56
25
15
11
3
15
50
59
36
3
-21
-24
-12
-2
-11
-42
-78
-105
-106
-92
-89
-106
-113
-113
-111
-109
-102
-96
-85
-59
-49
-61
-58
-26
-9
-21
-20
0
10
14
41
80
104
112
111
111
109
101
94
84
74
59
53
74
90
81
59
51
61
69
64
56
43
31
31
47
77
64
2
-47
-20
54
83
55
20
-3
-18
-33
-41
-33
-51
-70
-69
-53
-71
-113
-114
-45
8
-21
-78
-80
-8
47
41
1
-19
-3
32
67
85
71
48
51
80
104
120
118
98
81
92
106
91
76
85
100
96
84
82
79
79
75
60
27
-10
-18
4
30
21
-17
-55
-69
-69
-79
-100
-111
-112
-120
-142
-158
-151
-140
-142
-154
-156
-148
-140
-126
-116
-124
-134
-127
-112
-105
-99
-88
-82
-67
-30
11
33
32
28
22
23
36
51
57
57
64
87
115
135
144
146
147
125
96
80
91
102
91
55
25
27
43
51
29
-5
-37
-66
-82
-77
-73
-76
-78
-64
-58
-79
-98
-87
-58
-60
-98
-136
-132
-99
-70
-64
-67
-72
-72
-60
-38
-15
-17
-32
-31
-4
25
30
16
17
26
31
34
51
86
95
75
36
24
64
113
133
114
102
111
127
142
156
170
158
128
112
106
90
76
87
103
73
13
-16
-4
12
15
-8
-41
-66
-60
-43
-52
-62
-55
-58
-84
-112
-116
-114
-113
-100
-92
-114
-157
-179
-171
-146
-121
-115
-114
-108
-88
-69
-66
-70
-62
-43
-10
27
46
35
24
49
90
112
112
107
96
95
106
115
105
89
98
124
145
147
132
114
112
124
129
112
91
70
50
37
37
50
40
14
-11
-15
-8
-15
-35
-44
-45
-60
-86
-102
-96
-98
-113
-125
-121
-105
-100
-103
-111
-117
-111
-98
-96
-110
-114
-99
-81
-89
-102
-97
-60
-19
-4
-9
0
27
44
52
63
76
67
71
96
109
107
118
145
146
120
100
92
89
86
77
61
58
67
58
27
8
12
27
52
87
86
26
-32
-32
11
24
-10
-46
-46
-20
-15
-45
-82
-100
-108
-111
-128
-152
-151
-114
-95
-130
-169
-149
-90
-70
-102
-139
-121
-45
10
3
-33
-65
-72
-57
-24
6
9
16
37
53
59
69
73
65
64
95
117
72
-4
-40
-11
26
45
82
140
174
162
125
91
75
75
76
65
56
70
85
79
62
51
29
-16
-59
-66
-57
-59
-76
-76
-65
-60
-69
-81
-81
-76
-68
-65
-56
-40
-28
-32
-38
-31
-11
-1
-12
-34
-41
-22
-3
2
-3
4
18
33
49
60
62
48
30
31
59
90
93
80
85
105
105
90
85
102
108
80
42
22
31
43
41
26
12
8
16
6
-20
-37
-32
-17
-23
-45
-60
-60
-52
-68
-94
-96
-81
-78
-84
-73
-48
-45
-64
-88
-101
-93
-76
-67
-77
-79
-65
-55
-53
-46
-25
-11
-17
-16
-4
3
-4
-5
17
37
46
44
40
36
36
40
41
37
30
22
11
15
30
42
47
46
47
51
45
36
36
52
71
77
72
54
38
39
50
44
17
-12
-34
-52
-63
-66
-57
-52
-57
-82
-96
-85
-57
-42
-40
-33
-23
-20
-28
-34
-38
-30
-14
3
8
5
15
39
66
71
55
41
49
72
75
56
46
50
52
38
23
12
12
17
22
13
-3
-2
10
16
0
-10
-2
15
35
49
52
35
4
-17
-17
-11
-10
-18
-25
-39
-74
-117
-126
-70
4
27
-8
-37
-43
-50
-53
-24
15
23
-2
-31
-46
-36
-40
-68
-51
11
23
-60
-128
-133
-126
-86
2
28
-22
-27
43
75
68
101
107
27
-40
-28
-14
-31
-6
67
102
89
65
52
63
95
134
135
87
32
19
49
72
69
54
44
26
23
41
25
-27
-56
-22
7
12
17
-10
-60
-106
-126
-140
-105
2
70
44
-13
-47
-101
-141
-90
-10
-21
-107
-172
-209
-258
-259
-191
-92
7
91
126
100
57
41
80
181
284
298
247
173
112
89
99
112
123
174
223
180
83
13
-47
-80
-37
52
69
-7
-95
-167
-216
-213
-143
-70
-47
-79
-121
-172
-218
-224
-178
-111
-80
-69
-58
-63
-78
-65
-21
9
17
35
56
42
8
4
20
42
82
146
198
212
221
226
222
231
271
310
319
311
266
169
60
-5
-18
0
14
-14
-81
-151
-220
-293
-350
-369
-358
-346
-351
-380
-419
-446
-469
-499
-512
-493
-457
-419
-372
-328
-324
-343
-324
-231
-107
-13
32
52
108
214
338
446
542
645
728
816
915
995
1033
1048
1102
1180
1205
1106
878
633
470
407
405
382
279
80
-166
-394
-583
-735
-830
-851
-821
-809
-858
-965
-1106
-1206
-1170
-990
-759
-573
-437
-343
-292
-276
-248
-174
-38
137
285
333
256
129
38
43
108
158
143
60
-78
-248
-413
-522
-513
-384
-203
-95
-90
-122
-112
-22
158
406
634
792
910
1043
1181
1294
1405
1556
1743
1902
1908
1648
1172
695
427
395
446
417
185
-244
-764
-1259
-1648
-1875
-1894
-1738
-1543
-1464
-1565
-1790
-1956
-1897
-1589
-1156
-725
-330
-16
176
258
307
388
568
891
1268
1504
1450
1168
830
582
474
446
398
248
23
-250
-598
-1115
-1733
-2143
-2131
-1788
-1429
-1202
-1108
-1065
-942
-640
-204
288
827
1405
1894
2175
2299
2404
2598
2912
3299
3643
3809
3654
3046
2043
932
64
-419
-633
-803
-1149
-1748
-2547
-3403
-4128
-4544
-4516
-3997
-3136
-2257
-1678
-1462
-1407
-1206
-648
252
1331
2374
3200
3630
3571
3160
2660
2342
2292
2399
2384
1949
1019
-200
-1356
-2203
-2711
-2941
-2992
-2963
-2981
-3153
-3486
-3806
-3771
-3152
-2027
-742
381
1186
1684
1987
2236
2525
2914
3404
3923
4281
4301
4014
3600
3290
3150
3107
3026
2790
2156
876
-904
-2636
-3778
-4237
-4245
-4109
-4128
-4358
-4718
-5100
-5290
-5011
-4086
-2603
-845
761
1766
2077
2155
2478
3123
3874
4528
4975
5024
4496
3418
2139
1059
197
-572
-1285
-1907
-2592
-3563
-4637
-5411
-5641
-5385
-4777
-3845
-2678
-1481
-489
213
719
1267
2094
3178
4276
5091
5404
5133
4303
3266
2378
1785
1402
1079
711
250
-228
-558
-625
-472
-252
-66
74
28
-528
-1549
-2489
-2841
-2556
-1906
-1119
-564
-601
-1262
-2136
-2575
-2205
-1157
183
1426
2218
2286
1758
1183
930
903
971
1178
1498
1625
1222
310
-821
-1865
-2630
-2948
-2850
-2678
-2646
-2774
-2929
-3012
-2823
-2158
-1101
120
1195
1977
2445
2666
2629
2401
2252
2395
2700
2883
2690
2012
967
-257
-1228
-1629
-1433
-951
-553
-358
-263
-179
60
580
1395
2374
3364
4182
4568
4180
2847
927
-1023
-2401
-2937
-2704
-2172
-2028
-2670
-3940
-5298
-6013
-5613
-4202
-2252
-183
1696
2973
3375
3143
2745
2463
2470
2868
3470
3715
3115
1760
76
-1603
-3216
-4516
-5055
-4666
-3876
-3285
-2996
-2786
-2412
-1774
-693
781
2299
3520
4312
4692
4600
4013
3182
2449
1964
1621
1192
484
-575
-1852
-2952
-3506
-3406
-2807
-1888
-821
119
752
1223
1785
2458
3190
4086
5170
6196
6552
5538
2879
-786
-4146
-6093
-6342
-5437
-4373
-4049
-4653
-5696
-6347
-6000
-4637
-2563
38
2968
5589
7017
7038
6112
4772
3430
2477
2073
1880
1341
186
-1406
-3188
-4993
-6533
-7206
-6628
-5204
-3628
-2150
-719
563
1595
2523
3477
4314
4874
5194
5289
4955
3959
2372
512
-1259
-2611
-3322
-3466
-3376
-3334
-3324
-3164
-2651
-1737
-605
542
1569
2427
3062
3451
3659
3833
4174
4723
5308
5652
5558
4482
1757
-2483
-6860
-9586
-9881
-8244
-5882
-3999
-3265
-3524
-3932
-3513
-2031
21
2258
4733
7290
9001
9002
7350
4731
1869
-585
-2075
-2608
-2821
-3357
-4177
-4927
-5548
-6161
-6448
-5747
-3939
-1541
900
3112
4882
6067
6712
6820
6187
4798
3153
1799
850
-45
-1185
-2564
-4036
-5283
-5817
-5250
-3772
-2064
-561
735
1823
2511
2731
2643
2422
2173
2102
2374
2851
3204
3360
3553
3911
4194
4067
3406
1854
-944
-4673
-7953
-9359
-8609
-6506
-4139
-2421
-1756
-1928
-2064
-1381
57
1702
3340
5136
6792
7487
6730
4757
2070
-774
-3067
-4279
-4509
-4354
-4239
-4095
-3794
-3427
-3120
-2718
-1931
-674
928
2663
4224
5357
5957
6010
5406
3996
1927
-292
-2098
-3138
-3435
-3326
-3253
-3447
-3653
-3432
-2494
-949
781
2199
3014
3326
3352
3066
2335
1290
372
-8
249
1012
1961
2803
3401
3813
4157
4328
4156
3104
739
-2697
-6103
-8125
-8263
-6969
-5144
-3639
-2853
-2697
-2524
-1666
-206
1256
2475
3855
5488
6718
6815
5626
3440
687
-1974
-3797
-4553
-4675
-4652
-4417
-3740
-2788
-2000
-1469
-912
-78
990
2174
3377
4476
5275
5565
5221
4065
2021
-519
-2737
-3942
-4159
-3878
-3499
-3153
-2798
-2310
-1452
-203
1098
2052
2560
2798
2840
2585
1933
984
94
-328
-113
641
1628
2566
3313
3879
4330
4600
4529
3518
964
-2996
-7005
-9349
-9453
-7944
-5833
-3828
-2358
-1634
-1228
-424
809
1934
2863
4257
6222
7695
7634
6044
3502
444
-2666
-5023
-6122
-6279
-5992
-5167
-3587
-1778
-565
-43
382
986
1605
2262
3158
4220
5071
5486
5360
4324
2076
-957
-3708
-5322
-5738
-5283
-4220
-2806
-1376
-185
751
1487
1918
1994
1861
1746
1684
1470
945
159
-616
-1064
-987
-382
591
1785
3108
4380
5362
5814
5698
4681
2231
-1578
-5687
-8584
-9607
-8955
-7124
-4762
-2640
-1383
-744
41
1089
1939
2580
3758
5647
7216
7413
6201
4011
1058
-2324
-5215
-6887
-7444
-7246
-6148
-3975
-1448
479
1553
2221
2700
2866
2969
3393
4109
4691
4897
4735
3790
1533
-1728
-4840
-6791
-7422
-6959
-5578
-3640
-1658
6
1313
2254
2696
2725
2602
2496
2330
1989
1512
927
299
-175
-276
77
775
1686
2750
3824
4706
5164
5161
4375
2174
-1544
-5800
-9004
-10362
-9982
-8270
-5717
-3064
-1100
132
1267
2433
3182
3508
4222
5692
7002
7175
6147
4248
1501
-1921
-5102
-7179
-8108
-8089
-6870
-4328
-1359
910
2268
3182
3722
3628
3165
2944
3092
3269
3297
3174
2458
553
-2308
-5115
-6962
-7650
-7250
-5766
-3445
-808
1639
3610
4901
5255
4780
3881
2901
1944
1021
275
-281
-734
-1043
-1036
-669
-60
719
1744
2930
4027
4796
5234
4997
3243
-308
-4718
-8261
-10028
-10011
-8460
-5792
-2824
-509
1015
2366
3582
4085
3858
3909
4868
5908
6025
5119
3469
1013
-2200
-5297
-7395
-8470
-8694
-7653
-4997
-1602
1134
2836
4012
4758
4636
3777
2908
2437
2198
2072
2108
1849
489
-1984
-4563
-6268
-6947
-6705
-5355
-2934
26
2865
5120
6432
6490
5444
3815
2050
395
-995
-1883
-2290
-2419
-2324
-1910
-1218
-428
443
1609
3040
4461
5596
6357
6648
5767
3109
-1091
-5533
-8816
-10426
-10260
-8484
-5636
-2638
-323
1402
2825
3712
3799
3530
3865
4801
5401
5096
3967
2176
-397
-3429
-6086
-7918
-8895
-8778
-7027
-3851
-466
2185
4097
5464
5952
5336
4148
3037
2193
1611
1437
1531
1113
-377
-2571
-4656
-6072
-6643
-6111
-4349
-1700
1256
3906
5803
6522
5911
4341
2333
333
-1386
-2575
-3069
-3030
-2664
-1987
-1017
117
1208
2319
3587
4875
5945
6570
6743
6033
3786
-27
-4429
-8002
-10082
-10634
-9718
-7524
-4582
-1743
607
2610
4072
4615
4409
4359
4909
5361
5010
3860
2215
82
-2560
-5189
-7280
-8633
-8999
-7852
-5096
-1672
1337
3657
5450
6486
6383
5378
4147
3097
2249
1662
1372
937
-254
-2211
-4325
-5942
-6743
-6563
-5263
-3079
-408
2282
4514
5830
5879
4777
2991
1024
-734
-2025
-2688
-2700
-2246
-1404
-290
951
2109
3106
4038
4918
5655
6120
6214
5373
2922
-1043
-5339
-8605
-10392
-10752
-9779
-7642
-4861
-2078
519
2885
4506
4930
4568
4468
4927
5207
4732
3583
1986
-88
-2518
-4830
-6729
-8106
-8524
-7275
-4393
-978
1953
4254
6055
6998
6716
5514
4009
2575
1406
701
381
-160
-1408
-3136
-4732
-5868
-6495
-6373
-5182
-2969
-145
2791
5246
6602
6584
5496
3842
1886
-135
-1841
-2859
-3123
-2866
-2205
-1222
-76
1013
2012
3094
4196
5095
5653
5956
5842
4522
1489
-2775
-6934
-9888
-11272
-10956
-9130
-6391
-3454
-667
2087
4498
5855
5973
5554
5446
5527
5211
4320
2902
957
-1496
-4005
-6110
-7801
-8930
-8837
-6946
-3720
-282
2718
5222
7025
7647
7011
5569
3792
2039
691
-19
-433
-1210
-2515
-3940
-5073
-5802
-6010
-5362
-3731
-1307
1552
4332
6373
7117
6517
5019
2999
708
-1564
-3358
-4280
-4309
-3574
-2328
-910
451
1725
3007
4247
5240
5886
6242
6274
5344
2776
-1242
-5519
-8795
-10596
-10796
-9477
-7014
-4121
-1433
1034
3253
4756
5213
5085
5249
5722
5766
4984
3526
1627
-709
-3294
-5692
-7643
-8940
-9081
-7536
-4556
-1158
1869
4389
6314
7244
6957
5781
4220
2669
1424
675
233
-471
-1739
-3348
-4830
-5846
-6251
-5813
-4389
-2104
714
3502
5671
6728
6507
5247
3258
942
-1280
-2998
-3920
-4055
-3552
-2593
-1377
-50
1283
2677
4108
5345
6235
6747
6953
6283
3994
95
-4383
-8032
-10267
-10927
-9999
-7799
-5009
-2388
45
2442
4288
5012
4876
4898
5395
5659
5183
4040
2403
173
-2525
-5084
-7126
-8622
-9254
-8295
-5589
-2103
1121
3833
6038
7308
7245
6185
4737
3228
1845
915
488
-53
-1265
-2966
-4604
-5843
-6588
-6545
-5393
-3243
-456
2456
4943
6460
6668
5743
4055
1930
-281
-2163
-3267
-3558
-3268
-2530
-1463
-188
1088
2341
3628
4791
5734
6345
6651
6237
4374
892
-3473
-7344
-9955
-11060
-10523
-8533
-5696
-2925
-495
1851
3850
4928
4974
4820
5129
5470
5255
4373
2972
981
-1637
-4334
-6580
-8255
-9173
-8667
-6300
-2800
653
3554
5917
7434
7629
6688
5209
3586
2007
812
249
-160
-1138
-2763
-4469
-5738
-6463
-6536
-5673
-3815
-1209
1743
4513
6514
7220
6605
4983
2738
295
-1863
-3273
-3803
-3625
-2911
-1809
-526
692
1783
2915
4088
5113
5834
6283
6394
5425
2728
-1463
-5849
-9153
-10947
-11071
-9593
-6923
-3937
-1316
1049
3210
4672
5058
4843
4944
5345
5366
4731
3570
1901
-436
-3114
-5512
-7426
-8784
-9036
-7468
-4322
-751
2407
5032
7000
7784
7198
5747
4023
2346
952
143
-203
-766
-1972
-3555
-4963
-5915
-6338
-5934
-4478
-2119
758
3621
5925
7116
6948
5650
3578
1177
-1139
-2949
-3935
-4144
-3715
-2794
-1565
-247
978
2213
3521
4716
5655
6287
6712
6504
4819
1356
-3182
-7316
-10144
-11339
-10772
-8708
-5813
-3010
-580
1734
3722
4831
4945
4868
5258
5694
5548
4717
3362
1392
-1240
-4002
-6352
-8117
-9088
-8658
-6438
-3060
407
3386
5773
7272
7452
6439
4798
3062
1549
542
154
-91
-860
-2311
-4018
-5439
-6329
-6470
-5582
-3650
-958
2003
4715
6644
7314
6630
4845
2393
-198
-2401
-3800
-4305
-4115
-3406
-2322
-1046
254
1491
2756
4007
5075
5889
6457
6834
6527
4682
1036
-3675
-7942
-10802
-11885
-11151
-8940
-5907
-2871
-100
2511
4601
5598
5524
5280
5519
5839
5623
4734
3286
1235
-1406
-4199
-6698
-8682
-9782
-9292
-6889
-3315
317
3457
6005
7598
7798
6794
5171
3393
1760
659
250
-21
-860
-2319
-3961
-5449
-6635
-7118
-6353
-4279
-1300
1988
4955
6952
7523
6735
4969
2598
27
-2225
-3643
-4129
-3957
-3350
-2413
-1291
-138
1056
2433
3874
5104
6012
6644
7040
6885
5436
2232
-2361
-7015
-10482
-12134
-11813
-9846
-6871
-3726
-902
1666
3880
5295
5644
5461
5610
6078
6206
5554
4158
2056
-783
-3979
-6835
-8937
-10121
-9993
-8082
-4668
-806
2598
5305
7196
7920
7414
6101
4509
2931
1639
898
461
-370
-1972
-4053
-5966
-7304
-7803
-7102
-5112
-2122
1283
4501
6987
8166
7810
6185
3815
1224
-1197
-3018
-3974
-4172
-3860
-3196
-2241
-1116
49
1331
2790
4278
5530
6419
6940
7097
6566
4640
971
-3884
-8401
-11383
-12390
-11504
-9210
-6167
-3149
-459
2072
4229
5484
5674
5547
5897
6424
6367
5423
3734
1349
-1715
-4936
-7607
-9437
-10286
-9680
-7239
-3523
281
3454
5956
7630
8101
7405
6013
4401
2824
1582
881
315
-813
-2755
-5016
-6900
-8050
-8182
-6950
-4372
-971
2529
5597
7765
8502
7663
5618
3021
429
-1797
-3329
-4065
-4161
-3811
-3148
-2279
-1337
-292
1058
2744
4495
5957
6952
7439
7413
6733
4822
1252
-3654
-8470
-11756
-12930
-12068
-9715
-6572
-3504
-916
1506
3839
5560
6163
6123
6397
6962
7030
6106
4327
1811
-1472
-4990
-7857
-9667
-10499
-10101
-7916
-4184
-120
3265
5852
7682
8404
7924
6717
5299
3806
2393
1409
636
-681
-2906
-5449
-7500
-8750
-8992
-7809
-5127
-1574
2035
5217
7574
8527
7826
5902
3476
996
-1287
-3004
-3856
-3957
-3637
-3130
-2490
-1732
-799
473
2123
3917
5517
6700
7383
7500
7038
5688
2885
-1533
-6677
-10907
-13125
-13073
-11166
-8087
-4665
-1645
889
3193
5094
6087
6191
6306
6897
7357
6956
5615
3543
669
-2863
-6281
-8841
-10356
-10737
-9470
-6342
-2240
1501
4358
6500
7812
7939
6999
5569
4092
2729
1669
908
-60
-1765
-4130
-6477
-8250
-9136
-8779
-6931
-3830
-165
3420
6444
8290
8487
7169
5022
2687
452
-1399
-2552
-2990
-3031
-2951
-2756
-2409
-1916
-1150
117
1922
3945
5738
6989
7573
7467
6738
5124
2115
-2397
-7456
-11370
-13044
-12351
-9928
-6660
-3469
-997
954
2884
4655
5655
5896
6282
7163
7794
7375
5833
3389
57
-3816
-7299
-9563
-10517
-10276
-8584
-5439
-1686
1571
4034
5846
6816
6748
5969
5037
4137
3201
2366
1607
448
-1511
-4053
-6484
-8295
-9116
-8483
-6232
-2905
630
3814
6309
7620
7405
6022
4237
2518
927
-438
-1336
-1791
-2145
-2612
-3043
-3184
-2935
-2183
-749
1338
3655
5629
6906
7441
7279
6537
5218
2898
-786
-5458
-9650
-11947
-11950
-10164
-7502
-4761
-2538
-810
983
3009
4719
5620
6196
7130
8052
7992
6607
4280
1245
-2326
-5720
-8027
-9086
-9311
-8604
-6523
-3406
-401
1813
3519
4927
5713
5714
5282
4739
4061
3310
2650
1820
201
-2307
-5053
-7271
-8586
-8720
-7372
-4728
-1508
1560
4123
5888
6493
5985
4917
3790
2677
1549
600
-95
-773
-1639
-2559
-3259
-3625
-3543
-2717
-983
1338
3622
5432
6601
7031
6713
5893
4807
3033
-55
-4336
-8395
-10772
-11089
-9807
-7636
-5205
-3169
-1652
-27
2064
4081
5320
6080
7079
8088
8190
7023
4969
2208
-1209
-4627
-7001
-8046
-8357
-8106
-6841
-4514
-1977
39
1704
3238
4367
4882
5106
5340
5352
4883
4020
2813
1000
-1485
-4147
-6386
-7812
-8165
-7245
-5240
-2734
-202
2155
4058
5086
5180
4807
4328
3694
2804
1847
926
-168
-1550
-2922
-3881
-4378
-4464
-3910
-2392
-124
2271
4359
6021
7106
7416
6983
6181
4912
2559
-1210
-5542
-8848
-10327
-10089
-8712
-6765
-4917
-3563
-2237
-301
2035
3911
5153
6441
7928
8829
8448
6910
4482
1246
-2285
-5130
-6748
-7582
-8025
-7697
-6260
-4221
-2391
-821
809
2389
3613
4527
5326
5840
5801
5265
4333
2828
581
-2051
-4488
-6334
-7332
-7235
-6050
-4235
-2239
-237
1607
2962
3682
4048
4311
4376
4062
3440
2609
1441
-140
-1851
-3238
-4099
-4438
-4157
-3083
-1275
863
2926
4690
5973
6575
6492
6068
5706
5130
3417
11
-4394
-8199
-10319
-10551
-9347
-7381
-5407
-3844
-2306
-224
2198
4069
5128
6116
7458
8525
8474
7218
4965
1800
-1801
-4822
-6566
-7397
-7883
-7802
-6699
-4868
-3129
-1652
-85
1549
2888
3883
4777
5456
5602
5236
4572
3501
1721
-615
-2874
-4542
-5513
-5866
-5569
-4669
-3268
-1529
299
1825
2768
3254
3553
3686
3496
3006
2329
1357
-42
-1568
-2670
-3127
-3118
-2754
-1956
-762
530
1741
2915
4047
4912
5367
5598
5757
5752
4962
2746
-985
-5355
-8911
-10590
-10131
-8185
-5779
-3781
-2407
-1211
237
1791
2926
3680
4656
6035
7209
7427
6529
4570
1711
-1492
-4148
-5713
-6491
-6861
-6621
-5495
-3886
-2542
-1584
-664
318
1166
1928
2881
3998
4944
5453
5451
4755
3206
1070
-1035
-2633
-3625
-4115
-4188
-3915
-3319
-2437
-1461
-622
-6
542
1106
1601
1992
2367
2673
2593
2008
1173
390
-324
-984
-1384
-1362
-1011
-559
-20
754
1724
2675
3475
4165
4744
5046
4969
4165
2186
-1084
-4824
-7653
-8675
-7914
-6167
-4328
-3096
-2633
-2427
-1777
-593
640
1854
3437
5373
6948
7497
6919
5214
2517
-488
-2774
-3939
-4504
-4897
-4916
-4448
-3995
-3952
-3925
-3384
-2381
-1199
285
2229
4255
5780
6567
6682
6042
4624
2753
895
-764
-2253
-3517
-4439
-4894
-4847
-4374
-3684
-2960
-2213
-1347
-265
1009
2346
3535
4296
4378
3812
2931
2013
1090
121
-731
-1268
-1394
-1050
-223
930
2038
2874
3470
3974
4371
4567
4180
2640
-290
-3854
-6586
-7514
-6788
-5350
-4100
-3536
-3640
-3841
-3364
-2012
-305
1400
3288
5410
7134
7710
6953
5051
2383
-359
-2270
-2997
-3135
-3419
-3914
-4282
-4525
-4790
-4817
-4200
-2936
-1330
518
2584
4519
5835
6354
6198
5400
3959
2162
493
-784
-1749
-2555
-3261
-3849
-4286
-4477
-4264
-3550
-2398
-1040
305
1505
2521
3278
3654
3580
3151
2532
1796
984
209
-413
-887
-1269
-1462
-1265
-623
276
1240
2223
3206
4012
4513
4773
4932
4803
3674
1087
-2494
-5781
-7744
-8086
-7074
-5383
-3999
-3586
-3785
-3544
-2317
-610
967
2496
4209
5743
6475
6274
5277
3448
1030
-1126
-2193
-2359
-2468
-2916
-3419
-3748
-4014
-4128
-3766
-2855
-1705
-497
853
2234
3276
3784
3922
3855
3494
2784
1945
1181
455
-362
-1269
-2141
-2892
-3381
-3468
-3109
-2382
-1494
-669
-72
366
810
1279
1649
1871
2034
2103
1944
1547
1101
733
385
52
-55
288
991
1735
2340
2815
3151
3268
3190
3024
2786
2109
484
-2094
-4845
-6668
-6992
-5956
-4266
-2852
-2454
-3024
-3673
-3421
-2151
-474
1240
3054
4815
5910
5925
5001
3396
1384
-453
-1333
-1118
-581
-557
-1163
-2060
-3077
-4059
-4575
-4270
-3296
-2063
-756
607
1870
2774
3226
3309
3134
2748
2262
1830
1510
1210
733
-55
-1022
-1859
-2336
-2414
-2156
-1681
-1220
-963
-876
-767
-514
-116
376
957
1529
1870
1834
1512
1165
960
927
1079
1409
1764
1904
1764
1539
1448
1507
1639
1793
1927
1997
1903
1306
-179
-2537
-5015
-6558
-6528
-5115
-3202
-1773
-1370
-1843
-2416
-2261
-1225
206
1575
2779
3760
4248
4061
3208
1837
312
-772
-943
-384
194
219
-369
-1339
-2427
-3283
-3506
-3044
-2292
-1608
-992
-341
214
546
790
1105
1443
1715
2044
2516
2931
3012
2668
1995
1024
-159
-1224
-1809
-1862
-1693
-1628
-1793
-2137
-2488
-2602
-2267
-1445
-314
862
1861
2534
2847
2826
2597
2332
2166
2138
2110
1943
1566
1051
548
223
224
566
1101
1594
1922
1887
1091
-663
-2859
-4443
-4724
-3824
-2445
-1406
-1327
-2313
-3729
-4480
-3948
-2495
-812
777
2180
3127
3438
3299
2910
2315
1698
1488
1820
2178
1867
686
-1033
-2849
-4355
-5136
-4985
-4209
-3322
-2585
-1928
-1237
-468
479
1637
2816
3737
4295
4551
4479
3974
3057
1911
759
-278
-1099
-1616
-1871
-2069
-2364
-2697
-2924
-2960
-2719
-2082
-1032
222
1331
2070
2413
2435
2182
1751
1333
1101
1125
1329
1605
1790
1716
1420
1176
1255
1651
2104
2373
2355
2063
1562
694
-829
-2967
-5029
-6110
-5821
-4488
-2908
-1931
-2021
-2870
-3486
-2968
-1332
648
2297
3457
4136
4187
3619
2665
1558
432
-426
-612
-231
46
-328
-1208
-2126
-2796
-3034
-2636
-1691
-687
-127
-130
-413
-633
-571
-147
501
1126
1544
1827
2087
2210
2058
1710
1425
1356
1422
1413
1147
553
-318
-1258
-1962
-2319
-2496
-2656
-2718
-2538
-2141
-1633
-1036
-350
361
1019
1657
2343
3014
3457
3533
3316
2949
2503
2021
1622
1400
1296
1191
1035
863
674
461
22
-956
-2532
-4156
-4971
-4576
-3278
-1848
-1095
-1421
-2578
-3686
-3839
-2842
-1258
234
1340
2030
2320
2388
2429
2448
2344
2215
2282
2487
2427
1750
445
-1265
-2862
-3747
-3654
-3046
-2623
-2674
-3058
-3403
-3269
-2352
-780
936
2298
3125
3502
3569
3402
3107
2819
2619
2519
2451
2271
1748
736
-645
-1984
-2847
-3052
-2738
-2177
-1657
-1425
-1493
-1589
-1377
-771
62
926
1737
2410
2794
2812
2553
2189
1879
1743
1825
2007
2090
1953
1629
1250
909
633
406
217
16
-424
-1370
-2765
-4109
-4717
-4299
-3148
-1926
-1297
-1499
-2277
-2953
-2835
-1744
-152
1206
1968
2214
2148
1930
1674
1467
1319
1240
1274
1368
1283
789
-112
-1178
-2048
-2423
-2228
-1726
-1372
-1491
-2080
-2771
-3062
-2589
-1405
-8
1042
1545
1694
1795
1985
2255
2527
2709
2783
2788
2724
2459
1783
647
-684
-1771
-2331
-2424
-2326
-2294
-2450
-2701
-2773
-2412
-1597
-589
306
930
1305
1514
1627
1709
1819
1940
1997
1962
1842
1663
1422
1184
1031
1051
1295
1691
2041
2119
1892
1311
209
-1429
-3114
-4114
-4060
-3241
-2347
-2049
-2652
-3872
-4933
-4977
-3719
-1652
403
1852
2495
2474
2171
1972
2033
2277
2568
2782
2828
2591
1980
981
-263
-1396
-2027
-2015
-1600
-1218
-1180
-1606
-2331
-2873
-2699
-1657
-236
865
1261
1104
788
639
875
1523
2327
2942
3201
3133
2791
2213
1485
723
102
-246
-340
-388
-622
-1195
-2088
-3018
-3545
-3349
-2514
-1459
-664
-376
-479
-609
-392
291
1258
2165
2739
2912
2758
2397
1959
1577
1357
1329
1473
1710
1894
1865
1581
1149
671
62
-790
-1807
-2695
-3192
-3273
-3095
-2946
-3101
-3651
-4385
-4763
-4304
-2996
-1369
-78
541
572
405
510
1080
1953
2828
3452
3721
3639
3287
2748
2046
1248
523
48
-154
-320
-759
-1595
-2684
-3651
-4058
-3625
-2528
-1370
-742
-758
-1049
-1088
-551
549
1888
2979
3496
3429
3016
2592
2340
2237
2068
1713
1271
866
519
90
-573
-1494
-2414
-2938
-2854
-2296
-1691
-1428
-1651
-2128
-2402
-2112
-1219
-96
798
1226
1315
1367
1586
2033
2557
2964
3144
3133
3046
2918
2719
2378
1864
1291
726
52
-879
-2005
-3030
-3659
-3730
-3344
-2901
-2874
-3435
-4257
-4692
-4240
-2958
-1373
-123
448
381
95
109
701
1759
2893
3708
3995
3826
3470
3169
2965
2740
2394
1950
1471
904
138
-872
-2014
-3001
-3496
-3329
-2726
-2215
-2202
-2671
-3193
-3253
-2591
-1348
2
1033
1566
1698
1705
1866
2331
2977
3462
3462
2879
1976
1141
613
359
178
-130
-630
-1212
-1720
-2106
-2353
-2420
-2314
-2098
-1841
-1515
-1124
-759
-520
-388
-246
45
556
1219
1838
2218
2331
2300
2312
2525
2912
3235
3239
2886
2337
1661
835
-127
-1074
-1779
-2105
-2095
-2017
-2205
-2826
-3751
-4563
-4725
-3970
-2559
-1184
-458
-503
-974
-1324
-1134
-275
982
2115
2709
2710
2391
2112
2090
2332
2685
2940
2908
2541
1953
1327
728
157
-331
-667
-875
-1129
-1601
-2322
-3122
-3711
-3818
-3322
-2371
-1363
-698
-533
-675
-745
-404
432
1478
2278
2507
2194
1609
1056
758
802
1099
1377
1391
1080
561
14
-382
-502
-353
-79
112
44
-352
-969
-1588
-1966
-1963
-1619
-1155
-837
-771
-832
-763
-381
320
1180
1995
2577
2866
2929
2899
2795
2507
1974
1303
718
328
46
-285
-784
-1487
-2293
-2952
-3161
-2812
-2112
-1463
-1263
-1581
-2115
-2340
-1932
-1026
-78
468
471
82
-370
-545
-259
407
1208
1865
2192
2136
1836
1562
1490
1584
1704
1744
1645
1356
840
122
-680
-1369
-1773
-1847
-1691
-1492
-1403
-1460
-1563
-1546
-1262
-686
30
623
881
791
544
401
513
815
1083
1086
745
172
-388
-698
-651
-328
60
302
294
98
-113
-209
-186
-121
-71
-34
8
55
74
56
23
-3
19
177
528
993
1391
1640
1781
1867
1937
1996
1963
1685
1090
335
-294
-610
-669
-715
-996
-1584
-2318
-2888
-3009
-2597
-1844
-1141
-835
-998
-1365
-1544
-1310
-727
-88
272
173
-278
-721
-813
-452
167
746
1069
1087
915
745
732
910
1212
1513
1690
1662
1421
1031
611
268
54
-58
-116
-148
-201
-310
-493
-673
-726
-561
-217
132
276
148
-142
-405
-485
-350
-83
125
117
-148
-587
-1044
-1334
-1310
-979
-530
-217
-174
-339
-513
-455
-65
538
1075
1291
1164
855
566
427
470
666
913
1077
1054
810
483
289
372
667
985
1178
1173
1030
859
668
393
41
-235
-287
-138
37
4
-360
-1001
-1726
-2263
-2380
-2057
-1516
-1105
-1057
-1366
-1795
-2000
-1749
-1053
-193
432
573
270
-188
-469
-382
45
582
925
880
500
55
-151
36
563
1182
1605
1652
1372
994
757
772
972
1199
1304
1175
799
277
-202
-500
-586
-507
-365
-297
-408
-679
-981
-1148
-1102
-857
-535
-314
-308
-493
-704
-780
-657
-404
-176
-90
-172
-359
-513
-491
-216
242
724
1052
1136
1017
835
751
819
998
1174
1196
988
597
172
-139
-279
-284
-236
-221
-261
-320
-329
-247
-84
122
326
481
553
533
423
271
143
107
156
180
100
-128
-471
-852
-1135
-1192
-1017
-712
-440
-338
-434
-637
-804
-828
-677
-392
-117
-30
-203
-527
-792
-842
-613
-176
277
521
468
267
155
282
620
1032
1364
1498
1391
1074
628
196
-73
-115
-16
26
-160
-568
-1001
-1210
-1075
-671
-171
231
420
395
255
170
262
539
884
1138
1169
936
525
141
-56
-74
-9
42
19
-89
-277
-491
-632
-578
-348
-151
-101
-150
-237
-396
-601
-733
-742
-654
-510
-372
-320
-349
-359
-265
-77
167
437
677
798
748
590
432
334
283
219
89
-122
-345
-508
-571
-547
-468
-383
-331
-274
-147
91
394
686
899
1010
1031
989
921
844
750
627
491
365
237
92
-62
-198
-314
-421
-524
-618
-706
-788
-830
-803
-712
-622
-592
-670
-837
-1017
-1090
-983
-734
-426
-148
37
112
128
173
272
401
514
579
561
470
364
255
140
42
6
18
32
45
77
140
248
425
620
725
706
602
464
325
251
306
419
449
330
130
-62
-218
-318
-331
-249
-149
-107
-155
-253
-335
-340
-266
-209
-240
-356
-501
-651
-781
-856
-821
-648
-406
-219
-157
-150
-76
121
385
627
773
836
849
810
726
628
557
497
432
344
225
99
14
11
72
161
261
342
358
283
156
44
-11
-26
-34
-72
-164
-310
-470
-580
-608
-557
-461
-358
-281
-251
-229
-163
-38
99
208
266
260
199
134
92
19
-107
-254
-367
-449
-529
-587
-593
-525
-403
-274
-185
-130
-79
-29
15
75
169
241
248
186
79
-61
-198
-233
-119
90
285
396
434
421
392
347
297
273
296
314
258
141
8
-112
-229
-326
-396
-434
-439
-422
-392
-331
-205
-35
123
229
310
371
398
371
330
329
368
381
321
236
167
107
3
-143
-286
-390
-438
-410
-309
-180
-72
-10
12
-12
-59
-73
-31
39
71
54
22
-5
-39
-106
-175
-205
-180
-86
75
260
393
454
487
527
543
501
409
320
286
270
208
79
-84
-220
-302
-323
-308
-266
-193
-70
99
242
264
172
91
99
126
83
2
-42
-57
-112
-218
-329
-402
-438
-431
-354
-215
-79
6
50
83
94
60
-5
-75
-156
-256
-373
-494
-617
-725
-770
-735
-651
-561
-469
-355
-227
-95
55
239
427
564
640
669
653
575
478
420
403
355
239
92
-33
-113
-145
-140
-122
-115
-134
-156
-155
-121
-79
-74
-125
-207
-278
-311
-272
-143
58
251
394
487
553
604
658
731
816
872
863
763
581
349
115
-67
-191
-279
-380
-518
-662
-762
-787
-734
-614
-453
-292
-171
-93
-49
-24
6
61
126
171
183
170
153
132
98
63
49
56
91
149
215
257
260
235
171
84
-12
-113
-218
-294
-304
-287
-294
-350
-414
-451
-434
-328
-130
98
276
373
411
421
427
411
346
248
168
137
95
-12
-154
-244
-255
-232
-225
-236
-238
-195
-115
-45
-32
-59
-55
-8
40
27
-39
-110
-155
-178
-189
-197
-180
-116
-11
118
235
304
298
233
171
165
195
237
267
267
214
104
-29
-159
-255
-285
-252
-207
-207
-268
-346
-382
-356
-283
-201
-134
-80
3
94
125
93
65
96
146
200
257
304
311
304
294
250
176
109
80
55
10
-42
-91
-140
-193
-236
-248
-230
-192
-158
-144
-149
-166
-155
-86
29
128
162
149
137
147
178
223
270
294
280
246
202
149
86
32
10
-7
-43
-89
-113
-118
-112
-93
-75
-78
-109
-138
-143
-118
-51
39
121
159
144
90
31
-1
-4
11
38
75
100
86
41
2
-19
-15
5
36
47
30
2
-47
-142
-275
-386
-423
-395
-338
-303
-325
-392
-427
-374
-241
-73
80
180
223
271
338
369
346
323
343
368
350
312
298
297
258
175
110
119
162
168
113
40
-27
-96
-177
-265
-347
-399
-401
-371
-336
-300
-233
-138
-40
41
100
166
253
353
428
434
390
338
299
236
138
33
-60
-158
-272
-362
-379
-337
-294
-273
-260
-242
-225
-203
-160
-88
4
124
229
256
202
143
142
169
175
163
150
137
118
100
95
91
74
45
12
-24
-63
-120
-188
-256
-328
-397
-445
-450
-424
-389
-336
-269
-194
-125
-66
-35
-23
-12
16
47
77
116
160
183
170
135
105
106
114
135
178
262
345
380
374
343
322
296
254
215
205
207
168
63
-57
-149
-201
-216
-209
-188
-159
-118
-69
-34
-25
-37
-47
-30
1
25
19
-10
-48
-98
-139
-163
-162
-144
-124
-102
-77
-51
-18
2
4
1
11
29
24
-14
-55
-64
-47
-29
-25
-22
-18
-19
-16
14
68
113
141
164
178
162
114
62
27
3
-21
-47
-76
-115
-160
-200
-223
-212
-186
-157
-135
-113
-91
-65
-26
28
86
133
165
189
216
240
253
258
264
286
315
323
298
259
226
185
126
57
-6
-69
-134
-201
-264
-321
-373
-398
-383
-325
-260
-213
-185
-171
-150
-101
-32
40
105
157
191
208
204
176
130
82
33
-3
-25
-41
-83
-125
-138
-139
-137
-120
-56
23
77
107
129
159
201
241
261
265
268
273
251
187
103
32
-21
-78
-128
-146
-147
-164
-183
-175
-157
-152
-148
-119
-90
-88
-98
-91
-91
-120
-157
-154
-103
-37
17
39
32
5
-13
-1
47
111
144
124
70
39
38
32
-16
-72
-77
-33
14
13
-16
-42
-3
86
144
148
166
247
320
293
198
122
70
4
-104
-217
-310
-373
-416
-443
-453
-450
-401
-284
-134
-30
-4
35
150
287
324
244
139
77
73
108
148
143
95
49
28
15
-3
-15
4
48
95
100
65
41
54
77
49
0
-14
5
7
-30
-69
-86
-77
-37
24
89
143
181
191
166
130
103
78
41
3
-29
-68
-116
-144
-144
-134
-125
-97
-54
-22
-13
-13
-6
2
-4
-17
-20
-14
-16
-38
-68
-93
-102
-86
-54
-20
0
14
30
54
77
87
71
42
3
-40
-78
-94
-79
-65
-70
-93
-111
-98
-49
12
65
105
139
178
206
216
189
115
13
-67
-93
-82
-73
-78
-77
-70
-69
-77
-60
8
92
140
140
131
132
127
88
17
-63
-118
-129
-114
-113
-133
-157
-152
-112
-57
-13
10
28
41
39
15
-29
-88
-139
-143
-96
-48
-52
-109
-153
-127
-27
67
106
128
173
233
253
233
204
167
109
58
50
67
57
-5
-89
-152
-165
-119
-32
54
128
184
221
234
242
265
273
248
195
145
127
106
32
-98
-225
-268
-246
-188
-99
-11
17
-27
-57
-32
1
4
-4
-20
-59
-119
-155
-162
-168
-181
-197
-206
-213
-201
-154
-95
-50
-20
9
34
45
36
35
37
39
16
-30
-70
-70
-51
-84
-158
-206
-190
-156
-120
-68
8
96
174
212
180
106
43
4
-15
-43
-66
-74
-69
-61
-58
-52
-40
-12
17
41
58
78
104
115
122
128
128
112
96
101
126
161
189
208
230
260
281
268
223
186
170
151
93
40
46
83
90
55
16
-18
-54
-93
-130
-163
-189
-205
-223
-226
-206
-180
-174
-174
-151
-111
-82
-78
-101
-134
-130
-71
2
18
-23
-43
-9
53
84
60
12
-16
1
32
25
-38
-121
-161
-131
-66
-21
-21
-50
-54
-21
-2
-25
-71
-84
-61
-14
15
-2
-50
-78
-55
-11
29
56
70
81
91
97
98
89
85
89
105
109
76
21
-18
-15
20
60
74
60
51
82
137
170
171
156
155
159
161
161
158
147
109
60
15
-13
-43
-95
-153
-181
-157
-126
-139
-191
-230
-226
-191
-147
-110
-90
-92
-104
-98
-66
-29
0
26
68
106
119
111
114
124
112
91
91
101
80
24
-34
-68
-71
-59
-46
-46
-57
-73
-88
-114
-146
-157
-125
-51
33
114
166
167
145
138
147
148
145
156
160
135
77
13
-44
-83
-117
-145
-151
-121
-78
-54
-45
-35
-34
-60
-102
-134
-119
-71
-29
-37
-98
-161
-185
-160
-128
-107
-75
-12
50
78
73
59
39
53
111
164
168
132
95
43
-27
-82
-76
-31
9
8
-26
-39
6
66
54
-40
-127
-127
-66
-14
-16
-47
-54
-20
34
78
93
88
112
172
209
202
180
189
212
229
212
136
40
-29
-65
-95
-116
-111
-116
-167
-228
-234
-180
-120
-80
-61
-50
-19
48
123
152
139
112
86
55
17
-9
-10
-1
3
-4
-15
-35
-64
-93
-117
-138
-142
-109
-47
-6
-11
-35
-44
-46
-59
-58
-21
31
63
68
72
74
59
36
38
65
82
63
35
15
-5
-45
-80
-86
-78
-67
-61
-51
-57
-81
-111
-125
-111
-70
-22
18
67
122
157
167
161
150
138
143
161
152
115
104
145
185
164
96
24
-22
-32
-4
22
14
-27
-70
-90
-103
-105
-115
-118
-115
-104
-104
-120
-123
-106
-80
-56
-51
-73
-81
-43
6
9
-15
-6
36
53
19
-14
12
78
113
62
-45
-130
-123
-51
3
-11
-55
-79
-59
-14
24
35
30
58
124
178
181
164
172
188
171
131
113
131
169
191
171
104
29
-11
-8
0
-17
-73
-152
-206
-200
-143
-79
-41
-31
-41
-49
-26
4
8
-10
-14
6
22
28
36
39
26
7
-8
-28
-52
-70
-71
-84
-115
-148
-157
-133
-108
-96
-111
-139
-157
-153
-131
-118
-122
-118
-102
-89
-91
-80
-43
-13
-4
-20
-34
-20
40
115
144
130
113
113
117
119
108
73
21
0
20
49
71
75
70
64
63
56
36
19
24
33
50
70
73
42
4
-2
6
6
1
14
46
82
116
125
104
73
61
43
-2
-47
-65
-79
-117
-165
-191
-186
-148
-83
-33
-12
-21
-34
-19
17
56
64
54
66
99
114
79
1
-68
-86
-53
-7
-7
-58
-113
-136
-126
-117
-101
-70
-33
-6
17
26
1
-28
-22
15
39
38
34
73
147
209
212
172
140
127
131
144
145
102
36
-4
6
28
32
11
-27
-61
-84
-99
-101
-86
-65
-50
-42
-21
15
47
65
83
99
109
109
106
96
63
11
-45
-80
-104
-124
-145
-143
-124
-108
-101
-99
-89
-76
-59
-42
-30
-18
-17
-12
15
52
75
77
70
57
38
51
75
64
18
-15
-7
18
28
22
13
28
71
91
69
18
-25
-61
-96
-118
-122
-111
-105
-106
-98
-60
0
52
79
91
97
99
92
74
47
17
7
10
-6
-33
-51
-51
-63
-80
-77
-60
-49
-48
-48
-37
-26
-29
-45
-49
-28
-16
-24
-35
-37
-28
-12
16
32
29
27
53
94
116
108
107
130
154
152
121
72
3
-50
-66
-58
-51
-47
-34
-26
-31
-49
-70
-82
-76
-69
-71
-50
3
28
-17
-93
-138
-132
-111
-99
-98
-98
-80
-43
0
30
40
46
62
91
119
138
143
131
113
98
93
83
59
36
25
20
14
7
6
13
40
71
78
51
17
-1
-9
-17
-24
-35
-54
-75
-88
-110
-144
-165
-153
-122
-81
-28
32
72
79
62
38
21
24
34
28
7
-19
-41
-54
-61
-63
-74
-81
-66
-34
-7
-9
-17
-2
40
79
84
74
69
60
35
7
-3
3
-2
-16
-25
-10
5
16
36
65
87
93
95
87
68
53
54
47
20
-13
-26
-22
-35
-68
-91
-75
-38
-16
-9
12
43
54
41
28
36
58
65
46
7
-33
-58
-63
-63
-70
-77
-69
-44
-25
-13
28
81
111
96
78
85
90
70
30
-1
-10
-3
-13
-53
-103
-105
-53
-6
-15
-59
-64
-6
41
12
-70
-129
-130
-83
-18
25
21
-15
-39
-32
-14
-17
-44
-57
-38
1
28
36
38
29
23
12
13
27
51
65
50
11
-29
-46
-44
-48
-64
-66
-46
-26
-32
-40
-29
-5
7
-2
0
16
41
51
56
49
17
-25
-44
-20
19
36
19
-8
-21
-9
13
31
42
46
29
-2
-33
-21
13
30
5
-27
-32
-35
-44
-52
-42
-10
25
41
43
50
94
135
144
119
76
20
-30
-51
-57
-64
-53
-5
40
43
29
22
29
42
53
50
42
54
69
62
32
13
13
10
0
-16
-27
-34
-31
-36
-51
-45
-4
37
55
74
104
112
91
59
31
-6
-42
-71
-89
-98
-101
-95
-67
-21
17
24
16
18
29
38
38
41
45
38
11
-26
-51
-63
-69
-85
-94
-81
-76
-93
