-11.6922
-12.3387
-7.1665
2.2082
6.08738
9.6433
0.915135
1.56167
-5.87344
3.50126
0.591869
-0.377927
-1.02446
-4.25711
-1.67099
1.56167
2.53146
-5.55017
-1.02446
-2.96405
-3.93385
-8.1363
-1.34772
3.50126
0.591869
-0.701192
1.88493
0.591869
6.41065
10.9364
-1.34772
-6.1967
-7.1665
3.82452
-2.96405
-2.64078
1.2384
3.50126
3.82452
5.11758
9.32003
-1.02446
-2.64078
-0.701192
10.2898
14.8155
19.6645
0.915135
-4.58038
-10.3992
-6.51997
6.08738
-1.99425
6.08738
-4.58038
-8.78283
0.915135
-1.02446
-2.64078
-9.75262
-4.25711
6.08738
8.99677
6.08738
4.14779
-1.02446
0.915135
4.47105
9.32003
1.56167
-5.22691
-3.61058
6.08738
12.876
-4.25711
-12.662
-15.5714
-4.58038
-0.701192
-1.34772
-5.55017
-3.93385
5.11758
19.6645
12.876
2.2082
-3.61058
4.79432
6.41065
6.41065
9.32003
8.99677
3.17799
-1.67099
3.50126
8.35024
-1.02446
-6.1967
-2.64078
9.32003
16.1086
8.35024
-1.99425
-15.8947
-11.0457
-1.99425
0.915135
0.268604
9.32003
17.4017
9.96656
-1.99425
-3.93385
-2.64078
-5.87344
-8.45956
3.17799
3.50126
5.11758
-3.28731
-13.9551
-24.9461
-19.7738
1.2384
15.1388
10.6131
3.50126
-5.55017
-6.84323
-1.67099
-3.28731
0.591869
-7.81303
1.56167
4.47105
8.02697
0.591869
-12.662
-17.511
-11.3689
4.14779
5.11758
-1.34772
-0.377927
6.73391
6.08738
-1.67099
-11.6922
-6.84323
0.591869
13.1992
15.4621
7.70371
5.76412
-1.02446
-3.28731
-0.377927
5.11758
7.70371
1.88493
4.79432
1.56167
-3.93385
-5.22691
-0.701192
2.2082
-6.51997
-4.25711
0.591869
3.50126
2.85473
-0.701192
-0.701192
-12.3387
-13.6318
-6.1967
-0.377927
-1.67099
-2.64078
-1.99425
1.56167
-3.93385
-1.67099
-2.64078
-5.22691
-1.02446
3.17799
3.50126
-1.67099
3.17799
7.38044
8.35024
-1.99425
3.17799
7.05718
5.76412
-0.377927
-10.7224
-12.0155
-5.55017
-1.99425
0.268604
-1.67099
12.2294
9.32003
-3.61058
-10.0759
-3.93385
8.99677
6.08738
9.6433
11.5829
13.8457
11.9062
9.6433
6.73391
0.268604
-5.87344
-3.61058
4.79432
5.76412
6.73391
3.82452
2.2082
-1.99425
-7.81303
-8.1363
-7.81303
-15.8947
-13.3085
-2.96405
6.08738
4.47105
-4.90364
-2.64078
5.11758
7.38044
6.41065
4.47105
1.88493
9.6433
13.8457
15.7853
4.79432
-9.42936
-9.10609
-5.55017
2.53146
14.8155
13.5225
5.44085
0.915135
3.17799
7.38044
-0.701192
-3.61058
2.85473
5.44085
9.32003
8.99677
-0.701192
-6.1967
-8.78283
-9.10609
-3.93385
3.17799
12.876
5.11758
-11.0457
-12.3387
0.268604
10.2898
7.38044
-5.87344
-9.42936
2.53146
13.8457
16.7551
7.70371
3.82452
-0.701192
-3.93385
-3.28731
-2.64078
1.88493
1.2384
5.44085
1.88493
-0.0546612
5.11758
4.47105
2.2082
-0.701192
9.6433
13.5225
8.99677
7.05718
8.6735
6.08738
1.56167
-1.34772
1.2384
3.82452
6.08738
-1.34772
-12.9853
-15.2481
-12.0155
-9.75262
-7.1665
-4.90364
0.591869
0.915135
2.85473
-6.51997
-18.4808
-13.3085
2.53146
9.32003
-1.34772
-10.7224
-9.75262
-7.1665
-6.1967
-6.1967
-9.42936
-14.2783
-16.5412
-20.4204
-21.3902
-14.9249
-9.10609
-6.84323
-2.96405
1.88493
-5.87344
-18.4808
-21.3902
-8.45956
3.50126
11.2596
9.96656
-3.61058
-8.45956
5.76412
25.4833
32.5951
26.7764
20.6343
23.2204
35.5045
46.1723
42.9396
33.5649
28.716
26.7764
28.716
37.4441
39.707
26.1298
8.35024
-0.0546612
-2.31752
-3.61058
-3.28731
-12.662
-30.1183
-38.2
-40.4628
-47.8979
-61.4751
-63.4147
-57.9192
-54.04
-50.4841
-52.1004
-60.182
-69.2334
-68.9102
-58.2424
-46.2816
-33.9975
-30.1183
-35.2906
-37.5534
-33.6743
-24.2996
-8.45956
13.5225
36.7976
62.6588
88.8433
110.179
112.442
99.8343
97.2482
110.825
140.566
170.953
185.823
188.086
181.62
178.065
165.134
132.484
91.7527
53.2841
32.2719
38.0907
53.6074
46.8188
-0.377927
-67.6171
-125.158
-167.183
-183.993
-189.488
-192.721
-196.277
-194.984
-194.337
-207.914
-238.624
-270.628
-299.398
-311.359
-301.015
-292.933
-300.045
-313.945
-303.924
-266.425
-219.229
-178.174
-144.231
-102.853
-32.0579
62.9821
163.194
253.385
320.625
368.791
407.906
457.043
502.946
543.678
579.237
612.856
642.92
672.014
692.38
656.497
553.376
419.221
307.371
239.162
215.887
213.3
171.276
51.3445
-123.865
-301.661
-459.738
-587.428
-674.709
-703.803
-697.015
-680.852
-679.558
-704.127
-752.94
-810.804
-823.735
-750.03
-597.126
-421.916
-273.537
-167.829
-95.4179
-46.9281
-17.8343
-4.25711
13.1992
41.6466
93.0458
156.729
218.473
259.851
261.79
249.506
244.657
268.579
329.676
400.794
477.732
557.255
623.201
653.911
638.071
623.201
632.576
674.277
746.042
823.625
882.137
895.39
835.263
672.014
442.496
223.322
83.6711
38.4139
55.2237
43.5862
-99.2971
-371.487
-696.045
-982.458
-1158.64
-1207.13
-1165.75
-1099.48
-1034.5
-987.63
-1000.24
-1062.63
-1108.21
-1064.24
-892.267
-597.449
-258.99
10.2898
148.647
191.318
198.107
212.654
265.993
331.292
412.432
490.662
538.829
520.726
402.734
232.05
52.3143
-46.9281
4.79432
161.901
347.132
468.357
499.714
476.115
443.142
450.577
489.692
578.59
733.758
915.756
1058.64
1115.21
1090.97
993.017
824.919
609.624
389.157
214.27
114.705
61.689
-18.4808
-194.984
-486.246
-839.252
-1153.14
-1339.34
-1371.67
-1316.71
-1246.89
-1196.14
-1178.36
-1189.67
-1204.22
-1169.31
-1048.08
-826.967
-504.025
-139.705
152.85
303.168
334.525
326.767
336.465
368.145
395.299
401.764
405.967
425.686
430.858
376.549
253.062
94.9854
-26.2392
-53.3934
36.4743
200.693
369.438
495.834
569.862
609.947
629.666
656.821
732.465
877.288
1085.15
1317.25
1518.65
1603.99
1462.72
1084.5
604.452
203.279
11.9062
21.2809
103.39
63.3053
-248.646
-793.994
-1407.88
-1888.25
-2102.25
-2061.84
-1873.38
-1653.88
-1484.17
-1434.06
-1524.25
-1658.73
-1656.14
-1383.63
-847.333
-182.7
406.613
753.154
840.435
795.501
795.825
938.385
1182.45
1416.17
1521.23
1418.76
1102.93
657.79
236.252
-24.2996
-100.913
-88.3061
-77.9616
-129.684
-247.999
-411.248
-540.554
-520.835
-343.039
-73.1126
204.896
432.151
575.034
641.627
704.017
849.487
1109.39
1434.6
1721.01
1821.87
1630.17
1195.38
676.216
277.307
125.696
159.962
197.137
22.8972
-412.218
-998.945
-1578.56
-1978.44
-2130.05
-2070.25
-1885.34
-1661.64
-1489.98
-1442.79
-1498.71
-1537.18
-1408.2
-1036.44
-469.759
136.363
599.279
845.284
923.514
949.052
1033.1
1159.17
1252.6
1231.91
1064.46
798.088
466.417
162.225
-43.3722
-157.485
-215.673
-292.287
-376.659
-439.049
-451.333
-361.142
-168.153
86.5805
320.301
486.46
606.714
725.353
877.611
1082.24
1349.25
1661.21
1940.18
2007.1
1721.98
1162.41
554.022
127.312
-19.4506
23.5437
34.2115
-240.241
-841.514
-1578.88
-2207.31
-2542.21
-2560.96
-2350.19
-2022.08
-1698.49
-1486.11
-1432.12
-1449.9
-1356.15
-1004.12
-370.84
418.574
1127.49
1537.72
1619.83
1526.73
1465.63
1545.8
1732.97
1884.91
1861.63
1599.46
1072.54
300.582
-525.361
-1119.2
-1352.27
-1314.45
-1223.94
-1270.16
-1510.03
-1805.81
-1897.3
-1651.29
-1104.98
-416.42
200.047
613.503
824.595
923.514
1030.84
1264.56
1697.41
2263.77
2775.5
3053.51
3020.21
2716.99
2181.02
1491.17
806.492
276.66
-30.4416
-233.452
-515.016
-1041.29
-1853.01
-2727.77
-3350.05
-3496.49
-3198.44
-2713.54
-2276.81
-1983.29
-1789.33
-1607.98
-1350.66
-894.53
-189.811
687.854
1553.24
2189.42
2453.85
2367.22
2147.07
2054.62
2179.72
2381.44
2375.3
1968.63
1157.56
106.946
-935.585
-1740.84
-2097.4
-2039.21
-1832.32
-1790.62
-2054.73
-2458.16
-2691.24
-2454.61
-1695.9
-669.537
265.669
865.003
1111.01
1180.19
1282.66
1568.75
2080.8
2737.68
3351.56
3712.65
3705.86
3384.21
2814.94
2028.11
1182.45
460.922
-12.9853
-292.61
-589.691
-1111.76
-1988.46
-3056.85
-3937.75
-4325.99
-4132.03
-3577.96
-2991.23
-2553.53
-2252.57
-1978.76
-1622.85
-1051.96
-176.881
918.989
1990.94
2789.4
3168.92
3149.84
2926.14
2762.25
2801.69
2952.33
2950.07
2574.11
1810.88
753.154
-437.109
-1570.15
-2456.22
-2912.03
-3008.69
-2967.31
-3008.36
-3202.32
-3342.62
-3208.79
-2622.06
-1625.76
-497.883
480.318
1147.86
1577.16
1901.39
2222.72
2626.8
3120.1
3616.31
3948.95
4014.9
3838.07
3520.31
3156.63
2714.4
1983.82
889.895
-331.078
-1313.48
-1832.97
-2039.21
-2267.44
-2820.22
-3711.79
-4570.38
-5000
-4804.1
-4092.59
-3155.12
-2206.02
-1363.59
-686.67
-194.014
240.455
887.955
1867.77
2998.23
3915.01
4320.06
4154.55
3596.27
2973.99
2543.72
2318.4
2098.91
1639.22
869.529
-127.421
-1297.97
-2542.54
-3615.13
-4224.49
-4244.21
-3903.48
-3539.81
-3319.67
-3178.4
-2857.07
-2203.11
-1166.07
126.019
1366.06
2317.11
2926.47
3308.57
3535.82
3663.83
3822.23
4052.72
4232.14
4166.19
3805.43
3236.8
2551.8
1753.34
728.585
-476.225
-1632.22
-2505.68
-3016.12
-3316.43
-3598.64
-4034.08
-4574.91
-4900.43
-4750.44
-4079.99
-3097.91
-2033.72
-984.721
-3.61058
856.275
1532.87
2085.65
2667.21
3327.64
3955.74
4340.11
4313.28
3848.42
3089.07
2282.2
1597.85
1027.93
438.616
-291.64
-1134.72
-1987.17
-2806.64
-3601.55
-4263.6
-4580.72
-4454
-3960.38
-3281.2
-2547.71
-1856.89
-1220.06
-519.219
363.942
1416.82
2446.74
3262.66
3795.4
4068.89
4147.44
4118.02
4064.04
3991.3
3834.84
3505.76
2978.51
2295.45
1487.29
452.84
-833.433
-2114.21
-3063.32
-3513.63
-3613.19
-3640.02
-3833.01
-4283
-4704.21
-4701.3
-4033.44
-2824.75
-1466.06
-246.383
717.918
1430.07
1929.84
2327.78
2820.11
3451.77
4052.08
4373.08
4228.9
3605.32
2643.29
1625.65
825.565
292.177
-148.11
-741.625
-1556.25
-2461.72
-3293.81
-3909.3
-4216.08
-4188.93
-3885.7
-3468.69
-3024.85
-2505.36
-1816.48
-928.15
51.3445
1049.91
1989.97
2745.11
3255.23
3569.76
3793.79
3934.73
3982.25
3956.71
3820.62
3501.56
2973.34
2297.07
1584.27
928.687
354.244
-336.251
-1368.44
-2580.68
-3609.64
-4141.08
-4154.66
-3856.61
-3510.72
-3406.3
-3492.61
-3433.46
-2933.36
-1921.22
-623.957
694.319
1822.19
2586.71
2926.14
2932.93
2898.34
3064.5
3374.51
3573.97
3392.94
2723.46
1638.9
387.864
-670.83
-1330.94
-1672.63
-1944.17
-2323.36
-2785.63
-3247.58
-3636.79
-3822.34
-3641.64
-3060.41
-2273.9
-1515.85
-866.083
-255.758
390.45
1097.11
1851.93
2580.9
3146.93
3447.25
3509.64
3443.69
3320.2
3156.95
2964.61
2733.48
2368.51
1812.49
1136.55
511.998
64.9217
-239.918
-631.715
-1370.7
-2375.41
-3293.16
-3749.61
-3639.05
-3155.45
-2617.21
-2354.07
-2377.67
-2409.35
-2127.79
-1367.47
-253.818
951.639
1983.82
2625.83
2795.87
2582.51
2298.69
2254.72
2466.46
2676.58
2561.82
1972.51
969.741
-204.358
-1196.46
-1767.67
-1946.44
-1964.86
-2058.61
-2285.22
-2622.06
-2972.8
-3178.72
-3051.36
-2466.89
-1620.58
-786.559
-106.086
431.505
899.593
1308.52
1756.89
2273.15
2750.29
3072.26
3148.87
3011.16
2747.38
2448.68
2169.7
1917.23
1625.32
1229
755.74
340.02
114.058
19.6645
-164.92
-756.172
-1738.9
-2708.7
-3220.42
-3092.09
-2543.18
-1930.27
-1649.35
-1823.59
-2140.07
-2175.95
-1651.29
-649.818
522.665
1560.67
2210.11
2351.7
2055.91
1633.41
1495.69
1736.53
2077.9
2156.77
1771.12
948.406
-132.593
-1130.19
-1706.25
-1824.24
-1719.5
-1670.04
-1789.33
-2046.97
-2398.68
-2714.19
-2737.47
-2278.11
-1484.81
-695.398
-83.4571
394.976
782.571
1117.47
1521.56
2028.11
2510.42
2812.03
2888.32
2775.82
2523.03
2220.13
1922.73
1674.46
1448.82
1172.75
828.798
504.886
348.425
318.362
246.274
-231.836
-1244.63
-2398.36
-3129.59
-3067.52
-2456.22
-1737.93
-1339.34
-1520.69
-1996.54
-2273.9
-1925.42
-972.437
216.856
1326.63
2092.77
2340.39
2042.01
1467.89
1142.04
1312.73
1734.59
1965.08
1716.16
993.34
-70.2032
-1171.25
-1885.34
-2052.47
-1896.65
-1773.49
-1815.19
-1939.97
-2135.22
-2336.62
-2373.15
-2035.98
-1345.49
-629.776
-55.6563
423.746
907.351
1345.7
1650.22
1950.85
2285.11
2560.85
2665.91
2581.54
2400.84
2141.9
1841.59
1579.74
1386.75
1191.5
914.786
597.34
435.061
475.469
558.871
280.863
-628.806
-1837.82
-2789.19
-3014.5
-2545.45
-1777.04
-1208.1
-1313.48
-1944.17
-2515.71
-2470.45
-1666.16
-479.78
680.742
1486
1759.48
1549.68
1103.57
857.892
1043.45
1480.5
1821.87
1790.84
1316.28
463.185
-552.192
-1325.44
-1613.47
-1514.55
-1333.2
-1324.8
-1507.76
-1793.85
-2047.62
-2101.28
-1857.54
-1308.63
-649.172
-163.627
167.074
502.623
890.865
1242.25
1544.51
1902.69
2204.29
2306.77
2232.74
2060.12
1862.6
1659.59
1503.78
1411.65
1325.98
1177.28
951.315
731.818
662.639
734.728
789.036
462.538
-491.095
-1755.39
-2736.82
-2940.48
-2410.64
-1642.89
-1208.42
-1536.86
-2364.42
-2980.56
-2810.85
-1806.78
-473.962
693.35
1416.82
1599.14
1345.38
956.488
867.59
1252.6
1832.86
2224.33
2195.24
1675.75
715.008
-417.39
-1192.26
-1327.38
-1077.5
-893.56
-988.277
-1273.07
-1660.35
-2034.69
-2146.54
-1845.25
-1248.83
-690.226
-365.668
-130.977
180.004
560.487
914.14
1266.5
1672.2
1956.02
2003.22
1907.21
1798.27
1696.44
1569.4
1482.76
1448.17
1376.41
1181.16
929.333
781.278
839.142
988.814
987.198
522.989
-547.666
-1845.9
-2751.69
-2829.92
-2208.93
-1469.94
-1198.08
-1690.41
-2593.61
-3160.94
-2871.94
-1752.8
-340.776
805.523
1408.74
1475.97
1240.64
1021.46
1121.68
1603.99
2192.98
2535.64
2422.82
1822.84
848.517
-197.57
-866.406
-967.588
-787.529
-746.474
-1021.25
-1494.83
-2002.36
-2342.44
-2308.17
-1897.62
-1313.16
-860.587
-656.93
-522.128
-262.869
137.01
577.297
1078.04
1611.1
1924.34
1883.29
1660.24
1498.93
1449.47
1491.81
1613.36
1719.72
1669.93
1399.04
1045.71
812.311
816.19
1011.77
1236.44
1117.8
234.636
-1222.64
-2538.01
-3007.39
-2574.86
-1795.47
-1273.07
-1471.88
-2277.78
-3050.39
-3116.01
-2234.79
-863.173
398.208
1240.64
1610.45
1588.15
1343.11
1236.76
1530.93
2054.94
2446.74
2471.96
2073.69
1235.14
83.6711
-889.681
-1246.89
-1117.26
-982.135
-1148.62
-1532.98
-2006.56
-2436.18
-2528.31
-2130.05
-1458.95
-919.745
-700.571
-616.845
-414.481
-14.9249
527.838
1109.39
1644.72
1965.08
1944.71
1752.04
1611.1
1571.01
1558.41
1596.55
1712.28
1747.19
1543.21
1185.36
887.955
799.057
922.545
1166.61
1244.84
625.141
-724.816
-2205.37
-3037.46
-2868.06
-2086.09
-1320.59
-1205.51
-1898.59
-2833.15
-3248.87
-2655.36
-1307.02
122.786
1173.4
1691.27
1755.6
1525.11
1298.5
1403.24
1807.32
2233.71
2432.84
2248.9
1582.98
459.629
-711.562
-1388.48
-1468.33
-1283.74
-1242.36
-1457.33
-1856.24
-2325.3
-2560.32
-2345.34
-1747.3
-1108.53
-726.432
-517.926
-310.713
4.47105
433.767
940.648
1505.72
1924.02
2013.24
1842.56
1624.68
1505.72
1445.91
1468.22
1608.51
1719.39
1625.97
1310.79
982.672
816.19
868.559
1115.21
1397.42
1280.08
329.676
-1201.63
-2534.13
-2978.62
-2514.41
-1689.76
-1159.28
-1422.1
-2354.4
-3251.13
-3347.79
-2417.11
-971.144
335.495
1168.23
1517.35
1492.78
1282.02
1210.25
1486.64
1982.21
2407.3
2551.8
2279.94
1483.73
296.703
-758.758
-1215.21
-1146.68
-989.247
-1066.83
-1393.01
-1897.95
-2400.95
-2571.31
-2251.6
-1637.39
-1088.17
-771.689
-577.73
-327.199
71.7102
585.702
1138.16
1640.19
1938.57
1940.83
1776.29
1653.12
1614.98
1593.97
1609.48
1661.21
1616.27
1385.14
1042.48
800.674
756.386
896.36
1120.38
1247.43
899.916
-199.186
-1686.21
-2800.5
-2981.53
-2383.81
-1595.37
-1211.33
-1613.8
-2575.51
-3355.55
-3220.75
-2070.57
-527.947
732.788
1439.77
1660.56
1557.76
1347.96
1355.4
1729.74
2250.84
2599.32
2603.85
2193.95
1313.7
117.614
-869.638
-1237.19
-1123.73
-988.923
-1143.77
-1565.63
-2131.02
-2612.04
-2644.69
-2146.86
-1465.42
-1051.96
-975.993
-920.068
-648.525
-102.207
615.119
1318.87
1818.31
1957.96
1825.42
1669.93
1657
1743.96
1798.27
1839.33
1845.14
1700.97
1348.93
944.203
706.927
693.026
860.478
1118.12
1289.45
893.128
-329.462
-1907.97
-3017.09
-3116.98
-2432.3
-1548.82
-1117.91
-1563.37
-2584.88
-3357.81
-3124.41
-1871.76
-264.809
1051.85
1793.42
1989.64
1794.07
1483.41
1430.39
1762.06
2259.57
2630.03
2668.5
2224.33
1195.06
-163.95
-1214.89
-1557.55
-1390.74
-1218.44
-1340.64
-1736.31
-2312.05
-2795.01
-2827.33
-2327.57
-1604.42
-1080.08
-809.511
-608.117
-321.38
129.575
720.827
1385.78
1932.1
2160.97
2075.63
1865.19
1736.85
1698.7
1689.01
1722.95
1729.74
1556.47
1182.45
796.148
623.201
669.105
846.254
1062.84
1177.28
864.357
-148.757
-1552.7
-2653.74
-2925.61
-2436.18
-1678.77
-1207.45
-1459.27
-2345.34
-3174.52
-3158.03
-2093.2
-559.304
738.607
1497.31
1743.64
1611.75
1356.04
1341.17
1727.8
2262.48
2602.23
2602.88
2218.84
1379.64
214.27
-802.723
-1262.08
-1264.99
-1217.8
-1387.51
-1767.67
-2278.75
-2744.9
-2837.68
-2412.91
-1761.2
-1304.11
-1114.03
-950.455
-597.772
-18.4808
718.888
1451.73
1958.93
2128.97
2045.25
1934.04
1928.22
1964.11
1935.01
1845.47
1744.29
1563.58
1248.07
887.309
634.839
556.608
639.041
858.861
1102.28
1023.73
200.693
-1225.55
-2561.29
-3108.9
-2715.16
-1841.05
-1113.06
-1118.23
-1944.5
-2940.15
-3238.2
-2416.79
-934.615
463.508
1388.37
1798.59
1799.56
1555.82
1403.56
1602.69
2030.38
2392.43
2526.26
2350.41
1715.19
580.853
-637.534
-1363.91
-1506.47
-1419.19
-1453.78
-1681.36
-2079.62
-2587.15
-2861.92
-2613.33
-1966.15
-1359.06
-1029.01
-766.84
-430.967
-1.67099
529.131
1136.55
1707.11
1999.99
1990.29
1853.87
1748.49
1705.82
1617.24
1502.48
1420.37
1308.2
1075.77
784.834
602.512
575.681
665.549
864.034
1128.14
1311.76
1063.17
106.623
-1261.44
-2354.07
-2607.51
-2066.69
-1236.87
-703.803
-975.993
-1985.87
-2986.38
-3116.33
-2106.45
-577.083
715.978
1444.94
1621.44
1418.11
1098.08
1034.07
1388.69
1903.01
2270.56
2343.3
2050.42
1293.33
139.596
-939.787
-1489.34
-1527.48
-1397.85
-1392.36
-1586.96
-2016.91
-2562.58
-2819.9
-2512.8
-1821.65
-1200.34
-847.98
-603.591
-324.936
36.4743
525.575
1130.4
1692.89
1978.98
1984.15
1911.41
1879.41
1827.04
1664.12
1479.21
1402.27
1366.71
1250.34
1062.84
924.808
887.955
926.101
1071.57
1281.69
1370.91
950.669
-142.938
-1480.29
-2403.86
-2487.26
-1905.38
-1189.99
-910.047
-1446.34
-2503.1
-3267.3
-3040.04
-1842.99
-385.71
715.332
1250.34
1313.37
1125.23
973.621
1121.35
1536.1
1941.48
2158.06
2142.22
1813.79
1058.32
-17.1877
-964.678
-1442.79
-1499.36
-1380.4
-1326.09
-1483.52
-1942.23
-2493.4
-2673.46
-2292.65
-1613.15
-1023.51
-617.492
-300.691
-43.3722
205.542
553.376
1006.92
1431.69
1700.32
1834.48
1891.37
1833.83
1633.41
1350.55
1158.21
1157.56
1254.21
1313.05
1278.46
1178.25
1082.24
1063.17
1174.69
1350.55
1417.79
1077.39
146.708
-1088.81
-2061.19
-2344.38
-2003.01
-1455.4
-1194.2
-1582.12
-2463.98
-3188.1
-3118.27
-2171.1
-900.349
148.001
784.51
1054.44
1061.55
977.5
1059.93
1376.41
1746.22
2018.09
2161.62
2083.07
1552.91
572.448
-435.17
-1021.9
-1154.44
-1075.56
-1007.67
-1124.37
-1562.4
-2206.66
-2593.61
-2399.33
-1779.63
-1179.65
-817.269
-637.857
-577.73
-485.922
-163.627
474.499
1206.05
1709.05
1897.84
1870.36
1753.01
1600.43
1468.54
1483.73
1658.62
1843.85
1851.61
1682.86
1439.12
1182.77
1004.01
1010.15
1214.13
1431.36
1255.18
384.954
-998.621
-2288.45
-2871.62
-2616.56
-1882.43
-1283.09
-1384.92
-2212.81
-3151.25
-3411.47
-2662.14
-1340.96
-72.7894
782.571
1170.49
1215.42
1114.89
1161.76
1438.8
1786.31
2082.42
2306.77
2385.64
2053.33
1183.1
89.4898
-754.233
-1135.04
-1161.87
-1063.27
-1069.09
-1396.56
-2018.85
-2538.01
-2578.1
-2174.98
-1697.84
-1391.71
-1167.04
-906.167
-541.847
-47.2514
533.01
1060.26
1373.82
1541.27
1722.3
1933.72
2055.59
1987.7
1826.39
1708.73
1662.5
1618.21
1507.65
1358.31
1210.25
1108.42
1110.36
1222.53
1346.02
1250.34
636.455
-514.047
-1779.31
-2576.8
-2622.38
-2135.87
-1572.09
-1416.93
-1915.73
-2768.82
-3314.49
-3025.82
-1990.72
-742.918
292.177
952.932
1248.72
1270.7
1241.28
1393.22
1695.15
1984.15
2203.32
2361.4
2317.43
1818.64
898.3
-63.4147
-738.069
-1081.05
-1196.78
-1201.96
-1291.82
-1679.09
-2246.43
-2596.85
-2529.61
-2218.95
-1925.1
-1653.88
-1286.65
-845.717
-374.719
135.07
658.114
1055.41
1248.72
1445.59
1800.53
2160.97
2263.77
2084.68
1854.52
1707.43
1628.23
1588.15
1563.9
1510.56
1397.42
1307.55
1338.59
1418.76
1395.81
1067.04
275.691
-872.225
-1982.64
-2604.6
-2567.1
-2082.85
-1590.84
-1575.65
-2189.53
-3014.5
-3391.43
-2913.32
-1790.62
-556.071
415.988
982.026
1195.38
1223.18
1299.8
1552.59
1839.97
2058.82
2260.86
2455.47
2424.11
1903.66
986.551
27.7462
-707.359
-1113.7
-1204.22
-1130.51
-1215.21
-1678.13
-2297.82
-2666.02
-2635.96
-2376.06
-2079.3
-1751.51
-1392.36
-1039.68
-605.854
7.70371
686.884
1148.83
1318.87
1455.93
1732
2034.9
2205.26
2241.14
2197.18
2030.38
1777.9
1605.93
1594.29
1626.29
1573.92
1480.82
1431.04
1371.24
1229
897.33
191.318
-917.158
-2094.17
-2790.48
-2755.57
-2238.99
-1735.99
-1718.53
-2299.76
-3077.22
-3408.89
-2891.99
-1753.12
-542.817
363.942
912.523
1218.98
1409.06
1597.52
1825.1
1980.27
2051.71
2177.14
2423.79
2549.22
2173.58
1268.76
170.629
-733.867
-1255.62
-1378.46
-1259.82
-1254.65
-1643.54
-2274.55
-2720.98
-2773.02
-2584.88
-2352.46
-2040.51
-1604.1
-1116.94
-604.884
-27.5322
543.678
893.774
1040.54
1292.68
1771.12
2258.92
2506.87
2534.02
2446.09
2231.45
1959.9
1821.55
1876.18
1931.78
1813.79
1616.27
1484.38
1352.49
1118.12
771.256
225.261
-668.244
-1775.75
-2618.5
-2856.43
-2610.1
-2238.02
-2045.68
-2230.59
-2739.41
-3202.64
-3105.34
-2316.57
-1198.4
-177.204
586.349
1104.54
1391.6
1543.86
1723.92
1927.9
2044.6
2114.42
2289.96
2519.48
2439.63
1825.75
845.284
-158.455
-937.524
-1353.57
-1363.26
-1212.62
-1341.28
-1878.55
-2466.25
-2739.73
-2697.38
-2535.1
-2292.01
-1942.88
-1569.51
-1193.23
-671.477
33.2417
652.618
966.186
1165.96
1533.84
2023.91
2398.9
2594.47
2677.55
2599.65
2346.85
2127.35
2102.14
2126.38
1967.98
1682.22
1483.09
1378.03
1238.37
1057.99
793.562
168.69
-970.821
-2233.5
-2991.23
-3025.5
-2602.02
-2089.32
-1832.32
-2101.28
-2797.27
-3348.11
-3164.5
-2272.93
-1150.23
-154.576
650.679
1215.75
1479.21
1573.6
1694.83
1818.64
1850.64
1920.46
2221.42
2572.81
2531.44
1931.78
1023.73
107.593
-665.981
-1137.3
-1222.32
-1172.21
-1385.89
-1864
-2246.1
-2357.95
-2382.84
-2470.13
-2503.42
-2369.91
-2079.3
-1580.18
-792.378
104.36
712.099
918.019
1025.34
1304.97
1706.79
2092.77
2459.02
2762.57
2851.47
2690.16
2475.19
2325.84
2123.48
1815.08
1595.58
1602.37
1670.26
1570.37
1297.86
878.581
143.475
-954.011
-2068.63
-2752.98
-2918.17
-2756.86
-2450.41
-2187.91
-2250.3
-2711.28
-3206.52
-3238.53
-2695.12
-1825.21
-846.363
149.94
983.642
1467.25
1667.02
1805.06
1920.46
1935.98
1964.11
2197.5
2559.56
2697.92
2383.38
1705.82
831.384
-102.853
-893.883
-1306.05
-1376.84
-1416.6
-1614.12
-1862.39
-2060.87
-2293.3
-2615.27
-2876.15
-2883.58
-2603.31
-2051.17
-1234.28
-290.993
461.568
820.716
932.243
1080.3
1376.09
1771.44
2214.96
2649.43
2927.44
2945.54
2770.33
2547.6
2293.51
1971.54
1661.53
1507.98
1518.65
1537.72
1445.91
1230.29
809.725
12.876
-1125.99
-2245.13
-2934.98
-3062.02
-2739.08
-2223.15
-1890.83
-2076.06
-2692.53
-3246.61
-3261.16
-2696.09
-1800.32
-789.469
193.258
973.621
1446.56
1696.44
1837.06
1846.44
1727.8
1692.24
1935.66
2339.42
2552.77
2364.95
1809.26
986.551
42.2931
-736.13
-1087.84
-1103.68
-1123.08
-1297.32
-1507.76
-1693.64
-1948.05
-2304.29
-2601.37
-2703.52
-2581.65
-2163.67
-1376.52
-404.136
327.09
601.542
627.727
704.341
928.04
1288.16
1787.6
2338.12
2706.97
2772.59
2637.47
2444.8
2185.54
1840.62
1555.82
1490.85
1598.82
1699.35
1686.74
1541.27
1189.24
489.369
-512.754
-1545.59
-2312.05
-2677.02
-2640.49
-2314.63
-1993.31
-2022.73
-2448.47
-2973.45
-3210.4
-3006.75
-2422.93
-1585.35
-643.999
214.594
844.638
1248.72
1498.93
1585.89
1492.46
1377.38
1497.63
1893.63
2311.29
2463.87
2273.15
1768.21
1032.45
280.863
-221.491
-437.109
-580.639
-804.662
-1039.35
-1208.42
-1377.81
-1630.28
-1927.69
-2191.15
-2388.66
-2434.57
-2170.78
-1588.58
-919.098
-407.369
-70.5265
192.288
402.411
556.932
742.486
1060.26
1466.28
1832.54
2130.26
2375.95
2501.05
2406.66
2160.65
1943.74
1856.46
1873.27
1967.98
2099.88
2158.06
1948.27
1317.9
308.017
-842.484
-1820.36
-2410.97
-2546.09
-2337.26
-2069.6
-2061.19
-2394.16
-2863.54
-3175.17
-3199.74
-2926.25
-2356.98
-1542.68
-651.434
130.868
749.274
1187.62
1372.53
1298.83
1179.86
1290.74
1681.9
2159.36
2514.63
2642.32
2458.06
1928.87
1207.02
574.065
142.505
-194.014
-502.409
-698.631
-772.659
-880.63
-1151.85
-1546.56
-1987.17
-2438.45
-2775.29
-2773.99
-2354.4
-1734.05
-1189.02
-783.65
-454.889
-220.198
-90.2457
72.68
423.1
926.424
1446.23
1959.26
2458.7
2795.22
2799.75
2552.45
2327.78
2277.03
2350.08
2446.74
2533.7
2530.79
2340.71
1895.57
1185.68
223.322
-880.953
-1858.18
-2427.45
-2505.04
-2284.89
-2092.55
-2170.78
-2541.24
-3027.11
-3356.52
-3354.9
-3000.93
-2389.63
-1632.87
-836.342
-83.7804
570.832
1040.86
1231.26
1165.64
1065.43
1179.86
1574.89
2099.55
2536.61
2711.17
2520.12
1999.99
1346.35
791.622
407.583
117.291
-130.977
-316.531
-466.203
-664.042
-970.174
-1349.36
-1770.58
-2200.85
-2527.34
-2600.4
-2402.24
-2084.79
-1748.27
-1366.17
-927.503
-519.865
-221.168
15.1388
263.73
543.354
892.481
1376.41
1967.34
2466.14
2698.24
2703.74
2622.92
2528.85
2449.33
2427.99
2474.54
2497.17
2411.18
2189.74
1750.43
978.47
-91.862
-1170.92
-1932.86
-2262.91
-2281.66
-2196.64
-2230.59
-2492.75
-2912.35
-3239.82
-3294.45
-3105.66
-2783.37
-2339.53
-1715.3
-937.201
-120.956
593.137
1057.02
1175.01
1056.05
999.805
1245.49
1748.49
2271.21
2616.78
2689.84
2475.83
2044.28
1546.77
1078.04
615.766
148.971
-211.47
-381.831
-448.747
-594.863
-920.714
-1396.56
-1944.17
-2435.21
-2696.41
-2652.77
-2403.21
-2104.19
-1787.07
-1405.29
-987.63
-611.996
-304.247
-27.5322
244.334
540.122
956.164
1551.94
2211.4
2704.38
2925.82
2944.89
2849.21
2683.37
2533.05
2466.78
2454.18
2395.02
2258.92
2044.28
1616.27
803.906
-341.1
-1482.55
-2279.72
-2625.62
-2621.09
-2470.45
-2421.96
-2617.21
-2972.48
-3217.84
-3174.52
-2887.46
-2485.32
-1998.8
-1386.86
-653.051
132.161
873.408
1408.74
1603.66
1520.26
1425.87
1566.17
1942.12
2367.22
2643.61
2656.54
2375.62
1874.24
1316.28
824.272
365.882
-124.189
-591.307
-922.977
-1092.69
-1205.51
-1391.71
-1712.07
-2135.87
-2536.07
-2749.1
-2689.95
-2424.22
-2097.4
-1765.41
-1355.18
-820.825
-226.34
286.682
614.473
759.942
849.81
1083.53
1565.84
2192.01
2720.22
2966.87
2923.23
2693.07
2416.35
2200.09
2079.19
1993.52
1876.18
1726.51
1581.04
1380.93
938.061
130.545
-941.403
-1965.51
-2624.97
-2782.72
-2547.06
-2222.18
-2119.38
-2317.22
-2640.49
-2806.64
-2690.59
-2367
-1958.4
-1492.57
-919.745
-219.552
561.457
1293.98
1765.3
1826.07
1574.89
1345.38
1413.26
1756.57
2144.16
2355.9
2270.24
1871.01
1281.37
714.685
274.721
-128.068
-586.458
-1025.78
-1309.6
-1411.43
-1442.14
-1513.91
-1679.09
-1941.91
-2219.92
-2333.71
-2153.97
-1767.99
-1383.63
-1072.65
-755.526
-377.629
19.9878
380.429
665.225
836.879
909.614
1024.05
1351.52
1865.83
2323.58
2492.97
2358.17
2064.96
1772.09
1601.73
1590.09
1657.33
1657.97
1540.63
1367.36
1208.63
989.784
545.941
-179.79
-1049.05
-1811.96
-2239.64
-2243.52
-1952.58
-1672.95
-1681.36
-1982.96
-2335.32
-2453.96
-2247.72
-1828.44
-1350.66
-879.013
-389.589
167.074
786.45
1339.56
1619.83
1516.38
1179.54
929.98
986.551
1294.95
1614.98
1734.59
1553.56
1116.18
581.823
132.807
-180.76
-454.566
-765.224
-1056.49
-1220.06
-1229.76
-1188.7
-1217.47
-1361.65
-1594.72
-1811.31
-1850.43
-1623.17
-1221.03
-857.031
-623.31
-455.536
-256.404
4.14779
307.047
617.705
875.994
1046.68
1196.03
1427.49
1725.86
1942.12
1946.65
1765.3
1524.14
1353.78
1326.3
1420.7
1534.49
1520.59
1329.54
1066.07
879.227
812.958
731.172
439.586
-130.331
-845.717
-1454.43
-1757.33
-1727.58
-1509.38
-1361
-1440.2
-1680.06
-1874.02
-1868.53
-1693.64
-1460.89
-1212.95
-918.452
-519.219
-4.25711
560.811
1007.56
1126.53
920.282
640.657
559.194
735.051
1018.88
1247.43
1306.58
1135.58
778.692
394.976
105.33
-148.433
-493.681
-880.306
-1131.81
-1165.1
-1068.12
-976.639
-974.7
-1130.51
-1420.48
-1658.08
-1602.16
-1232.02
-784.943
-474.931
-277.74
-88.6294
118.26
328.06
566.306
804.553
923.514
909.291
931.273
1116.18
1358.63
1479.85
1444.94
1330.51
1183.1
1054.44
1039.89
1158.85
1289.77
1310.46
1259.71
1271.99
1365.74
1450.76
1404.21
1113.59
507.472
-326.876
-1088.49
-1497.1
-1528.78
-1399.79
-1342.9
-1470.59
-1754.74
-2080.91
-2269.05
-2226.06
-2023.7
-1757.97
-1416.28
-920.714
-307.803
266.963
655.851
769.64
627.403
389.48
299.289
521.372
956.488
1335.68
1464.66
1315.64
955.518
483.874
54.2539
-235.392
-436.463
-629.129
-779.124
-803.369
-726.109
-686.347
-785.589
-1015.43
-1284.39
-1451.84
-1382.66
-1046.79
-593.893
-231.189
-42.0792
31.3021
76.5592
145.738
264.053
428.918
605.745
762.205
936.122
1175.66
1431.04
1566.17
1506.36
1321.13
1126.85
1018.55
1064.46
1259.71
1494.72
1620.8
1577.8
1427.16
1252.6
1094.2
966.509
885.369
774.489
457.689
-138.736
-864.79
-1471.56
-1821.98
-1934.15
-1905.06
-1894.71
-2027.25
-2278.75
-2457.84
-2381.87
-2079.3
-1704.96
-1342.9
-979.549
-604.884
-234.422
157.699
551.113
824.272
904.442
891.511
945.497
1086.12
1206.69
1233.2
1174.37
1025.67
779.338
489.046
231.403
-12.0155
-311.036
-616.522
-794.641
-819.532
-788.822
-808.865
-893.56
-1038.06
-1219.73
-1317.68
-1192.26
-839.252
-428.058
-102.207
128.605
306.078
449.284
590.874
782.248
1013.06
1201.2
1300.44
1362.83
1427.49
1448.5
1377.7
1250.98
1126.85
999.805
858.538
746.365
704.664
703.047
682.359
641.95
605.745
553.052
451.87
331.939
287.005
312.866
242.394
-87.3363
-649.172
-1251.09
-1714.65
-1937.71
-1891.8
-1697.52
-1587.61
-1688.15
-1897.3
-1983.29
-1853.01
-1585.02
-1258.53
-889.681
-488.832
-101.883
269.225
650.679
950.669
1024.7
889.895
755.74
802.613
1006.27
1225.44
1361.54
1326.3
1044.42
581.176
157.699
-80.871
-228.927
-421.916
-622.664
-735.483
-775.245
-811.451
-837.635
-827.291
-836.989
-899.056
-886.772
-648.525
-238.301
158.992
438.293
614.796
687.207
664.902
647.769
748.305
929.333
1049.26
1058.64
1034.07
1007.24
896.683
674.923
434.737
255.002
118.907
26.1298
35.5045
145.415
235.283
230.757
174.832
139.273
128.928
154.143
268.256
478.055
711.452
809.725
623.847
125.696
-546.373
-1154.44
-1491.28
-1472.53
-1194.2
-933.968
-923.947
-1174.15
-1501.95
-1682
-1640.63
-1407.55
-1042.26
-594.863
-127.421
297.026
672.984
947.759
983.642
751.537
456.073
370.084
565.013
896.683
1186.98
1314.02
1156.91
702.724
132.484
-284.528
-474.608
-579.023
-643.676
-601.975
-457.475
-344.332
-358.879
-453.273
-596.479
-772.982
-847.333
-624.927
-103.176
450.254
797.441
927.394
886.985
690.763
421.483
252.092
266.639
352.305
404.674
441.203
468.68
387.217
105.33
-282.265
-601.651
-776.861
-791.408
-623.634
-310.713
-13.9551
118.584
125.049
148.971
249.829
406.29
640.011
987.521
1396.45
1751.4
2024.56
2138.02
1862.6
1092.58
68.8009
-752.94
-1103.04
-1035.15
-778.478
-657.576
-940.434
-1621.23
-2361.51
-2716.45
-2578.74
-2166.58
-1697.2
-1231.37
-773.629
-354.03
30.6555
366.852
538.182
480.318
371.701
497.774
956.164
1522.53
1890.08
1909.47
1577.8
1041.18
540.768
293.47
278.6
273.428
153.82
-19.4506
-154.899
-279.356
-474.285
-746.798
-1043.56
-1277.28
-1292.79
-991.186
-494.004
-106.409
-35.6139
-194.984
-378.922
-456.505
-403.813
-254.465
-64.3845
64.2751
104.037
163.841
306.724
418.897
354.244
160.608
30.3323
65.5682
244.334
497.127
717.271
792.915
704.664
583.763
587.318
722.443
876.641
970.065
1011.12
1064.78
1163.7
1321.13
1478.88
1534.16
1396.77
947.113
204.896
-629.776
-1273.07
-1564.01
-1563.37
-1416.28
-1329.32
-1504.53
-1939.65
-2408.06
-2585.85
-2361.51
-1888.89
-1329.65
-743.242
-163.95
321.594
664.256
916.726
1069.31
1073.19
1023.08
1125.23
1445.26
1773.06
1854.52
1629.53
1167.26
572.772
13.8457
-316.855
-389.589
-418.037
-560.274
-749.707
-892.267
-1037.09
-1269.84
-1515.52
-1631.25
-1579.85
-1351.3
-895.176
-279.033
219.443
362.649
250.476
162.225
219.119
384.954
624.817
875.348
994.956
894.744
729.879
682.035
689.47
572.448
319.978
100.481
1.88493
-13.9551
47.4653
177.095
251.123
150.91
-69.2334
-210.177
-205.328
-142.615
-53.7167
105.33
350.042
594.43
782.894
940.324
1045.39
1070.28
1074.8
1186.65
1388.05
1369.94
883.753
41.6466
-766.84
-1209.71
-1226.2
-970.174
-781.387
-1003.47
-1646.45
-2316.25
-2533.49
-2182.74
-1560.46
-979.225
-542.171
-226.987
8.6735
230.757
484.197
644.86
605.421
540.445
732.465
1202.17
1626.94
1689.01
1333.09
698.199
22.2506
-413.188
-447.454
-231.513
-137.766
-345.302
-682.791
-946.252
-1090.43
-1170.28
-1194.2
-1144.41
-1036.44
-790.438
-312.976
276.66
658.114
629.99
369.438
192.611
239.485
502.3
856.599
1100.02
1026.96
638.394
227.847
11.2596
-50.8073
-109.318
-207.591
-261.576
-260.93
-223.754
-161.364
-150.05
-269.335
-468.143
-526.007
-296.489
95.6319
420.514
556.285
540.768
478.701
490.016
675.57
1001.74
1307.55
1462.4
1506.69
1584.27
1741.05
1904.95
1827.04
1267.47
284.742
-717.38
-1260.14
-1243.01
-938.817
-759.082
-1037.41
-1778.01
-2620.44
-3042.95
-2783.37
-2076.06
-1329
-746.151
-329.785
-58.2424
99.5111
254.032
462.215
627.08
748.628
995.603
1426.52
1780.49
1731.35
1281.69
678.479
125.696
-225.371
-247.353
-18.4808
84.9641
-199.186
-670.184
-999.268
-1146.68
-1249.48
-1305.08
-1212.95
-1017.05
-790.438
-463.94
-43.3722
227.847
143.798
-89.9224
-90.2457
206.512
583.439
861.771
961.983
804.23
428.918
135.394
159.962
351.658
384.308
187.439
-40.1396
-164.597
-208.561
-176.234
-85.72
-48.5445
-135.18
-204.358
-53.7167
242.071
426.332
411.462
338.081
362.003
530.747
843.991
1230.62
1493.11
1496.99
1364.77
1313.7
1426.19
1595.26
1704.52
1692.89
1360.25
572.125
-461.031
-1301.2
-1666.49
-1667.46
-1513.26
-1433.09
-1674.89
-2241.9
-2801.47
-2932.39
-2545.45
-1895.04
-1210.04
-573.527
-75.3755
190.995
284.096
392.066
551.759
672.014
830.737
1164.99
1576.51
1729.42
1462.72
945.173
381.075
-113.521
-397.025
-363.082
-158.131
-127.744
-367.284
-676.003
-935.908
-1163.49
-1315.1
-1254.65
-1000.56
-700.247
-380.538
-10.3992
278.923
305.754
139.596
97.8947
329.029
670.398
954.548
1149.48
1212.19
1045.71
692.38
381.398
230.11
135.717
59.1029
94.9854
256.941
304.785
77.529
-274.184
-558.334
-705.096
-661.456
-376.336
15.1388
206.835
107.269
-94.7714
-202.742
-168.799
-18.1575
250.476
569.862
820.716
968.125
1070.92
1162.41
1216.72
1250.66
1360.25
1582.01
1809.26
1932.43
1871.33
1383.2
340.344
-940.11
-1831.35
-1996.22
-1670.69
-1265.32
-1174.8
-1645.8
-2528.96
-3267.3
-3280.23
-2546.74
-1553.02
-714.794
-127.421
212.654
292.824
245.95
318.362
538.829
783.217
1116.83
1635.99
2111.84
2111.19
1540.3
758.972
124.403
-211.147
-182.053
155.759
432.798
219.443
-404.136
-977.609
-1269.84
-1389.45
-1397.21
-1197.43
-841.191
-524.068
-269.981
-29.4718
74.9429
-102.207
-352.737
-234.422
314.806
921.898
1298.83
1388.69
1198.29
769.317
361.356
270.518
411.139
497.451
435.061
318.685
179.034
-93.8016
-507.258
-903.905
-1197.43
-1361.33
-1307.34
-948.838
-451.333
-189.165
-227.31
-306.51
-232.482
1.88493
379.136
864.68
1240.96
1326.3
1233.2
1166.93
1163.05
1142.04
1098.4
1117.47
1227.71
1356.04
1436.86
1442.68
1373.82
1207.34
1026.31
920.928
639.041
-74.0824
-1064.89
-1832.97
-2105.81
-2045.68
-1853.98
-1767.35
-2007.86
-2492.11
-2786.28
-2488.55
-1734.05
-959.506
-362.435
118.907
501.653
725.676
864.034
1042.48
1169.2
1139.46
1140.1
1336.97
1515.74
1299.47
704.017
76.236
-385.064
-660.486
-704.127
-554.131
-516.956
-857.354
-1343.55
-1570.15
-1515.85
-1414.99
-1318.65
-1108.21
-837.312
-615.229
-361.465
-19.1273
233.343
268.902
305.754
631.929
1127.82
1480.82
1601.73
1563.9
1386.11
1110.36
949.052
1012.41
1080.62
921.575
590.228
265.993
-25.9159
-387.973
-724.492
-885.802
-925.563
-951.748
-931.705
-787.852
-671.477
-700.571
-701.864
-502.409
-177.527
119.23
383.015
628.05
748.628
696.582
607.038
631.929
754.77
878.581
1016.61
1215.42
1398.07
1450.44
1402.92
1359.28
1306.26
1208.31
1131.7
1129.43
1113.59
763.821
-54.04
-1093.34
-1950.96
-2333.06
-2269.38
-1954.52
-1728.88
-1912.82
-2399.65
-2754.28
-2608.48
-1992.34
-1230.4
-558.98
-47.8979
263.083
370.731
368.468
378.812
416.634
474.176
687.854
1084.5
1381.58
1248.07
713.069
124.726
-260.283
-383.771
-254.788
25.16
187.116
9.32003
-349.828
-558.334
-559.627
-499.823
-416.097
-237.655
-10.7224
155.113
306.724
466.741
486.783
320.948
199.723
379.459
738.93
956.488
945.497
791.299
568.246
341.96
233.666
295.733
343.253
237.222
80.4384
-5.55017
-85.0735
-292.287
-556.718
-711.885
-745.181
-679.235
-471.699
-183.346
-39.493
-142.291
-254.141
-152.313
85.6107
294.117
446.052
558.548
558.548
411.785
245.627
155.759
96.9249
35.1813
68.1543
256.618
461.892
537.859
515.554
494.541
509.735
570.185
720.181
931.596
1087.09
1128.14
1113.27
867.913
171.599
-795.934
-1530.39
-1688.79
-1439.88
-1087.84
-914.249
-1188.7
-1848.49
-2419.7
-2377.02
-1710.77
-893.237
-267.072
147.678
362.972
338.081
206.835
216.856
387.864
582.146
864.357
1300.44
1599.46
1392.57
759.619
132.807
-228.603
-316.531
-158.778
129.575
220.412
-119.016
-638.827
-939.464
-997.328
-1000.24
-931.382
-677.296
-370.517
-203.389
-90.569
61.3658
120.523
42.2931
85.2874
453.163
919.312
1150.12
1146.89
1045.39
864.034
631.929
523.312
615.766
682.682
547.88
353.921
233.989
89.1666
-205.328
-559.627
-783.973
-892.59
-923.301
-853.152
-731.281
-739.686
-952.071
-1086.23
-922.007
-592.6
-292.61
-41.4326
184.53
286.035
299.289
411.139
614.796
743.456
749.921
769.963
862.417
916.726
886.662
835.586
831.707
864.034
904.765
980.086
1056.05
1033.42
907.674
798.734
781.924
784.834
758.649
604.452
78.4988
-805.955
-1650.32
-2014.32
-1892.45
-1587.61
-1345.16
-1373.61
-1722.74
-2125.2
-2185.65
-1761.53
-1100.45
-481.72
62.0123
518.463
742.809
678.479
515.877
471.913
548.85
741.516
1082.24
1367.68
1248.07
690.763
79.7919
-287.438
-435.493
-440.989
-315.238
-201.772
-307.803
-578.7
-749.707
-784.62
-833.756
-860.91
-684.731
-350.151
-105.439
14.4923
129.898
210.068
185.823
211.361
473.852
838.172
1015.32
993.663
940.001
865.973
720.504
593.461
585.056
576.004
422.453
240.132
171.276
126.989
-21.3902
-215.026
-329.139
-395.408
-473.962
-512.754
-533.766
-653.051
-867.052
-980.195
-859.617
-639.797
-476.871
-374.719
-300.045
-274.184
-273.537
-149.727
110.502
336.141
462.861
580.53
706.927
718.564
610.27
529.454
532.04
582.146
677.833
817.807
913.17
862.417
712.422
615.443
637.101
723.413
799.057
870.499
935.152
967.802
827.828
318.362
-478.164
-1207.77
-1471.88
-1282.45
-945.283
-754.556
-922.654
-1387.51
-1832
-1889.22
-1492.57
-920.714
-430.967
-66.6473
180.651
247.567
121.493
-42.4024
-72.4661
56.1935
353.921
779.661
1061.87
885.369
309.31
-225.371
-431.614
-361.465
-140.029
115.028
205.542
-13.3085
-387.003
-639.797
-739.686
-776.215
-696.368
-431.291
-119.016
27.0996
36.7976
33.5649
0.268604
-43.6955
78.4988
446.698
810.372
912.2
823.302
707.573
557.901
377.519
309.634
405.32
491.309
445.405
369.438
300.905
122.14
-165.567
-373.103
-378.598
-308.773
-281.619
-269.981
-276.77
-383.771
-576.76
-693.782
-678.589
-688.61
-741.302
-679.558
-477.518
-293.58
-214.703
-133.563
-49.191
-0.701192
119.23
396.915
725.353
906.058
937.738
934.182
899.27
805.523
691.41
646.153
668.458
677.833
685.591
734.404
781.278
746.365
682.359
704.341
796.148
862.417
911.554
975.56
1018.88
903.472
454.78
-265.779
-1005.09
-1424.04
-1426.3
-1214.89
-1064.89
-1222
-1661.96
-2103.22
-2241.25
-1979.41
-1490.63
-974.376
-520.189
-191.428
-51.1306
-99.6204
-209.207
-209.531
-30.1183
334.525
781.924
1059.29
941.941
479.348
-3.28731
-258.667
-291.963
-172.032
27.0996
169.983
116.644
-100.913
-312.329
-472.992
-583.872
-537.968
-257.374
122.786
349.072
358.123
246.597
76.8825
-44.6653
45.5258
386.894
763.821
924.484
863.71
693.026
451.224
202.309
93.369
191.965
366.205
450.901
444.112
362.326
151.557
-147.787
-356.293
-355.647
-237.008
-142.938
-89.2759
-100.913
-229.25
-413.834
-517.603
-483.983
-424.179
-420.623
-405.106
-361.465
-345.302
-364.698
-327.522
-212.117
-124.512
-33.351
156.083
385.601
535.919
605.745
686.884
749.274
748.305
743.456
764.791
771.256
716.301
632.576
582.146
533.656
439.586
334.202
296.38
337.434
383.015
417.604
449.284
444.435
408.876
421.807
492.278
362.649
-137.766
-800.46
-1256.59
-1352.6
-1238.16
-1083.96
-1061.01
-1287.3
-1641.92
-1843.31
-1730.17
-1408.2
-1037.41
-636.887
-232.482
56.84
147.031
99.8343
59.4262
109.532
306.724
673.954
1056.38
1194.41
992.37
638.394
350.365
173.216
115.998
193.905
329.676
373.963
275.367
109.209
-107.702
-388.62
-597.449
-575.79
-365.991
-168.476
-93.1551
-98.3273
-166.536
-280.649
-321.704
-187.549
69.1241
292.824
426.656
508.765
529.131
453.81
345.516
311.25
376.873
472.883
544.971
572.125
485.167
276.984
49.4049
-81.5175
-127.421
-174.941
-217.936
-228.28
-237.331
-287.438
-378.922
-462.971
-515.986
-510.814
-417.067
-306.51
-292.933
-399.934
-521.158
-528.27
-417.067
-234.422
-45.6351
89.1666
164.811
230.11
348.749
501.976
626.434
704.017
754.447
784.187
774.166
704.664
596.693
484.197
412.755
394.006
391.096
353.921
277.63
214.27
198.754
219.443
249.183
278.923
317.715
361.679
422.776
410.492
147.031
-372.133
-924.594
-1206.8
-1159.61
-934.292
-728.372
-717.057
-911.986
-1151.85
-1232.99
-1066.51
-742.272
-372.78
-10.3992
280.216
416.958
369.761
224.615
118.26
137.98
318.685
596.047
773.843
690.763
385.601
48.4351
-196.6
-326.876
-331.725
-235.392
-130.331
-109.965
-176.558
-301.661
-489.155
-658.869
-648.525
-419.007
-131.3
41.6466
100.804
92.3992
26.7764
-7.81303
91.1062
299.612
484.197
594.754
676.216
693.35
590.874
426.332
319.332
294.763
311.573
367.498
447.668
443.789
268.256
10.6131
-193.691
-313.299
-377.952
-367.931
-280.649
-211.793
-245.736
-353.06
-470.082
-562.536
-579.346
-471.699
-271.921
-112.228
-67.6171
-123.542
-230.22
-338.19
-374.719
-256.081
-28.1787
167.397
238.838
233.989
219.443
193.258
183.237
244.657
348.749
404.027
395.299
371.377
310.603
179.034
51.0213
20.3111
83.6711
179.358
278.6
365.558
416.958
447.668
502.946
608.654
736.021
851.75
948.729
1026.31
1040.21
847.224
408.553
-112.228
-472.992
-559.627
-477.841
-391.529
-457.475
-732.251
-1081.05
-1301.84
-1289.24
-1095.6
-816.623
-513.723
-272.567
-173.002
-227.31
-370.517
-492.065
-487.216
-277.74
92.076
425.363
517.816
339.051
46.1723
-199.186
-331.725
-320.411
-172.678
14.4923
114.381
89.8131
-26.2392
-227.31
-478.164
-623.957
-549.929
-332.371
-129.038
-1.02446
47.1421
-4.58038
-113.198
-124.512
26.1298
244.657
445.728
618.352
733.434
715.008
592.491
495.188
472.559
495.834
563.397
680.096
754.77
676.54
493.248
319.655
181.944
51.9911
-29.4718
-13.3085
24.1902
-29.7951
-171.385
-328.816
-474.285
-593.57
-632.038
-563.829
-459.091
-391.529
-364.698
-394.438
-521.805
-679.235
-724.169
-573.851
-306.833
-34.3208
175.802
238.838
160.931
41.9698
37.1209
182.59
379.136
548.203
646.153
644.86
518.14
304.785
126.665
42.6164
64.5984
181.944
338.081
436.03
399.825
296.38
225.908
223.645
293.147
436.677
619.645
764.791
817.16
783.541
601.219
205.865
-288.084
-648.525
-727.078
-627.513
-521.158
-523.745
-709.945
-1026.1
-1299.9
-1375.23
-1249.48
-1010.26
-697.661
-357.909
-107.055
-36.2604
-119.34
-233.776
-253.171
-77.6383
303.492
727.616
947.759
860.801
586.672
307.371
127.312
98.5413
221.059
394.329
491.955
455.426
296.38
27.4229
-286.468
-479.457
-444.545
-256.404
-80.871
0.915135
-14.6016
-140.675
-331.725
-442.282
-382.478
-213.41
-23.9763
155.436
277.63
253.709
98.8645
-39.1698
-58.5657
39.0604
214.27
401.118
494.218
429.242
265.993
122.463
37.4441
-2.64078
11.2596
80.1151
141.859
118.584
11.9062
-123.219
-257.051
-351.121
-353.06
-262.546
-162.98
-123.542
-132.593
-169.122
-247.353
-365.668
-461.678
-472.992
-398.318
-246.383
-54.04
78.4988
62.3356
-49.8375
-101.883
-38.8465
100.481
265.669
420.514
502.623
485.49
414.695
333.232
252.416
209.745
253.709
380.429
510.381
559.518
516.2
423.1
355.537
379.782
510.058
688.824
815.221
843.991
807.139
747.658
643.243
415.341
71.0637
-281.942
-512.754
-581.609
-578.053
-618.785
-785.913
-1038.71
-1248.83
-1328.35
-1274.04
-1150.56
-982.135
-774.275
-574.497
-441.312
-394.115
-389.589
-358.556
-240.887
-6.51997
288.945
512.967
572.772
487.753
357.154
253.062
202.956
234.959
333.555
437.97
482.257
429.565
277.307
43.9094
-177.851
-270.951
-219.229
-116.43
-59.5355
-70.8498
-133.887
-237.331
-342.716
-385.71
-343.362
-231.189
-70.5265
99.5111
211.361
213.624
155.436
120.2
152.85
256.295
403.057
535.596
590.228
570.509
522.342
458.659
351.658
222.029
130.545
106.946
107.269
70.7405
-22.36
-173.648
-343.039
-469.759
-520.835
-527.624
-533.443
-527.947
-497.56
-473.962
-477.841
-501.116
-519.542
-518.249
-486.569
-396.701
-263.839
-142.291
-58.5657
-5.22691
59.7494
134.1
202.633
283.126
377.843
478.378
554.022
603.482
624.494
596.37
546.587
515.23
534.303
589.581
633.222
646.476
617.705
564.043
518.14
498.421
516.2
551.113
584.732
613.503
617.382
590.551
496.481
280.216
-42.4024
-390.559
-635.271
-730.311
-728.372
-700.571
-733.867
-864.466
-1045.82
-1188.38
-1217.15
-1136.66
-967.588
-717.38
-447.777
-250.909
-203.712
-288.407
-396.378
-398.641
-230.22
57.8098
325.474
460.922
438.94
314.483
160.931
34.5347
-17.8343
11.9062
104.037
213.624
275.367
234.959
78.8221
-133.563
-284.528
-309.42
-227.31
-105.116
3.17799
77.2058
95.9552
62.0123
10.6131
-14.6016
29.0392
153.173
330.323
496.158
575.681
557.901
492.278
430.212
398.855
401.764
431.181
462.538
456.396
397.562
280.54
108.886
-87.9828
-255.434
-352.091
-386.034
-385.064
-376.336
-391.206
-455.536
-553.485
-621.694
-619.108
-559.627
-460.385
-328.492
-187.872
-84.7502
-37.5534
-27.209
-46.6049
-87.9828
-109.642
-52.4236
75.2662
212.654
304.461
331.292
296.056
209.745
129.575
114.381
169.336
256.618
329.676
355.214
297.026
161.255
25.4833
-39.8163
-11.6922
79.1454
195.198
300.582
348.425
340.344
321.271
328.06
366.852
429.242
518.14
621.585
696.905
718.241
676.216
546.264
306.401
-10.7224
-312.006
-499.823
-554.131
-528.594
-508.874
-573.204
-712.855
-878.043
-1002.82
-1044.2
-989.247
-831.17
-616.845
-425.149
-332.048
-355.97
-440.665
-495.944
-435.816
-225.371
75.2662
340.99
466.094
446.698
341.637
223.645
154.143
187.439
327.413
506.179
624.494
618.999
483.874
255.325
27.7462
-103.5
-120.309
-79.2547
-40.7861
-29.1485
-59.5355
-129.684
-206.621
-254.465
-252.848
-194.337
-84.4269
32.9184
100.158
100.158
70.0939
50.3747
55.2237
77.529
113.088
153.173
180.974
186.793
176.771
155.436
120.2
74.6196
31.3021
14.8155
26.1298
51.0213
66.2147
50.3747
1.88493
-67.9404
-131.624
-166.536
-169.446
-153.606
-138.089
-131.3
-125.158
-111.904
-105.762
-125.158
-165.567
-194.014
-181.407
-129.361
-53.0702
23.2204
71.0637
73.0033
46.8188
28.0694
40.6768
73.0033
114.058
164.811
210.068
222.998
182.267
109.532
40.0302
1.2384
11.9062
71.7102
154.466
220.736
249.183
243.364
218.473
194.228
203.279
256.295
346.809
439.586
504.886
532.04
515.877
448.314
312.866
124.726
-66.0008
-197.247
-238.301
-217.936
-190.135
-206.621
-289.7
-415.774
-545.727
-626.866
-633.008
-556.394
-424.502
-290.993
-208.238
-201.772
-247.353
-298.105
-302.954
-241.857
-122.895
18.6947
130.221
183.237
174.832
118.907
43.9094
-22.0367
-48.2212
-26.8857
14.8155
51.3445
58.1331
19.6645
-67.9404
-183.023
-268.688
-290.993
-261.253
-200.802
-125.805
-49.8375
-3.61058
10.6131
23.5437
43.9094
52.6376
53.2841
75.5894
132.484
200.693
263.407
307.371
312.22
280.54
237.545
208.128
195.844
207.158
247.243
293.794
307.047
274.721
204.249
113.735
19.9878
-51.1306
-83.4571
-86.6898
-90.8922
-112.228
-154.899
-227.957
-322.35
-401.55
-431.614
-421.593
-391.206
-333.665
-258.02
-214.703
-234.745
-290.67
-337.867
-360.172
-346.272
-269.981
-134.856
3.17799
96.2784
133.454
134.1
124.726
140.243
216.21
342.283
466.094
547.234
581.176
574.388
526.868
457.043
399.825
372.67
385.924
420.514
453.81
455.749
412.755
341.637
263.083
213.3
215.24
261.144
318.362
347.456
342.607
305.431
234.636
123.433
-13.3085
-133.563
-214.703
-252.848
-259.637
-253.818
-275.153
-363.405
-506.288
-641.413
-716.087
-727.402
-692.489
-625.896
-548.959
-498.207
-488.509
-495.944
-493.681
-461.678
-394.115
-300.045
-211.147
-146.817
-95.4179
-44.0188
6.08738
47.1421
80.4384
104.037
113.735
115.351
130.221
164.487
202.633
224.615
232.05
222.675
185.176
120.2
60.7192
32.2719
31.3021
52.3143
98.218
148.647
158.022
112.118
42.2931
-17.1877
-48.5445
-28.1787
52.6376
162.871
240.132
256.295
219.119
144.445
66.8613
19.9878
27.7462
65.8915
89.8131
91.4294
73.0033
37.1209
-24.9461
-94.7714
-141.645
-154.252
-140.029
-111.581
-86.0432
-73.7592
-73.1126
-70.5265
-68.2637
-70.2032
-66.9706
-49.191
-14.6016
28.0694
70.0939
95.9552
87.8735
47.4653
-3.61058
-42.4024
-56.3028
-45.3118
-14.9249
10.9364
5.44085
-29.1485
-69.5567
-98.3273
-108.672
-91.2155
-40.1396
22.8972
70.0939
90.4596
86.9037
71.387
62.3356
79.1454
121.493
183.56
258.558
326.443
359.093
349.395
327.09
313.513
312.22
328.06
359.416
396.592
421.807
425.039
382.692
281.833
147.678
23.2204
-61.1518
-103.176
-110.611
-100.59
-109.318
-172.678
-289.7
-415.451
-493.681
-513.723
-493.681
-451.656
-410.602
-393.792
-415.127
-447.131
-462.001
-450.04
-418.037
-371.81
-306.187
-232.159
-172.678
-145.524
-133.24
-106.086
-58.889
-6.1967
37.7674
75.9127
105.976
124.726
143.798
180.974
228.494
251.123
236.252
201.986
176.125
161.578
157.699
165.78
167.074
148.324
112.765
80.4384
49.7282
10.6131
-23.9763
-30.4416
-10.7224
12.876
33.2417
46.4956
51.6678
41.6466
25.8066
15.4621
6.08738
-12.662
-33.0277
-40.1396
-27.209
-12.0155
-3.28731
-6.1967
-28.502
-62.1216
-90.569
-96.0645
-86.0432
-69.88
-44.9885
-14.2783
3.17799
-2.31752
-14.2783
-9.42936
19.018
49.0817
62.3356
59.7494
46.4956
24.5135
-0.0546612
-14.2783
-13.3085
-11.3689
-17.511
-28.8253
-48.5445
-75.0522
-97.3575
-106.409
-97.3575
-72.1428
-29.4718
14.8155
40.0302
45.849
40.3535
40.3535
55.2237
92.3992
150.587
210.068
246.274
252.416
241.425
231.08
236.576
268.902
327.09
391.42
438.616
464.478
469.003
453.81
423.1
390.45
359.093
311.25
226.878
112.118
7.38044
-64.7077
-117.723
-176.881
-254.788
-339.483
-420.3
-486.569
-534.089
-563.829
-570.295
-556.394
-532.149
-505.642
-471.376
-428.058
-380.861
-339.807
-304.894
-267.395
-224.724
-178.497
-138.736
-97.3575
-41.1094
25.4833
82.7013
109.856
105.007
78.1756
50.698
46.8188
78.8221
132.807
172.892
173.216
141.212
97.8947
57.1633
16.7551
-12.9853
-22.6832
-16.5412
-1.99425
12.5527
17.0784
-0.0546612
-32.7045
-59.5355
-64.7077
-50.1608
-21.0669
13.8457
40.3535
45.2025
35.5045
22.5739
6.41065
-8.78283
-8.45956
19.6645
57.8098
82.378
81.4082
66.8613
54.5772
53.6074
71.387
94.9854
116.321
131.191
144.122
152.203
150.587
145.415
136.687
114.058
76.5592
44.556
24.8368
2.53146
-37.2302
-83.4571
-116.43
-131.624
-129.361
-119.986
-117.077
-125.158
-136.149
-135.503
-119.34
-89.9224
-44.6653
12.2294
62.3356
87.227
85.6107
73.6498
73.0033
94.3388
135.394
178.388
201.34
199.4
185.5
169.336
151.88
142.182
154.466
179.681
194.551
193.905
188.732
190.995
203.603
223.645
239.808
234.959
214.27
199.077
202.633
209.745
200.047
176.448
142.829
94.0156
28.0694
-36.2604
-76.9918
-94.1249
-104.793
-122.249
-158.131
-210.177
-264.162
-310.066
-341.1
-359.526
-364.051
-366.314
-370.193
-374.719
-387.003
-406.722
-423.856
-418.36
-387.65
-349.828
-310.713
-273.86
-238.948
-207.914
-175.264
-135.503
-95.7412
-68.9102
-53.0702
-33.0277
-4.90364
29.0392
62.3356
87.8735
92.3992
70.7405
43.5862
27.0996
24.5135
27.0996
35.8278
54.2539
68.4776
69.7707
65.5682
63.6286
61.689
46.4956
34.858
48.4351
90.4596
139.919
173.539
180.327
158.669
121.493
94.6621
93.369
109.209
126.019
133.131
129.575
114.705
94.9854
73.6498
51.9911
32.9184
19.018
10.2898
9.96656
17.7249
29.0392
39.707
47.1421
51.0213
50.0515
51.3445
60.396
69.4474
65.2449
57.8098
61.0425
66.8613
65.2449
58.4564
56.5168
52.6376
44.556
37.1209
32.2719
25.4833
16.4319
14.4923
19.018
24.5135
24.8368
27.0996
37.7674
52.3143
59.7494
57.8098
58.4564
65.5682
78.1756
97.2482
115.674
117.937
104.36
91.1062
89.4898
89.4898
92.3992
101.127
108.239
102.097
88.52
80.7617
82.378
89.1666
93.0458
85.9339
59.1029
14.169
-35.6139
-71.8196
-80.5477
-68.9102
-71.173
-116.107
-189.488
-255.434
-297.782
-319.441
-321.704
-304.247
-288.084
-283.882
-286.468
-289.054
-291.963
-290.347
-266.749
-224.078
-182.053
-157.162
-149.08
-148.757
-146.171
-132.593
-101.56
-64.3845
-35.6139
-32.7045
-44.0188
-58.5657
-60.182
-43.049
-10.0759
32.9184
58.1331
62.3356
45.2025
23.5437
5.76412
6.73391
33.2417
67.5078
94.9854
105.007
95.6319
66.538
30.9788
8.02697
8.02697
34.5347
78.8221
119.554
135.717
120.523
91.4294
66.538
61.0425
73.0033
99.8343
136.687
171.923
194.228
193.581
176.125
156.406
146.385
149.617
156.729
164.811
173.216
174.832
159.315
128.282
96.6017
76.5592
65.5682
57.8098
53.2841
54.5772
56.1935
43.9094
18.0482
-15.2481
-39.8163
-44.342
-34.6441
-31.0881
-43.049
-60.8285
-81.5175
-100.913
-116.107
-118.37
-108.995
-94.4481
-74.4057
-62.7681
-68.5869
-89.2759
-100.267
-91.2155
-71.8196
-54.6865
-32.7045
-4.90364
13.8457
20.6343
27.7462
41.9698
51.3445
54.5772
69.1241
98.5413
127.635
143.475
143.152
126.665
98.218
75.5894
74.6196
86.5805
105.33
131.838
164.487
178.065
156.083
109.856
58.4564
11.9062
-25.2694
-37.8767
-27.5322
-23.0065
-46.9281
-95.7412
-154.252
-210.5
-257.374
-280.326
-273.537
-250.585
-232.159
-230.543
-239.594
-249.939
-257.697
-257.051
-243.797
-218.905
-189.811
-156.838
-134.856
-134.533
-145.847
-148.433
-130.331
-109.318
-93.4784
-77.9616
-59.8588
-40.4628
-20.7436
-2.64078
9.32003
20.6343
34.858
48.1119
45.849
34.2115
34.858
52.6376
80.4384
100.804
111.149
110.179
102.744
94.3388
94.6621
106.623
130.868
161.578
190.349
208.451
209.745
197.137
180.004
169.336
169.336
172.246
170.953
163.841
152.85
139.919
126.665
116.321
106.946
98.218
92.076
88.1968
79.7919
61.689
39.3837
17.7249
2.53146
-2.31752
4.14779
9.96656
-4.58038
-40.4628
-76.9918
-97.6808
-111.904
-127.098
-127.098
-101.237
-74.0824
-69.2334
-78.6081
-88.6294
-104.146
-116.43
-104.469
-66.6473
-30.7649
-14.2783
-10.3992
-12.662
-17.511
-24.6228
-31.7347
-34.9673
-25.5926
5.11758
45.849
80.1151
90.1364
81.4082
68.8009
65.8915
76.8825
99.8343
136.687
172.892
189.702
181.62
167.074
158.345
158.992
162.548
167.397
170.953
170.306
157.376
120.847
63.9519
5.11758
-38.2
-65.3543
-80.2245
-99.6204
-142.291
-212.44
-289.054
-343.362
-366.638
-368.9
-364.051
-356.293
-346.272
-342.069
-347.242
-351.767
-335.604
-294.549
-245.09
-200.802
-164.273
-133.563
-111.581
-99.2971
-84.1037
-59.5355
-24.9461
10.2898
41.6466
65.2449
84.9641
106.946
133.454
159.962
179.681
190.995
195.844
199.4
209.098
226.554
240.132
238.515
228.171
216.856
194.874
161.578
125.372
100.481
81.0849
60.7192
45.849
36.1511
29.0392
22.5739
28.716
47.4653
67.5078
76.5592
73.0033
60.396
51.0213
49.0817
52.6376
52.9609
48.7584
47.1421
38.4139
12.2294
-22.6832
-45.3118
-54.3632
-61.4751
-61.7983
-44.342
-27.5322
-33.9975
-53.3934
-64.7077
-66.6473
-63.7379
-56.9494
-42.7257
-27.8555
-24.9461
-37.2302
-56.3028
-65.3543
-66.0008
-59.8588
-42.7257
-18.4808
-2.96405
-3.61058
-6.1967
-3.61058
1.56167
9.32003
19.6645
31.9486
42.2931
49.7282
49.0817
35.5045
15.7853
8.02697
17.4017
27.0996
25.8066
18.6947
14.4923
13.8457
15.1388
18.6947
22.2506
27.0996
34.5347
39.3837
35.5045
27.4229
20.3111
16.4319
14.8155
8.99677
-3.93385
-19.4506
-24.9461
-22.0367
-22.6832
-25.2694
-19.1273
-3.93385
10.6131
19.3413
30.3323
35.1813
30.009
25.8066
41
59.1029
55.8702
25.8066
-13.3085
-42.7257
-55.0098
-50.4841
-45.3118
-56.6261
-91.5388
-136.149
-166.536
-167.829
-154.252
-147.464
-144.554
-139.705
-133.887
-137.766
-143.261
-138.089
-123.865
-110.935
-99.6204
-84.1037
-69.88
-60.182
-48.8677
-27.8555
-8.1363
8.6735
30.9788
67.8311
101.451
118.26
120.2
114.381
114.381
122.463
141.859
158.992
159.315
147.354
133.454
124.726
117.937
112.118
105.976
100.158
95.3086
90.4596
83.0245
71.0637
66.2147
66.538
60.396
45.849
33.2417
28.716
25.16
17.4017
6.08738
-6.1967
-21.3902
-33.0277
-33.9975
-23.653
-10.0759
-8.1363
-22.36
-44.342
-63.4147
-68.9102
-57.2726
-35.6139
-20.4204
-19.1273
-30.4416
-55.6563
-88.3061
-112.551
-118.047
-107.379
-92.5086
-78.2849
-70.5265
-75.3755
-83.4571
-85.72
-78.6081
-66.9706
-46.2816
-15.8947
11.2596
25.16
28.3927
30.009
34.858
43.2629
58.1331
82.378
104.037
122.786
135.717
139.919
135.07
123.756
117.937
115.351
115.674
118.26
119.23
110.825
91.1062
71.7102
56.5168
37.7674
18.6947
-4.25711
-30.1183
-59.5355
-81.1943
-83.4571
-79.5779
-77.9616
-80.5477
-81.5175
-86.3665
-104.793
-118.37
-110.288
-88.6294
-77.3151
-72.7894
-66.6473
-62.7681
-75.0522
-94.7714
-102.207
-96.3877
-86.0432
-80.2245
-72.7894
-64.0612
-56.3028
-50.1608
-42.7257
-40.4628
-48.2212
-55.6563
-57.2726
-52.4236
-41.4326
-13.6318
24.1902
45.5258
48.1119
47.4653
53.9307
67.8311
91.4294
120.523
135.717
130.221
124.403
128.928
128.605
115.351
95.6319
80.4384
72.68
76.5592
86.9037
90.1364
83.9943
74.2964
60.0727
39.707
20.9576
9.6433
-0.701192
-14.6016
-26.5624
-33.0277
-38.5232
-47.8979
-58.5657
-70.2032
-79.5779
-82.1641
-78.6081
-72.4661
-65.031
-53.3934
-43.3722
-41.4326
-41.1094
-26.8857
-1.67099
18.0482
28.0694
34.858
39.707
39.3837
35.5045
28.3927
19.3413
17.7249
19.018
7.38044
-16.5412
-34.6441
-42.7257
-49.191
-55.333
-57.5959
-61.1518
-72.1428
-80.2245
-81.8408
-80.871
-82.1641
-80.2245
-68.2637
-51.1306
-34.3208
-23.3298
-15.5714
-3.61058
5.11758
6.08738
12.2294
32.2719
57.8098
67.8311
69.4474
79.7919
89.4898
87.227
73.3266
72.3568
89.4898
107.593
109.532
96.9249
83.6711
67.1845
43.2629
18.3715
7.05718
8.35024
10.6131
8.02697
-0.701192
-11.0457
-20.7436
-28.1787
-29.1485
-26.8857
-22.0367
-21.7134
-25.9159
-26.2392
-18.8041
-5.87344
5.11758
17.4017
32.5951
42.9396
37.7674
23.5437
9.6433
2.53146
-0.0546612
2.2082
10.9364
19.6645
26.7764
29.6858
31.9486
37.7674
46.1723
46.4956
32.5951
20.6343
30.3323
57.1633
77.529
76.236
58.4564
