3.77518 1.89019 0.961153 1.84218 2.16095 1.23849 0.933741 0.716047 0.641377 0.435666 0.30331 0.0502495 
4.23697 1.67269 0.737801 2.20944 2.23552 1.09514 1.0672 1.04678 0.632074 0.52943 0.353197 0.0793862 
3.77955 1.8185 0.997186 1.72317 2.16375 1.52814 1.25795 0.916775 0.444966 0.434507 0.409902 0.0756196 
3.66979 1.95938 1.40262 2.05851 2.39842 1.71461 1.30351 0.838487 0.334041 0.346994 0.323052 0.0638216 
4.08471 2.27994 1.32976 1.81773 2.29006 2.16467 1.65117 1.06044 0.431815 0.0195554 0.0962864 0.0429422 
3.57299 2.33308 1.46144 1.6613 2.02431 2.06799 1.92262 1.29452 0.386002 0.00962269 0.0815665 0.0332325 
3.43648 2.45696 1.60941 1.52289 2.06046 2.13828 1.71138 1.05039 0.563727 0.154963 -0.00218257 0.0124683 
3.10539 2.43752 1.82804 1.41909 1.35472 1.51253 1.59487 1.16311 0.550425 0.1278 0.00642605 -0.0154629 
3.15652 2.36279 1.67966 1.40652 1.56947 1.92739 1.89778 1.23997 0.385747 -0.134626 -0.137103 -0.0202054 
3.00604 2.33765 1.90856 1.72177 1.71712 1.70634 1.41175 0.825656 0.270312 0.0234712 -0.0154337 -0.0151155 
2.74601 2.09687 1.71548 1.54678 1.54301 1.44425 1.0393 0.540495 0.181424 0.0387278 0.0531335 -0.0385037 
3.82372 3.07107 1.87431 1.10117 1.25468 1.98333 2.32219 1.50072 0.305589 -0.316578 -0.161983 -0.0626866 
3.6636 2.77426 1.8394 1.47485 1.9249 2.62174 2.675 1.70283 0.398364 -0.391458 -0.398506 -0.0509282 
3.70297 2.82283 1.67105 1.06044 1.45004 2.21678 2.39803 1.65566 0.464625 -0.369626 -0.410629 -0.0933749 
3.30995 2.30614 1.24294 0.748346 1.16861 1.963 2.23967 1.56203 0.397135 -0.403764 -0.459605 -0.102573 
4.30572 3.26584 1.55874 0.498116 0.887814 2.06459 2.64352 1.79635 0.246614 -0.639839 -0.454105 -0.146143 
4.12445 2.85455 1.3334 0.657936 1.2667 2.27659 2.4727 1.51316 0.204033 -0.576465 -0.585471 -0.139841 
4.27501 2.98738 1.19052 0.288627 0.810203 1.88707 2.20007 1.31518 0.0201101 -0.720224 -0.620145 -0.175482 
5.33956 3.2546 0.594729 -0.403001 0.633767 2.02425 2.16828 0.980136 -0.209377 -0.597941 -0.673605 -0.201806 
5.25395 3.49992 0.631434 -0.795153 0.117224 1.67378 1.95817 0.856093 -0.210604 -0.565948 -0.721686 -0.229256 
4.87232 2.87919 0.509089 -0.44816 0.298127 1.45859 1.68182 0.781355 -0.21813 -0.60538 -0.758703 -0.250845 
4.59865 2.66635 0.466588 -0.398066 0.266766 1.24019 1.44094 0.735226 -0.199408 -0.671435 -0.761609 -0.253244 
5.40393 2.909 0.18806 -0.874165 0.0840812 1.53888 1.76461 0.611699 -0.476529 -0.60871 -0.733457 -0.244024 
8.10697 3.5464 -1.31325 -1.53007 0.4164 1.77645 2.17099 1.00729 -0.470805 -0.880497 -0.689536 -0.215128 
5.48564 3.16552 -0.0323092 -1.26895 -0.0602295 1.57801 1.7366 0.440624 -0.59206 -0.63386 -0.713762 -0.220502 
4.88109 2.89138 0.199022 -0.962337 -0.0641242 1.22294 1.33811 0.390559 -0.475951 -0.655834 -0.693988 -0.224767 
4.73126 2.91968 0.253488 -0.989318 -0.16006 1.09953 1.18537 0.333032 -0.399223 -0.646708 -0.671809 -0.223401 
4.53595 2.82968 0.420772 -0.895711 -0.405861 0.74801 1.09702 0.37795 -0.433499 -0.642969 -0.63692 -0.220963 
4.61502 2.69133 0.160256 -0.89154 -0.232476 0.715593 0.940819 0.340779 -0.399283 -0.664307 -0.613627 -0.218064 
5.04933 2.95396 -0.0160538 -1.28539 -0.396018 0.940089 1.18952 0.285652 -0.512444 -0.615736 -0.647153 -0.215575 
4.87374 2.80942 -0.0838782 -1.27972 -0.409076 0.821098 1.04573 0.283063 -0.526976 -0.655192 -0.630022 -0.211932 
4.17393 2.36792 0.0686232 -1.03229 -0.444136 0.635976 0.865688 0.21424 -0.467571 -0.661275 -0.603413 -0.213582 
4.26057 2.42441 -0.00425768 -1.11495 -0.430811 0.627543 0.819416 0.177371 -0.502377 -0.694203 -0.583556 -0.205493 
5.42203 2.92819 -0.285032 -1.55959 -0.555926 0.970113 1.26267 0.190603 -0.74163 -0.619045 -0.626883 -0.195634 
6.77702 3.10231 -0.939213 -1.72107 -0.163639 1.18437 1.44454 0.417941 -0.773066 -0.752944 -0.589632 -0.186861 
4.63182 2.51065 -0.10946 -1.21112 -0.514285 0.640431 0.926083 0.22969 -0.565746 -0.753237 -0.607352 -0.207136 
4.4828 2.5574 -0.0989483 -1.28342 -0.463531 0.758606 0.920675 0.153874 -0.562674 -0.735435 -0.626093 -0.20827 
5.12785 2.69595 -0.285547 -1.33671 -0.522468 0.666134 1.10602 0.316394 -0.692643 -0.713627 -0.651602 -0.211526 
5.53865 2.74765 -0.579028 -1.32431 -0.310356 0.706092 1.11489 0.343858 -0.700724 -0.710389 -0.643202 -0.21022 
5.1188 2.43645 -0.300595 -0.940101 -0.445386 0.220012 0.904895 0.589613 -0.589321 -0.846103 -0.632017 -0.209406 
4.87772 2.45326 -0.280741 -0.923168 -0.290608 0.31271 0.766626 0.540762 -0.436956 -0.86785 -0.624091 -0.216303 
4.64679 2.45684 -0.0732076 -0.914085 -0.321668 0.537542 0.92107 0.391965 -0.473927 -0.75661 -0.637152 -0.222055 
4.73858 2.54454 -0.0908707 -0.841755 -0.152564 0.456686 0.797188 0.535058 -0.389237 -0.831253 -0.643886 -0.226411 
4.68961 2.65569 0.0516368 -1.01152 -0.435882 0.635228 1.04366 0.356306 -0.518193 -0.683067 -0.62805 -0.216489 
4.6806 2.60988 0.0838272 -0.988893 -0.497676 0.585298 1.06802 0.425006 -0.480568 -0.643839 -0.628956 -0.222732 
4.74564 2.62154 0.027248 -1.00294 -0.474112 0.574207 1.0395 0.457118 -0.422949 -0.608633 -0.610147 -0.221744 
5.07454 2.67129 -0.130406 -0.855099 -0.258571 0.463721 1.02719 0.596545 -0.376573 -0.576255 -0.596754 -0.221399 
4.38871 2.51131 0.247847 -0.715697 -0.28049 0.578851 0.930126 0.541459 -0.163268 -0.499425 -0.581976 -0.22839 
5.16615 2.69201 -0.0800949 -0.868145 -0.139418 0.793744 1.21561 0.566789 -0.330728 -0.262019 -0.513765 -0.212095 
4.83629 2.84399 0.197864 -0.794777 -0.15409 0.794175 1.14228 0.619007 -0.116349 -0.324088 -0.505102 -0.208008 
4.63182 2.7479 0.503886 -0.394668 0.0586557 0.852901 1.16439 0.738769 0.0454436 -0.312531 -0.545162 -0.220891 
4.07871 2.60607 0.78131 -0.25936 -0.0790461 0.706559 1.1307 0.815844 0.167976 -0.267377 -0.509626 -0.210525 
5.08603 3.34457 0.713002 -0.686308 -0.0292698 1.23009 1.57176 0.852343 0.120403 -0.150451 -0.522976 -0.208491 
4.49977 3.22087 1.1439 -0.250142 -0.119478 0.788729 1.30434 0.982379 0.358949 -0.135227 -0.513687 -0.222697 
3.94837 2.70439 1.11674 0.130988 0.164882 0.732745 1.17043 1.07085 0.510458 -0.133972 -0.550275 -0.219536 
3.70495 2.57151 1.18241 0.23515 0.17048 0.672679 1.04373 0.95724 0.481294 -0.112292 -0.500787 -0.201009 
4.20373 3.2192 1.69719 0.448456 0.117746 0.617899 1.08589 0.921856 0.354188 -0.122456 -0.405001 -0.180698 
5.78842 3.16016 0.960136 0.359944 1.25005 1.73476 1.49564 0.941896 0.368593 0.172893 -0.360103 -0.201767 
5.60855 3.55315 1.00114 0.256048 0.978811 1.47119 1.44448 1.04031 0.569499 0.0550054 -0.38572 -0.201626 
3.73652 2.8763 1.84459 1.19769 1.08357 1.10882 0.915974 0.55981 0.172715 -0.191342 -0.395561 -0.111826 
4.66764 3.24655 1.57224 0.951493 1.09961 1.14828 0.987201 0.627321 0.329773 0.0337672 -0.379242 -0.139524 
4.45099 3.06831 1.35224 0.687201 0.718947 0.913111 0.90309 0.589498 0.341168 -0.011743 -0.477515 -0.173704 
4.46478 2.93525 1.2739 0.639519 0.617065 0.671113 0.957835 0.764803 0.376737 -0.0777608 -0.4907 -0.191596 
4.4602 2.94837 1.06206 0.459179 0.661987 0.866573 0.675857 0.738472 0.331634 -0.187412 -0.501659 -0.199452 
3.76568 2.5703 1.09283 0.322312 0.237699 0.321311 0.753299 0.834818 0.490819 -0.0659378 -0.402855 -0.170518 
3.78106 2.31274 0.877104 0.563128 0.773025 0.836009 0.765317 0.396001 0.260396 -0.178946 -0.43619 -0.156028 
4.94248 2.47358 0.222878 0.283098 1.24433 1.22183 0.720276 0.456975 0.0080304 0.0265616 -0.436911 -0.199809 
4.93283 2.2814 0.117594 0.322345 1.07663 0.770113 0.696729 0.501812 0.0954488 -0.139596 -0.501195 -0.219439 
4.65065 2.53096 0.315035 0.626186 1.18806 0.938445 0.942411 0.524621 0.0460876 -0.195739 -0.562746 -0.207814 
3.66914 2.17168 0.775725 0.363161 0.786338 0.919283 0.867456 0.467893 0.144799 -0.325332 -0.493894 -0.160862 
4.45153 2.63227 0.892998 0.710817 1.18403 0.697495 1.09644 0.678424 0.212135 -0.0753075 -0.491227 -0.166463 
4.87926 2.95143 0.612051 0.754689 1.53977 0.176182 1.60258 0.412255 0.11645 -0.0793507 -0.401987 -0.127969 
4.56919 2.41337 0.639262 1.14955 1.96961 0.0360297 1.3418 0.244619 -0.364067 -0.0961976 -0.385746 -0.0904485 
4.32339 2.41305 0.706484 0.927901 1.82186 -0.112555 1.37002 0.302742 -0.293744 -0.318513 -0.459752 -0.102492 
4.46985 2.12557 0.121995 0.375426 1.82628 -0.283395 0.741081 0.452021 -0.228948 -0.159765 -0.447401 -0.126515 
5.29241 1.71441 -0.0809423 0.395742 2.15123 -0.983477 1.53602 0.748203 -0.609329 0.0573506 -0.391802 -0.0690517 
5.05624 2.17468 -0.292961 0.695807 1.97548 -0.266116 1.2646 0.977408 -0.400611 0.330192 -0.248537 -0.0358392 