-9
-23
-29
-25
-11
1
5
0
-9
-13
-16
-21
-24
-23
-12
-2
-3
-12
-21
-20
-9
5
15
23
31
34
22
2
-10
-7
2
8
6
-9
-14
-8
9
14
12
13
5
-1
-3
6
17
17
7
-2
-2
4
7
4
3
16
33
23
-11
-21
19
57
40
-20
-42
-14
22
35
35
23
10
9
-8
-41
-44
15
62
41
-14
-32
-25
-11
2
13
43
62
25
-34
-27
27
39
-14
-59
-40
19
64
58
-3
-50
-20
41
62
24
-36
-50
-6
39
36
-14
-37
-27
-13
2
12
8
-20
-36
-20
5
19
8
-10
-12
5
18
9
-7
-14
-12
-11
-6
-2
-5
-13
-19
-21
-26
-27
-23
-10
-5
-8
-7
-3
-4
-14
-13
-5
-10
-17
-14
-4
-1
-3
3
7
3
-7
-19
-31
-41
-37
-17
0
-1
-8
-5
6
18
23
18
7
-6
-12
-10
0
5
-3
-13
-12
-1
8
12
10
13
23
30
24
10
8
16
27
29
22
19
27
41
43
21
-1
-8
-3
-3
-19
-38
-41
-15
11
11
-5
-7
11
20
17
16
18
12
1
4
14
13
-2
-14
-2
16
12
-12
-23
-9
3
-1
-10
-18
-22
-20
-10
-5
-14
-27
-26
-7
10
11
1
-1
3
5
9
17
27
28
23
9
-1
-4
-3
-5
-8
-7
-1
3
5
6
13
22
20
9
0
-2
-4
-20
-33
-24
-2
13
14
15
8
-11
-21
0
39
48
20
-5
3
24
27
12
-1
0
4
1
-16
-25
-23
-11
-9
-9
2
13
18
12
3
-3
-7
-4
5
9
5
-6
-17
-17
-15
-15
-19
-22
-14
-11
-10
-13
-14
-13
-18
-20
-12
3
14
11
-4
-13
-12
-4
-6
-17
-22
-14
-15
-25
-32
-24
-9
-8
-17
-25
-24
-25
-24
-27
-25
-23
-20
-31
-44
-35
-20
-16
-11
8
21
13
2
8
22
28
27
17
3
2
11
16
11
4
2
4
7
21
34
38
28
16
19
29
35
37
37
37
42
51
48
31
27
50
70
72
63
70
85
103
123
139
144
139
138
133
122
111
109
105
94
89
89
81
61
47
49
45
35
36
18
-48
-101
-93
-73
-133
-244
-296
-307
-330
-389
-447
-486
-524
-552
-564
-561
-563
-565
-540
-491
-443
-409
-363
-289
-205
-137
-83
-23
46
112
160
206
255
300
334
358
376
396
422
456
487
498
494
493
503
513
508
493
484
480
474
464
447
423
404
397
394
392
398
411
423
427
439
456
481
510
541
569
594
614
623
602
534
432
308
160
-28
-263
-519
-777
-1032
-1282
-1521
-1724
-1878
-1996
-2084
-2124
-2091
-1990
-1851
-1686
-1485
-1235
-962
-691
-425
-156
100
319
507
678
832
954
1042
1120
1202
1283
1349
1389
1417
1431
1421
1373
1286
1177
1041
859
623
344
43
-284
-632
-974
-1284
-1587
-1897
-2144
-2251
-2255
-2232
-2151
-1914
-1536
-1134
-742
-312
186
716
1200
1603
1961
2304
2562
2631
2567
2490
2420
2284
2054
1781
1526
1315
1186
1081
958
817
705
647
581
509
510
564
533
397
278
240
177
6
-250
-523
-794
-1053
-1347
-1682
-2008
-2300
-2547
-2765
-2931
-3040
-3090
-3066
-2972
-2819
-2625
-2381
-2074
-1716
-1328
-941
-577
-242
77
373
630
847
1050
1238
1383
1493
1607
1728
1829
1890
1928
1956
1962
1918
1807
1648
1460
1234
948
609
250
-106
-457
-803
-1130
-1419
-1658
-1849
-1983
-2031
-1981
-1863
-1722
-1556
-1327
-1046
-728
-368
32
440
810
1146
1467
1776
2047
2246
2352
2383
2375
2311
2173
1978
1782
1582
1349
1092
872
719
592
456
340
298
322
376
425
489
580
699
821
921
981
957
836
618
335
-13
-434
-905
-1393
-1883
-2364
-2819
-3222
-3567
-3823
-3952
-3949
-3819
-3591
-3311
-2990
-2585
-2066
-1508
-1036
-634
-244
170
564
880
1138
1356
1532
1666
1815
1993
2142
2197
2227
2317
2431
2488
2444
2344
2202
1993
1696
1327
910
452
-43
-542
-1020
-1457
-1832
-2132
-2366
-2532
-2608
-2577
-2460
-2268
-1992
-1630
-1216
-779
-321
172
689
1179
1601
1957
2273
2529
2694
2742
2680
2551
2378
2151
1860
1546
1255
994
756
557
412
317
273
288
351
425
517
633
758
865
956
1030
1043
955
771
511
174
-245
-736
-1282
-1854
-2426
-2967
-3462
-3884
-4224
-4451
-4546
-4494
-4298
-3961
-3502
-2963
-2368
-1716
-1039
-402
178
721
1237
1677
2000
2227
2391
2503
2556
2558
2552
2556
2560
2542
2502
2443
2349
2210
2025
1796
1520
1172
740
240
-285
-789
-1289
-1813
-2325
-2765
-3096
-3341
-3483
-3492
-3352
-3063
-2631
-2074
-1425
-712
28
764
1472
2130
2693
3115
3392
3551
3582
3455
3175
2798
2398
1988
1561
1131
755
457
228
63
-13
16
123
280
458
654
851
1034
1186
1296
1357
1347
1216
948
590
189
-260
-809
-1429
-2052
-2621
-3145
-3643
-4071
-4373
-4529
-4571
-4509
-4307
-3955
-3504
-3012
-2485
-1885
-1239
-622
-83
411
904
1365
1729
1996
2228
2476
2702
2842
2916
2982
3050
3063
2979
2832
2656
2452
2184
1825
1386
892
341
-253
-853
-1423
-1977
-2521
-3005
-3358
-3555
-3629
-3593
-3425
-3090
-2599
-2004
-1341
-617
148
904
1601
2225
2760
3181
3451
3568
3575
3496
3303
2976
2563
2142
1739
1339
961
641
403
231
118
68
89
174
296
431
590
780
973
1135
1248
1289
1205
962
601
169
-342
-955
-1640
-2322
-2962
-3559
-4097
-4532
-4820
-4956
-4950
-4793
-4462
-3972
-3377
-2747
-2078
-1380
-697
-78
472
990
1457
1825
2067
2214
2334
2444
2509
2525
2532
2568
2614
2635
2618
2555
2435
2245
1994
1686
1300
807
228
-384
-981
-1556
-2116
-2634
-3056
-3327
-3444
-3431
-3271
-2916
-2369
-1697
-962
-171
652
1453
2170
2783
3284
3628
3780
3766
3634
3379
2992
2518
2012
1517
1052
635
264
-43
-238
-292
-235
-111
64
295
560
831
1111
1390
1630
1761
1730
1515
1154
696
136
-565
-1393
-2228
-2985
-3679
-4339
-4892
-5238
-5360
-5313
-5115
-4719
-4109
-3379
-2635
-1903
-1127
-320
402
965
1405
1794
2103
2247
2230
2170
2152
2133
2067
2001
2001
2052
2092
2113
2134
2117
2012
1798
1492
1110
633
44
-624
-1304
-1945
-2539
-3075
-3499
-3741
-3780
-3637
-3334
-2844
-2127
-1245
-296
657
1612
2534
3330
3940
4370
4630
4680
4507
4157
3694
3132
2467
1745
1037
410
-101
-498
-800
-997
-1036
-900
-667
-410
-112
277
724
1117
1421
1624
1684
1530
1194
772
258
-434
-1315
-2225
-3017
-3686
-4289
-4796
-5100
-5153
-4982
-4641
-4146
-3492
-2694
-1842
-1036
-276
470
1129
1577
1828
2011
2147
2121
1891
1625
1487
1432
1337
1207
1162
1253
1412
1554
1646
1678
1635
1498
1261
917
443
-173
-888
-1613
-2293
-2910
-3457
-3878
-4078
-3994
-3661
-3155
-2474
-1561
-467
658
1758
2831
3812
4559
5065
5396
5576
5513
5146
4552
3862
3143
2384
1599
855
206
-335
-740
-1015
-1183
-1221
-1089
-816
-499
-194
118
437
710
812
655
240
-312
-896
-1547
-2351
-3274
-4118
-4765
-5246
-5612
-5774
-5635
-5204
-4542
-3686
-2658
-1530
-414
630
1588
2443
3099
3461
3557
3493
3333
3024
2507
1883
1344
988
736
504
355
391
589
832
1035
1165
1194
1086
848
498
-4
-709
-1554
-2375
-3076
-3669
-4164
-4509
-4612
-4396
-3859
-3104
-2219
-1180
51
1373
2615
3686
4587
5295
5757
5945
5857
5519
4978
4317
3596
2838
2052
1277
593
72
-288
-509
-619
-622
-495
-251
50
310
503
671
821
835
565
1
-721
-1487
-2294
-3169
-4070
-4887
-5535
-5972
-6197
-6181
-5890
-5312
-4498
-3499
-2345
-1086
174
1304
2241
3016
3648
4045
4109
3904
3597
3242
2743
2108
1506
1091
836
644
536
582
748
935
1074
1127
1040
787
418
-56
-671
-1443
-2310
-3166
-3924
-4502
-4885
-5100
-5116
-4807
-4093
-3089
-1963
-755
574
1948
3207
4237
5043
5646
5999
6047
5807
5362
4780
4085
3327
2581
1906
1329
866
543
368
339
441
627
845
1066
1293
1494
1595
1524
1204
597
-252
-1213
-2240
-3389
-4641
-5807
-6701
-7321
-7748
-7924
-7701
-7036
-6057
-4887
-3540
-2012
-393
1149
2475
3548
4402
5006
5260
5168
4868
4470
3931
3220
2499
1966
1603
1273
1002
937
1078
1221
1245
1191
1080
826
369
-266
-1055
-1996
-3034
-4046
-4930
-5636
-6126
-6331
-6210
-5753
-4945
-3802
-2402
-884
707
2331
3839
5064
5970
6614
6957
6923
6542
5926
5131
4199
3227
2338
1585
945
440
138
67
194
454
789
1145
1505
1882
2222
2361
2122
1502
617
-397
-1519
-2784
-4156
-5498
-6619
-7412
-7914
-8155
-8061
-7528
-6559
-5306
-3909
-2435
-904
587
1892
2942
3758
4318
4520
4384
4091
3752
3286
2639
1998
1608
1477
1452
1474
1615
1911
2253
2493
2532
2338
1933
1333
551
-426
-1561
-2770
-3929
-4929
-5706
-6209
-6439
-6375
-5923
-4993
-3669
-2189
-708
796
2354
3802
4929
5664
6094
6263
6137
5717
5060
4244
3368
2557
1888
1349
914
623
540
681
962
1285
1583
1846
2090
2290
2242
1736
776
-355
-1467
-2666
-4071
-5557
-6818
-7688
-8189
-8378
-8207
-7614
-6583
-5189
-3556
-1829
-120
1480
2860
3965
4801
5345
5454
5100
4497
3896
3267
2450
1533
861
605
572
534
521
683
977
1205
1248
1075
656
4
-771
-1609
-2586
-3703
-4739
-5438
-5759
-5783
-5528
-4945
-3986
-2647
-999
745
2345
3726
4984
6101
6861
7107
6901
6440
5795
4965
3985
2933
1902
1011
384
52
-71
-121
-89
112
497
941
1285
1488
1525
1289
730
-192
-1382
-2695
-3979
-5169
-6286
-7250
-7931
-8200
-7986
-7289
-6227
-4949
-3520
-1883
-50
1755
3219
4189
4812
5294
5571
5392
4726
3842
3034
2342
1673
1066
645
471
515
728
1068
1400
1552
1501
1310
939
277
-705
-1861
-3046
-4229
-5382
-6379
-7045
-7294
-7112
-6519
-5517
-4099
-2333
-374
1578
3363
4909
6189
7144
7676
7755
7461
6906
6142
5224
4273
3400
2644
2034
1629
1482
1528
1644
1768
1921
2118
2282
2241
1761
812
-440
-1763
-3145
-4704
-6357
-7854
-8994
-9703
-10000
-9839
-9189
-8071
-6493
-4579
-2485
-385
1622
3438
4890
5892
6491
6711
6449
5750
4928
4186
3383
2387
1487
1052
1012
1023
991
1118
1422
1632
1567
1290
815
14
-1117
-2368
-3603
-4891
-6189
-7242
-7817
-7910
-7575
-6786
-5527
-3843
-1821
388
2534
4370
5866
7085
7950
8261
7998
7390
6613
5654
4539
3449
2537
1791
1241
981
1029
1273
1574
1921
2297
2632
2776
2497
1683
431
-1008
-2492
-4101
-5886
-7655
-9075
-9929
-10257
-10110
-9427
-8199
-6486
-4407
-2089
263
2402
4175
5545
6541
7158
7313
6857
5841
4593
3466
2507
1493
429
-301
-443
-231
-4
210
549
900
992
788
312
-459
-1528
-2749
-3968
-5191
-6379
-7297
-7678
-7492
-6866
-5848
-4366
-2468
-330
1864
3929
5637
6872
7709
8208
8235
7688
6748
5697
4661
3618
2621
1834
1331
1113
1176
1491
1909
2278
2584
2882
3068
2808
1916
490
-1137
-2766
-4464
-6275
-8034
-9388
-10100
-10210
-9851
-9027
-7679
-5817
-3640
-1388
770
2701
4282
5413
6109
6436
6329
5676
4616
3552
2737
2049
1303
658
466
767
1235
1577
1791
1975
2021
1740
1061
24
-1298
-2823
-4389
-5820
-7051
-8046
-8704
-8809
-8196
-6959
-5310
-3381
-1181
1220
3555
5510
6921
7813
8270
8307
7904
7072
5946
4741
3703
2940
2385
1960
1745
1906
2409
3019
3533
3873
4047
3956
3388
2244
580
-1359
-3375
-5373
-7273
-8974
-10305
-11081
-11195
-10592
-9313
-7493
-5305
-2967
-562
1834
4019
5658
6558
6900
6949
6694
5885
4550
3174
2174
1470
845
445
513
910
1281
1621
2034
2328
2157
1457
454
-767
-2282
-4055
-5843
-7410
-8652
-9490
-9766
-9349
-8227
-6483
-4278
-1800
798
3359
5650
7409
8522
9073
9134
8696
7763
6499
5148
3852
2721
1866
1365
1189
1289
1665
2254
2885
3368
3634
3648
3199
2109
447
-1486
-3458
-5496
-7521
-9304
-10602
-11280
-11298
-10609
-9185
-7171
-4736
-2092
530
2974
5078
6694
7670
7969
7769
7238
6298
4916
3419
2265
1499
842
331
302
760
1278
1571
1731
1821
1609
871
-308
-1748
-3427
-5272
-7032
-8432
-9438
-10062
-10102
-9354
-7845
-5778
-3330
-662
2002
4459
6558
8130
8998
9164
8825
8112
7010
5564
4056
2809
1919
1380
1203
1386
1856
2494
3222
3912
4405
4582
4280
3293
1622
-474
-2665
-4909
-7246
-9409
-11012
-11871
-12069
-11638
-10392
-8335
-5763
-2957
-121
2579
4899
6679
7884
8397
8212
7525
6513
5175
3633
2292
1421
843
372
251
715
1474
2011
2239
2376
2345
1753
515
-1046
-2740
-4614
-6573
-8256
-9416
-10077
-10228
-9641
-8219
-6126
-3611
-885
1855
4362
6491
8152
9156
9388
8980
8195
7133
5762
4233
2924
2059
1576
1350
1391
1747
2296
2867
3353
3676
3724
3215
1980
149
-1957
-4064
-6240
-8466
-10410
-11672
-12105
-11900
-11159
-9668
-7385
-4577
-1698
1002
3507
5668
7291
8242
8558
8340
7736
6801
5583
4312
3331
2736
2288
1895
1839
2225
2617
2568
2115
1572
912
-235
-1943
-3875
-5716
-7460
-9075
-10270
-10814
-10761
-10162
-8836
-6745
-4169
-1477
1155
3657
5850
7519
8578
9025
8915
8348
7473
6409
5205
4061
3272
2944
2892
2968
3199
3613
4062
4350
4402
4183
3549
2259
313
-1989
-4240
-6404
-8600
-10616
-11997
-12506
-12301
-11591
-10257
-8183
-5587
-2834
-250
2120
4221
5891
7012
7545
7580
7290
6777
6033
5159
4441
4076
3876
3600
3386
3479
3671
3498
2830
1929
941
-390
-2199
-4194
-6013
-7600
-8997
-10018
-10377
-10097
-9320
-7999
-6115
-3796
-1361
967
3082
4910
6355
7266
7563
7387
6983
6465
5814
5049
4366
3993
3965
4132
4337
4541
4746
4871
4794
4436
3792
2717
1013
-1265
-3741
-5960
-7909
-9760
-11352
-12281
-12285
-11535
-10352
-8708
-6510
-3887
-1205
1148
3127
4767
6008
6751
6969
6833
6530
6049
5384
4770
4478
4465
4415
4233
4175
4302
4242
3645
2583
1340
-24
-1720
-3748
-5834
-7714
-9252
-10357
-10907
-10843
-10204
-8999
-7197
-4891
-2325
180
2400
4299
5903
7159
7876
7936
7540
7030
6549
5968
5261
4706
4539
4671
4865
5016
5129
5136
4972
4627
4067
3097
1508
-632
-3038
-5337
-7404
-9335
-11071
-12312
-12719
-12251
-11256
-9912
-8125
-5814
-3155
-640
1493
3293
4818
5979
6654
6942
7007
6863
6450
5952
5695
5680
5603
5307
5050
5025
4930
4333
3185
1792
380
-1162
-2914
-4789
-6589
-8161
-9332
-9934
-9960
-9525
-8699
-7373
-5541
-3352
-1129
874
2578
4076
5448
6460
6787
6552
6256
6126
5967
5563
5112
4852
4848
5016
5175
5180
5014
4801
4524
3997
2992
1404
-651
-2930
-5096
-7045
-8858
-10456
-11608
-12042
-11650
-10688
-9382
-7776
-5744
-3326
-1004
926
2491
3821
4844
5448
5773
6005
6046
5755
5386
5329
5553
5590
5251
4866
4703
4464
3697
2392
882
-606
-2170
-3870
-5595
-7138
-8323
-9028
-9185
-8861
-8107
-6944
-5335
-3368
-1246
769
2451
3758
4837
5781
6406
6498
6166
5819
5624
5421
5131
4944
5037
5307
5554
5693
5693
5450
4942
4256
3390
2050
21
-2447
-4840
-6840
-8570
-10160
-11463
-12142
-11922
-10892
-9431
-7788
-5959
-3786
-1431
626
2159
3300
4236
4853
5070
5114
5195
5134
4832
4649
4912
5337
5382
5078
4888
4842
4417
3288
1700
40
-1670
-3542
-5454
-7182
-8564
-9511
-9859
-9574
-8794
-7574
-5920
-3848
-1541
756
2808
4394
5479
6267
6833
6991
6604
5911
5372
5066
4790
4506
4422
4651
5058
5455
5743
5802
5536
5011
4329
3263
1462
-997
-3602
-5882
-7879
-9708
-11191
-12087
-12228
-11561
-10180
-8311
-6265
-4087
-1688
653
2517
3778
4654
5248
5416
5223
4969
4693
4206
3689
3583
3913
4142
3985
3771
3751
3594
2892
1676
248
-1295
-3015
-4801
-6467
-7901
-9047
-9678
-9620
-8982
-7897
-6367
-4335
-1971
396
2561
4370
5728
6701
7358
7637
7384
6695
5986
5462
5006
4529
4201
4198
4409
4654
4875
5015
4900
4444
3782
2790
1168
-1126
-3659
-5913
-7883
-9677
-11091
-11927
-12018
-11314
-9859
-7829
-5662
-3454
-1081
1290
3240
4512
5292
5767
5877
5650
5312
4917
4338
3782
3630
3850
3911
3608
3354
3299
2984
2049
719
-682
-2226
-4010
-5756
-7222
-8445
-9440
-9859
-9478
-8523
-7236
-5587
-3442
-986
1423
3543
5215
6387
7179
7653
7718
7259
6440
5657
5054
4552
4125
3928
4021
4245
4452
4656
4803
4671
4192
3398
2136
213
-2260
-4768
-6983
-8986
-10722
-11941
-12404
-12041
-10944
-9150
-6841
-4313
-1657
965
3269
4993
6137
6835
7029
6685
6102
5547
4863
3966
3203
2956
3009
2863
2547
2434
2449
2112
1202
-22
-1318
-2784
-4464
-6146
-7627
-8846
-9661
-9845
-9421
-8554
-7239
-5338
-2954
-449
1935
4087
5834
7122
8068
8665
8725
8151
7325
6632
6002
5251
4514
4088
3956
3885
3833
3824
3717
3351
2806
2010
600
-1507
-3881
-5986
-7875
-9712
-11237
-12106
-12234
-11677
-10432
-8517
-6256
-3861
-1273
1332
3578
5201
6335
7106
7408
7274
6953
6498
5742
4862
4301
4105
3792
3134
2530
2191
1724
774
-504
-1818
-3211
-4770
-6288
-7569
-8657
-9523
-9858
-9456
-8519
-7254
-5627
-3566
-1200
1213
3457
5284
6626
7657
8470
8882
8704
8105
7472
6912
6303
5631
5059
4679
4391
4118
3860
3521
2949
2165
1215
-104
-1991
-4275
-6477
-8362
-9995
-11315
-12140
-12340
-11867
-10672
-8764
-6399
-3904
-1358
1172
3461
5271
6549
7348
7670
7618
7438
7152
6541
5686
5024
4718
4417
3779
3020
2401
1738
696
-731
-2241
-3761
-5330
-6863
-8192
-9270
-10091
-10393
-9996
-9051
-7739
-6069
-3962
-1578
831
3112
5064
6489
7476
8235
8743
8704
8159
7568
7136
6685
6125
5679
5442
5231
4932
4635
4335
3850
3076
2001
488
-1524
-3842
-6108
-8174
-10072
-11609
-12515
-12737
-12330
-11271
-9489
-7175
-4675
-2089
483
2782
4583
5907
6833
7265
7241
7044
6801
6322
5614
5073
4854
4641
4146
3553
3078
2467
1426
46
-1424
-2961
-4685
-6424
-7891
-8997
-9814
-10259
-10062
-9196
-7798
-6027
-3927
-1581
791
3037
4967
6410
7379
8023
8371
8293
7803
7224
6750
6280
5749
5315
5106
4983
4768
4464
4100
3562
2744
1605
31
-2013
-4336
-6551
-8526
-10316
-11737
-12498
-12522
-11943
-10755
-8851
-6409
-3801
-1198
1304
3546
5302
6531
7290
7591
7518
7243
6854
6269
5599
5117
4871
4551
3956
3304
2765
2050
851
-688
-2239
-3782
-5467
-7139
-8545
-9604
-10336
-10570
-10124
-9110
-7651
-5799
-3598
-1210
1175
3410
5255
6586
7570
8320
8689
8537
8095
7705
7334
6839
6391
6176
6035
5687
5289
5024
4648
3846
2701
1367
-394
-2680
-5131
-7313
-9272
-11096
-12501
-13164
-13104
-12459
-11137
-9089
-6598
-3978
-1340
1203
3395
5077
6336
7168
7518
7493
7352
7108
6596
5997
5661
5533
5169
4506
3901
3381
2507
1102
-500
-2063
-3754
-5636
-7401
-8779
-9786
-10482
-10665
-10160
-9054
-7486
-5555
-3324
-959
1361
3471
5166
6379
7236
7824
8026
7775
7318
6954
6658
6288
5933
5809
5838
5764
5561
5306
4944
4260
3220
1818
-73
-2417
-4900
-7148
-9162
-10980
-12348
-12986
-12883
-12148
-10751
-8691
-6261
-3691
-1105
1334
3384
4910
6020
6702
6965
6949
6789
6466
5903
5372
5133
5004
4617
3976
3422
2945
2151
884
-574
-2008
-3562
-5259
-6805
-7980
-8834
-9425
-9503
-8894
-7732
-6222
-4458
-2470
-387
1659
3493
4892
5835
6492
6926
7022
6750
6392
6123
5827
5510
5377
5513
5602
5417
5194
5068
4809
4145
3135
1772
-147
-2514
-4881
-6927
-8778
-10490
-11729
-12217
-12007
-11229
-9881
-7957
-5680
-3256
-842
1356
3118
4445
5447
6075
6278
6154
5927
5594
5091
4618
4397
4288
3948
3386
2880
2380
1571
396
-896
-2204
-3614
-5047
-6321
-7354
-8124
-8523
-8384
-7771
-6748
-5345
-3618
-1701
283
2238
3944
5190
6045
6705
7113
7070
6672
6247
5904
5544
5157
4897
4769
4651
4528
4440
4286
3890
3222
2358
1146
-601
-2745
-4908
-6842
-8621
-10180
-11250
-11643
-11387
-10541
-9076
-7096
-4843
-2512
-256
1780
3449
4744
5622
5988
5941
5736
5510
5120
4549
4119
3985
3858
3467
2978
2634
2228
1401
174
-1139
-2440
-3849
-5315
-6588
-7486
-8037
-8266
-8060
-7329
-6101
-4500
-2702
-799
1162
3056
4636
5708
6386
6831
6976
6680
6082
5530
5133
4720
4258
3980
3991
4063
4005
3902
3838
3661
3180
2429
1379
-149
-2151
-4305
-6257
-7976
-9515
-10679
-11208
-11014
-10167
-8774
-6933
-4786
-2470
-158
1877
3448
4608
5434
5821
5744
5411
5041
4592
3966
3366
3043
2884
2601
2167
1793
1458
879
-44
-1119
-2180
-3278
-4460
-5599
-6485
-7015
-7211
-7071
-6557
-5630
-4335
-2782
-1071
739
2525
4060
5169
5901
6428
6758
6706
6238
5601
5067
4626
4137
3655
3354
3281
3261
3185
3075
2919
2620
2137
1514
567
-941
-2895
-4845
-6488
-7930
-9239
-10168
-10448
-10026
-9022
-7555
-5692
-3559
-1292
903
2785
4221
5255
5888
6042
5788
5357
4867
4180
3331
2669
2356
2095
1616
1100
812
583
53
-790
-1699
-2574
-3501
-4482
-5381
-6105
-6597
-6734
-6459
-5837
-4942
-3721
-2174
-468
1273
2950
4383
5404
6091
6632
6898
6650
6020
5420
4944
4337
3596
3028
2772
2618
2461
2402
2407
2262
1917
1528
1110
299
-1140
-2997
-4807
-6291
-7549
-8713
-9636
-9987
-9548
-8429
-6901
-5086
-3000
-738
1396
3145
4472
5440
5926
5863
5505
5119
4665
3906
2972
2331
2103
1928
1513
1045
830
716
283
-567
-1555
-2454
-3361
-4400
-5427
-6172
-6554
-6662
-6453
-5798
-4687
-3342
-1906
-338
1385
3056
4364
5181
5678
6061
6273
6067
5441
4773
4329
3920
3307
2716
2499
2555
2530
2382
2322
2302
2060
1603
1152
680
-257
-1828
-3624
-5105
-6214
-7292
-8402
-9116
-9077
-8344
-7294
-6042
-4424
-2446
-381
1415
2830
3961
4819
5245
5227
5002
4751
4338
3635
2916
2571
2480
2210
1677
1241
1095
871
214
-734
-1607
-2339
-3178
-4152
-4990
-5453
-5656
-5714
-5511
-4911
-3998
-3001
-1910
-582
890
2221
3204
3892
4496
5042
5322
5136
4671
4332
4171
3835
3244
2820
2801
2879
2725
2518
2515
2518
2267
1878
1587
1249
391
-1071
-2743
-4187
-5355
-6510
-7709
-8584
-8774
-8313
-7550
-6591
-5210
-3377
-1441
215
1561
2761
3775
4349
4453
4386
4342
4168
3704
3184
2970
2983
2841
2462
2136
2008
1790
1160
212
-747
-1622
-2563
-3635
-4617
-5248
-5545
-5598
-5383
-4830
-4010
-3085
-2077
-945
259
1369
2209
2754
3166
3589
3891
3855
3592
3440
3474
3419
3217
3128
3297
3528
3599
3581
3548
3388
2989
2461
1972
1503
858
-178
-1584
-3069
-4308
-5302
-6294
-7256
-7799
-7758
-7390
-6920
-6156
-4907
-3410
-2020
-790
422
1572
2489
3093
3521
3887
4151
4197
4027
3830
3784
3790
3588
3136
2687
2355
1896
1101
138
-716
-1494
-2365
-3264
-3961
-4384
-4667
-4832
-4774
-4430
-3940
-3444
-2937
-2295
-1432
-517
222
794
1451
2269
2946
3266
3458
3789
4158
4294
4237
4228
4324
4363
4254
4085
3922
3702
3348
2900
2488
2122
1689
912
-332
-1789
-3134
-4314
-5559
-6846
-7810
-8282
-8416
-8343
-7894
-6892
-5504
-3995
-2469
-899
609
1916
2944
3722
4322
4737
4884
4741
4465
4304
4241
4025
3589
3157
2919
2676
2155
1377
593
-135
-968
-1938
-2905
-3746
-4503
-5133
-5463
-5430
-5184
-4854
-4398
-3667
-2641
-1562
-672
32
780
1652
2377
2720
2858
3141
3622
4012
4151
4223
4413
4656
4806
4865
4891
4802
4439
3848
3231
2684
2075
1291
282
-946
-2292
-3633
-4840
-5940
-6921
-7663
-8105
-8240
-8083
-7586
-6715
-5546
-4157
-2630
-1079
358
1645
2797
3754
4441
4855
5094
5180
5060
4804
4523
4228
3870
3471
3104
2718
2189
1508
766
-21
-911
-1898
-2896
-3851
-4759
-5533
-6029
-6205
-6114
-5814
-5295
-4538
-3540
-2392
-1239
-175
825
1814
2704
3381
3861
4255
4594
4817
4899
4909
4903
4862
4779
4672
4553
4354
4002
3510
2951
2358
1728
1053
335
-522
-1647
-2980
-4304
-5432
-6437
-7386
-8122
-8456
-8361
-7935
-7182
-6083
-4714
-3181
-1589
-35
1396
2685
3749
4456
4826
5022
5147
5108
4874
4641
4537
4432
4156
3747
3344
2898
2245
1345
296
-823
-2025
-3265
-4438
-5451
-6250
-6764
-6908
-6674
-6136
-5401
-4547
-3554
-2364
-1058
138
1081
1859
2612
3310
3811
4112
4368
4667
4930
5055
5070
5055
4974
4783
4515
4198
3748
3102
2339
1626
1001
397
-212
-752
-1158
-1639
-2407
-3409
-4359
-5094
-5780
-6497
-7063
-7271
-7112
-6699
-6010
-4986
-3689
-2234
-705
781
2136
3309
4231
4821
5135
5350
5456
5261
4789
4348
4053
3699
3098
2389
1768
1194
478
-435
-1428
-2394
-3329
-4238
-5023
-5592
-5939
-6071
-5924
-5417
-4604
-3708
-2885
-2053
-1043
79
1015
1674
2258
2945
3632
4095
4352
4573
4838
5042
5056
4900
4645
4276
3798
3277
2792
2267
1619
920
353
15
-229
-491
-736
-824
-849
-1174
-1953
-2982
-3897
-4631
-5375
-6132
-6696
-6828
-6536
-5914
-4936
-3604
-2066
-550
877
2246
3484
4356
4698
4676
4578
4473
4147
3495
2792
2344
2105
1814
1393
1007
736
436
-26
-638
-1336
-2120
-2959
-3722
-4288
-4661
-4897
-4946
-4675
-4019
-3104
-2171
-1323
-487
420
1265
1825
2119
2392
2745
3020
3092
3115
3256
3442
3523
3526
3554
3544
3336
2942
2517
2139
1723
1185
599
115
-161
-324
-483
-568
-440
-136
-45
-477
-1301
-2149
-2837
-3530
-4346
-5073
-5460
-5434
-5085
-4449
-3502
-2376
-1241
-181
830
1739
2346
2521
2359
2133
1996
1846
1551
1206
1108
1340
1648
1829
1934
2082
2143
1920
1430
782
7
-934
-1916
-2746
-3336
-3744
-4019
-4045
-3674
-2922
-2061
-1366
-797
-192
407
765
813
771
819
956
1107
1287
1559
1951
2426
2892
3302
3624
3785
3670
3295
2834
2367
1792
1070
410
30
-129
-237
-294
-179
167
631
1063
1208
862
83
-901
-1892
-2912
-3979
-4942
-5625
-5864
-5631
-5014
-4180
-3246
-2202
-1080
-55
697
1162
1444
1580
1595
1584
1621
1680
1746
1987
2477
3024
3372
3460
3386
3154
2681
1922
900
-272
-1419
-2382
-3133
-3700
-4081
-4205
-4018
-3527
-2833
-2143
-1625
-1231
-857
-503
-338
-400
-484
-345
80
654
1252
1872
2565
3312
3960
4418
4614
4480
4004
3297
2553
1820
1094
406
-147
-404
-360
-123
137
351
595
881
1201
1432
1343
756
-267
-1435
-2471
-3404
-4323
-5146
-5544
-5331
-4772
-4185
-3535
-2585
-1436
-459
148
521
834
1110
1260
1246
1242
1446
1826
2168
2433
2743
3073
3208
3045
2681
2200
1526
625
-348
-1216
-1933
-2543
-2996
-3212
-3181
-2970
-2673
-2356
-2027
-1672
-1327
-1083
-942
-823
-726
-677
-627
-419
18
604
1263
1952
2640
3265
3716
3946
3971
3812
3452
2862
2141
1434
783
145
-432
-809
-916
-867
-751
-559
-274
49
347
614
865
1122
1338
1295
831
74
-655
-1206
-1752
-2351
-2831
-3060
-3061
-2922
-2636
-2229
-1854
-1589
-1357
-1053
-668
-352
-221
-230
-169
111
505
786
942
1184
1565
1902
2036
2004
1885
1652
1289
851
366
-154
-671
-1103
-1411
-1609
-1740
-1831
-1836
-1673
-1366
-1109
-1023
-943
-705
-374
-153
-73
28
217
447
655
856
1095
1335
1517
1643
1748
1829
1803
1605
1331
1123
948
653
220
-137
-260
-220
-143
-21
217
583
1034
1492
1926
2319
2679
2989
3215
3294
3032
2293
1138
-73
-1106
-2067
-3097
-4090
-4788
-5099
-5102
-4889
-4527
-4098
-3615
-3101
-2582
-2111
-1699
-1339
-1026
-659
-117
587
1241
1757
2289
2954
3588
3927
3932
3764
3498
3120
2605
1949
1195
439
-210
-730
-1160
-1565
-1958
-2311
-2573
-2725
-2858
-3030
-3200
-3248
-3101
-2826
-2475
-2059
-1590
-1037
-377
399
1182
1840
2382
2852
3254
3549
3694
3665
3495
3297
3114
2839
2397
1892
1445
1063
739
497
331
209
145
180
289
395
479
588
744
955
1151
1149
780
8
-948
-1839
-2616
-3323
-3953
-4415
-4629
-4596
-4325
-3855
-3295
-2730
-2204
-1715
-1244
-785
-369
-34
315
814
1485
2150
2679
3129
3542
3854
3945
3764
3323
2660
1865
1028
181
-666
-1460
-2127
-2609
-2884
-3002
-3058
-3109
-3130
-3052
-2896
-2728
-2534
-2263
-1853
-1322
-684
38
750
1398
1957
2452
2894
3251
3503
3620
3641
3633
3576
3414
3122
2774
2405
1963
1434
846
212
-472
-1157
-1731
-2140
-2379
-2417
-2237
-1837
-1268
-584
121
758
1344
1935
2505
2985
3273
3235
2761
1864
840
-96
-961
-1812
-2600
-3178
-3525
-3695
-3704
-3605
-3503
-3418
-3324
-3173
-2960
-2688
-2383
-2058
-1616
-950
-126
625
1242
1825
2409
2869
3086
3077
2896
2568
2167
1777
1399
1004
584
183
-185
-516
-837
-1184
-1578
-1953
-2205
-2334
-2394
-2368
-2172
-1764
-1201
-550
160
847
1389
1719
1857
1881
1853
1775
1683
1626
1636
1702
1756
1775
1745
1625
1383
1026
592
95
-453
-983
-1395
-1616
-1623
-1418
-1010
-435
254
980
1643
2177
2551
2794
2915
2932
2898
2877
2840
2561
1890
894
-171
-1204
-2275
-3399
-4466
-5312
-5854
-6139
-6215
-6085
-5717
-5108
-4386
-3645
-2916
-2158
-1308
-416
426
1166
1852
2566
3323
4033
4563
4839
4921
4915
4789
4397
3676
2743
1825
990
180
-676
-1531
-2270
-2821
-3202
-3482
-3705
-3836
-3785
-3588
-3345
-3042
-2523
-1784
-971
-168
665
1552
2373
2986
3341
3488
3538
3569
3560
3487
3318
3072
2787
2451
2029
1480
847
192
-487
-1205
-1889
-2439
-2813
-3052
-3145
-3035
-2708
-2216
-1623
-962
-270
398
1005
1550
2030
2467
2878
3278
3651
3960
4103
3915
3266
2170
870
-434
-1647
-2789
-3833
-4685
-5275
-5558
-5535
-5318
-5038
-4758
-4469
-4106
-3640
-3070
-2475
-1862
-1112
-129
1035
2207
3255
4132
4807
5273
5499
5454
5119
4516
3732
2893
2105
1403
712
-38
-796
-1465
-1995
-2453
-2905
-3348
-3718
-3930
-3878
-3554
-3055
-2465
-1756
-884
73
1004
1827
2466
2857
2997
2925
2699
2379
2074
1849
1735
1708
1715
1670
1481
1120
641
75
-577
-1309
-2019
-2558
-2864
-2961
-2873
-2548
-2002
-1325
-627
62
727
1332
1843
2238
2565
2888
3179
3370
3518
3744
3998
4082
3826
3150
1999
435
-1246
-2842
-4248
-5412
-6315
-6878
-7061
-6775
-6050
-5201
-4489
-3968
-3445
-2762
-1985
-1258
-577
210
1219
2453
3749
4905
5771
6293
6507
6409
6007
5306
4322
3134
1885
744
-208
-978
-1654
-2351
-3074
-3738
-4262
-4692
-5092
-5427
-5555
-5340
-4722
-3746
-2537
-1202
197
1599
2894
3937
4619
4935
4982
4899
4748
4499
4146
3724
3260
2739
2154
1528
812
-90
-1154
-2264
-3267
-4107
-4773
-5221
-5406
-5258
-4760
-4011
-3189
-2395
-1607
-786
31
830
1659
2536
3416
4247
5046
5777
6324
6567
6490
6147
5601
4902
4070
3117
1972
602
-1002
-2687
-4222
-5489
-6462
-7184
-7636
-7783
-7671
-7345
-6833
-6172
-5385
-4522
-3598
-2570
-1347
84
1574
2946
4169
5290
6251
6913
7202
7123
6711
6057
5260
4338
3264
2074
927
-112
-1095
-2069
-3005
-3852
-4635
-5341
-5868
-6130
-6144
-5899
-5364
-4548
-3508
-2314
-990
369
1608
2637
3444
4114
4712
5182
5443
5426
5179
4863
4472
3848
2840
1543
329
-605
-1362
-2161
-3076
-3896
-4379
-4519
-4440
-4343
-4253
-4028
-3582
-2944
-2248
-1582
-889
-100
766
1680
2583
3480
4310
4974
5470
5844
6095
6132
5913
5467
4869
4183
3466
2749
2016
1214
208
-1130
-2745
-4336
-5656
-6661
-7402
-7847
-7882
-7488
-6790
-5899
-4904
-3868
-2864
-1988
-1189
-358
576
1582
2520
3351
4119
4840
5438
5765
5720
5299
4573
3654
2619
1533
452
-539
-1383
-2072
-2632
-3089
-3455
-3780
-4115
-4428
-4612
-4567
-4266
-3737
-3018
-2105
-991
261
1513
2603
3435
3989
4306
4434
4409
4236
3939
3552
3119
2694
2289
1853
1289
560
-292
-1150
-1951
-2720
-3453
-4061
-4385
-4363
-4066
-3583
-2966
-2257
-1494
-742
-61
517
1006
1497
2012
2513
2982
3442
3892
4256
4451
4478
4368
4127
3725
3164
2525
1869
1234
647
143
-255
-578
-919
-1448
-2301
-3452
-4660
-5671
-6339
-6625
-6566
-6180
-5529
-4681
-3677
-2610
-1599
-780
-227
163
558
1089
1758
2473
3115
3631
4021
4317
4471
4359
3905
3136
2205
1274
473
-156
-623
-972
-1233
-1402
-1487
-1530
-1649
-1951
-2397
-2809
-2981
-2832
-2412
-1817
-1127
-377
461
1375
2229
2813
3034
2992
2856
2723
2621
2534
2426
2242
1963
1616
1232
790
225
-476
-1263
-2006
-2620
-3078
-3386
-3522
-3441
-3169
-2776
-2340
-1902
-1479
-1104
-755
-402
-6
462
1005
1585
2129
2600
3009
3336
3516
3496
3298
3001
2685
2401
2142
1882
1604
1294
977
675
388
69
-312
-772
-1371
-2184
-3159
-4101
-4822
-5216
-5257
-4999
-4544
-4005
-3406
-2737
-2029
-1331
-736
-278
110
590
1316
2244
3183
3931
4423
4679
4720
4541
4146
3549
2773
1906
1078
415
-40
-344
-628
-1014
-1505
-2024
-2510
-2975
-3465
-3942
-4286
-4344
-4028
-3359
-2481
-1575
-745
29
763
1391
1853
2144
2334
2479
2650
2896
3200
3455
3546
3405
3022
2424
1664
787
-152
-1071
-1852
-2392
-2658
-2700
-2626
-2529
-2448
-2386
-2337
-2301
-2238
-2090
-1811
-1378
-787
-54
746
1519
2195
2733
3094
3266
3275
3173
3010
2844
2701
2576
2450
2277
2025
1686
1262
747
159
-413
-888
-1271
-1580
-1814
-2007
-2276
-2702
-3196
-3588
-3747
-3656
-3389
-3021
-2593
-2104
-1545
-930
-286
307
766
1070
1277
1491
1781
2127
2414
2529
2463
2293
2084
1836
1498
1019
434
-183
-728
-1144
-1415
-1577
-1722
-1887
-2040
-2114
-2086
-2005
-1918
-1821
-1667
-1395
-968
-418
161
684
1151
1572
1927
2190
2367
2470
2492
2427
2296
2134
1958
1762
1515
1180
727
163
-454
-1045
-1539
-1895
-2090
-2136
-2082
-1978
-1845
-1687
-1513
-1339
-1157
-964
-745
-446
-47
401
831
1227
1585
1847
1968
1963
1848
1646
1382
1119
917
771
680
614
561
479
384
298
194
27
-171
-309
-335
-251
-61
174
305
233
-71
-527
-1091
-1574
-1791
-1745
-1641
-1603
-1514
-1315
-1084
-898
-754
-697
-740
-775
-735
-661
-524
-205
273
668
788
724
676
739
836
808
643
455
399
482
601
710
786
780
604
284
-58
-332
-511
-592
-590
-567
-543
-437
-214
63
281
367
338
223
107
62
119
270
480
701
867
943
922
820
639
389
70
-319
-731
-1049
-1188
-1143
-971
-757
-590
-579
-724
-914
-1048
-1093
-1052
-923
-711
-433
-78
355
805
1177
1397
1452
1382
1238
1084
992
1002
1093
1176
1210
1204
1184
1129
1005
816
571
280
-28
-273
-358
-268
-83
77
86
-130
-584
-1181
-1782
-2247
-2478
-2459
-2240
-1955
-1660
-1352
-1028
-701
-415
-202
-93
-58
-8
131
394
775
1212
1580
1774
1758
1574
1276
944
625
333
72
-161
-336
-424
-416
-348
-278
-276
-395
-641
-914
-1085
-1094
-961
-718
-406
-118
90
266
479
692
833
898
931
941
922
902
946
1045
1135
1114
934
629
254
-132
-508
-863
-1169
-1385
-1483
-1465
-1351
-1174
-965
-781
-682
-691
-756
-755
-605
-316
55
423
734
962
1127
1255
1344
1368
1319
1225
1103
966
844
787
799
817
775
658
460
189
-106
-317
-381
-332
-242
-122
49
232
387
484
499
338
-59
-612
-1145
-1497
-1597
-1439
-1112
-760
-551
-562
-747
-982
-1140
-1183
-1143
-1081
-1009
-891
-684
-351
82
505
758
772
588
310
50
-68
37
309
611
836
971
1030
1017
918
737
474
144
-215
-547
-778
-854
-741
-476
-186
-23
-46
-166
-294
-377
-401
-339
-204
-28
209
463
678
806
880
898
817
651
433
197
-12
-113
-90
-9
53
69
46
-27
-145
-290
-450
-626
-806
-938
-962
-852
-609
-299
-28
141
193
164
77
19
44
138
273
465
733
1017
1244
1407
1523
1571
1518
1374
1185
998
853
777
767
779
771
726
622
444
172
-192
-662
-1228
-1794
-2233
-2439
-2400
-2176
-1868
-1581
-1385
-1315
-1358
-1447
-1498
-1440
-1225
-867
-431
0
396
743
1038
1279
1428
1427
1274
1051
837
678
629
721
905
1049
1049
888
615
283
-69
-418
-708
-914
-1038
-1077
-1029
-894
-723
-553
-409
-302
-252
-260
-289
-258
-126
122
449
803
1115
1314
1376
1309
1140
904
642
394
166
-52
-252
-415
-526
-590
-619
-649
-719
-840
-999
-1182
-1331
-1363
-1238
-974
-628
-256
61
279
417
540
675
819
958
1096
1226
1349
1470
1591
1699
1754
1711
1549
1293
972
598
198
-117
-261
-268
-251
-272
-328
-393
-465
-547
-661
-818
-1015
-1239
-1469
-1662
-1723
-1590
-1281
-917
-621
-472
-478
-603
-771
-879
-837
-616
-279
71
367
581
701
743
750
748
712
599
419
224
96
78
173
328
490
603
612
495
272
11
-206
-319
-326
-257
-131
22
160
242
272
279
291
280
216
124
56
68
107
121
127
184
299
325
138
-197
-479
-576
-593
-651
-725
-746
-721
-694
-622
-487
-350
-255
-166
-85
-70
-139
-177
-78
144
398
618
787
883
894
831
737
662
635
656
687
679
626
562
504
429
325
213
88
-66
-229
-359
-432
-458
-414
-310
-193
-119
-104
-130
-173
-216
-262
-349
-493
-653
-783
-872
-911
-864
-723
-560
-458
-444
-483
-526
-550
-511
-364
-102
219
524
763
907
961
964
954
949
942
913
824
675
535
466
465
459
427
361
232
44
-185
-426
-642
-782
-812
-785
-755
-731
-713
-708
-706
-678
-619
-559
-492
-395
-255
-96
71
245
406
520
616
711
766
720
597
484
396
322
255
213
186
163
133
35
-120
-276
-394
-520
-655
-675
-528
-345
-263
-288
-240
-81
58
82
49
83
156
232
323
447
582
716
845
926
918
828
707
583
471
394
360
360
348
311
258
193
113
16
-91
-189
-283
-402
-582
-795
-952
-1015
-1021
-1001
-921
-786
-682
-696
-804
-922
-969
-905
-732
-499
-261
-64
53
86
78
96
148
213
282
353
414
461
502
566
639
704
739
719
621
428
160
-101
-278
-342
-336
-313
-285
-278
-315
-387
-451
-479
-477
-435
-358
-260
-146
-9
138
254
333
391
432
455
453
413
328
241
207
235
293
352
397
404
375
307
209
105
30
-20
-57
-72
-50
-10
12
26
38
28
-16
-80
-134
-151
-121
-47
42
155
284
387
419
404
409
430
403
306
232
248
289
282
227
191
178
156
119
52
-53
-191
-310
-424
-587
-763
-880
-906
-898
-881
-798
-664
-605
-716
-899
-960
-836
-648
-474
-348
-201
-12
165
269
249
240
354
540
677
676
609
614
684
743
694
580
526
518
452
249
-36
-230
-281
-265
-278
-315
-325
-332
-386
-485
-587
-650
-644
-575
-471
-338
-199
-82
1
82
207
360
481
548
563
550
517
487
478
491
523
549
544
492
395
247
66
-100
-218
-279
-297
-283
-259
-242
-232
-218
-193
-157
-124
-104
-80
-46
0
58
140
247
354
439
480
469
426
370
308
255
220
193
145
54
-81
-251
-418
-548
-633
-674
-669
-634
-611
-643
-739
-843
-894
-863
-772
-638
-486
-362
-291
-246
-185
-93
28
189
378
579
740
836
858
831
806
804
820
807
747
652
529
382
218
63
-61
-139
-171
-189
-239
-326
-417
-495
-554
-581
-572
-542
-485
-413
-342
-283
-219
-132
-31
104
259
379
432
445
460
469
463
452
445
443
425
387
314
209
103
27
-11
-21
-23
-28
-58
-122
-198
-254
-281
-300
-323
-346
-355
-346
-322
-281
-221
-147
-63
21
91
129
135
132
143
183
230
258
279
317
361
363
314
263
232
200
146
92
63
43
0
-71
-149
-213
-267
-327
-391
-458
-513
-563
-613
-639
-635
-589
-531
-472
-413
-352
-290
-226
-141
-30
83
174
242
296
334
341
319
286
259
243
244
263
276
258
210
147
86
43
25
15
0
-20
-36
-30
-9
9
35
93
181
266
331
403
480
553
615
666
696
695
665
605
516
408
317
238
137
35
-20
-27
-37
-83
-134
-180
-227
-276
-340
-436
-583
-766
-968
-1169
-1335
-1423
-1394
-1259
-1062
-874
-742
-675
-664
-677
-664
-569
-388
-162
66
266
411
487
515
525
529
555
607
679
734
746
718
678
665
683
689
644
532
368
173
-40
-231
-354
-388
-348
-288
-235
-209
-221
-260
-300
-315
-306
-275
-212
-106
10
113
204
296
389
467
520
563
575
544
507
500
543
578
573
539
490
427
341
230
65
-140
-323
-410
-413
-406
-428
-468
-497
-519
-543
-554
-531
-486
-429
-356
-267
-175
-92
-1
113
231
327
385
412
414
396
363
328
299
286
287
277
225
125
1
-140
-289
-430
-526
-572
-589
-592
-576
-535
-482
-440
-400
-344
-262
-166
-78
-8
49
116
198
287
377
465
540
590
607
591
537
465
397
327
250
164
73
-27
-125
-200
-272
-356
-449
-529
-581
-601
-587
-551
-501
-443
-365
-267
-150
-38
42
108
181
266
330
365
394
425
446
438
420
392
348
292
237
183
128
89
47
-30
-122
-185
-209
-242
-281
-296
-284
-262
-245
-229
-208
-185
-155
-120
-72
-15
28
46
54
69
93
108
100
75
64
75
84
68
48
42
36
19
-27
-50
-35
-1
-31
-136
-191
-139
-44
-22
-67
-94
-56
13
69
97
111
111
102
71
28
1
9
31
24
-8
-19
1
12
-15
-43
-39
-21
-21
-2
59
128
170
178
182
180
170
153
140
129
114
106
95
64
15
-19
-26
-22
-16
-20
-36
-62
-85
-98
-113
-130
-138
-130
-101
-68
-40
-25
-11
11
47
95
122
110
88
85
107
128
134
123
104
86
74
58
30
3
-20
-43
-89
-158
-225
-265
-277
-279
-276
-262
-255
-282
-305
-276
-199
-144
-135
-118
-69
-9
29
56
89
111
114
115
149
202
223
207
181
155
118
84
78
82
63
17
-9
-29
-71
-119
-123
-84
-59
-60
-55
-36
-3
45
113
151
142
146
213
304
300
213
171
212
261
259
236
208
137
53
18
28
18
-36
-91
-115
-135
-180
-237
-280
-301
-311
-321
-333
-347
-349
-333
-311
-289
-262
-230
-198
-174
-142
-109
-78
-53
-18
36
82
107
117
137
170
194
200
183
153
133
118
95
65
43
34
8
-45
-105
-146
-150
-135
-117
-89
-43
-17
-25
-29
20
102
168
202
206
204
219
253
276
282
282
282
270
255
243
222
197
190
203
201
173
133
95
65
46
29
-7
-59
-93
-103
-102
-97
-77
-51
-47
-59
-62
-42
-14
4
12
9
0
-13
-38
-88
-147
-170
-173
-200
-255
-294
-300
-304
-317
-331
-349
-386
-424
-429
-400
-347
-299
-265
-229
-183
-133
-96
-66
-28
11
43
84
131
166
185
205
236
258
252
209
142
97
104
122
97
65
74
113
135
135
137
123
95
76
76
75
58
46
56
78
83
70
64
71
88
103
123
138
148
162
182
207
235
265
280
286
291
290
276
262
259
247
218
180
141
114
95
65
13
-41
-77
-130
-190
-224
-215
-212
-251
-313
-365
-387
-381
-355
-322
-282
-248
-227
-226
-237
-241
-227
-210
-206
-207
-200
-199
-223
-242
-230
-190
-165
-163
-159
-143
-133
-140
-151
-147
-134
-128
-134
-143
-139
-110
-65
-29
-18
6
63
130
165
175
183
196
210
229
266
313
347
354
342
334
330
328
334
356
385
395
370
329
287
253
220
184
146
106
58
8
-17
-5
28
39
33
38
56
78
95
114
119
98
73
71
84
64
-7
-99
-180
-245
-301
-330
-328
-314
-305
-304
-309
-329
-374
-422
-451
-446
-410
-356
-276
-198
-149
-130
-116
-94
-76
-56
-24
16
63
110
141
130
77
24
6
11
9
-13
-43
-65
-77
-80
-73
-57
-28
1
33
75
112
136
139
132
123
125
154
204
251
278
282
267
233
201
182
172
172
174
151
105
70
75
80
39
-35
-83
-73
-54
-70
-112
-132
-117
-81
-53
-36
-20
11
50
71
75
70
70
84
115
150
176
193
205
212
212
201
164
115
82
72
69
48
19
-23
-68
-117
-173
-249
-330
-377
-373
-352
-357
-362
-336
-303
-289
-276
-238
-190
-143
-109
-86
-68
-43
-10
18
36
50
61
66
67
60
58
57
54
52
47
55
87
114
103
60
28
15
-1
-5
24
48
48
49
73
95
94
90
97
104
97
98
111
123
121
113
111
107
108
105
84
50
22
18
21
21
11
-2
-27
-65
-91
-99
-91
-94
-114
-129
-132
-134
-142
-148
-135
-117
-105
-104
-101
-122
-131
-89
-22
1
-59
-85
-5
124
186
149
104
110
134
152
161
172
169
151
106
16
-83
-128
-130
-160
-211
-213
-153
-99
-78
-85
-104
-129
-149
-175
-202
-193
-135
-74
-51
-43
-20
4
17
37
73
115
155
196
234
257
