4.33017 0.63989 -0.72626 0.872142 1.73725 0.858137 1.05889 0.577557 -0.0555602 0.0394686 0.0703653 0.066613 
5.30988 0.942085 -0.892358 1.14084 1.85153 0.288775 1.15683 0.76603 0.739351 0.399862 0.347981 0.0935056 
4.47555 2.37294 0.443723 0.751118 1.02459 0.838823 0.693363 0.637386 0.502999 0.349392 0.388363 0.0643732 
2.98954 2.16804 1.24221 0.490695 0.357104 0.589175 0.846979 0.849295 0.601666 0.215955 -0.0223803 -0.0533619 
4.9248 2.74292 0.187872 -0.559901 0.516808 1.41813 1.72849 1.15699 0.496926 0.0551794 0.0749017 -0.0109991 
4.04683 2.28882 0.252333 -0.507347 0.348688 1.68775 2.13257 1.32707 0.253313 -0.208981 -0.071977 -0.0773832 
4.36195 2.59087 0.363245 -0.522581 0.13107 1.28097 1.91414 1.48695 0.457717 -0.171224 -0.215401 -0.127612 
4.0807 2.57872 0.509092 -0.494546 0.075384 1.244 1.84515 1.36067 0.402251 -0.183726 -0.273766 -0.147044 
3.79286 2.10151 0.312471 -0.330898 0.314622 1.37568 1.79836 1.39989 0.530522 -0.0913776 -0.352408 -0.178303 
4.64427 2.24964 -0.0536671 -0.474067 0.44604 1.45075 2.02065 1.55286 0.478954 -0.124875 -0.395926 -0.181997 
4.26699 2.33278 0.0762115 -0.644474 0.375404 1.78156 2.2073 1.46602 0.330493 -0.237225 -0.35696 -0.146411 
4.28503 2.45213 0.18591 -0.549941 0.49262 1.94139 2.39055 1.49276 0.270024 -0.268784 -0.303487 -0.107897 
3.54314 1.81053 0.305851 0.35544 1.49998 2.38264 2.14208 1.1845 0.210718 -0.289607 -0.290941 -0.0617698 
4.68091 2.09488 0.00264105 0.215785 1.75872 2.75241 2.64374 1.41237 0.00836193 -0.368445 -0.259868 -0.0211103 
4.29623 2.1722 0.139196 0.248236 1.73352 2.73309 2.66747 1.47714 0.0932583 -0.518889 -0.211665 -0.00283502 
3.9971 2.1884 0.359148 0.13112 1.4172 2.71822 2.8294 1.53065 -0.00518084 -0.482218 -0.16657 0.00102016 
3.40753 1.82227 0.522465 0.626315 1.7738 2.80305 2.56931 1.33412 -0.0251109 -0.502458 -0.181153 0.00990392 
3.86223 1.77715 0.463596 0.921722 2.12475 2.65339 2.4911 1.40195 0.00655553 -0.547325 -0.203699 0.0211742 
4.30415 1.95452 0.385449 1.10041 2.34234 2.519 2.12461 1.37034 0.205662 -0.487665 -0.27925 -0.0137898 
5.43529 1.61872 -0.153899 1.5873 2.33902 1.83453 2.11363 1.40559 -0.0186207 -0.399097 -0.320331 -0.0406444 
4.28538 2.18058 0.799047 1.27405 1.85762 1.83472 1.6622 1.06803 0.155357 -0.241325 -0.285527 -0.0606132 
4.23753 2.24192 0.65604 1.18626 2.12894 1.99123 1.57802 0.879346 0.273858 -0.184436 -0.383446 -0.0933585 
6.00618 1.24903 -0.0235121 2.22451 2.55129 0.833459 2.22309 1.11303 -0.0369463 -0.267481 -0.223933 -0.0720191 
5.42038 1.46459 -0.308333 1.74107 2.19393 0.940623 1.42395 1.28079 0.0903294 -0.273738 -0.343461 -0.0781179 
3.79124 1.64358 0.490235 1.11043 1.5671 1.46635 1.37472 0.876034 0.0538443 -0.304457 -0.291608 -0.0647316 
3.90637 1.62642 0.291379 1.11726 1.62513 1.18467 1.03012 0.814092 0.185846 -0.231194 -0.174519 -0.0457749 
5.52024 1.07985 -0.410296 1.79499 1.93886 0.764957 1.35229 1.11206 -0.00641746 -0.289163 -0.0978019 0.0220494 
4.79739 1.7052 0.160299 1.5594 1.65582 0.939052 1.44015 1.29505 0.199322 -0.201352 -0.0314112 0.0396464 
3.37337 1.88115 0.78812 0.876464 1.0693 1.05786 1.25746 0.997257 0.304957 -0.0598452 0.056357 -0.0120425 
4.80212 2.21312 0.310282 0.513843 1.20041 1.37135 2.08164 1.88105 -0.0112117 -0.551267 -0.102538 0.0378289 
4.85464 2.11247 0.11766 0.992314 1.30047 2.10075 2.70048 1.61009 0.0772054 -0.676239 -0.226312 0.00942808 
5.12649 1.92415 0.0996122 0.977985 2.1535 2.09419 2.40708 1.90602 -0.344428 -0.643102 -0.331425 0.00984107 
3.18535 1.61132 0.512221 0.952377 2.17032 2.67529 2.07951 1.01596 -0.123445 -0.574533 -0.399848 -0.00522515 
4.12743 2.69189 0.519853 -0.281895 0.569824 2.05229 2.49983 1.31684 -0.237752 -0.769512 -0.302907 -0.0708678 
3.30101 1.61987 0.61075 0.85572 1.7948 2.52194 2.31398 1.18212 -0.114999 -0.697067 -0.529173 -0.0460375 
4.29671 2.06833 0.169596 0.230957 1.38088 2.27163 2.38786 1.35497 -0.169825 -0.867753 -0.442387 -0.0769288 
3.03723 1.4362 0.373036 0.464246 1.33684 2.20701 2.26739 1.16222 -0.273419 -0.836955 -0.455317 -0.0787789 
4.49058 2.10841 -0.154023 -0.0956318 0.768862 1.44359 2.22497 1.83108 -0.112357 -1.07838 -0.370428 -0.0802767 
3.26519 1.45668 0.0997911 0.105516 1.17001 2.27057 2.38619 1.22556 -0.301871 -0.837908 -0.397325 -0.0959672 
4.0853 1.86373 -0.217011 -0.187107 0.988875 1.90327 2.21659 1.4639 -0.13561 -0.957673 -0.37884 -0.0999933 
3.56295 1.68948 0.0662069 -0.0863794 0.966984 2.05226 2.26208 1.2339 -0.229427 -0.843493 -0.396468 -0.112597 
5.36667 2.04183 -1.1494 -0.48813 1.17723 1.45261 1.8065 1.62308 0.0664322 -0.814838 -0.501349 -0.107384 
4.03578 1.72314 -0.142966 -0.203686 0.749791 1.72644 2.12059 1.4167 -0.149075 -0.92463 -0.392452 -0.112847 
4.00925 1.47982 -0.501251 -0.261157 0.939653 1.70182 1.90948 1.3211 -0.168201 -0.826098 -0.443861 -0.127909 
4.51658 1.45415 -0.883462 -0.388606 1.01337 1.46723 1.71875 1.39886 -0.0717487 -0.916183 -0.507487 -0.130131 
4.93545 1.42909 -0.956219 -0.209793 0.834848 0.805353 1.5576 1.56632 -0.17567 -1.06516 -0.609211 -0.122589 
4.39372 1.45792 -0.594542 -0.187254 0.716888 1.14145 1.62566 1.27051 -0.283798 -1.04165 -0.55706 -0.13111 
4.27444 1.42277 -0.482045 0.029328 0.766962 1.10693 1.60562 1.30714 -0.279982 -1.09107 -0.542468 -0.123386 
4.51673 1.41316 -0.544659 0.197813 1.04055 1.05415 1.53659 1.36501 -0.216716 -1.1097 -0.571102 -0.11323 
4.60226 1.57028 -0.390586 0.0611086 0.836607 1.11883 1.6442 1.33352 -0.22226 -1.00094 -0.534557 -0.116482 
3.61986 1.39213 -0.171318 -0.0736886 0.790075 1.43247 1.68145 0.958318 -0.336538 -0.845478 -0.5149 -0.129751 
5.0828 1.52658 -0.91002 -0.183139 0.759005 1.08062 1.64049 1.54083 -0.333177 -0.900524 -0.552589 -0.108455 
5.7256 1.32617 -1.35376 -0.111837 0.612633 0.555647 1.74729 1.92279 -0.527025 -1.00832 -0.629173 -0.0989544 
4.78238 1.32828 -0.911807 -0.262926 0.728574 0.740788 1.50169 1.51547 -0.263519 -1.113 -0.575129 -0.108421 
3.52346 1.14975 -0.41527 0.0216453 0.821167 1.15582 1.45292 1.04082 -0.317429 -1.0484 -0.539184 -0.131582 
4.85585 1.27784 -0.850189 0.181641 0.694258 0.43593 1.3464 1.81683 -0.194803 -1.22585 -0.593812 -0.0848755 
6.18078 0.856122 -1.24816 0.591089 0.91933 0.217611 1.46812 2.1621 -0.391089 -1.13402 -0.606658 -0.0474865 
3.8795 1.27088 -0.445882 -0.0507689 0.685129 1.02947 1.55023 1.26989 -0.296379 -0.953791 -0.439784 -0.117429 
4.98854 1.21081 -1.10962 -0.039687 0.888291 0.694838 1.58457 1.67727 -0.208682 -0.956354 -0.513811 -0.085251 
4.70456 1.15623 -1.08016 -0.0688016 0.752098 0.667812 1.53142 1.72409 -0.124244 -1.0991 -0.538992 -0.100627 
5.35127 1.008 -1.42427 -0.0244755 1.01099 0.723039 1.56237 1.69799 -0.321834 -0.903732 -0.55198 -0.0906386 
3.75079 1.14447 -0.602077 -0.202616 0.629994 1.19179 1.59377 1.05354 -0.367646 -0.935447 -0.427168 -0.132528 
5.20674 1.14225 -1.25546 -0.101831 0.849832 0.872354 1.55111 1.40899 -0.358287 -0.87602 -0.522872 -0.106208 
4.54117 1.52856 -0.867396 -0.651428 0.687475 1.63536 1.79817 0.85532 -0.487054 -0.690352 -0.45301 -0.129712 
4.61749 1.58662 -0.83744 -0.516261 0.697897 1.49084 1.79725 1.06527 -0.327064 -0.686859 -0.441003 -0.12953 
6.97403 1.43252 -2.03406 0.556235 1.62515 0.831269 2.39447 1.87315 -0.62278 -0.983532 -0.488691 -0.0268422 
4.88701 1.80615 -0.87426 -0.5104 1.0443 1.42167 1.90755 1.13474 -0.273186 -0.571724 -0.423342 -0.118342 
4.66817 1.85728 -0.704772 -0.510849 0.851068 1.55196 1.95623 1.11483 -0.187533 -0.580888 -0.401848 -0.122936 
4.39882 1.96901 -0.447755 -0.420564 0.683816 1.75418 2.04633 1.02057 -0.101842 -0.46388 -0.401194 -0.134251 
4.56224 1.90078 -0.485836 -0.531849 0.913852 2.0552 2.19367 1.08081 -0.0990127 -0.263191 -0.388237 -0.132887 
4.38687 2.05238 -0.441923 -0.598945 1.01714 2.05164 2.0067 1.01761 0.118365 -0.206617 -0.356388 -0.136237 
4.09927 2.1978 0.0423444 -0.475032 0.63523 1.82455 1.94407 1.08579 0.272678 -0.0584696 -0.368395 -0.151064 
4.22104 2.33936 0.0900389 -0.383802 0.659652 1.63879 1.81234 1.19787 0.473217 -0.0722076 -0.375854 -0.165855 
3.6921 2.18441 0.393044 -0.253646 0.5983 1.82263 1.97282 1.12947 0.376617 -0.0516485 -0.350986 -0.139566 
4.07046 2.34463 0.692658 0.269368 0.806211 1.45357 1.79397 1.37517 0.530992 -0.0700484 -0.327206 -0.129637 
4.24029 2.34412 0.533124 0.360269 1.26548 1.83843 1.79193 1.28742 0.474327 -0.218543 -0.310713 -0.0991938 
5.10733 2.22882 0.22783 0.964757 1.96561 1.67656 1.79973 1.24824 0.248807 -0.236702 -0.229292 -0.0493865 
4.05528 2.36416 0.791341 0.810352 1.49309 1.71726 1.7053 1.10881 0.299307 -0.174112 -0.0547375 -0.016715 
4.47702 2.31948 0.44128 0.504432 1.37719 1.98212 2.02084 1.39587 0.395362 -0.201318 -0.160788 -0.036824 
4.31885 2.46812 0.62979 0.528146 1.21299 1.86631 2.19742 1.21148 0.187749 -0.154573 -0.123856 -0.0306343 
4.54209 2.08389 0.295968 0.680762 1.66199 1.83775 1.88143 1.31649 0.276049 -0.153475 -0.133037 -0.0321914 
3.61615 2.11467 0.763227 0.65555 1.29173 1.85148 1.909 1.09025 0.251498 -0.0922329 -0.0934513 -0.0396642 
4.48288 2.1131 0.315523 0.850906 1.79781 1.89785 1.76322 1.01353 0.329914 -0.00311831 -0.0685745 -0.0286385 
3.75332 2.01206 0.594765 0.812926 1.54498 1.80582 1.59896 1.21011 0.628138 0.134588 0.0367804 -0.0241823 
3.84788 2.13767 0.772081 0.80071 1.51542 1.79165 1.8157 1.37452 0.566582 0.0182206 -0.0316425 -0.025221 
3.38562 1.86838 0.827523 0.967829 1.54197 1.78718 1.85056 1.54891 0.682545 0.0220518 -0.112092 -0.0345638 
4.18996 1.7829 0.443825 1.36294 1.90244 1.77662 2.18988 1.98413 0.820376 -0.0201396 -0.17202 -0.0241971 
3.45099 2.15252 1.18024 1.2834 1.53022 1.67314 2.0797 1.76813 0.566185 -0.222683 -0.0498066 -0.00862015 
3.46691 2.05427 1.31677 1.46503 1.60763 1.55349 1.84694 1.61598 0.610904 -0.09391 0.012566 0.00227335 
3.85251 2.06416 1.04829 1.56293 1.86379 1.63687 1.90618 1.65155 0.588102 -0.094569 0.00727281 0.0165546 
4.52578 1.9312 0.693676 1.71598 1.74768 1.36954 1.9557 1.96274 0.622786 -0.352727 -0.0837509 0.0336219 
3.38703 1.72289 1.03944 1.18362 1.26141 1.48106 1.96395 1.30825 0.224263 -0.0706355 0.107218 0.0100994 
3.50527 1.97886 0.994122 1.2308 1.62077 1.44218 1.53772 1.24236 0.473682 -0.0496446 -0.00341295 -0.00410138 
4.05947 1.76659 0.743561 1.81772 1.97538 1.18493 1.38945 1.39291 0.552284 -0.208133 -0.00410666 0.0238185 
4.80906 1.5948 0.528363 2.08699 2.25596 0.955963 1.50171 1.26214 0.58155 -0.0137238 0.0413686 0.0459941 
3.84335 1.96422 1.09339 1.55246 1.60208 1.30001 1.2773 0.944672 0.258805 0.123206 0.203368 0.0383237 
3.70174 1.80839 0.912915 1.74776 2.04967 1.24041 0.818259 0.724518 0.374899 0.259456 0.323457 0.0498883 
4.1865 1.73506 0.772161 1.84421 2.01236 1.11665 0.893686 0.814599 0.361336 0.337644 0.286891 0.0573104 
4.27639 1.50696 0.65743 1.9757 2.34555 1.06283 0.695256 0.833919 0.517184 0.276826 0.0861712 0.00951057 
3.629 1.64691 0.902815 1.8657 2.024 0.889974 0.452722 1.01073 0.825903 0.429473 0.173597 0.00696076 
4.42793 1.24549 0.288756 2.04895 2.24069 0.593655 0.520306 0.993671 0.853528 0.489059 0.252768 0.0418586 