-4.25617
-6.09403
-7.93188
-9.31027
-9.76973
-9.76973
-7.47242
-2.41832
-0.580467
-3.33725
-4.25617
-1.49939
2.63578
2.63578
-1.49939
-2.87778
-1.49939
0.33846
3.09524
5.39256
6.77094
3.09524
-0.580467
-1.49939
-6.09403
-6.55349
2.63578
12.744
5.85202
-12.067
-16.2022
1.25739
20.0954
15.0413
-5.1751
-17.5806
-7.93188
12.2845
22.8522
17.3386
4.47363
-1.49939
2.17631
1.25739
-5.63456
-11.6076
-10.6887
-4.71564
-2.87778
-2.41832
-0.121004
2.63578
0.33846
-4.71564
-4.25617
2.63578
7.23041
4.93309
4.93309
9.52772
13.2034
13.2034
9.98719
7.23041
4.47363
5.39256
9.52772
10.9061
5.85202
-0.580467
-0.580467
4.47363
8.14933
5.39256
1.25739
-0.121004
3.5547
7.23041
6.31148
3.5547
0.33846
-1.49939
-2.87778
-1.03993
3.09524
5.39256
4.01417
2.63578
0.797923
-0.121004
0.33846
0.797923
-2.41832
-6.09403
-5.1751
0.33846
2.63578
0.33846
-5.1751
-8.85081
-9.76973
-7.93188
-6.09403
-7.01295
-10.6887
-12.5265
-12.986
-12.986
-11.1481
-5.1751
3.5547
4.01417
0.797923
0.797923
6.31148
6.31148
-1.49939
-2.41832
4.01417
5.85202
-0.121004
-0.580467
3.09524
1.25739
-1.49939
0.33846
4.93309
3.5547
-0.121004
-1.49939
1.71685
2.63578
-0.580467
-4.25617
-3.33725
2.63578
7.68987
5.85202
1.71685
-1.49939
-0.580467
0.797923
0.797923
-0.580467
-2.87778
-6.09403
-7.93188
-6.55349
-3.79671
-3.79671
-7.01295
-9.76973
-8.85081
-0.580467
8.6088
12.2845
6.77094
-2.87778
-5.1751
-0.580467
6.31148
4.01417
-6.09403
-10.2292
-3.33725
3.5547
2.63578
-8.85081
-13.9049
-5.1751
4.47363
6.77094
-6.09403
-13.9049
-11.1481
-4.25617
4.47363
4.01417
3.5547
-3.33725
-10.6887
-6.09403
4.93309
14.5818
7.68987
-7.47242
-10.2292
-1.95886
5.85202
4.01417
-7.93188
-10.2292
-1.03993
9.52772
10.4467
-2.41832
-15.7428
-11.6076
3.5547
18.2575
11.825
-7.01295
-18.0401
-13.9049
0.33846
1.71685
-7.93188
-12.986
-4.25617
7.23041
12.744
15.5007
13.6629
4.47363
-3.79671
-3.33725
3.5547
4.93309
2.63578
1.71685
-0.121004
-1.95886
-3.33725
-1.03993
-3.79671
-7.93188
-6.09403
4.47363
10.9061
8.14933
1.71685
-1.49939
1.71685
6.31148
9.98719
9.06826
5.85202
6.77094
10.4467
10.9061
8.14933
4.93309
2.17631
-0.121004
-3.33725
-3.33725
-1.49939
-1.49939
-3.79671
-3.79671
-0.580467
0.33846
-1.49939
-5.63456
-7.01295
-8.85081
-8.85081
-7.47242
-4.25617
0.797923
3.5547
1.71685
-0.121004
-1.49939
-4.25617
-7.93188
-4.71564
2.17631
3.09524
2.63578
5.39256
8.6088
5.39256
4.47363
4.93309
3.09524
-3.79671
-6.09403
-2.87778
-1.03993
-2.41832
-1.95886
0.797923
0.797923
-0.580467
0.33846
4.47363
7.23041
5.85202
1.71685
0.33846
0.33846
-0.580467
-4.25617
-6.55349
-3.79671
3.09524
9.06826
9.98719
8.14933
3.5547
-1.95886
-3.33725
2.63578
8.6088
8.6088
5.39256
-0.580467
-6.09403
-5.1751
2.17631
7.23041
2.63578
-3.79671
-5.1751
-1.49939
5.85202
8.6088
1.71685
-10.2292
-14.3644
-9.31027
-4.25617
-2.41832
-1.49939
-2.41832
-7.47242
-10.6887
-7.47242
-0.580467
1.71685
2.63578
2.17631
2.63578
3.5547
4.93309
3.5547
-3.79671
-13.4454
-15.2833
-11.1481
-7.93188
-9.31027
-10.6887
-10.6887
-8.39134
-2.87778
3.09524
4.01417
2.63578
2.17631
-0.580467
-5.1751
-10.2292
-9.31027
-5.1751
-3.79671
-3.79671
-8.39134
-11.1481
-8.85081
-2.41832
-0.121004
-3.33725
-4.71564
-1.95886
1.71685
4.47363
5.85202
4.47363
2.17631
0.33846
1.25739
4.93309
9.98719
14.1224
18.2575
18.2575
15.9602
12.744
9.06826
5.39256
-0.121004
-2.41832
-1.95886
-3.79671
-7.47242
-5.63456
3.09524
10.4467
9.06826
4.01417
1.25739
4.93309
7.68987
6.77094
1.71685
-1.03993
-0.580467
-0.580467
-0.580467
-0.580467
0.797923
0.797923
-1.49939
-0.580467
4.47363
8.6088
5.85202
-0.121004
-2.41832
-2.41832
-1.03993
3.09524
7.68987
9.06826
7.68987
1.25739
-5.1751
-9.31027
-5.63456
0.33846
5.39256
8.6088
11.825
12.2845
9.98719
5.39256
1.71685
-0.580467
2.63578
8.6088
11.3656
9.98719
9.98719
10.9061
8.14933
3.09524
1.25739
2.17631
5.85202
11.825
11.825
3.09524
-6.09403
-4.25617
4.47363
7.68987
0.797923
-8.39134
-16.6617
-24.932
-34.1213
-41.0132
-40.0943
-41.9322
-52.0403
-63.9864
-68.1216
-64.4459
-64.9053
-65.3648
-61.2296
-56.635
-53.8782
-50.2025
-39.6348
-27.6888
-17.5806
-7.47242
4.47363
23.7711
44.9064
69.7174
96.8257
122.096
143.232
163.448
185.043
204.34
219.502
234.205
243.395
243.854
222.259
160.232
79.8256
15.9602
-10.6887
-27.6888
-59.3918
-123.717
-223.42
-330.016
-389.286
-383.773
-356.205
-345.637
-358.962
-373.665
-369.989
-330.475
-245.934
-139.798
-56.1755
-11.6076
22.3927
77.0688
148.745
223.638
297.152
355.963
374.801
355.044
326.098
309.557
286.125
243.395
189.178
123.015
37.0955
-60.3107
-144.392
-208.258
-258.339
-298.772
-324.502
-338.286
-339.205
-317.61
-263.393
-176.555
-65.3648
60.5281
189.178
312.773
433.612
557.208
683.56
803.48
878.373
865.967
769.02
646.344
549.856
480.018
395.477
238.34
-11.6076
-314.853
-581.342
-753.641
-848.29
-928.696
-1036.67
-1167.62
-1281.1
-1323.38
-1255.37
-1080.32
-866.209
-687.937
-554.234
-412.719
-213.312
46.2848
338.963
617.398
828.291
948.211
1020.81
1107.19
1212.86
1293.73
1302.46
1217.46
1050.67
838.399
618.776
410.18
191.475
-58.9323
-330.475
-609.369
-873.561
-1099.16
-1253.08
-1338.08
-1393.67
-1431.35
-1429.05
-1354.16
-1196.1
-967.291
-701.721
-430.179
-165.068
109.231
398.693
701.939
996.455
1263.4
1489
1672.33
1820.27
1943.41
2043.11
2106.52
2106.52
2032.54
1836.81
1466.49
982.671
516.316
150.583
-157.257
-489.909
-933.75
-1526
-2148.11
-2583.68
-2721.52
-2668.68
-2608.95
-2611.25
-2615.39
-2524.87
-2253.79
-1758.95
-1103.75
-473.368
-7.93188
342.179
720.317
1169.67
1647.05
2105.14
2459.39
2595.85
2504.87
2343.6
2245.28
2163.03
1987.06
1678.3
1249.62
713.885
138.637
-356.664
-728.37
-1063.32
-1436.4
-1815
-2137.08
-2398.98
-2568.52
-2559.33
-2364.52
-2098.49
-1870.14
-1645.46
-1346.35
-927.777
-389.746
194.232
704.236
1078.7
1369.08
1672.33
1993.49
2266.41
2435.03
2479.6
2409.76
2248.95
2053.68
1871.73
1713.68
1531.27
1288.21
995.995
704.696
451.531
227.313
-48.8241
-478.422
-1004.97
-1444.21
-1675.78
-1755.73
-1820.51
-1948.25
-2180.73
-2436.65
-2528.09
-2321.79
-1904.14
-1484.19
-1180.94
-959.94
-737.1
-429.26
15.0413
565.019
1063.54
1362.19
1475.22
1535.41
1615.81
1707.7
1798.68
1840.03
1721.49
1398.49
1000.13
681.263
452.45
223.638
-52.0403
-379.638
-763.289
-1157.51
-1458.46
-1604.57
-1667.05
-1735.05
-1796.16
-1806.27
-1744.24
-1608.24
-1357.83
-1012.32
-666.802
-374.584
-95.6894
225.016
573.749
905.022
1191.27
1415.49
1559.3
1646.14
1715.06
1770.65
1768.35
1680.6
1540
1394.81
1262.48
1157.27
1092.02
1045.16
975.779
880.67
789.696
712.966
560.424
207.097
-281.772
-713.208
-932.831
-998.075
-1061.94
-1272.83
-1703.81
-2215.19
-2513.84
-2413.22
-2052.54
-1725.41
-1578.84
-1531.05
-1446.51
-1223.67
-798.668
-188.041
407.882
755.237
863.67
947.752
1149
1424.22
1702.65
1915.38
1944.33
1720.57
1375.51
1130.16
1022.64
914.67
699.642
375.26
-50.662
-540.909
-953.507
-1171.75
-1279.73
-1437.78
-1656.03
-1835.22
-1935.38
-1958.81
-1844.41
-1567.81
-1230.1
-948.453
-710.911
-432.935
-81.446
320.125
743.75
1141.65
1451.78
1641.54
1751.35
1854.27
1961.79
2029.33
2020.14
1953.06
1860.71
1768.81
1695.3
1645.68
1586.41
1486.24
1350.24
1208.73
1031.37
650.479
31.1225
-635.099
-1075.72
-1248.94
-1342.67
-1552.65
-2002.92
-2619.52
-3130.44
-3222.34
-2869.93
-2383.36
-2092.52
-2006.6
-1911.03
-1650.05
-1185.08
-505.531
294.395
927.995
1208.27
1292.35
1469.24
1788.11
2123.98
2393.68
2521.41
2366.57
1938.81
1507.38
1290.51
1175.65
923.4
497.937
-9.76973
-572.612
-1153.83
-1600.43
-1819.14
-1942.73
-2130.65
-2341.55
-2450.44
-2438.03
-2322.71
-2041.52
-1577.46
-1081.7
-692.532
-356.664
68.339
603.154
1159.1
1649.81
2020.6
2238.84
2326.14
2372.55
2441.01
2492.93
2440.55
2270.09
2050.92
1843.7
1662.68
1511.05
1386.54
1241.35
1047.91
838.859
678.506
459.342
-39.6348
-779.83
-1441.92
-1736.43
-1746.08
-1735.05
-1930.33
-2425.63
-3059.69
-3444.72
-3254.5
-2603.44
-1944.11
-1620.65
-1551.73
-1457.08
-1147.4
-574.45
233.286
1060.32
1562.51
1650.73
1617.19
1746.3
2000.38
2237.01
2398.74
2389.09
2056.44
1474.3
995.076
803.94
700.56
423.964
-28.1483
-543.207
-1103.29
-1659.7
-2024.06
-2096.19
-2048.87
-2098.49
-2232.65
-2308
-2266.19
-2069.54
-1633.05
-1007.72
-443.044
-97.9867
174.934
581.1
1110.4
1604.78
1981.08
2235.17
2341.76
2309.6
2235.17
2217.71
2201.63
2068.38
1817.52
1566.19
1389.3
1261.57
1162.78
1091.1
1010.24
881.589
734.101
650.019
546.64
151.961
-554.234
-1244.81
-1554.03
-1529.21
-1479.59
-1631.67
-2077.81
-2707.28
-3194.77
-3151.58
-2562.55
-1866.92
-1521.86
-1526.92
-1551.27
-1344.97
-845.533
-77.3108
763.507
1296.94
1355.76
1227.11
1285.46
1558.38
1864.84
2123.52
2234.25
2006.81
1451.78
944.995
799.805
841.616
702.858
295.314
-222.501
-781.209
-1369.32
-1790.65
-1867.84
-1749.3
-1752.97
-1927.11
-2074.6
-2086.54
-1944.11
-1571.03
-959.021
-354.367
9.06826
205.259
496.559
959.238
1450.86
1842.33
2104.22
2220.92
2174.06
2047.25
1987.06
2014.17
1998.54
1853.35
1646.6
1462.81
1318.54
1226.19
1214.24
1238.59
1198.62
1071.35
944.995
823.237
439.126
-305.205
-1098.7
-1525.08
-1538.4
-1472.7
-1609.16
-2092.98
-2822.6
-3426.34
-3481.47
-2933.33
-2230.36
-1864.62
-1870.6
-1904.14
-1700.13
-1228.27
-507.828
375.72
1081
1312.57
1240.43
1303.38
1636.95
2027.49
2329.82
2498.9
2391.84
1918.14
1350.24
1071.81
1053.89
939.941
554.451
24.2305
-575.369
-1239.29
-1776.87
-1950.08
-1870.14
-1893.57
-2133.87
-2386.11
-2480.76
-2381.52
-2014.41
-1357.38
-633.261
-158.176
48.5821
268.665
707.912
1291.89
1838.19
2243.9
2448.36
2427.68
2286.63
2221.38
2294.9
2355.55
2270.55
2061.95
1814.3
1591
1432.94
1380.57
1372.76
1292.35
1131.54
962.914
859.075
574.668
-160.014
-1121.21
-1778.24
-1847.16
-1652.81
-1622.95
-1998.79
-2778.5
-3628.5
-3976.32
-3486.99
-2517.98
-1819.6
-1730.92
-1893.11
-1821.43
-1385.4
-649.343
344.017
1304.3
1751.35
1634.65
1488.08
1722.87
2171.76
2548.06
2776.87
2767.23
2315.57
1544.59
986.806
917.427
973.941
689.993
78.4472
-596.045
-1282.94
-1959.27
-2346.6
-2288.25
-2099.41
-2191.3
-2476.17
-2599.76
-2450.9
-2088.84
-1473.16
-655.775
20.5548
310.017
451.072
848.508
1503.7
2112.03
2481.44
2643.63
2621.58
2437.33
2238.84
2191.52
2219.09
2096.41
1773.87
1408.59
1132
922.022
773.615
713.885
679.885
572.83
382.152
235.584
222.259
284.746
95.9068
-544.585
-1342.67
-1815
-1766.3
-1507.16
-1380.35
-1643.62
-2316.73
-3052.34
-3265.53
-2695.33
-1786.97
-1229.19
-1239.29
-1442.84
-1456.62
-1150.16
-494.044
440.964
1238.59
1422.38
1089.73
857.237
1087.43
1556.54
1949.38
2174.52
2113.87
1609.84
879.292
484.613
599.479
738.696
446.937
-145.771
-721.019
-1239.29
-1700.13
-1870.14
-1693.7
-1559.08
-1754.35
-2024.52
-1980.87
-1642.7
-1200.7
-680.127
-112.689
275.557
383.99
502.532
932.589
1524.38
1909.41
1965.46
1890.11
1826.25
1782.14
1795.92
1948
2170.38
2253.55
2137.76
1959.03
1832.22
1753.19
1754.11
1905.27
2106.52
2072.52
1642
712.506
-487.152
-1433.65
-1706.57
-1450.65
-1332.56
-1788.35
-2839.14
-4038.34
-4721.57
-4474.37
-3512.72
-2589.66
-2297.9
-2569.44
-2803.77
-2480.3
-1550.81
-277.177
962.914
1739.41
1849.68
1635.11
1716.43
2299.03
3036.93
3529.02
3619.07
3268.5
2538.41
1779.38
1434.78
1495.43
1446.73
888.481
-40.0943
-979.697
-1780.54
-2354.41
-2552.44
-2438.95
-2408.63
-2735.77
-3161.23
-3274.72
-2963.2
-2343.84
-1517.73
-667.262
-94.311
141.853
395.017
995.995
1827.62
2521.87
2890.36
2987.77
2902.31
2733.69
2625.25
2648.68
2658.33
2441.01
1997.63
1524.38
1183.46
979.455
862.292
770.858
615.56
336.666
19.1765
-152.203
-80.9865
111.529
-54.7971
-807.857
-1795.7
-2360.84
-2219.33
-1763.08
-1469.48
-1696
-2400.82
-3121.25
-3261.85
-2591.49
-1602.73
-983.832
-957.642
-1154.29
-1152.91
-855.182
-276.718
536.532
1290.97
1552.86
1291.43
1002.43
1092.02
1456.84
1823.95
2042.65
2009.57
1584.11
884.805
390.882
366.531
514.478
345.855
-182.987
-775.695
-1307.29
-1763.54
-1991.43
-1857.27
-1590.32
-1565.51
-1757.11
-1836.6
-1642.24
-1276.51
-811.993
-245.474
251.665
465.315
514.937
736.399
1198.16
1630.97
1835.89
1881.38
1878.16
1844.62
1798.22
1820.73
1934.68
2012.79
1948.46
1796.84
1694.84
1653.95
1600.65
1551.95
1548.27
1532.65
1428.35
1276.27
1064
463.477
-547.342
-1484.19
-1833.84
-1664.3
-1548.05
-1828.33
-2597.01
-3559.58
-4190.43
-4047.53
-3199.36
-2326.84
-2020.84
-2225.76
-2348.9
-1984.08
-1209.43
-231.69
777.291
1507.38
1688.87
1530.81
1612.14
2152
2798.93
3178.45
3220.72
2945.04
2345.44
1656.24
1302.92
1321.75
1247.78
693.209
-191.258
-1035.29
-1733.68
-2257
-2479.38
-2387.95
-2312.14
-2547.84
-2893.36
-2947.58
-2597.93
-2017.16
-1322.92
-607.991
-92.0137
138.177
374.801
944.076
1726.08
2318.33
2548.52
2577.47
2569.2
2568.28
2592.63
2653.74
2677.17
2562.31
2310.52
1991.65
1707.24
1516.11
1409.51
1280.86
1063.54
817.724
630.263
537.91
426.261
-74.554
-1032.08
-2002.46
-2422.87
-2216.11
-1878.41
-1864.16
-2454.11
-3410.72
-4095.32
-3951.96
-3021.55
-1968.92
-1429.05
-1498.43
-1703.35
-1548.51
-923.183
30.663
1075.94
1852.89
2048.17
1792.7
1634.65
1913.08
2440.55
2846.25
2934.47
2654.66
2004.06
1210.56
721.236
685.858
723.993
354.125
-443.962
-1314.65
-2024.98
-2486.28
-2611.25
-2431.6
-2234.95
-2316.73
-2575.87
-2657.2
-2374.63
-1785.6
-1020.59
-234.447
347.693
590.749
706.074
1045.62
1676.92
2320.17
2684.98
2741.96
2606.87
2422.17
2326.14
2357.84
2426.76
2380.36
2163.49
1829.92
1483.03
1222.97
1091.56
1046.08
996.914
882.048
704.236
520.91
395.017
72.4742
-670.478
-1577
-2146.27
-2110.9
-1828.78
-1718.97
-2106.76
-2950.79
-3722.23
-3851.8
-3183.28
-2219.33
-1598.13
-1549.89
-1757.57
-1723.57
-1248.94
-435.692
520.451
1322.67
1672.78
1564.35
1407.21
1603.41
2109.73
2600.9
2820.06
2680.85
2181.87
1478.43
952.806
842.075
920.184
719.858
68.7985
-769.262
-1505.32
-2026.81
-2263.9
-2197.73
-2008.43
-2028.19
-2306.17
-2532.22
-2411.84
-1935.84
-1276.97
-599.261
-58.4728
232.827
367.45
638.073
1207.35
1886.89
2341.76
2456.63
2363.36
2251.71
2234.25
2331.65
2454.79
2452.95
2242.06
1902.52
1602.49
1450.86
1421
1398.94
1336.92
1216.08
1040.1
852.183
749.264
530.559
-153.122
-1141.43
-1898.62
-2018.08
-1789.27
-1673.95
-1967.54
-2741.74
-3610.58
-4045.69
-3681.34
-2781.25
-2013.95
-1790.65
-1947.33
-1975.81
-1604.57
-872.182
113.366
1099.83
1693.46
1722.87
1553.32
1699.43
2203.46
2724.96
3003.85
2985.93
2628.93
1955.35
1296.02
1017.13
1024.02
854.94
242.476
-600.18
-1367.94
-1990.98
-2421.03
-2546.01
-2404.03
-2328.22
-2534.52
-2799.63
-2778.95
-2384.28
-1736.89
-975.102
-288.664
111.988
249.368
469.91
1037.35
1807.41
2412.06
2675.79
2686.36
2588.95
2512.22
2539.33
2653.74
2696.47
2538.41
2208.98
1858.87
1606.62
1458.67
1367.24
1266.62
1110.4
895.373
679.885
565.478
474.964
-3.79671
-954.886
-1909.19
-2307.09
-2094.81
-1793.41
-1815.46
-2415.98
-3372.58
-4050.29
-3926.23
-3043.15
-2074.6
-1631.22
-1757.11
-1968
-1781.92
-1128.56
-176.555
842.994
1586.41
1774.33
1561.14
1475.67
1822.57
2404.25
2862.79
3004.77
2766.31
2159.82
1414.57
954.644
920.643
952.806
600.397
-175.636
-1043.56
-1754.35
-2228.52
-2378.3
-2215.19
-2021.76
-2137.08
-2501.44
-2703.6
-2482.6
-1893.57
-1126.72
-397.097
54.0957
152.421
198.827
593.046
1358.97
2123.98
2535.66
2571.49
2413.44
2268.25
2261.36
2390.01
2519.58
2478.68
2225.06
1868.98
1558.84
1383.32
1325.89
1305.67
1220.67
1042.86
840.697
711.588
700.56
525.964
-169.203
-1188.75
-1953.76
-2038.3
-1706.11
-1481.89
-1742.87
-2601.6
-3602.77
-4059.02
-3599.1
-2590.12
-1801.22
-1661.08
-1936.3
-2056.22
-1694.62
-920.885
61.9065
991.86
1510.59
1492.22
1295.57
1424.22
1947.08
2529.22
2866.47
2840.74
2441.01
1777.54
1192.19
995.076
1076.86
999.671
481.396
-338.286
-1139.59
-1749.3
-2084.25
-2089.76
-1902.3
-1862.78
-2153.63
-2531.3
-2616.76
-2284.11
-1652.35
-909.858
-289.123
14.1224
64.6633
208.475
710.209
1455.92
2087.68
2381.28
2370.25
2227.36
2140.52
2222.76
2415.28
2518.2
2398.74
2109.73
1796.84
1570.78
1463.27
1440.3
1418.24
1319.92
1153.59
982.211
857.697
789.237
480.018
-306.124
-1275.59
-1892.19
-1859.11
-1578.38
-1524.16
-2013.03
-2997.66
-3898.21
-4111.4
-3467.23
-2505.11
-1914.24
-1927.57
-2196.81
-2172
-1639.49
-753.641
246.151
1082.37
1490.84
1470.62
1402.62
1673.7
2235.17
2762.63
3022.23
2933.55
2503.03
1858.87
1341.05
1202.29
1248.24
1058.02
440.504
-391.584
-1151.54
-1729.54
-2056.22
-2092.98
-1977.65
-2016.71
-2330.98
-2672.36
-2728.87
-2403.57
-1788.81
-1083.54
-541.369
-313.475
-237.204
48.1226
689.074
1475.67
2045.41
2271.47
2251.71
2184.63
2219.55
2376.68
2562.76
2607.79
2475.47
2232.41
1971.44
1754.57
1612.14
1551.95
1520.7
1433.86
1266.62
1077.32
948.211
825.994
331.611
-579.964
-1500.73
-1932.16
-1808.57
-1586.65
-1653.73
-2311.68
-3376.26
-4194.56
-4181.24
-3361.55
-2399.44
-1918.38
-2011.19
-2263.9
-2191.76
-1605.03
-612.126
514.937
1361.73
1644.76
1515.65
1457.3
1778
2335.79
2861.88
3156.85
3073.69
2543.01
1777.54
1253.29
1171.97
1239.97
1014.83
388.125
-435.692
-1225.51
-1809.49
-2069.08
-2013.49
-1887.14
-1987.76
-2323.17
-2628.25
-2649.85
-2324.55
-1720.81
-1010.02
-479.801
-274.88
-189.879
116.123
727.669
1434.32
1974.65
2240.22
2251.71
2153.38
2136.84
2281.11
2457.09
2483.74
2337.63
2105.14
1867.6
1672.78
1572.16
1541.84
1494.51
1369.08
1197.7
1054.81
948.211
854.021
449.694
-389.746
-1331.19
-1889.43
-1832.92
-1574.7
-1558.16
-2112.27
-3130.44
-3990.1
-4130.24
-3445.64
-2472.95
-1887.6
-1926.65
-2252.87
-2296.98
-1792.49
-845.074
270.043
1161.86
1500.95
1360.35
1222.05
1506
2149.25
2788.82
3127.9
3035.55
2557.25
1890.11
1412.73
1334.62
1444.89
1323.59
764.885
-58.9323
-881.372
-1502.57
-1801.22
-1787.43
-1669.81
-1760.32
-2151.33
-2604.82
-2794.12
-2574.49
-2027.27
-1366.56
-857.939
-661.748
-624.072
-396.178
175.394
918.346
1544.13
1896.54
1989.81
1958.57
1989.35
2184.17
2436.87
2564.14
2512.22
2344.98
2137.76
1955.81
1888.27
1929.17
1914
1772.49
1561.59
1396.65
1271.21
1165.54
852.643
59.6092
-974.643
-1750.22
-1879.33
-1657.4
-1628.92
-2130.19
-3123.55
-4041.1
-4324.59
-3824.69
-2946.2
-2332.82
-2285.95
-2534.06
-2530.39
-1993.73
-1073.43
-48.8241
833.805
1336
1426.51
1409.05
1673.24
2276.06
2904.61
3243.69
3199.12
2850.39
2327.52
1861.62
1675.08
1693
1574.46
1064.91
300.368
-475.206
-1120.75
-1565.97
-1758.95
-1771.81
-1876.57
-2238.17
-2709.12
-2967.33
-2844.66
-2406.33
-1837.51
-1352.78
-1088.13
-963.156
-714.586
-199.528
492.883
1138.43
1575.84
1781.22
1869.43
2004.06
2226.44
2451.12
2567.36
2572.87
2519.12
2424.01
2290.3
2167.17
2110.65
2047.25
1916.3
1733.43
1574
1432.03
1281.78
1032.29
386.288
-619.018
-1548.51
-1903.68
-1724.49
-1577.46
-1865.54
-2724.28
-3782.42
-4423.83
-4237.75
-3350.99
-2472.49
-2201.41
-2496.38
-2751.39
-2442.17
-1577
-480.26
535.613
1195.4
1367.7
1296.02
1441.67
2020.6
2751.6
3250.12
3372.8
3149.5
2675.33
2134.55
1840.49
1868.52
1890.57
1531.27
788.777
-42.8511
-762.371
-1308.21
-1622.49
-1693.7
-1734.59
-2013.49
-2517.52
-2944.82
-3037.17
-2788.6
-2306.17
-1763.54
-1361.51
-1193.35
-1069.75
-716.884
-92.4731
633.019
1239.05
1621.32
1782.14
1863
2015.08
2269.63
2533.36
2702.9
2733.23
2645.01
2486.03
2330.28
2258.6
2244.36
2196.57
2056.44
1867.14
1698.51
1520.24
1346.57
1003.81
211.692
-878.615
-1762.16
-1978.57
-1752.51
-1669.81
-2108.6
-3094.15
-4114.61
-4551.56
-4144.02
-3222.34
-2496.84
-2388.41
-2691.66
-2806.52
-2347.52
-1422.16
-340.124
631.181
1223.89
1370.46
1372.3
1648.43
2286.63
2958.82
3377.39
3459.18
3222.55
2736.44
2230.11
2014.63
2077.57
2053.22
1616.27
824.156
-33.2024
-758.235
-1268.7
-1511.3
-1571.49
-1721.73
-2151.79
-2724.28
-3113.44
-3161.23
-2906.69
-2450.44
-1977.65
-1676.24
-1567.81
-1420.78
-1014.16
-362.178
360.098
990.941
1433.86
1676.92
1820.73
2008.65
2308.22
2641.33
2869.69
2900.93
2771.82
2602.74
2497.98
2478.22
2479.6
2408.39
2239.76
2016.92
1779.84
1540.92
1341.51
1097.08
434.072
-664.045
-1684.51
-2075.98
-1901.84
-1759.41
-2030.49
-2834.09
-3869.72
-4545.13
-4417.4
-3547.64
-2626.41
-2285.03
-2538.2
-2818.47
-2588.28
-1796.62
-696.208
402.828
1163.7
1394.35
1328.65
1444.89
1994.41
2739.2
3315.37
3552.91
3412.77
2956.07
2381.28
2062.41
2128.11
2236.55
1959.95
1236.75
349.99
-447.179
-1054.13
-1396.89
-1495.67
-1605.95
-1984.54
-2588.28
-3109.77
-3303.2
-3157.09
-2749.09
-2268.49
-1942.27
-1842.57
-1776.87
-1459.38
-832.209
-57.0944
652.776
1159.1
1440.76
1630.05
1902.52
2296.28
2693.25
2960.2
3051.17
2983.17
2855.9
2794.79
2822.82
2835.69
2710.71
2452.03
2155.22
1890.11
1683.81
1518.86
1366.78
934.427
-44.6889
-1245.73
-2054.38
-2132.49
-1865.08
-1825.57
-2317.19
-3341.8
-4388.45
-4795.08
-4258.43
-3193.39
-2446.76
-2442.63
-2854.77
-3005.93
-2530.84
-1533.35
-312.556
757.993
1295.11
1293.73
1224.35
1562.97
2327.06
3117.8
3642.04
3781.26
3498.69
2917.47
2402.41
2334.87
2576.55
2608.71
2110.19
1221.13
270.503
-510.585
-1014.16
-1217.7
-1303.16
-1601.81
-2240
-2982.04
-3444.72
-3486.07
-3210.85
-2805.14
-2498.22
-2418.28
-2446.3
-2271.71
-1719.89
-915.372
-117.744
490.586
874.697
1154.97
1513.35
2013.71
2551.74
2956.98
3161.45
3186.26
3119.17
3106.77
3194.99
3276.31
3196.82
2930.8
2569.2
2208.52
1904.35
1673.24
1491.3
1324.51
919.265
-43.3105
-1332.1
-2273.09
-2412.76
-2062.65
-1873.35
-2241.84
-3220.04
-4344.35
-4881.46
-4420.62
-3297.23
-2381.52
-2235.87
-2648.01
-2919.09
-2560.25
-1596.76
-357.124
766.264
1383.32
1397.57
1238.13
1452.24
2191.52
3083.8
3709.13
3863.51
3546.02
2941.82
2424.47
2357.38
2622.95
2689.58
2184.17
1258.35
314.152
-415.016
-879.074
-1110.18
-1254
-1585.73
-2241.84
-2999.04
-3468.15
-3492.96
-3251.28
-2963.2
-2775.74
-2735.31
-2716.01
-2472.95
-1871.06
-1094.1
-398.935
137.718
582.938
1018.51
1480.27
1978.79
2479.14
2897.71
3175.23
3309.39
3328.69
3313.07
3335.12
3377.39
3315.83
3064.5
2678.55
2255.38
1890.57
1632.35
1450.86
1245.02
839.778
4.47363
-1163.48
-2135.71
-2426.55
-2157.76
-1967.08
-2280.9
-3126.31
-4153.67
-4697.67
-4313.56
-3237.96
-2318.11
-2178.44
-2610.33
-2917.25
-2574.49
-1584.81
-330.935
740.074
1275.81
1236.75
1074.1
1335.54
2125.36
3018.09
3550.61
3613.1
3305.26
2820.52
2444.22
2406.09
2611.01
2622.95
2150.17
1322.21
458.883
-242.258
-734.803
-1011.4
-1178.18
-1486.94
-2074.6
-2772.98
-3255.88
-3356.04
-3179.15
-2911.28
-2724.74
-2704.06
-2737.6
-2584.14
-2087.46
-1374.84
-679.208
-119.581
307.26
689.993
1135.67
1693
2298.57
2802.15
3104.01
3206.93
3192.23
3186.72
3266.2
3381.99
3392.1
3182.12
2790.2
2353.71
2020.6
1840.03
1718.27
1523.92
1172.43
486.91
-593.748
-1668.89
-2168.79
-1987.3
-1677.62
-1799.84
-2514.76
-3614.72
-4500.56
-4567.19
-3745.67
-2701.76
-2262.06
-2602.06
-3162.15
-3205.8
-2483.06
-1279.73
-80.5271
709.29
907.778
761.669
830.129
1449.49
2424.47
3240.47
3602.99
3523.5
3164.2
2763.55
2599.98
2793.42
3041.99
2895.42
2220.92
1266.16
389.963
-201.366
-471.53
-580.423
-811.074
-1381.27
-2231.27
-3016.5
-3395.09
-3318.36
-3035.79
-2858.44
-2944.82
-3182.36
-3257.72
-2908.98
-2189
-1385.86
-749.046
-322.205
24.69
470.829
1093.86
1808.79
2440.09
2860.96
3058.07
3111.82
3140.31
3245.07
3421.96
3523.5
3386.58
3018.55
2603.2
2290.76
2106.06
1972.81
1809.7
1546.43
1191.27
612.343
-330.016
-1351.4
-1931.25
-1863.7
-1593.54
-1677.62
-2330.98
-3403.82
-4332.4
-4512.97
-3830.21
-2852.47
-2376.01
-2661.33
-3224.63
-3323.88
-2675.58
-1547.59
-392.503
417.991
663.344
525.505
575.586
1200
2208.52
3061.28
3442.18
3376.01
3053.47
2721.28
2646.85
2932.63
3249.2
3121.47
2423.55
1479.81
692.29
209.854
-8.85081
-131.068
-403.989
-1035.29
-1949.62
-2772.98
-3141.01
-3045.9
-2792.28
-2694.87
-2912.66
-3311.47
-3547.64
-3272.42
-2490.41
-1582.97
-931.912
-650.721
-523.45
-214.69
463.937
1393.89
2220.01
2668.9
2748.85
2676.25
2694.63
2911.96
3245.53
3466.07
3375.1
2998.8
2552.2
2223.22
2076.65
2053.68
2025.19
1845.08
1455.46
1007.48
565.938
-50.2025
-851.966
-1503.03
-1675.78
-1543
-1566.89
-2002.46
-2815.25
-3666.64
-4067.75
-3752.1
-2968.71
-2376.01
-2428.38
-2917.71
-3174.55
-2778.04
-1877.49
-868.047
-63.0675
328.395
310.017
272.341
653.236
1473.38
2315.57
2815.47
2935.85
2807.66
2579.77
2430.9
2555.87
2854.98
2934.93
2537.49
1820.27
1132.46
639.452
331.611
134.961
-93.392
-552.396
-1286.62
-2050.25
-2520.28
-2625.03
-2561.17
-2529.93
-2645.25
-2898.87
-3122.63
-3050.5
-2570.82
-1908.27
-1367.48
-1044.02
-820.722
-530.342
-56.635
609.587
1309.81
1808.79
2023.81
2086.76
2176.36
2394.6
2705.66
2967.55
3023.15
2859.58
2625.71
2457.55
2377.6
2338.09
2282.95
2149.71
1903.89
1609.38
1291.43
768.561
-31.3645
-804.641
-1148.32
-1060.56
-987.048
-1308.67
-2098.03
-3049.12
-3651.48
-3586.23
-2998.12
-2455.49
-2454.11
-2942.52
-3357.88
-3203.5
-2497.76
-1604.11
-889.642
-563.423
-592.829
-626.369
-264.312
553.992
1477.05
2098.71
2299.95
2231.03
2129.03
2169.92
2429.52
2788.82
2949.63
2707.96
2162.57
1608.46
1240.89
1030
860.913
610.046
178.61
-451.314
-1123.97
-1590.78
-1754.35
-1738.73
-1767.22
-1987.76
-2376.92
-2723.82
-2785.39
-2490.41
-2028.19
-1671.65
-1541.62
-1544.38
-1460.3
-1105.13
-466.017
236.962
731.344
949.13
1048.83
1219.75
1555.16
2027.03
2482.82
2724.5
2701.06
2574.25
2521.87
2602.28
2758.5
2883.47
2890.82
2736.44
2457.55
2187.84
1976.49
1592.84
878.373
107.393
-298.772
-339.664
-428.8
-860.236
-1667.05
-2632.85
-3331.69
-3451.15
-3111.15
-2806.52
-2932.87
-3423.58
-3844.91
-3809.53
-3315.61
-2627.33
-1996.95
-1588.94
-1438.7
-1312.81
-868.047
-47.9052
843.913
1483.49
1825.79
1986.6
2095.03
2248.49
2560.93
2993.74
3279.53
3202.34
2824.66
2394.14
2038.52
1783.52
1625
1455.92
1109.02
512.64
-199.988
-810.155
-1187.37
-1385.86
-1560
-1860.03
-2314.44
-2770.68
-3018.79
-2971.93
-2772.98
-2601.6
-2504.2
-2427.47
-2260.68
-1901.38
-1360.59
-777.533
-282.231
120.258
498.856
897.211
1347.03
1845.08
2323.84
2687.74
2903.69
3028.2
3124.69
3233.58
3370.96
3517.99
3591.96
3528.1
3344.31
3135.72
2860.5
2222.76
1228.94
356.882
40.3118
83.0418
-93.392
-751.343
-1859.57
-3070.25
-3823.77
-3787.48
-3237.5
-2925.06
-3308.72
-4149.53
-4744.08
-4617.73
-3883.96
-2961.36
-2226.68
-1931.25
-2036
-2041.52
-1441.92
-289.583
857.237
1574
1871.73
1974.19
2105.6
2427.22
3041.99
3744.5
4091.4
3885.1
3386.12
2989.15
2786.98
2696.47
2623.87
2425.39
1914
1070.43
167.124
-451.314
-716.424
-891.939
-1236.54
-1830.62
-2580.93
-3264.61
-3605.99
-3510.88
-3249.9
-3133.66
-3237.96
-3409.34
-3404.74
-3041.77
-2319.03
-1485.11
-835.425
-448.098
-179.312
186.421
798.426
1600.19
2353.71
2817.77
2986.39
3072.31
3228.07
3478.93
3758.75
3971.48
3992.61
3786.78
3479.85
3226.23
3083.8
2991.9
2766.31
2122.6
1075.02
60.9876
-472.449
-540.909
-599.261
-1044.48
-1993.73
-3166.28
-3993.32
-4096.24
-3617.93
-3185.12
-3325.72
-4002.96
-4654.48
-4717.43
-4096.24
-3117.12
-2243.22
-1816.84
-1845.78
-1897.24
-1468.11
-465.098
716.182
1608
2038.52
2126.73
2150.63
2386.33
2958.36
3659.04
4083.59
4001.8
3550.15
3065.88
2766.31
2673.96
2644.55
2453.41
1926.87
1085.59
188.718
-462.8
-783.965
-953.048
-1226.43
-1761.7
-2526.71
-3282.99
-3723.15
-3709.83
-3426.8
-3202.12
-3231.99
-3438.28
-3534.77
-3257.26
-2550.6
-1641.78
-874.48
-443.044
-220.663
102.339
740.534
1621.32
2452.95
2969.85
3121.47
3110.9
3179.36
3438.5
3809.75
4083.59
4095.53
3845.13
3493.64
3217.5
3090.69
3054.39
2942.28
2438.71
1443.05
344.936
-309.34
-406.287
-390.665
-722.857
-1578.84
-2778.5
-3811.37
-4178.48
-3846.75
-3371.2
-3385.45
-4003.88
-4721.11
-4933.38
-4470.24
-3597.26
-2729.79
-2203.71
-2124.68
-2157.76
-1786.97
-853.344
307.719
1251.46
1811.08
2061.95
2192.9
2439.63
2968.47
3674.67
4181.91
4225.1
3889.24
3471.12
3167.88
3017.63
2940.9
2769.52
2334.41
1608
767.642
49.0416
-435.692
-779.83
-1145.1
-1650.51
-2311.68
-2993.98
-3481.01
-3640.45
-3557.74
-3436.91
-3425.88
-3526.04
-3573.37
-3353.74
-2789.06
-2034.62
-1350.02
-859.317
-489.909
-81.446
491.505
1225.73
1966.38
2510.39
2793.87
2958.36
3169.26
3462.39
3739.91
3901.18
3910.37
3801.48
3650.77
3518.91
3408.64
3266.2
3054.39
2779.17
2249.87
1295.57
222.719
-419.151
-475.665
-436.152
-799.587
-1693.24
-2925.06
-3962.99
-4291.05
-3865.59
-3289.42
-3273.34
-3954.26
-4767.97
-5000
-4448.18
-3465.85
-2557.95
-2087.46
-2145.35
-2321.79
-1979.49
-918.129
381.233
1303.38
1685.65
1752.27
1830.38
2157.52
2815.93
3623.21
4137.8
4086.35
3639.29
3223.01
3054.39
3053.01
3051.17
2877.5
2394.14
1626.38
808.994
213.989
-86.9596
-287.745
-622.694
-1183.24
-1882.54
-2535.9
-2955.39
-3045.9
-2963.66
-2972.39
-3159.39
-3401.53
-3514.1
-3378.55
-2956.77
-2370.95
-1850.38
-1497.97
-1201.16
-811.533
-247.772
471.748
1211.02
1771.57
2068.84
2258.6
2512.22
2868.31
3271.72
3622.75
3788.15
3695.8
3472.04
3325.47
3329.15
3373.26
3314.45
3079.2
2698.31
2262.74
1747.22
1067.21
328.855
-222.501
-513.801
-759.154
-1174.97
-1847.16
-2715.55
-3491.58
-3827.91
-3671.69
-3377.64
-3373.96
-3779.21
-4280.94
-4433.48
-4056.26
-3345.01
-2644.79
-2203.71
-2092.98
-2075.98
-1752.51
-944.318
77.5283
889.4
1316.24
1469.24
1593.76
1900.68
2463.06
3112.74
3542.34
3593.34
3371.88
3109.99
2947.34
2881.63
2854.98
2746.09
2432.74
1863
1163.7
599.019
270.503
49.0416
-277.637
-772.938
-1376.21
-1990.52
-2451.82
-2679.25
-2777.12
-2892.44
-3052.34
-3188.8
-3262.77
-3218.66
-2968.25
-2529.01
-2032.33
-1605.95
-1256.75
-900.209
-426.962
207.097
908.697
1497.27
1875.41
2140.06
2427.68
2782.39
3150.42
3459.64
3622.29
3583.23
3436.2
3343.85
3359.93
3383.37
3290.55
3058.07
2726.79
2377.6
1967.76
1337.38
553.532
-83.7433
-370.908
-505.071
-820.263
-1457.54
-2374.63
-3275.63
-3748.42
-3627.12
-3236.58
-3132.28
-3558.2
-4219.37
-4557.08
-4281.86
-3577.04
-2857.52
-2430.68
-2385.19
-2486.74
-2283.65
-1530.59
-474.747
387.666
829.67
1005.64
1192.65
1568.49
2165.33
2875.2
3412.77
3537.75
3321.8
3081.5
3025.44
3107.69
3180.74
3100.34
2760.79
2184.63
1555.16
1068.59
786.48
574.668
252.584
-260.177
-902.507
-1510.38
-1924.81
-2102.17
-2189.92
-2376.46
-2683.85
-2984.79
-3144.23
-3080.82
-2812.95
-2480.76
-2229.9
-2059.89
-1832.92
-1451.11
-910.777
-288.204
293.017
727.209
1027.24
1327.27
1711.84
2131.33
2486.49
2731.85
2868.77
2918.39
2931.25
2953.31
2977.2
2951.93
2865.55
2738.74
2588.04
2411.14
2214.95
2035.76
1868.98
1553.32
910.995
102.799
-483.936
-665.424
-682.424
-875.858
-1416.19
-2273.55
-3123.09
-3526.5
-3335.82
-2907.6
-2787.68
-3192.47
-3824.69
-4142.64
-3861.91
-3142.85
-2406.33
-2020.84
-2084.71
-2296.98
-2146.73
-1427.21
-434.773
338.044
673.452
709.75
764.885
1079.62
1682.89
2376.68
2838.44
2901.39
2702.9
2550.36
2601.82
2776.42
2902.77
2834.77
2517.74
2028.41
1537.7
1184.83
979.914
795.669
481.396
-3.79671
-573.072
-1069.29
-1370.24
-1469.02
-1512.21
-1693.7
-2049.33
-2425.17
-2605.28
-2488.11
-2171.08
-1885.3
-1794.32
-1849.46
-1821.89
-1525.54
-973.724
-372.746
55.474
250.746
361.936
604.073
1052.05
1579.05
1995.79
2204.84
2232.87
2210.36
2281.11
2479.14
2683.14
2758.5
2687.28
2545.31
2400.11
2289.84
2216.79
2135.46
2021.06
1818.89
1364.03
638.533
-45.1484
-330.475
-273.502
-289.123
-675.532
-1483.27
-2466.06
-3135.96
-3152.96
-2704.52
-2404.95
-2702.22
-3485.61
-4168.83
-4216.16
-3598.18
-2772.06
-2255.17
-2276.3
-2635.6
-2779.41
-2266.65
-1214.94
-210.555
296.233
338.503
284.287
489.667
1089.73
1947.54
2677.63
2937.23
2747.93
2492.93
2514.52
2786.98
3064.04
3137.55
2926.2
2480.52
1981.08
1635.11
1508.76
1464.19
1273.97
825.534
190.097
-426.503
-838.641
-993.481
-1026.56
-1187.37
-1586.19
-2089.3
-2462.38
-2535.44
-2312.14
-1997.41
-1875.65
-2035.08
-2222.54
-2126.98
-1668.43
-1023.81
-472.449
-199.069
-162.771
-98.4461
240.178
838.399
1444.89
1806.03
1880
1824.41
1853.35
2082.63
2428.6
2687.28
2703.82
2523.71
2316.49
2223.68
2265.95
2342.68
2314.65
2117.09
1812.46
1438.92
929.373
334.828
-123.717
-306.583
-375.502
-616.261
-1161.18
-1954.68
-2727.95
-3120.34
-2989.85
-2627.33
-2539.57
-2972.85
-3652.85
-4027.78
-3790.23
-3129.07
-2498.68
-2234.03
-2384.28
-2648.93
-2535.44
-1814.54
-804.182
-63.9864
181.367
162.07
256.259
672.533
1367.7
2102.38
2557.71
2605.95
2449.28
2418.95
2624.79
2893.12
3025.44
2936.31
2650.06
2265.03
1938.81
1760.54
1667.27
1497.27
1157.27
702.398
240.178
-143.474
-420.989
-595.585
-739.397
-977.859
-1346.35
-1721.73
-1939.06
-1939.52
-1797.08
-1660.16
-1667.51
-1835.68
-1965.7
-1837.97
-1445.13
-981.075
-643.829
-504.612
-484.855
-385.151
-41.4727
490.126
983.13
1256.97
1289.59
1228.48
1277.65
1523.46
1841.87
2024.27
1992.11
1845.08
1735.73
1748.6
1857.03
1935.6
1875.41
1678.3
1456.38
1337.84
1280.86
1035.05
487.829
-103.96
-388.827
-360.8
-352.529
-619.018
-1230.56
-2025.43
-2597.01
-2615.39
-2212.9
-1940.43
-2205.09
-2869.93
-3414.85
-3433.23
-2952.17
-2342.92
-1988.68
-2063.11
-2398.98
-2527.63
-2112.27
-1306.37
-597.423
-271.664
-220.663
-164.149
100.961
608.668
1246.86
1780.3
2017.38
1999
1979.71
2152.46
2457.55
2723.58
2840.74
2779.17
2570.12
2336.71
2201.17
2171.76
2127.19
1942.95
1592.38
1139.35
702.398
380.315
191.016
47.2037
-197.231
-606.153
-1099.62
-1511.76
-1717.59
-1725.41
-1662.46
-1698.76
-1926.19
-2242.3
-2415.06
-2285.95
-1915.62
-1531.05
-1327.97
-1341.29
-1391.84
-1221.37
-746.749
-147.149
312.314
518.154
551.694
607.749
854.94
1290.51
1729.3
1973.27
2000.84
1944.79
1964.08
2112.03
2322.47
2454.33
2425.39
2266.87
2080.33
1956.27
1875.87
1637.41
1103.97
484.153
112.447
52.2578
6.31148
-281.772
-905.264
-1744.7
-2424.71
-2602.98
-2331.9
-2099.87
-2332.82
-3007.77
-3669.85
-3848.13
-3460.34
-2846.5
-2438.49
-2461.93
-2800.55
-2990.31
-2608.49
-1709.32
-807.398
-317.151
-209.177
-172.879
100.961
721.236
1567.11
2314.65
2658.79
2615.6
2514.98
2649.6
2985.93
3297.91
3429.31
3333.28
3024.53
2644.09
2382.2
2287.09
2217.25
1994.87
1584.11
1051.59
506.207
62.366
-220.663
-397.557
-623.613
-1007.26
-1494.75
-1942.73
-2223
-2296.06
-2231.27
-2178.44
-2271.71
-2488.57
-2636.52
-2534.06
-2169.71
-1715.3
-1361.05
-1197.94
-1161.64
-1041.72
-673.694
-97.5272
465.315
814.507
922.941
941.319
1080.54
1417.78
1812
2068.84
2119.84
2039.9
1952.6
1951.68
2044.95
2131.33
2086.3
1889.65
1647.51
1483.49
1426.51
1409.05
1257.43
801.183
162.988
-316.691
-431.557
-355.746
-405.827
-759.154
-1418.02
-2108.14
-2434.82
-2257.46
-1883.46
-1776.41
-2131.11
-2702.68
-3027.98
-2839.14
-2287.79
-1758.95
-1537.49
-1677.62
-1935.84
-1894.03
-1358.75
-605.694
-84.2028
55.9335
1.71685
33.8793
333.449
889.4
1484.86
1820.73
1792.25
1606.62
1568.49
1779.38
2089.52
2288.01
2271.47
2044.95
1741.24
1537.7
1511.51
1563.43
1501.4
1236.75
829.67
431.774
177.691
87.177
51.7983
-78.6892
-368.151
-738.478
-1061.94
-1259.51
-1321.08
-1297.65
-1301.32
-1421.24
-1620.65
-1770.43
-1785.6
-1670.27
-1473.16
-1278.81
-1177.73
-1181.4
-1175.43
-1033.45
-741.235
-391.584
-110.392
43.9875
102.339
170.799
366.071
694.128
1039.64
1268
1333.7
1313.94
1325.43
1458.22
1682.43
1872.65
1932.38
1880.46
1807.87
1786.73
1840.03
1933.76
1990.73
1853.81
1409.51
829.21
468.072
491.045
647.263
574.208
127.15
-619.477
-1357.83
-1696.46
-1515.43
-1173.59
-1202.54
-1784.68
-2583.22
-3060.15
-2937.01
-2413.68
-1955.14
-1905.52
-2287.79
-2750.01
-2793.66
-2228.98
-1397.35
-834.966
-749.965
-919.966
-954.426
-591.91
136.799
925.238
1386.54
1393.89
1206.89
1213.32
1553.32
2039.44
2400.57
2485.58
2293.52
1978.79
1779.84
1805.57
1945.71
1975.11
1770.19
1361.73
895.373
546.64
381.693
327.936
219.043
-66.2837
-514.72
-970.048
-1246.64
-1296.73
-1233.32
-1251.7
-1463.05
-1803.51
-2075.52
-2096.19
-1860.49
-1543.46
-1359.21
-1389.54
-1500.27
-1463.05
-1147.86
-650.721
-206.42
19.1765
58.2308
98.2041
304.963
701.02
1132
1387.92
1400.32
1309.81
1324.05
1504.16
1752.27
1920.44
1922.27
1795
1653.95
1609.84
1656.7
1695.76
1639.7
1492.22
1336
1205.97
999.671
641.749
251.665
33.8793
21.4738
12.744
-182.987
-622.694
-1185.08
-1607.32
-1677.16
-1451.57
-1254
-1380.35
-1828.78
-2276.76
-2377.38
-2077.35
-1643.16
-1397.35
-1470.4
-1752.97
-1934.92
-1743.78
-1223.21
-713.667
-512.423
-595.126
-712.748
-635.099
-309.34
140.475
489.207
578.803
467.613
393.18
531.019
813.588
1050.67
1129.24
1074.56
969.346
911.454
953.725
1067.21
1149.46
1112.24
974.86
817.724
727.669
713.885
734.101
735.02
675.29
541.127
374.801
261.773
226.854
238.34
227.313
140.015
-28.1483
-215.609
-325.421
-338.745
-316.232
-339.664
-442.584
-608.91
-745.37
-765.127
-674.154
-585.937
-593.748
-681.505
-769.722
-783.506
-698.965
-546.882
-418.233
-371.827
-380.557
-361.259
-263.853
-88.7974
128.988
321.963
443.72
519.072
626.127
807.615
1043.78
1272.13
1432.94
1521.16
1585.49
1669.11
1705.41
1586.87
1366.32
1216.54
1256.97
1360.81
1313.02
1002.43
483.234
-20.7968
-278.096
-249.15
-168.744
-347.935
-884.128
-1533.81
-1932.62
-1942.73
-1759.87
-1697.38
-1919.3
-2383.36
-2843.28
-2966.88
-2660.41
-2203.71
-1987.3
-2093.44
-2299.28
-2324.09
-2030.03
-1466.73
-861.155
-491.287
-418.233
-404.449
-155.879
355.044
921.562
1351.62
1593.3
1684.27
1754.57
1943.41
2261.82
2564.6
2707.96
2681.77
2556.79
2422.17
2343.6
2337.17
2344.52
2252.63
1985.68
1602.03
1245.02
999.671
829.21
644.965
388.585
29.2846
-422.827
-871.263
-1192.43
-1341.29
-1412.51
-1542.54
-1794.32
-2128.35
-2415.52
-2512.01
-2381.06
-2158.22
-2036
-2075.52
-2152.25
-2085.17
-1788.35
-1335.78
-911.237
-664.964
-578.126
-477.044
-185.285
304.503
831.048
1205.05
1359.43
1409.51
1541.84
1837.27
2208.52
2489.25
2584.36
2514.98
2410.68
2402.41
2518.2
2598.14
2403.33
1939.73
1466.49
1236.29
1205.51
1123.73
808.075
227.313
-450.854
-945.696
-1093.18
-1028.86
-1102.37
-1517.73
-2139.84
-2636.98
-2793.2
-2655.82
-2453.65
-2419.19
-2638.36
-2959.98
-3077.61
-2826.28
-2348.44
-1951.46
-1789.73
-1792.03
-1754.81
-1499.81
-1002.21
-401.692
60.0687
264.53
324.26
467.153
814.967
1276.73
1677.84
1913.08
1974.65
1948.46
1967.3
2103.3
2303.63
2419.41
2370.25
2199.79
2012.33
1885.06
1820.73
1772.49
1665.43
1437.54
1115
807.156
600.397
477.261
347.233
155.178
-111.311
-424.665
-725.613
-946.156
-1088.13
-1207.59
-1336.24
-1485.57
-1655.11
-1829.24
-1949.16
-1970.3
-1905.52
-1798.46
-1695.54
-1628.92
-1594
-1516.35
-1341.29
-1068.37
-767.425
-518.396
-347.475
-228.934
-74.554
181.826
515.856
820.021
1005.64
1103.97
1217
1410.89
1665.89
1900.68
2034.38
2056.44
2039.44
2067.92
2165.33
2244.82
2141.9
1841.87
1523.46
1370
1370.92
1336.46
1109.48
631.641
39.8523
-395.719
-521.612
-471.99
-552.396
-925.939
-1473.62
-1918.84
-2087
-2030.95
-1946.87
-2003.84
-2262.06
-2616.76
-2816.63
-2689.36
-2340.63
-2064.03
-2019
-2114.11
-2148.11
-1984.08
-1625.24
-1181.4
-821.182
-640.153
-567.558
-414.557
-78.6892
352.287
730.885
1001.51
1191.73
1344.73
1521.16
1761
2054.14
2297.65
2404.25
2394.6
2354.17
2349.57
2374.84
2411.14
2418.95
2322.93
2093.19
1808.79
1582.73
1432.49
1287.29
1075.02
776.372
410.639
42.6091
-245.015
-449.017
-670.478
-1013.24
-1441.46
-1808.57
-2021.3
-2094.35
-2123.3
-2220.71
-2437.11
-2687.98
-2770.22
-2598.85
-2296.52
-2064.03
-1976.73
-1942.27
-1802.14
-1463.51
-977.399
-514.26
-211.934
-41.4727
159.313
528.262
1042.4
1551.03
1899.3
2056.44
2129.95
2277.9
2558.17
2864.17
3050.26
3057.15
2952.85
2840.74
2735.52
2576.55
2335.79
2059.65
1806.95
1575.84
1300.16
902.265
364.693
-195.852
-611.667
-847.831
-1033.91
-1344.05
-1839.81
-2387.03
-2771.14
-2898.87
-2877.28
-2891.52
-3034.42
-3284.82
-3495.72
-3478.72
-3197.07
-2830.41
-2591.95
-2496.38
-2390.25
-2133.41
-1705.65
-1180.48
-665.424
-267.988
1.25739
266.827
667.479
1187.13
1662.68
1983.38
2170.84
2300.41
2443.76
2633.52
2840.74
2972.15
2958.82
2827.88
2669.82
2540.25
2422.17
2265.95
2050
1770.19
1432.49
1086.05
787.858
543.424
301.746
22.8522
-289.583
-618.559
-924.561
-1168.08
-1339.92
-1482.35
-1660.16
-1879.33
-2076.89
-2175.68
-2163.73
-2098.49
-2046.11
-2036.46
-2034.62
-1960.65
-1759.87
-1475
-1197.48
-987.048
-811.993
-596.964
-312.556
12.744
329.314
594.424
796.588
965.211
1150.83
1368.16
1570.78
1716.89
1793.62
1825.33
1849.22
1884.6
1909.87
1888.27
1815.22
1716.43
1609.38
1500.49
1371.84
1163.24
868.265
579.262
403.747
324.72
207.097
-39.6348
-400.313
-770.181
-1012.78
-1073.89
-1042.18
-1104.67
-1360.13
-1693.24
-1894.95
-1885.3
-1763.08
-1658.78
-1643.16
-1729.08
-1850.38
-1848.54
-1631.67
-1312.35
-1087.21
-1019.21
-1007.26
-930.534
-741.235
-458.665
-154.501
66.9606
150.123
173.097
271.881
482.315
724.912
902.265
995.536
1035.05
1068.13
1125.1
1208.27
1291.43
1324.51
1282.24
1195.86
1126.94
1089.73
1058.94
1022.64
977.157
885.265
726.29
563.181
474.505
443.261
393.18
286.125
151.961
14.1224
-119.122
-211.474
-247.772
-279.934
-403.07
-608.45
-775.695
-817.047
-766.506
-731.127
-770.181
-885.966
-1017.37
-1061.48
-958.102
-772.938
-647.505
-654.856
-721.019
-705.857
-537.234
-278.096
-59.8512
37.0955
30.663
26.5279
134.502
376.179
648.182
812.21
844.372
826.913
868.724
1000.59
1173.81
1303.84
1335.54
1275.35
1189.43
1132.92
1087.43
1000.59
861.373
731.804
636.695
530.559
353.666
106.015
-154.041
-360.34
-485.314
-560.207
-656.694
-836.344
-1069.29
-1242.05
-1287.08
-1259.05
-1261.35
-1322
-1407.46
-1475.46
-1469.02
-1344.51
-1152
-1015.99
-989.345
-981.994
-879.074
-680.127
-462.341
-274.421
-124.176
-27.2293
24.69
108.312
274.638
450.153
538.37
555.37
582.938
633.479
675.29
712.966
756.155
772.696
727.209
658.749
627.965
630.263
619.695
578.803
529.64
476.342
405.126
353.666
362.395
400.531
395.017
325.179
242.935
191.475
170.799
169.88
179.529
164.826
85.3392
-41.0132
-123.257
-101.203
-24.0131
9.06826
-43.3105
-146.23
-244.555
-292.34
-262.015
-188.501
-153.582
-206.42
-305.664
-355.746
-312.097
-223.42
-168.285
-186.204
-253.745
-307.961
-284.069
-182.528
-73.1757
-29.0672
-48.3646
-68.581
-44.6889
29.2846
126.231
220.421
288.422
316.449
321.963
349.071
399.612
408.801
355.504
305.422
327.017
385.828
398.693
336.666
233.286
136.799
87.6365
96.3663
133.123
121.177
8.14933
-155.879
-257.42
-246.393
-196.771
-201.825
-280.394
-392.962
-487.612
-524.369
-496.341
-450.854
-464.179
-541.369
-618.559
-631.423
-591.91
-550.558
-522.531
-515.179
-541.369
-589.153
-587.315
-499.558
-398.016
-358.502
-363.097
-341.962
-276.718
-199.069
-111.771
-5.63456
87.177
123.934
135.421
207.097
350.449
487.829
569.154
609.127
634.398
660.128
719.858
834.724
956.481
1007.02
973.022
924.779
915.13
927.995
922.022
890.319
831.967
726.75
585.695
453.829
356.422
267.287
160.691
40.7712
-95.6894
-260.177
-429.719
-563.882
-643.829
-701.721
-774.776
-867.588
-970.967
-1055.51
-1077.1
-1019.67
-928.237
-882.75
-899.291
-907.561
-828.533
-655.316
-456.827
-298.313
-193.096
-114.527
-21.2563
124.394
324.26
530.559
673.912
739.155
771.777
838.399
945.914
1034.13
1031.83
944.535
848.508
808.994
820.94
811.751
717.561
534.235
337.125
201.583
139.556
91.7716
-20.3374
-209.177
-403.07
-518.855
-546.882
-554.234
-602.477
-697.586
-810.155
-893.777
-907.101
-841.858
-757.316
-731.586
-766.965
-790.857
-755.479
-677.37
-573.072
-448.557
-338.286
-284.988
-259.258
-184.825
-51.5809
78.9067
162.07
214.448
258.097
293.017
327.936
388.585
467.613
512.64
499.316
471.288
471.288
484.153
482.775
478.64
473.126
436.369
367.909
320.584
328.395
344.017
315.99
250.746
185.502
133.583
97.2852
90.3933
104.177
92.2311
25.1495
-66.2837
-119.122
-116.825
-97.0677
-91.5542
-124.176
-192.636
-273.042
-305.664
-263.393
-194.474
-163.69
-181.609
-213.312
-233.069
-220.663
-172.42
-109.473
-77.7703
-96.1488
-124.636
-123.257
-77.7703
-12.067
43.9875
70.6363
68.7985
70.1769
101.88
162.07
213.529
229.151
212.151
185.962
174.475
191.935
220.881
218.583
174.475
117.961
98.6636
123.475
155.637
137.718
53.1767
-56.1755
-124.176
-114.527
-52.4998
-1.49939
-15.7428
-86.9596
-146.23
-128.771
-43.77
41.2307
71.0958
41.2307
-11.6076
-42.3916
-24.932
31.1225
77.9877
69.7174
10.4467
-55.2566
-92.9326
-98.4461
-86.0406
-69.9594
-94.7704
-177.474
-270.745
-312.097
-296.934
-281.772
-298.313
-343.8
-405.368
-463.719
-489.449
-458.206
-392.043
-338.286
-324.962
-329.097
-309.799
-254.664
-173.798
-77.3108
14.5818
73.8526
102.339
142.772
238.8
372.044
483.694
531.937
530.559
528.262
556.748
633.479
718.02
745.128
672.074
566.857
525.045
534.694
521.829
438.207
309.098
174.475
62.366
-5.1751
-55.2566
-135.663
-251.447
-369.07
-456.368
-518.396
-574.45
-627.288
-665.883
-683.802
-695.289
-706.775
-690.694
-625.45
-526.666
-437.989
-381.016
-334.61
-261.556
-143.014
4.01417
143.691
258.557
346.774
427.639
526.424
648.182
766.264
842.535
862.751
858.156
869.643
905.941
928.914
897.211
810.372
695.047
580.181
485.532
406.045
308.179
172.178
8.14933
-142.095
-265.231
-369.529
-470.611
-582.72
-701.721
-817.047
-907.101
-959.94
-983.832
-1001.29
-1023.81
-1041.26
-1033.45
-991.183
-921.345
-835.425
-742.614
-648.424
-556.072
-448.098
-315.313
-168.744
-27.6888
104.637
238.8
366.99
475.883
565.938
659.209
757.074
835.643
874.238
884.805
889.4
889.859
876.075
840.697
785.102
703.317
600.397
492.883
399.612
308.179
195.151
60.0687
-77.7703
-198.609
-304.745
-395.719
-479.801
-561.126
-638.775
-704.019
-753.641
-786.722
-794.533
-779.83
-753.641
-724.695
-686.1
-635.099
-569.855
-481.638
-374.124
-255.123
-139.798
-34.5807
67.8796
180.448
302.206
416.153
510.802
598.1
678.966
747.885
804.399
851.264
892.157
917.427
923.4
907.319
878.373
843.913
797.048
730.426
650.019
561.803
448.315
314.611
180.908
63.2849
-44.6889
-155.879
-268.448
-377.8
-487.152
-591.45
-680.127
-748.587
-807.398
-860.236
-888.263
-888.723
-892.858
-911.696
-916.291
-874.939
-794.992
-711.37
-637.397
-568.018
-489.449
-395.719
-285.448
-170.582
-54.7971
59.6092
161.61
249.827
337.584
434.991
531.019
606.37
661.966
698.723
723.534
737.317
739.615
728.588
707.452
672.993
622.911
563.64
508.964
455.207
386.747
300.368
203.881
110.61
22.3927
-62.1485
-143.474
-221.123
-290.961
-360.8
-439.827
-519.774
-590.991
-650.261
-690.694
-704.478
-700.802
-701.721
-708.613
-695.748
-645.207
-567.558
-491.747
-433.395
-385.151
-324.502
-238.582
-136.582
-32.2834
73.3931
170.799
250.746
311.855
369.747
435.91
510.343
583.397
637.614
664.263
668.398
672.074
688.155
705.615
707.912
687.236
648.641
603.614
554.911
501.613
436.369
361.477
282.449
198.367
111.988
28.3657
-48.8241
-133.365
-225.717
-315.313
-387.449
-444.422
-485.774
-514.72
-548.72
-592.369
-638.315
-664.505
-667.262
-653.478
-633.721
-618.099
-598.342
-564.342
-515.179
-454.071
-378.259
-287.745
-198.609
-120.041
-43.3105
43.528
133.583
213.989
287.044
352.747
409.72
456.585
502.991
552.613
595.803
625.208
633.019
620.154
587.532
546.64
515.397
489.667
457.964
405.126
336.206
262.692
194.232
132.664
69.2579
0.33846
-80.0676
-169.663
-256.042
-322.664
-370.448
-415.476
-464.638
-511.963
-554.693
-591.91
-612.586
-607.991
-594.207
-586.396
-579.504
-556.072
-516.098
-472.909
-422.827
-366.313
-313.475
-262.475
-200.447
-128.311
-55.2566
18.717
93.6095
160.691
221.34
290.719
367.45
433.612
480.478
517.694
553.073
582.019
601.776
616.938
629.344
632.56
617.857
590.289
565.938
542.965
506.207
451.072
389.504
337.125
280.152
204.8
117.502
31.582
-47.9052
-123.717
-196.312
-270.745
-347.935
-419.151
-469.233
-503.693
-531.261
-552.396
-572.153
-592.829
-611.207
-609.369
-584.099
-552.855
-526.666
-496.341
-450.854
-388.367
-324.962
-267.529
-212.852
-151.744
-75.9324
12.744
102.339
175.853
237.421
304.963
373.423
424.882
455.667
486.451
523.667
552.613
564.1
559.505
543.424
525.045
509.424
487.369
445.558
384.909
317.828
244.313
164.367
88.5554
25.6089
-34.5807
-102.581
-176.095
-254.664
-335.07
-403.07
-437.989
-450.854
-476.584
-525.287
-565.261
-572.612
-558.828
-543.207
-525.747
-498.639
-458.206
-412.719
-363.097
-303.826
-234.447
-166.447
-106.716
-42.3916
29.2846
103.258
170.34
238.34
305.882
364.233
410.18
441.423
468.072
497.018
521.37
537.451
545.262
546.64
535.613
507.586
476.342
447.856
413.855
369.287
319.665
269.124
218.124
163.448
104.177
40.3118
-27.6888
-90.6353
-142.095
-185.744
-239.961
-304.745
-358.962
-384.232
-402.151
-440.287
-481.638
-502.774
-505.531
-507.828
-507.828
-493.585
-475.206
-464.638
-466.476
-460.963
-424.206
-355.746
-279.934
-223.42
-186.204
-155.879
-110.392
-39.1754
41.6902
106.934
141.394
162.529
190.097
234.665
295.773
353.206
385.369
387.666
382.612
383.531
396.396
423.504
450.612
448.775
401.909
334.828
285.206
264.53
260.395
245.692
208.935
149.205
77.9877
11.825
-29.9861
-49.2836
-69.5
-109.933
-162.771
-206.42
-229.393
-234.447
-232.15
-238.123
-250.069
-256.042
-250.988
-239.501
-220.204
-185.285
-145.771
-116.365
-93.392
-65.3648
-28.1483
15.9602
70.1769
118.88
146.448
157.934
176.313
207.556
241.557
268.206
280.611
281.071
270.962
259.935
252.584
247.989
235.124
202.962
155.178
111.988
82.5824
58.2308
31.1225
0.797923
-35.0402
-83.2839
-136.122
-175.176
-200.447
-228.474
-263.393
-294.637
-309.34
-316.691
-324.502
-331.853
-338.286
-344.718
-347.935
-346.556
-341.962
-326.34
-301.529
-268.907
-233.988
-195.852
-160.933
-128.311
-96.1488
-60.7702
-24.932
11.3656
45.3659
67.8796
87.6365
119.799
160.691
195.61
217.665
230.53
240.638
244.773
247.989
251.205
254.881
255.8
253.962
255.8
255.8
247.989
225.935
200.205
175.853
161.151
156.556
149.664
128.069
95.9068
75.231
64.6633
51.3389
31.1225
11.825
-12.067
-39.1754
-54.7971
-53.8782
-55.2566
-72.2567
-96.1488
-115.446
-130.149
-137.501
-131.527
-122.798
-121.419
-128.771
-134.744
-127.852
-111.311
-93.392
-86.0406
-92.0137
-99.8245
-94.7704
-70.4189
-39.6348
-18.0401
-4.25617
7.23041
19.1765
33.8793
53.6362
72.4742
75.6904
64.6633
49.0416
38.4739
37.555
43.528
51.3389
49.501
34.7982
7.23041
-18.959
-24.4726
-7.93188
9.52772
7.23041
-11.6076
-28.6077
-42.8511
-54.7971
-65.3648
-73.6351
-87.419
-112.23
-132.446
-129.69
-112.23
-98.9056
-89.7163
-75.473
-54.7971
-40.0943
-30.4456
-13.9049
5.85202
20.5548
32.0414
49.0416
79.3661
107.393
120.258
131.285
147.367
167.583
177.232
175.853
170.34
156.556
144.15
140.475
142.313
133.583
109.231
83.5013
61.9065
43.9875
26.0684
14.1224
5.39256
-11.6076
-42.3916
-81.9055
-118.663
-141.176
-146.69
-143.933
-144.852
-159.555
-180.231
-192.177
-190.798
-175.176
-154.041
-134.744
-123.717
-115.906
-101.662
-76.8514
-46.9863
-22.6347
-4.25617
17.7981
45.8253
72.0147
96.8257
124.853
150.123
157.934
153.799
160.691
180.908
189.637
171.718
146.448
129.907
121.637
110.61
94.069
66.9606
22.3927
-23.0942
-57.0944
-82.8244
-113.608
-154.501
-197.69
-236.285
-263.393
-282.231
-291.421
-285.907
-270.285
-249.61
-228.474
-204.123
-177.014
-154.501
-123.257
-80.0676
-40.5538
-8.39134
26.5279
73.3931
117.961
158.394
197.908
234.205
263.611
293.935
326.098
342.179
335.287
322.882
322.882
323.341
312.314
290.26
257.178
214.908
165.286
123.475
93.6095
70.6363
45.8253
15.5007
-24.932
-75.9324
-128.771
-172.879
-205.501
-235.826
-266.61
-297.853
-325.421
-340.124
-335.07
-324.043
-318.988
-313.475
-297.394
-270.745
-239.961
-199.069
-147.149
-101.662
-73.1757
-46.9863
-6.09403
43.9875
93.15
137.259
173.097
200.205
227.313
255.8
276.935
276.935
265.449
261.314
267.287
264.989
243.854
213.989
190.097
174.016
160.691
141.853
111.988
76.6094
47.6632
26.9873
1.25739
-32.7429
-68.1216
-94.7704
-114.987
-132.446
-143.933
-152.663
-162.312
-174.717
-188.96
-200.906
-213.771
-220.204
-214.231
-198.609
-185.285
-176.555
-160.014
-134.744
-106.716
-82.3649
-59.3918
-43.3105
-34.5807
-21.7158
-2.87778
15.0413
32.9603
55.0146
73.3931
80.2851
76.1499
74.7715
82.1229
97.7447
113.366
119.799
115.664
116.583
128.988
138.637
130.367
109.691
100.042
106.934
112.447
103.258
83.0418
64.6633
52.2578
44.4469
38.9334
32.0414
17.7981
-0.121004
-17.5806
-38.7159
-69.9594
-105.798
-125.554
-126.014
-126.473
-147.609
-178.393
-194.933
-197.69
-194.933
-188.041
-171.96
-160.474
-159.095
-155.879
-139.338
-109.473
-75.9324
-48.3646
-28.1483
-7.93188
23.7711
68.339
115.664
152.421
173.556
184.583
196.989
219.502
251.665
284.746
306.341
306.8
292.098
279.233
276.016
270.043
251.205
225.935
206.178
177.691
134.961
94.9879
66.9606
36.1766
-10.2292
-53.8782
-82.8244
-108.095
-143.933
-183.906
-221.123
-252.826
-277.177
-289.583
-289.583
-295.556
-313.934
-334.151
-338.745
-322.205
-290.042
-250.988
-217.907
-190.798
-158.636
-118.663
-80.0676
-46.0673
-7.47242
38.0144
80.2851
113.366
142.772
168.502
189.637
212.151
232.827
241.557
234.205
222.719
215.827
206.178
186.421
160.232
131.745
102.339
70.6363
43.0685
19.1765
-7.47242
-34.5807
-58.0134
-81.9055
-112.23
-140.257
-155.42
-156.339
-154.501
-151.284
-143.933
-130.609
-114.068
-103.96
-102.122
-97.9867
-80.9865
-52.9593
-25.3915
-1.95886
23.3116
41.6902
54.5551
73.8526
114.285
159.772
188.259
192.854
188.259
187.34
191.475
196.07
195.61
183.664
162.07
146.448
140.015
136.34
118.88
87.177
51.7983
17.3386
-14.3644
-44.2295
-73.1757
-100.284
-120.5
-132.906
-143.474
-154.96
-159.095
-159.555
-165.528
-178.852
-185.285
-175.176
-159.095
-136.582
-110.852
-87.8785
-77.7703
-71.3378
-51.5809
-20.7968
4.47363
13.6629
12.2845
8.6088
9.98719
20.5548
42.6091
60.9876
55.9335
31.582
10.4467
2.63578
0.33846
-2.41832
-3.33725
-6.09403
-13.4454
-27.2293
-45.6079
-62.608
-74.0946
-90.6353
-115.446
-133.825
-129.69
-113.608
-102.122
-92.9326
-75.9324
-56.635
-46.5268
-40.5538
-22.1752
4.93309
30.2036
47.2037
60.0687
68.339
78.4472
97.7447
128.069
154.718
174.934
184.583
185.962
191.016
204.8
217.205
219.502
215.827
207.556
191.475
170.34
156.096
140.475
109.231
69.7174
40.3118
22.8522
2.63578
-27.2293
-59.8512
-84.2028
-101.662
-111.311
-119.122
-131.987
-142.555
-148.528
-143.933
-135.663
-127.392
-119.122
-112.689
-103.041
-88.7974
-64.4459
-41.0132
-29.5267
-26.7699
-17.1211
5.85202
27.9063
38.9334
43.9875
46.2848
43.0685
39.3928
43.528
56.8524
64.6633
54.5551
32.0414
18.2575
33.4198
59.6092
67.8796
53.1767
28.3657
8.14933
-16.2022
-35.9591
-42.3916
-46.0673
-57.5539
-77.7703
-94.7704
-102.581
-106.716
-107.176
-105.798
-102.581
-97.9867
-96.6083
-91.5542
-78.2298
-59.3918
-46.5268
-38.2565
-27.2293
-18.4995
-11.6076
-0.580467
21.4738
41.6902
49.0416
49.501
54.0957
68.339
84.8797
93.15
86.2581
72.4742
60.9876
56.8524
57.3119
59.6092
54.0957
38.0144
21.0143
6.77094
-5.63456
-27.2293
-48.8241
-61.2296
-67.2026
-73.6351
-75.9324
-69.0405
-57.5539
-52.0403
-46.5268
-34.5807
-23.0942
-18.959
-12.986
9.06826
43.528
68.339
75.231
75.6904
83.9608
96.8257
103.258
105.556
115.204
128.988
129.907
113.366
97.7447
94.069
89.9338
66.5012
34.7982
18.717
14.5818
3.5547
-16.6617
-29.5267
-39.1754
-53.8782
-73.1757
-86.9596
-99.8245
-119.581
-131.987
-133.825
-130.149
-134.744
-140.717
-138.419
-124.176
-108.554
-95.2299
-87.8785
-80.9865
-66.7432
-42.3916
-7.47242
26.0684
49.0416
58.6903
59.6092
68.7985
93.6095
123.015
136.34
141.394
150.583
158.853
160.232
161.151
166.664
165.745
152.88
132.204
107.393
85.3392
74.7715
64.6633
38.0144
0.33846
-28.1483
-44.6889
-63.5269
-86.9596
-110.852
-133.825
-153.582
-162.312
-168.744
-179.771
-191.717
-199.069
-198.609
-192.177
-176.555
-160.933
-151.284
-140.257
-124.176
-103.041
-81.446
-56.1755
-29.0672
-6.55349
7.68987
21.4738
43.528
76.1499
108.772
136.34
154.259
160.691
159.313
158.853
164.367
176.313
185.502
186.421
179.07
168.043
159.772
150.583
140.015
123.015
96.3663
66.5012
45.8253
33.4198
14.1224
-11.1481
-39.1754
-69.0405
-98.9056
-121.879
-137.96
-151.744
-160.933
-160.933
-161.852
-168.744
-167.825
-160.014
-153.582
-153.122
-145.311
-127.392
-113.608
-111.771
-107.176
-85.5812
-52.0403
-22.6347
-4.71564
4.01417
11.825
28.3657
56.8524
90.3933
122.556
142.313
144.15
136.799
139.556
155.178
167.583
172.637
177.691
184.124
179.529
161.61
144.61
140.475
137.259
117.502
81.204
50.42
39.3928
37.555
26.9873
0.797923
-32.2834
-63.0675
-83.7433
-98.4461
-116.365
-137.96
-156.339
-164.609
-169.203
-180.231
-194.474
-210.555
-213.312
-197.69
-167.366
-143.014
-137.041
-136.122
-128.771
-111.311
-92.0137
-67.6621
-43.3105
-21.7158
0.33846
25.1495
53.6362
76.1499
95.9068
112.907
124.853
130.826
137.259
151.042
166.664
176.772
173.556
165.745
157.015
145.069
130.367
111.988
94.5284
81.204
74.312
66.9606
51.7983
31.582
13.2034
-8.39134
-35.9591
-65.3648
-85.1217
-97.5272
-113.149
-131.987
-142.095
-144.392
-149.447
-159.555
-163.69
-156.339
-146.69
-137.501
-127.392
-120.5
-116.825
-108.554
-93.392
-73.6351
-51.1214
-24.932
-1.95886
15.9602
34.3387
54.5551
75.231
93.6095
106.934
118.88
137.259
166.205
191.016
201.124
196.07
189.178
184.583
178.151
164.367
142.313
121.177
112.447
111.069
102.799
83.5013
62.366
43.0685
18.717
-7.47242
-30.4456
-46.0673
-64.9053
-88.7974
-108.095
-121.879
-133.825
-144.852
-149.906
-154.501
-163.23
-170.122
-165.987
-156.339
-151.744
-148.068
-135.663
-116.825
-103.5
-96.1488
-84.2028
-62.608
-32.7429
-5.63456
14.1224
24.2305
31.582
46.7442
66.5012
79.8256
85.7986
94.9879
107.393
119.339
124.394
131.285
142.772
153.799
150.583
131.745
114.285
102.339
91.3122
76.1499
58.6903
45.3659
34.7982
23.7711
9.06826
-11.1481
-32.7429
-53.4187
-69.0405
-84.6622
-100.284
-113.149
-120.96
-127.392
-134.284
-135.663
-131.068
-125.095
-125.095
-128.311
-127.852
-121.879
-110.392
-97.5272
-83.2839
-63.5269
-44.2295
-29.9861
-17.5806
-1.95886
22.8522
49.9605
69.2579
80.7445
96.8257
121.637
145.988
157.015
159.313
160.232
162.988
166.205
168.502
164.367
151.042
134.042
119.799
109.231
91.3122
66.9606
44.9064
28.3657
15.5007
1.25739
-12.067
-27.6888
-50.2025
-73.1757
-89.7163
-101.203
-111.311
-122.798
-131.068
-132.906
-136.122
-142.095
-146.23
-138.419
-122.798
-109.933
-99.3651
-85.1217
-69.9594
-62.608
-60.7702
-52.9593
-34.5807
-10.6887
13.2034
29.2846
32.0414
30.663
40.7712
61.9065
86.2581
101.88
109.231
114.285
125.772
138.177
134.042
120.258
111.988
115.664
113.826
99.5825
88.0959
83.0418
74.312
54.5551
30.663
6.77094
-12.067
-24.0131
-32.7429
-46.9863
-69.0405
-81.446
-84.6622
-90.6353
-109.933
-126.014
-125.095
-113.608
-103.5
-96.1488
-96.1488
-103.5
-108.095
-102.581
-93.392
-86.5001
-78.2298
-68.1216
-63.5269
-55.7161
-39.1754
-21.7158
-7.93188
7.68987
29.2846
49.0416
61.9065
69.7174
76.6094
86.7175
93.6095
100.501
105.096
105.556
100.961
92.2311
85.7986
74.7715
62.366
63.7444
78.9067
89.4743
81.6635
61.9065
41.6902
27.9063
18.717
8.6088
-8.39134
-24.4726
-29.0672
-24.0131
-25.8509
-43.77
-66.2837
-78.2298
-75.473
-73.6351
-81.446
-91.5542
-91.5542
-86.9596
-86.5001
-90.6353
-93.392
-87.419
-75.473
-56.1755
-35.9591
-17.1211
0.797923
12.2845
17.7981
23.3116
37.0955
56.8524
63.7444
62.366
67.8796
82.5824
90.3933
90.3933
90.8527
94.5284
94.9879
89.9338
83.0418
72.9337
56.8524
35.2577
19.1765
13.6629
16.8791
12.744
-0.580467
-19.4185
-35.4997
-43.77
-46.5268
-55.7161
-72.7162
-86.5001
-88.7974
-86.0406
-86.5001
-82.8244
-76.8514
-72.7162
-70.8783
-68.581
-65.3648
-66.7432
-69.0405
-62.1485
-43.77
-21.7158
-9.76973
-6.09403
2.17631
14.5818
23.3116
27.4468
37.0955
48.1226
50.8794
50.8794
60.0687
72.9337
80.2851
78.4472
80.7445
83.5013
77.9877
69.2579
67.4201
74.312
71.0958
55.474
40.3118
36.1766
38.4739
36.1766
27.4468
13.6629
0.797923
-3.79671
-2.41832
-3.79671
-12.986
-20.7968
-24.932
-31.3645
-38.2565
-40.5538
-39.6348
-41.9322
-43.3105
-39.6348
-33.2024
-29.0672
-26.3104
-25.8509
-28.1483
-35.4997
-38.7159
-31.824
-15.2833
-6.09403
-15.2833
-33.2024
-42.3916
-39.1754
-27.2293
-16.6617
-11.1481
-10.6887
-14.3644
-14.8238
-5.63456
9.06826
20.0954
20.5548
17.7981
18.2575
18.2575
21.0143
23.3116
22.8522
19.1765
17.3386
17.3386
15.9602
14.1224
15.5007
15.5007
7.68987
-0.580467
-0.580467
5.39256
8.6088
8.6088
9.98719
5.39256
-8.85081
-22.1752
-24.4726
-25.8509
-33.6618
-44.6889
-48.3646
-49.2836
-52.9593
-53.8782
-52.0403
-45.6079
-40.0943
-36.8781
-36.8781
-36.8781
-32.2834
-24.4726
-17.1211
-4.71564
7.68987
17.3386
24.69
31.1225
37.555
37.555
31.582
25.6089
29.7441
44.9064
62.366
70.1769
65.5822
58.2308
51.7983
44.4469
38.9334
35.7171
36.1766
29.2846
13.2034
-1.49939
-9.31027
-12.067
-13.9049
-7.93188
1.25739
-0.121004
-15.2833
-27.2293
-25.8509
-23.0942
-25.3915
-31.3645
-27.6888
-15.7428
-8.39134
-12.986
-23.5536
-24.932
-18.4995
-16.6617
-15.2833
-7.01295
7.23041
15.5007
12.744
9.98719
11.825
18.717
22.8522
21.9332
21.4738
22.3927
27.4468
31.1225
