3.76315 -0.00124884 -1.26292 0.300601 0.972997 0.270315 0.617529 0.294447 -0.911617 -0.336194 0.191691 0.0728416 
3.09227 2.16697 1.14397 0.542744 0.45688 0.382529 0.412611 0.539876 0.544555 0.346505 0.186314 -0.0206019 
3.00169 2.488 2.07869 1.59062 1.05398 0.63739 0.449864 0.433211 0.38485 0.324899 0.218044 -0.0114929 
3.32953 2.75934 2.11952 1.45081 0.934178 0.729801 0.712392 0.663602 0.519529 0.370137 0.233933 0.00951335 
6.10122 4.59393 2.09994 1.31354 0.817339 0.309116 0.421247 0.567913 0.165814 -0.131403 0.00990087 0.00990818 
4.18511 3.80944 2.93939 1.82023 0.833804 0.198014 -0.0676927 -0.216599 -0.203855 0.018053 0.21278 0.0463239 
3.64968 3.20855 2.57957 1.77964 0.966124 0.310026 -0.030657 -0.119482 -0.0712697 0.0689574 0.228938 0.0212984 
3.92956 3.54396 2.98603 2.09956 0.965215 0.0953325 -0.234803 -0.210876 -0.171179 0.0173578 0.191792 0.0319023 
4.22006 3.99897 3.48674 2.43125 1.0658 0.0109443 -0.304689 -0.312226 -0.310276 -0.144674 0.0304343 0.00550185 
4.49175 4.15401 3.50477 2.55429 1.36516 0.32979 -0.217189 -0.415694 -0.501186 -0.284711 -0.00822689 -0.0128942 
3.9381 3.76471 3.35442 2.51191 1.4393 0.483725 -0.182729 -0.630268 -0.74115 -0.382163 0.0865833 -0.0325891 
4.02701 3.79275 3.24397 2.37519 1.39465 0.455256 -0.274395 -0.62899 -0.607489 -0.32165 0.0430076 -0.0238138 
3.54326 3.35423 3.09187 2.45061 1.54716 0.628244 -0.0955303 -0.483449 -0.492767 -0.222291 0.0703057 -0.0422912 
3.85802 3.5387 3.05704 2.3487 1.56094 0.74842 0.052649 -0.344788 -0.413182 -0.212328 0.0705042 -0.0240815 
3.93282 3.7782 3.4238 2.77925 2.06014 1.24444 0.408417 -0.25303 -0.475092 -0.262018 0.0587814 -0.0474837 
3.53449 3.24422 2.99199 2.59493 1.99814 1.204 0.51797 0.0422105 -0.137486 -0.11713 0.0118556 -0.0398331 
3.5513 3.26855 3.03496 2.65744 2.07101 1.31712 0.565623 0.0052302 -0.242549 -0.18189 0.031732 -0.0438017 
3.76999 3.51193 3.17603 2.64882 1.97964 1.18917 0.453807 -0.119386 -0.347458 -0.247116 0.0368558 -0.0446446 
3.73939 3.39435 3.04834 2.5307 1.77928 0.879957 0.174853 -0.230234 -0.350246 -0.289586 -0.0248669 -0.0489814 
3.69518 3.48822 3.25253 2.75627 2.01901 1.04636 0.146826 -0.430853 -0.561638 -0.350091 -0.0347747 -0.0736432 
4.18492 3.85705 3.48723 3.04407 2.21976 1.05976 0.030709 -0.588671 -0.737049 -0.564176 -0.0710295 -0.0871325 
4.2274 3.9299 3.46529 2.87467 1.9716 0.940475 0.0747467 -0.561137 -0.814832 -0.637868 -0.0928744 -0.0883064 
3.90997 3.70105 3.3151 2.56289 1.70457 0.805255 0.0789145 -0.504747 -0.747442 -0.539874 -0.110204 -0.0851489 
3.87932 3.67974 3.33806 2.74608 1.95481 0.917987 -0.0427209 -0.618398 -0.771001 -0.535196 -0.115354 -0.0970413 
3.99154 3.82566 3.46762 2.74575 1.8358 0.858168 -0.0171929 -0.586244 -0.728246 -0.516203 -0.123503 -0.0923974 
3.503 3.12767 2.76786 2.22476 1.51013 0.715025 0.0706643 -0.296701 -0.446413 -0.362624 -0.142233 -0.0663476 
4.52699 4.30996 3.87116 3.20288 2.36313 1.29216 0.339666 -0.442647 -0.803731 -0.615 -0.123062 -0.102106 
3.85773 3.68956 3.42028 2.87228 2.02517 1.05666 0.173096 -0.395671 -0.545931 -0.390931 -0.0512111 -0.0797879 
3.9773 3.80957 3.54279 2.99375 2.06439 0.971273 0.205628 -0.287352 -0.473242 -0.345968 -0.0878152 -0.0782644 
3.37744 3.05794 2.77284 2.29924 1.68812 1.03945 0.430669 0.01715 -0.189922 -0.197352 -0.09536 -0.053242 
3.75509 3.72951 3.71269 3.27743 2.43205 1.33095 0.354736 -0.208785 -0.423016 -0.295261 -0.0269885 -0.08825 
4.12873 4.02042 3.83486 3.44339 2.70233 1.58235 0.457511 -0.317255 -0.53092 -0.360653 -0.0349827 -0.0941896 
3.41664 3.05901 2.7493 2.3293 1.76724 1.1245 0.49111 0.0505113 -0.147189 -0.161891 -0.0610501 -0.0463537 
4.69889 4.4447 3.94831 3.28378 2.61862 1.61644 0.608432 -0.140424 -0.522415 -0.471863 -0.104612 -0.0869905 
3.69041 3.55396 3.44158 3.01408 2.26515 1.28732 0.387451 -0.175022 -0.356987 -0.24457 -0.0351128 -0.075793 
3.92316 3.92401 3.75274 3.2538 2.50361 1.41159 0.456278 -0.23384 -0.466237 -0.309275 -0.0512546 -0.090315 
3.36924 3.02077 2.73953 2.30014 1.73487 1.07647 0.463595 0.0616959 -0.145828 -0.176568 -0.0992384 -0.0512415 
4.25772 4.07149 3.7994 3.31045 2.55922 1.5659 0.559161 -0.230278 -0.51303 -0.389658 -0.0493459 -0.0855149 
3.91372 3.8231 3.65864 3.22603 2.53368 1.59599 0.576416 -0.273202 -0.566541 -0.361988 0.0142745 -0.0871864 
3.76657 3.61506 3.44789 3.02744 2.27405 1.36089 0.471743 -0.146537 -0.35978 -0.286423 -0.0292624 -0.0740705 
3.92999 3.68861 3.42988 2.92901 2.17116 1.27425 0.413962 -0.166603 -0.376022 -0.287197 -0.0468021 -0.0665051 
4.5303 4.21356 3.76517 3.09604 2.28548 1.36049 0.449645 -0.20966 -0.495595 -0.446763 -0.105172 -0.0796278 
3.38126 3.08003 2.83937 2.4275 1.82334 1.16868 0.513107 0.0176533 -0.222193 -0.263973 -0.15715 -0.0678246 
3.75629 3.54402 3.2942 2.8074 2.10592 1.24367 0.40299 -0.150883 -0.372891 -0.301994 -0.115766 -0.0867576 
4.33652 4.19774 3.97037 3.39106 2.55195 1.43798 0.46777 -0.165883 -0.5677 -0.512686 -0.135983 -0.117237 
4.06268 3.8135 3.46346 2.89315 2.18738 1.36569 0.527562 -0.0699656 -0.34603 -0.324599 -0.112657 -0.0830625 
3.18665 2.81178 2.57098 2.19863 1.68194 1.09062 0.542367 0.13067 -0.126841 -0.231042 -0.19452 -0.0584608 
4.4481 4.29239 3.99032 3.44617 2.67297 1.81306 0.825239 -0.0116457 -0.472249 -0.437217 -0.0517909 -0.087042 
4.13052 4.03612 3.82951 3.36857 2.67618 1.76399 0.741094 -0.0622854 -0.403858 -0.323839 -0.0233102 -0.0815464 
3.76278 3.56298 3.37517 2.97021 2.32373 1.50527 0.720331 0.179312 -0.144434 -0.204987 -0.050848 -0.0626344 
3.04291 2.59585 2.3078 1.96344 1.55599 1.12293 0.690876 0.333919 0.0990271 -0.0180203 -0.0558754 -0.0367004 
3.45657 3.12062 2.87167 2.50569 2.04779 1.58891 1.10247 0.595255 0.178083 -0.0255604 -0.0600399 -0.0346617 
3.30636 2.9521 2.76285 2.53884 2.19527 1.69979 1.13577 0.623569 0.264385 0.0693237 -0.0334753 -0.019274 
3.81698 3.53433 3.29137 3.01593 2.59065 2.02081 1.39368 0.806705 0.357132 0.116152 0.0419427 -0.00752954 
3.03187 2.6117 2.35268 2.03571 1.66942 1.31199 0.973735 0.630069 0.318483 0.120071 0.0322306 -0.016621 
3.11917 2.788 2.62846 2.36316 2.01201 1.64745 1.27939 0.860601 0.4146 0.0958745 -0.00926653 -0.00452124 
3.24158 2.93038 2.76454 2.50616 2.14921 1.7144 1.19245 0.699337 0.364418 0.14104 0.00829638 -0.00553344 
3.88165 3.58538 3.28988 2.8983 2.433 1.82937 1.12859 0.58306 0.25075 0.116576 0.0842322 -0.00525499 
3.23001 2.90326 2.72364 2.42358 1.91842 1.38347 0.975545 0.672219 0.386758 0.142505 0.0283501 -0.00603749 
3.10773 2.73431 2.54103 2.26641 1.88347 1.45432 1.02308 0.641431 0.360425 0.177032 0.0690789 -0.00400424 
3.22771 2.88337 2.70762 2.4599 2.112 1.67599 1.19549 0.754965 0.410775 0.188895 0.0939276 0.00729055 
3.70342 3.43988 3.22458 2.8889 2.37659 1.77992 1.17483 0.682311 0.338117 0.163938 0.142915 0.0101289 
3.09903 2.71912 2.50241 2.27762 2.00405 1.61542 1.14391 0.777299 0.511196 0.289989 0.121894 0.0154419 
2.91947 2.48877 2.27408 2.03888 1.73622 1.37567 1.03034 0.740048 0.500763 0.31271 0.155302 0.00943177 
2.89396 2.43681 2.22408 2.0237 1.74601 1.38362 1.05584 0.800671 0.56111 0.326222 0.144966 0.0112338 
3.60111 3.13977 2.87667 2.7426 2.54094 1.98291 1.27405 0.758909 0.429236 0.245678 0.14423 0.0240701 
3.02124 2.55351 2.30981 2.1209 1.86233 1.49287 1.12313 0.848477 0.556062 0.294509 0.124669 0.015301 
2.94891 2.49271 2.26604 2.02673 1.70842 1.35854 0.992893 0.688418 0.471225 0.325423 0.180691 0.0101538 
2.94296 2.47428 2.1918 1.94255 1.72325 1.45828 1.0894 0.68735 0.362571 0.22437 0.140413 0.00879065 
3.64421 3.23708 3.04172 2.80476 2.38107 1.90042 1.27494 0.700105 0.350086 0.248602 0.188109 0.028623 
3.37426 2.92852 2.80391 2.68549 2.31693 1.83723 1.42292 1.01328 0.557766 0.258717 0.125529 0.033546 
3.09148 2.64196 2.41972 2.21014 1.91206 1.52001 1.10793 0.78027 0.495003 0.280108 0.138217 0.0227272 
2.93553 2.41682 2.17504 2.00059 1.78652 1.42566 1.06519 0.791465 0.598881 0.350503 0.144442 0.0121251 
3.39477 2.72292 2.53244 2.63296 2.45017 1.83292 1.30525 0.965675 0.57369 0.223843 0.0538311 0.019118 
3.1616 2.60004 2.34789 2.25212 2.01115 1.7448 1.47831 1.00609 0.422322 0.0999941 0.0534843 0.0101069 
3.10908 2.5224 2.10289 1.88167 1.74087 1.49975 1.04518 0.602196 0.303305 0.168995 0.0749183 -0.0033174 
3.17926 2.34614 1.83648 1.85768 1.94577 1.51841 0.915191 0.454269 0.283028 0.138681 0.0977888 -0.00389752 
4.91883 2.27237 0.991968 2.30301 2.97851 1.80002 0.966717 0.580612 0.0965466 -0.0928431 0.0897844 0.0398721 
4.17449 2.45566 1.47877 1.97952 2.33087 1.53736 0.954959 0.665036 0.211805 0.140285 0.214034 0.0410347 
3.09952 2.31701 1.86868 1.7833 1.74525 1.38948 0.929099 0.643994 0.498593 0.344474 0.191517 0.00848215 
3.63303 2.42086 1.78278 1.95482 2.34644 2.07082 1.45766 0.664562 0.312312 0.334171 0.191556 0.0418758 
4.32644 2.43226 1.46544 2.49465 2.90226 1.79902 1.29445 1.15686 0.678813 0.179761 0.124229 0.0473554 
4.11942 2.28422 1.43299 2.29054 2.52627 1.72651 1.20053 1.29686 0.763763 0.15122 0.183354 0.0630142 
2.9262 2.02951 1.54995 1.73544 1.96222 1.56047 1.11087 0.798872 0.546777 0.227323 0.107134 0.0217579 
4.47541 2.18198 0.888131 2.13722 2.8435 1.37877 0.592798 0.957265 0.93224 0.125347 0.145868 0.0401267 
3.60842 2.05553 1.22661 1.63475 1.90221 1.13756 0.73258 0.912891 0.742067 0.211572 0.0761677 0.00681561 
3.69588 2.17812 1.22929 1.61267 1.79605 1.16424 0.899566 0.742518 0.664686 0.269271 0.156589 0.0114702 
4.27279 2.15816 0.738899 1.666 2.27488 1.54866 0.795167 0.846896 0.832124 0.299118 0.0329289 -0.0190831 
4.84862 2.1112 0.0903339 1.66793 2.80886 1.39261 0.768567 0.99409 0.802924 0.13648 -0.0535919 -0.0256043 