5.20909 0.384635 -0.753036 1.36912 1.33369 -0.649575 0.862054 -0.0735195 -0.451403 -0.0199888 0.0439478 0.00392377 
4.923 0.458494 -0.603616 1.64474 1.11568 -0.593705 0.378986 -0.163199 0.0142988 0.0771238 0.0462376 -0.00364905 
5.96003 -0.192096 -1.11808 2.07178 1.38558 -1.07561 1.34245 -0.396813 -0.0249374 0.0526852 0.247814 -0.00933453 
3.83525 1.43568 -0.293321 -0.697648 -1.03084 -1.0355 -0.31783 0.203719 0.700861 0.766508 0.307483 0.0805876 
3.24331 2.33694 1.32004 0.566174 0.355566 0.477919 0.638215 0.648849 0.580533 0.515025 0.391615 0.0131519 
3.41036 2.80543 2.07766 1.37822 0.98195 0.935361 0.888165 0.710084 0.483115 0.286555 0.134561 -0.00420599 
3.82429 3.26763 2.41001 1.50276 0.872646 0.626717 0.738105 0.736714 0.4641 0.200793 0.101418 -0.00784548 
4.58248 3.93034 2.78633 1.83512 1.16413 0.919921 0.691202 0.606282 0.148099 -0.125189 0.00564366 -0.0292957 
4.00069 3.61064 2.9682 2.15127 1.35454 0.857278 0.677179 0.390852 -0.041756 -0.213015 0.0323166 -0.0360847 
3.47419 2.98472 2.51663 1.9088 1.20346 0.530949 0.103908 -0.0456329 -0.0390358 0.0431299 0.111926 -0.0169465 
4.55075 4.05595 3.13135 2.12765 1.11708 0.407885 -0.110772 -0.26015 -0.325303 -0.235049 0.0280009 -0.00908816 
3.8294 3.55991 3.0824 2.3355 1.42798 0.607704 0.0414306 -0.284247 -0.390957 -0.239673 0.0797197 -0.030034 
4.35081 4.01425 3.37978 2.49221 1.44652 0.577044 0.00517785 -0.357158 -0.599793 -0.42894 0.026267 -0.0326999 
3.70191 3.33721 2.91792 2.25736 1.48251 0.736031 0.12396 -0.243562 -0.315924 -0.150208 0.0613063 -0.0322966 
5.41217 4.36245 3.24796 2.40504 1.69515 0.570975 -0.0706024 -0.486105 -0.53302 -0.467361 -0.116594 -0.0354006 
3.53306 3.2287 2.84334 2.25444 1.52019 0.724865 -0.0130079 -0.500822 -0.554078 -0.289104 0.0127309 -0.0565486 
4.6483 4.26715 3.59903 2.88457 2.03155 1.00665 -0.0449077 -0.727341 -0.81579 -0.529637 -0.109379 -0.0708746 
3.86074 3.62243 3.24497 2.56082 1.64275 0.691662 -0.0635635 -0.463701 -0.541013 -0.342129 -0.00183629 -0.0561775 
5.40326 4.33796 3.23099 2.62119 2.01517 0.937579 0.197374 -0.248913 -0.426769 -0.498659 -0.135747 -0.0540541 
3.27084 2.88803 2.59146 2.23494 1.79 1.20391 0.637985 0.249903 0.0477044 -0.0517764 -0.100826 -0.0440506 
3.72113 3.40465 3.07145 2.50421 1.91595 1.31389 0.612251 0.187364 -0.160181 -0.202874 -0.0376969 -0.0512925 
3.34979 3.05566 2.78185 2.33451 1.83513 1.2721 0.698827 0.269772 -0.0166088 -0.105698 -0.0753105 -0.0436375 
3.76187 3.35429 3.07071 2.76228 2.13378 1.24811 0.51676 0.0810757 -0.125983 -0.209088 -0.0148117 -0.0485081 
3.78998 3.44075 3.11067 2.76804 2.20915 1.25186 0.470547 -0.00949664 -0.254274 -0.211678 -0.0205977 -0.0547463 
3.34483 2.94759 2.6891 2.28933 1.71302 1.06776 0.521456 0.159142 -0.0698473 -0.19434 -0.133481 -0.0495633 
3.48119 3.05268 2.64685 2.32784 1.84985 1.05909 0.399569 0.0132574 -0.153073 -0.224494 -0.170078 -0.0616005 
3.62347 3.36146 3.13298 2.65103 1.90083 1.01815 0.405566 0.0824577 -0.177834 -0.27237 -0.151355 -0.0700894 
4.58843 3.89804 3.35838 3.04964 2.5425 1.29291 0.327513 -0.121883 -0.586567 -0.580548 -0.087288 -0.0782621 
3.55906 3.14255 2.83928 2.40695 1.8128 1.09096 0.368907 -0.0809507 -0.339103 -0.339118 -0.127361 -0.0703625 
3.50751 3.15839 2.78388 2.36317 1.77529 1.02177 0.376474 -0.140539 -0.375336 -0.330367 -0.150973 -0.0734437 
3.97814 3.61264 3.21054 2.69563 2.03102 1.11662 0.353432 -0.254354 -0.587515 -0.463835 -0.127012 -0.0894768 
3.95282 3.62295 3.28396 2.82418 2.15484 1.27495 0.321381 -0.266978 -0.541532 -0.486198 -0.119706 -0.0949916 
4.29557 3.91897 3.5406 3.14842 2.39853 1.18872 0.336566 -0.241061 -0.658288 -0.607998 -0.115235 -0.103023 
3.61572 3.30595 2.91998 2.36173 1.77701 1.03076 0.257024 -0.216121 -0.417867 -0.354395 -0.19858 -0.0846767 
4.36462 4.01752 3.62465 3.05983 2.3551 1.16546 0.207705 -0.340193 -0.537271 -0.422208 -0.170717 -0.0973443 
3.42901 3.11036 2.79221 2.29486 1.65649 0.969131 0.37528 -0.0559162 -0.296288 -0.346827 -0.231274 -0.0772288 
3.57058 3.26077 2.9405 2.43854 1.81542 1.04334 0.364549 -0.118495 -0.373284 -0.353168 -0.188249 -0.0789992 
3.57562 3.2634 3.04 2.65248 1.95457 1.14168 0.441889 -0.0486863 -0.335537 -0.369494 -0.152864 -0.0790654 
5.3881 4.40108 3.73503 3.5855 3.33673 1.71605 0.688232 -0.0597678 -0.511325 -0.703336 -0.1678 -0.0930829 
3.48917 3.12562 2.76863 2.34138 1.82357 1.20008 0.540678 0.0203348 -0.257217 -0.308205 -0.169592 -0.0671312 
3.55024 3.21842 2.9236 2.48928 1.8837 1.196 0.504907 0.00969169 -0.237361 -0.245187 -0.12498 -0.0609481 
3.81368 3.65931 3.40467 2.87577 2.13405 1.42922 0.725283 0.0852787 -0.305788 -0.331253 -0.0524743 -0.0696526 
3.83127 3.53247 3.23551 2.73589 2.09541 1.31713 0.588796 0.0406948 -0.256374 -0.244131 -0.0852931 -0.0627162 
3.44922 3.15479 2.88662 2.45316 1.88805 1.18734 0.568046 0.15303 -0.124102 -0.216919 -0.159868 -0.0580845 
3.4558 3.23362 3.07211 2.6191 1.90178 1.15149 0.534574 0.0699927 -0.204796 -0.243423 -0.140443 -0.0662008 
4.83927 4.4475 3.93253 3.60877 3.09927 1.79876 0.614568 0.00242413 -0.500597 -0.511865 -0.110245 -0.0964525 
3.66788 3.38424 3.10999 2.65853 2.04664 1.30673 0.569685 0.0683015 -0.207938 -0.270241 -0.135277 -0.068564 
3.39745 3.01314 2.66878 2.2467 1.76017 1.21771 0.674696 0.195534 -0.143277 -0.270702 -0.197631 -0.0590542 
3.23458 2.8189 2.53739 2.21326 1.7669 1.15346 0.564556 0.107378 -0.169171 -0.249815 -0.215846 -0.0590822 
3.92411 3.48927 3.06869 2.65097 2.1437 1.47407 0.673196 -0.00408212 -0.352203 -0.345001 -0.14509 -0.0808665 
3.82743 3.48618 3.20602 2.81578 2.25054 1.47761 0.681781 -0.0229052 -0.443813 -0.395163 -0.127371 -0.0929094 
4.34807 3.83011 3.31052 3.24621 2.89541 1.89809 0.818366 -0.140506 -0.726583 -0.583481 -0.026398 -0.0906818 
3.8115 3.43941 3.09511 2.80705 2.22771 1.49017 0.843096 0.213408 -0.257486 -0.355272 -0.0903468 -0.0736482 
3.88324 3.53014 3.20805 2.68639 2.07249 1.46041 0.986171 0.480535 -0.0317241 -0.181355 -0.0721423 -0.0516716 
4.23965 3.74259 3.10563 2.61193 2.25678 1.86669 1.21349 0.523724 0.0248022 -0.131316 -0.0172668 -0.0325963 
4.35058 3.68139 2.8156 2.58139 2.53565 2.02666 1.1999 0.451931 0.174653 0.108931 -0.0177917 -0.0201917 
3.25845 2.75812 2.51839 2.41854 2.21249 1.69286 1.05378 0.5425 0.237092 0.0859575 0.00263723 -0.00988906 
3.80442 3.28855 2.80616 2.61005 2.39838 1.92458 1.31411 0.75706 0.442971 0.165974 -0.0569278 -0.0133709 
3.63335 3.11243 2.73369 2.59426 2.38258 1.83076 1.18278 0.713304 0.400049 0.132098 -0.0140088 -0.00664222 
3.29426 2.77994 2.53494 2.37593 2.05072 1.61109 1.28063 0.889442 0.411683 0.0818891 -0.00109544 0.00195433 
3.18053 2.71685 2.49746 2.33233 2.03595 1.55964 1.1239 0.828478 0.506439 0.126557 -0.0299228 0.0021904 
3.2014 2.70883 2.32653 2.02282 1.81803 1.5492 1.22215 0.903338 0.528379 0.17383 -7.0744e-006 0.00388535 
3.07016 2.53503 2.20228 2.09982 2.03067 1.68797 1.17572 0.673843 0.354041 0.205094 0.0835107 0.00555315 
3.15486 2.71527 2.52222 2.30449 1.89343 1.46229 1.08889 0.769467 0.452068 0.210096 0.0771097 0.00803144 
3.61739 2.93457 2.4539 2.48149 2.39876 1.74993 1.04838 0.759768 0.497692 0.152446 0.0526588 0.00248186 
3.2492 2.69706 2.3833 2.20912 1.93354 1.52714 1.17004 0.762212 0.382345 0.217924 0.179982 0.0163354 
3.14907 2.53577 2.18084 2.13734 2.00507 1.61459 1.27448 0.996132 0.618303 0.20962 0.0455617 0.00987755 
3.27257 2.67674 2.24567 2.04709 1.92182 1.70414 1.28159 0.876707 0.538604 0.2997 0.120358 0.0200245 
3.42985 2.85105 2.51418 2.31477 1.87585 1.34418 1.05954 0.900873 0.600257 0.269335 0.111966 0.0222677 
4.00949 2.8823 2.21617 2.32061 2.24353 1.5861 1.07802 0.784847 0.46093 0.149372 0.129562 0.02248 
4.63749 2.92098 1.9203 2.37906 2.34663 1.45468 1.13735 1.21069 0.660635 0.0351934 0.0685841 0.0247322 
3.31376 2.59602 2.15118 2.03108 1.73352 1.24701 0.96875 0.760816 0.507404 0.22031 0.087384 0.00778172 
3.42308 2.58386 2.1598 2.1521 1.91312 1.38672 1.10844 0.9658 0.529963 0.156985 0.0855621 0.0117877 
3.29942 2.43468 2.25628 2.40039 1.99545 1.16497 0.77023 0.658297 0.400728 0.23117 0.124714 0.0112914 
5.20381 2.46296 1.49837 2.58734 2.25859 0.784317 0.697223 0.913606 0.206508 0.104 0.123616 0.0563391 
6.01733 2.2389 0.692598 2.88188 2.72285 0.207034 0.801394 1.06354 0.187859 0.302337 0.172969 0.0857673 
3.42526 2.40425 1.81018 1.89161 1.83555 1.48696 1.06249 0.584435 0.154464 0.115419 0.214694 0.0258246 
3.409 2.45707 1.84759 1.77539 1.68096 1.35465 0.979809 0.70077 0.263461 0.153169 0.224345 0.020891 
5.78169 2.14047 0.642139 2.19694 2.41691 1.40314 1.53627 1.25142 0.322998 0.113473 0.0905008 0.0565889 
3.84834 2.56195 1.69015 1.6718 1.83771 1.64856 1.39819 0.742664 0.312551 0.237224 0.181451 0.0336576 
3.48651 2.41807 1.78327 1.77663 1.44991 0.938914 0.882628 0.867919 0.576319 0.249191 0.0943818 0.0131243 
3.66438 2.09753 1.24526 1.40442 1.11547 0.409162 0.517585 0.726505 0.432662 0.252613 0.203235 0.0316942 
5.74159 1.54617 0.237912 2.02287 1.45747 -0.268092 0.636483 1.06483 0.404734 0.332824 0.157275 0.0443993 
3.84207 1.95847 0.945681 1.11723 1.08098 0.548745 0.554074 0.800824 0.566722 0.31186 0.202028 0.0259855 
4.41884 2.06524 0.506113 1.14734 1.47498 0.467422 0.255337 0.390458 0.580839 0.682265 0.325271 0.0383459 
4.84139 1.59679 0.519139 1.72858 1.67188 0.591858 1.09988 0.985059 0.370928 0.381004 0.231532 0.0501738 
5.69169 1.45349 0.216239 1.92232 1.76222 0.109977 1.39035 1.20093 0.235496 0.599893 0.379044 0.0698066 
3.96422 1.83911 0.811635 1.14158 1.13206 0.832958 1.40922 0.961755 0.260849 0.229699 0.365306 0.063035 
4.72562 1.85536 0.411428 1.31925 1.09674 0.77286 1.10564 0.716314 0.301015 0.370786 0.247212 0.0453629 
6.09266 1.40992 -0.0422084 1.88186 1.38123 0.453622 1.36125 0.531891 0.25945 0.384181 0.233972 -0.00404946 
6.08898 1.04793 -0.0860242 2.01955 1.86858 -0.297279 0.531235 0.97101 0.021337 0.211019 0.117361 0.00964396 
5.00947 1.36891 0.278314 2.02388 1.70769 -0.113946 0.0999443 0.673432 0.246141 0.255148 0.0752284 0.0187339 
4.67196 1.59926 0.481024 2.18202 1.84122 0.00961783 0.181582 0.740069 0.351306 0.0204062 0.0412719 0.04057 