45
43
38
48
71
105
134
135
107
90
105
118
113
91
85
97
140
184
182
171
181
229
256
241
209
165
170
208
237
195
115
93
112
135
116
84
71
50
22
14
44
88
133
157
127
44
-27
-7
-4
-16
-9
26
17
-75
-115
-104
-118
-169
-187
-131
-46
-18
-75
-151
-117
26
105
37
-71
-90
-45
-52
-98
-121
-67
-8
-43
-131
-223
-217
-122
6
80
32
-68
-96
-23
53
40
-35
-47
3
27
-5
-37
-32
-16
9
60
92
96
73
29
-36
-56
-7
57
96
96
89
40
-21
-52
-56
-62
-82
-37
17
-21
-109
-136
-73
-64
-128
-181
-181
-160
-171
-173
-140
-78
-32
-61
-97
-82
-5
22
-6
-28
3
21
-16
-45
-51
-36
-24
17
119
210
216
143
62
36
17
-22
-50
-32
-6
16
47
115
154
143
124
98
67
35
19
-17
-65
-49
13
44
28
22
39
25
-12
-34
-23
4
27
36
-5
-62
-85
-31
46
92
115
135
170
171
145
103
84
111
141
140
94
59
45
52
72
83
70
17
-61
-115
-90
-4
29
-34
-86
-56
-19
-39
-82
-97
-92
-73
-41
-21
-29
-33
-36
-63
-82
-78
-82
-139
-190
-173
-114
-66
-23
43
68
26
-20
-12
-14
-31
-53
-64
-81
-86
-40
9
22
8
16
50
59
14
-22
-4
44
42
-14
-78
-110
-98
-97
-121
-129
-110
-65
-38
-5
37
65
94
117
126
106
54
-10
-13
41
99
107
89
93
89
63
19
4
14
17
-6
-24
-22
-37
-74
-61
39
162
212
159
58
-35
-56
-31
2
14
-5
-22
-13
54
127
147
96
15
-66
-97
-69
-27
-22
-52
-66
-63
-65
-92
-104
-110
-140
-154
-138
-114
-142
-213
-203
-132
-67
-52
-33
38
48
-39
-108
-62
10
8
3
62
113
101
87
88
83
51
48
76
93
117
127
133
105
81
66
48
19
-29
-59
-77
-47
-17
10
30
43
21
-25
-46
-15
27
56
59
30
-13
-44
-41
-4
38
55
30
1
0
-29
-64
-41
42
86
42
-3
-20
-1
42
82
88
45
11
22
57
97
123
143
147
99
29
-30
-45
-54
-64
-50
-42
-52
-85
-67
18
77
43
-42
-74
-58
-37
0
45
19
-85
-150
-88
21
78
58
13
2
35
91
110
100
102
112
86
30
0
28
83
114
115
97
85
57
-27
-131
-166
-75
12
-5
-62
-56
-12
-36
-60
-2
105
100
23
18
82
90
-9
-88
-76
-37
-48
-97
-125
-112
-110
-89
-36
19
12
-28
-17
17
24
10
25
61
84
64
26
-13
-28
-25
-31
-25
-51
-104
-131
-88
-16
8
17
49
80
62
11
-28
-41
-42
-47
-56
-59
-73
-72
-36
37
85
65
32
15
5
-33
-75
-84
-88
-87
-64
-24
-6
-35
-94
-174
-234
-224
-146
-88
-82
-120
-163
-173
-130
-42
23
29
0
5
43
41
6
25
96
99
12
-47
-19
30
62
86
99
68
30
35
69
94
69
6
-64
-69
-33
-12
-1
29
54
27
2
-9
7
78
153
144
31
-50
-52
-50
-57
-47
-39
-52
-59
-6
43
45
51
70
57
-12
-80
-96
-66
-10
23
35
73
125
136
102
83
78
68
70
90
107
144
185
230
240
220
152
71
44
93
124
68
-4
-15
40
62
29
-31
-62
-42
-3
14
10
2
24
59
64
28
3
21
14
-65
-157
-166
-104
-55
-48
-34
2
33
-3
-49
-67
-100
-170
-229
-202
-168
-158
-163
-158
-158
-174
-153
-88
-11
27
21
-19
-88
-160
-163
-81
-5
-9
-38
-5
53
38
-40
-47
18
54
31
2
-20
-39
-15
83
155
131
62
56
112
128
76
41
61
51
-15
-42
-2
30
11
-21
-31
-29
41
128
174
147
104
125
158
186
190
159
103
52
58
108
176
224
189
86
37
96
158
128
41
1
12
57
126
179
143
17
-77
-65
36
83
48
-34
-110
-129
-88
-9
-39
-145
-188
-129
-95
-103
-87
-52
-81
-130
-107
-70
-97
-171
-185
-128
-66
-33
-34
-81
-138
-141
-101
-98
-133
-150
-129
-118
-145
-144
-113
-95
-122
-146
-126
-110
-121
-111
-92
-106
-147
-146
-110
-99
-100
-72
-46
-64
-96
-94
-55
-17
-7
-13
-49
-78
-69
-11
44
44
29
46
95
124
127
128
120
123
127
131
98
53
75
115
133
109
106
114
103
131
193
218
177
117
94
97
109
129
119
92
59
37
32
33
23
5
-27
-45
-42
-22
-58
-140
-237
-259
-228
-189
-149
-140
-194
-304
-336
-148
151
327
298
216
274
450
735
994
1124
1039
853
725
688
717
714
640
444
128
-257
-607
-794
-818
-804
-895
-1083
-1236
-1289
-1249
-1155
-1003
-834
-693
-563
-381
-118
158
380
526
632
751
901
1015
1040
1000
966
877
662
349
86
-39
-148
-337
-647
-995
-1264
-1477
-1604
-1715
-1812
-1949
-2056
-1941
-1569
-1075
-661
-302
62
487
1006
1634
2288
2791
3130
3395
3668
3848
3677
3146
2473
1961
1677
1372
768
-281
-1531
-2577
-3165
-3359
-3411
-3576
-3907
-4178
-4138
-3681
-2961
-2198
-1534
-990
-469
181
1083
2181
3173
3752
3883
3792
3714
3744
3892
3955
3636
2796
1716
752
-60
-753
-1366
-1958
-2681
-3494
-4097
-4335
-4311
-4187
-4050
-3852
-3553
-3035
-2203
-1236
-414
119
523
1051
1770
2630
3432
3912
4000
3915
3999
4328
4675
4755
4486
3948
3331
2571
1492
236
-934
-1697
-2231
-2756
-3556
-4702
-5819
-6395
-6179
-5515
-4846
-4422
-4120
-3664
-2800
-1537
-156
1096
2034
2634
3034
3541
4287
5030
5365
5106
4464
3755
3229
2846
2419
1765
836
-259
-1350
-2315
-3053
-3606
-4082
-4560
-4937
-5011
-4740
-4151
-3322
-2474
-1857
-1452
-875
102
1319
2414
3150
3503
3543
3529
3687
4017
4173
3853
3250
2762
2525
2465
2463
2410
2162
1727
1354
1191
1161
743
-258
-1542
-2446
-2549
-2208
-2043
-2729
-4004
-4973
-4992
-4223
-3283
-2597
-2317
-2418
-2458
-1922
-751
587
1588
2055
2053
1890
2031
2643
3335
3600
3253
2496
1703
1244
1195
1221
843
-45
-1121
-1965
-2412
-2579
-2625
-2690
-2891
-3154
-3257
-3011
-2541
-2116
-1799
-1642
-1574
-1341
-606
422
1194
1512
1608
1741
1949
2302
2736
2979
2935
2823
2899
3141
3500
4005
4446
4505
4114
3591
2900
1672
243
-822
-1089
-1099
-1492
-2698
-4568
-6102
-6491
-5761
-4831
-4457
-4646
-4866
-4577
-3524
-1913
-217
1002
1582
1884
2293
3000
3980
5035
5661
5415
4545
3736
3396
3314
3048
2257
892
-732
-2043
-2682
-2878
-3128
-3674
-4330
-4889
-5352
-5470
-5108
-4363
-3631
-3001
-2319
-1576
-709
367
1571
2586
3205
3545
3964
4575
5237
5595
5452
4972
4471
4262
4395
4657
4678
4210
3407
2665
2037
894
-725
-2308
-3239
-3549
-3738
-4313
-5800
-7543
-8325
-7668
-6287
-5253
-4841
-4698
-4304
-3216
-1509
429
1999
2964
3438
3678
3990
4600
5486
6182
6073
5111
3883
3005
2558
2202
1598
514
-1013
-2531
-3559
-4030
-4252
-4438
-4692
-5098
-5520
-5632
-5137
-4135
-2830
-1546
-596
57
735
1720
2934
4085
4905
5182
5012
4845
4956
5297
5478
5248
4689
4126
3800
3665
3632
3470
3011
2364
1791
623
-1346
-3263
-4037
-3633
-3232
-3470
-4918
-6979
-8247
-7771
-6064
-4500
-3788
-3745
-3798
-3374
-2034
80
2181
3333
3480
3365
3595
4251
5206
6093
6170
5038
3361
2256
2091
2229
2025
1151
-482
-2410
-3783
-4174
-4141
-4274
-4601
-4980
-5387
-5544
-5034
-3895
-2734
-1935
-1383
-933
-383
523
1952
3402
4181
4276
4228
4488
4950
5355
5447
5081
4346
3685
3519
3673
3790
3724
3461
2923
2312
1638
241
-1697
-3347
-3781
-3467
-3362
-4034
-5815
-7778
-8534
-7461
-5567
-4359
-4171
-4294
-4128
-3352
-1835
294
2181
3055
3142
3194
3628
4420
5439
6227
6073
4916
3526
2784
2729
2782
2446
1331
-485
-2337
-3465
-3808
-3968
-4304
-4738
-5201
-5631
-5791
-5312
-4107
-2661
-1624
-1187
-872
-73
1345
3018
4299
4764
4583
4454
4805
5414
5804
5723
5264
4676
4333
4343
4426
4339
4042
3609
3100
2729
1955
-52
-2649
-4395
-4300
-3491
-3354
-4645
-7102
-9111
-9331
-7649
-5551
-4445
-4481
-4800
-4495
-3213
-1145
1151
2835
3385
3192
3124
3704
4943
6466
7428
6975
5271
3618
3026
3176
3148
2383
820
-1321
-3296
-4297
-4286
-4152
-4587
-5430
-6317
-6908
-6763
-5629
-3935
-2620
-2026
-1816
-1239
222
2288
4199
5300
5598
5340
5167
5602
6401
6785
6432
5698
4865
4268
4175
4358
4241
3644
3023
2529
2088
946
-1303
-3610
-4800
-4408
-3809
-4091
-5706
-8179
-9828
-9403
-7127
-4842
-3941
-4289
-4691
-4250
-2742
-445
2032
3737
4069
3635
3509
4238
5533
6821
7406
6630
4760
3026
2450
2718
2664
1736
65
-2056
-3894
-4683
-4411
-4228
-4881
-5815
-6365
-6404
-5916
-4744
-3193
-2071
-1688
-1489
-730
874
2863
4474
5342
5631
5663
5689
5925
6344
6450
5919
4955
4018
3548
3683
4057
4053
3461
2696
2020
1549
622
-1325
-3485
-4709
-4353
-3776
-4070
-5606
-7900
-9393
-9026
-6931
-4793
-4061
-4553
-4929
-4257
-2579
-424
1773
3313
3556
3017
2986
4044
5523
6589
6826
6144
4664
3262
2872
3252
3234
2034
86
-1879
-3379
-4192
-4272
-4157
-4577
-5522
-6379
-6619
-6042
-4818
-3404
-2437
-1959
-1421
-462
987
2608
3980
4774
5061
5243
5580
6112
6644
6765
6300
5486
4754
4405
4505
4810
4824
4208
3337
2768
2653
1758
-656
-3458
-4994
-4580
-3747
-3886
-5775
-8599
-10400
-9919
-7610
-5357
-4564
-5090
-5583
-5015
-3282
-845
1758
3569
3922
3458
3499
4579
6086
7343
7936
7391
5708
3965
3442
3879
3802
2468
423
-1620
-3311
-4274
-4406
-4443
-5119
-6248
-7125
-7248
-6652
-5461
-4044
-2968
-2417
-2097
-1258
435
2575
4341
5204
5364
5370
5664
6349
7125
7355
6801
5936
5393
5243
5194
5153
4931
4263
3327
2352
1694
675
-1374
-3753
-5407
-5391
-4935
-5133
-6490
-8564
-9988
-9879
-8097
-6011
-4973
-5122
-5298
-4524
-2777
-570
1641
3331
3998
3936
4082
4948
6129
7034
7427
7073
5794
4192
3365
3521
3558
2580
706
-1399
-3215
-4537
-5193
-5526
-5942
-6472
-6908
-6983
-6743
-5962
-4624
-3086
-1705
-681
219
1283
2699
4145
5184
5809
6233
6462
6554
6782
7120
7120
6718
6293
6062
5830
5457
4862
4133
3542
3214
1950
-1124
-4397
-5955
-5295
-4327
-4465
-6401
-9606
-11935
-11700
-9087
-6399
-5441
-6072
-6661
-5940
-3829
-892
2179
4362
4817
4128
4001
5313
7347
8836
9175
8292
6451
4690
4182
4736
4791
3313
834
-1594
-3361
-4325
-4557
-4675
-5439
-6937
-8346
-8762
-8000
-6509
-4872
-3624
-2956
-2460
-1473
430
2854
4899
5821
5830
5812
6323
7266
8199
8578
8054
6944
6040
5819
5999
6157
5862
4846
3454
2293
1643
370
-1879
-4222
-5706
-5997
-5967
-6254
-7797
-10107
-11470
-10804
-8568
-6407
-5390
-5390
-5370
-4417
-2403
214
2802
4425
4721
4536
5092
6499
7829
8538
8588
7807
6197
4657
4127
4177
3598
1879
-391
-2434
-3889
-4882
-5657
-6409
-7316
-8191
-8576
-8110
-7130
-6109
-5178
-4191
-2888
-1259
555
2218
3603
4650
5363
6038
6829
7586
8140
8425
8403
7917
7290
7015
7018
6863
6300
5498
4582
3779
2552
-99
-3457
-5785
-5914
-5059
-5020
-6612
-9695
-12352
-12737
-10430
-7282
-5592
-5924
-6839
-6426
-4367
-1564
1197
3376
4348
4172
4165
5485
7647
9310
9789
9180
7730
5934
4872
5063
5422
4393
1854
-962
-2964
-4119
-4749
-5148
-5837
-7062
-8495
-9281
-8977
-7782
-6179
-4791
-3971
-3513
-2792
-1228
1202
3739
5356
5853
6116
6826
7851
8751
9314
9349
8712
7843
7304
7203
7071
6518
5469
4202
3124
2184
275
-2649
-5178
-6104
-5770
-5719
-6632
-8901
-11379
-12359
-11043
-8433
-6461
-5926
-6315
-6270
-4947
-2457
460
3003
4426
4633
4540
5237
6922
8668
9522
9272
8138
6526
5164
4741
4904
4368
2421
-302
-2688
-4282
-5338
-6136
-6855
-7679
-8561
-9157
-9142
-8572
-7584
-6331
-4967
-3656
-2439
-1080
728
2952
4893
5933
6331
6872
7795
8702
9200
9297
9120
8731
8303
7924
7520
6933
6203
5406
4442
2264
-1341
-4663
-5933
-5034
-4319
-5353
-8440
-12037
-13740
-12507
-9322
-6687
-6164
-7256
-7913
-6667
-3761
-425
2516
4360
4718
4342
4768
6721
9197
10788
10883
9654
7763
6242
5942
6393
6135
4275
1406
-1270
-3109
-4208
-4895
-5511
-6615
-8420
-10196
-10701
-9666
-7867
-6266
-5488
-5366
-4985
-3329
-473
2504
4601
5477
5702
6274
7585
9040
9951
10068
9504
8625
8025
8052
8211
7823
6743
5214
3675
2502
887
-1611
-4368
-6077
-6428
-6629
-7468
-9425
-11754
-13030
-12366
-10223
-8134
-7156
-7158
-6963
-5603
-3199
-431
2137
4001
4830
5121
5835
7325
8979
10099
10400
9725
8190
6542
5733
5659
5152
3440
904
-1584
-3465
-4709
-5427
-6081
-7158
-8716
-9969
-10121
-9219
-7949
-6963
-6317
-5626
-4338
-2307
170
2566
4355
5347
5954
6941
8393
9677
10332
10391
10065
9508
9020
8768
8552
8019
7023
5634
4290
2681
128
-2854
-5060
-5701
-5827
-6560
-8332
-10895
-12949
-13313
-11761
-9526
-8165
-8033
-8003
-6832
-4461
-1792
641
2653
3953
4612
5401
6957
8885
10237
10678
10411
9575
8362
7403
7049
6605
5096
2606
19
-2052
-3662
-4938
-5868
-6840
-8187
-9751
-10770
-10593
-9422
-8002
-7110
-6629
-5802
-4207
-1899
687
2963
4418
5235
6286
7792
9161
9962
10353
10466
10208
9788
9523
9365
8917
8065
6785
5344
3501
797
-2176
-4343
-4974
-5193
-6286
-8713
-11732
-13718
-13643
-11743
-9591
-8679
-9213
-9697
-8522
-5573
-2148
651
2500
3412
3893
4916
7044
9537
11081
11231
10496
9465
8479
7950
7925
7588
5976
3216
384
-1675
-2986
-3998
-5096
-6676
-8742
-10625
-11375
-10774
-9447
-8248
-7708
-7710
-7408
-5883
-3054
233
2789
4057
4547
5388
7123
9216
10811
11507
11431
10863
10377
10318
10460
10227
9351
7942
6285
4031
798
-2348
-4191
-4365
-4482
-5905
-8848
-12360
-14509
-14281
-12223
-10104
-9418
-10181
-10772
-9634
-6640
-3127
-120
1936
2847
3254
4292
6711
9697
11696
12107
11373
10289
9286
8783
8871
8653
7042
4097
1111
-933
-2153
-3257
-4522
-6181
-8347
-10441
-11627
-11479
-10614
-9531
-8618
-8090
-7640
-6375
-3832
-700
1911
3376
4147
5103
6943
9165
10844
11545
11584
11285
10986
10997
11142
10792
9663
8071
6394
4455
1765
-1147
-3455
-4526
-5058
-6186
-8475
-11493
-13719
-14124
-12851
-11126
-10144
-10346
-10754
-9945
-7404
-4088
-1148
1056
2395
3304
4526
6616
9090
10877
11648
11556
10840
9819
9108
9003
8826
7587
5141
2300
-80
-1794
-3172
-4412
-5799
-7629
-9715
-11331
-11822
-11212
-10032
-9026
-8727
-8710
-7858
-5573
-2286
884
3065
4124
4848
6175
8160
10066
11284
11753
11596
11187
11031
11248
11221
10433
8954
7308
5472
2838
-177
-2567
-3685
-4304
-5603
-7955
-10978
-13484
-14401
-13473
-11673
-10465
-10577
-11120
-10589
-8412
-5242
-2080
533
2215
3151
4116
5968
8569
10801
11900
11873
11139
10029
9242
9260
9454
8540
6092
3054
439
-1494
-3068
-4356
-5602
-7308
-9388
-11139
-11866
-11628
-10786
-9655
-8779
-8289
-7630
-5994
-3189
-28
2393
3625
4341
5551
7507
9626
11249
12051
12002
11542
11325
11509
11537
10963
9781
8159
5503
1844
-1400
-2979
-2964
-3187
-5064
-8805
-12937
-15201
-14582
-12203
-10247
-10216
-11636
-12437
-11152
-7907
-4217
-1180
718
1484
2024
3496
6390
9729
12065
12842
12279
11067
10093
10067
10702
10732
9143
6219
3071
620
-959
-2070
-3256
-5058
-7464
-9923
-11717
-12451
-12110
-11127
-10211
-9869
-9783
-8988
-6805
-3549
-459
1622
2858
4030
5680
7780
9909
11460
12081
11916
11575
11561
11822
11867
11224
9820
8010
5900
3196
294
-1956
-3074
-3944
-5633
-8337
-11511
-13891
-14567
-13487
-11809
-10993
-11389
-11890
-11024
-8542
-5343
-2347
32
1565
2448
3500
5561
8395
10762
11898
11955
11411
10634
10131
10175
10122
8970
6628
3915
1530
-455
-2239
-3847
-5323
-6969
-8914
-10791
-11959
-12046
-11383
-10516
-9900
-9520
-8747
-6984
-4183
-1100
1337
2903
4025
5440
7413
9531
11173
11980
12082
11903
11848
11957
11833
11186
10107
8762
6715
3399
-181
-2528
-3051
-3008
-4092
-6949
-11010
-14323
-15205
-13569
-11149
-10109
-11073
-12452
-12202
-9702
-5996
-2436
158
1363
1735
2538
4680
7819
10597
12131
12299
11394
10179
9647
10107
10591
9754
7441
4488
1834
-54
-1304
-2251
-3563
-5687
-8300
-10532
-11755
-11999
-11491
-10592
-9903
-9663
-9437
-8413
-6148
-2998
128
2263
3371
4189
5539
7665
10015
11711
12197
11769
11283
11255
11510
11540
10912
9535
7709
5390
2536
-273
-2132
-2881
-3609
-5373
-8439
-11948
-14231
-14234
-12561
-10916
-10624
-11447
-11911
-10788
-8050
-4730
-1731
367
1391
1976
3156
5455
8231
10431
11515
11441
10616
9752
9556
9966
9977
8747
6393
3727
1473
-218
-1476
-2679
-4274
-6432
-8752
-10509
-11302
-11229
-10672
-10045
-9695
-9474
-8755
-6939
-4277
-1621
450
1914
3153
4572
6429
8476
10154
11055
11312
11318
11364
11507
11543
11202
10236
8809
6965
4324
1268
-1226
-2399
-2887
-4016
-6434
-9897
-12994
-14287
-13460
-11596
-10462
-10947
-12025
-12009
-10109
-7031
-3856
-1274
211
943
1928
3913
6582
8918
10384
10993
10801
10099
9623
9898
10325
9776
7974
5624
3418
1513
-51
-1304
-2645
-4612
-7011
-9028
-10206
-10610
-10524
-10144
-9877
-9789
-9426
-8246
-6137
-3708
-1574
27
1485
3254
5256
7128
8688
9883
10676
11009
11117
11297
11430
11302
10813
9926
8772
7012
4180
937
-1398
-2120
-2274
-3412
-6144
-10029
-13395
-14480
-13107
-10909
-10017
-10895
-12128
-12078
-10150
-7019
-3744
-1302
-258
90
1080
3380
6454
9091
10655
11034
10471
9695
9546
10228
10846
10300
8496
6057
3638
1621
237
-672
-1868
-3909
-6493
-8804
-10310
-10835
-10566
-10021
-9855
-10084
-10127
-9317
-7407
-4804
-2269
-428
752
1906
3596
5803
8053
9735
10573
10699
10619
10827
11286
11549
11239
10310
9132
7678
5412
2532
55
-1263
-1893
-2952
-5058
-8235
-11506
-13376
-13142
-11637
-10576
-10947
-12080
-12467
-11213
-8522
-5327
-2608
-1008
-276
625
2569
5371
7996
9721
10515
10538
10054
9717
10109
10753
10583
9221
7111
4907
2916
1271
10
-1205
-2860
-5028
-7202
-8907
-9990
-10420
-10269
-9918
-9784
-9816
-9527
-8418
-6388
-3892
-1620
50
1280
2569
4262
6259
8136
9536
10323
10594
10645
10818
11151
11291
10985
10256
8942
6308
2791
49
-813
-543
-1066
-3413
-7439
-11580
-13717
-12979
-10601
-9064
-9925
-12196
-13585
-12622
-9645
-6096
-3277
-1978
-1822
-1370
484
3601
6779
8988
10054
10088
9522
9251
9960
11155
11508
10376
8227
5844
3808
2461
1676
810
-840
-3281
-5824
-7817
-9017
-9533
-9590
-9576
-9848
-10269
-10324
-9654
-8134
-5995
-3633
-1733
-535
555
2164
4377
6610
8337
9359
9819
10123
10543
11092
11629
11781
11296
10263
8987
7239
4741
2092
275
-561
-1404
-3284
-6446
-9950
-12281
-12618
-11677
-10902
-11259
-12456
-13222
-12551
-10435
-7729
-5186
-3220
-1887
-784
768
3070
5670
7872
9357
10090
10156
9998
10286
11046
11464
10819
9191
7128
5092
3361
1997
748
-831
-2853
-5044
-7084
-8698
-9632
-9833
-9742
-9850
-10228
-10483
-10107
-8771
-6616
-4295
-2451
-1196
-116
1280
3241
5535
7639
9085
9757
10043
10394
11075
11849
12155
11757
10824
9588
7529
4549
1696
109
-255
-771
-2654
-6109
-10064
-12720
-13044
-11602
-10198
-10450
-12272
-13918
-13700
-11278
-7806
-4726
-2950
-2435
-2003
-505
2253
5372
7856
9434
9995
9710
9409
9982
11320
12218
11775
10091
7798
5610
4077
3210
2462
975
-1473
-4219
-6482
-7931
-8791
-9291
-9617
-10107
-10820
-11290
-10944
-9648
-7807
-5855
-4137
-2814
-1498
295
2625
5062
7063
8398
9122
9559
10230
11197
12110
12457
12044
11170
10172
9162
7624
5233
2526
400
-811
-1800
-3493
-6303
-9618
-12176
-13087
-12545
-11722
-11768
-12741
-13517
-13012
-11070
-8413
-5817
-3829
-2516
-1325
383
2744
5343
7759
9661
10727
10863
10669
10826
11380
11754
11337
10028
8141
6122
4285
2774
1438
-130
-2206
-4547
-6655
-8323
-9493
-10107
-10371
-10716
-11222
-11438
-10957
-9813
-8240
-6340
-4359
-2563
-964
753
2830
5071
7094
8631
9670
10393
11039
11720
12343
12598
12351
11690
10821
9612
7404
4358
1565
68
-335
-1073
-3306
-7097
-11017
-13223
-13101
-11578
-10464
-11047
-12913
-14294
-13673
-11020
-7617
-4721
-3055
-2405
-1699
7
2892
6055
8571
10027
10393
10066
9923
10645
11876
12493
11801
9991
7652
5452
3863
2899
2059
547
-1828
-4590
-7031
-8678
-9557
-9981
-10444
-11157
-11895
-12142
-11583
-10285
-8691
-7064
-5338
-3551
-1675
332
2607
4948
6932
8347
9234
9926
10691
11575
12316
12573
12231
11480
10595
9728
8639
6713
3872
889
-1204
-2215
-3024
-4665
-7489
-10718
-13036
-13555
-12529
-11382
-11418
-12383
-12890
-12026
-9963
-7312
-4589
-2446
-1104
50
1732
4078
6532
8704
10376
11203
11193
10898
11016
11492
11679
11061
9564
7423
5148
3272
1914
669
-959
-3015
-5270
-7460
-9225
-10245
-10574
-10669
-10938
-11207
-11162
-10621
-9552
-7922
-5867
-3834
-2060
-393
1404
3383
5404
7289
8850
9897
10537
10988
11476
11888
11950
11613
10947
10029
8953
7535
5192
2103
-657
-2007
-2256
-2856
-4941
-8511
-12089
-13918
-13362
-11410
-10056
-10618
-12398
-13374
-12264
-9368
-6090
-3522
-2201
-1732
-888
1163
4275
7246
9287
10311
10387
10007
9927
10637
11610
11846
10876
8971
6663
4504
2907
1880
977
-527
-2777
-5303
-7464
-8769
-9214
-9285
-9634
-10427
-11110
-11131
-10323
-8938
-7289
-5611
-4020
-2506
-923
844
2840
4911
6771
8163
9038
9595
10052
10552
11027
11277
11086
10422
9411
8318
7366
6309
4521
1899
-803
-2582
-3304
-3768
-5030
-7557
-10564
-12680
-12994
-11816
-10427
-10072
-10775
-11383
-10792
-8832
-6157
-3562
-1654
-427
664
2152
4110
6228
8103
9427
10044
10015
9727
9592
9714
9798
9436
8409
6739
4667
2640
1109
88
-949
-2482
-4459
-6393
-7832
-8547
-8668
-8637
-8870
-9419
-9754
-9400
-8315
-6855
-5258
-3625
-2116
-739
673
2232
3823
5350
6697
7760
8470
8912
9273
9566
9768
9755
9460
8914
8177
7469
6556
4663
1746
-1038
-2346
-2279
-2354
-3864
-7018
-10599
-12689
-12294
-10124
-8336
-8620
-10473
-11918
-11399
-8991
-5897
-3292
-1958
-1671
-1280
197
2701
5326
7415
8757
9064
8485
7878
8173
9219
9983
9753
8514
6574
4442
2846
2208
2120
1501
-216
-2676
-4984
-6389
-6793
-6625
-6614
-7273
-8339
-9036
-8778
-7676
-6316
-5119
-4235
-3497
-2557
-1267
367
2111
3716
4955
5712
6180
6735
7622
8519
8960
8903
8650
8353
7963
7530
7122
6559
5323
3170
636
-1270
-2000
-2064
-2648
-4540
-7452
-10047
-11084
-10334
-8769
-7956
-8636
-10030
-10612
-9518
-7207
-4721
-2971
-2207
-1884
-1192
381
2572
4677
6195
6939
7047
6939
7159
7932
8824
9222
8788
7568
5907
4370
3384
2916
2409
1262
-560
-2596
-4261
-5234
-5635
-5907
-6548
-7565
-8470
-8772
-8310
-7361
-6374
-5605
-4940
-3986
-2600
-972
602
1984
3188
4194
5038
5871
6829
7805
8509
8764
8713
8623
8602
8581
8440
8135
7228
5102
2166
-229
-929
-442
-474
-2260
-5738
-9366
-11343
-10892
-8860
-7404
-8130
-10542
-12540
-12322
-9858
-6532
-3977
-3200
-3692
-3804
-2229
826
3929
6080
7124
7233
6885
6971
8118
9774
10745
10414
9123
7476
6039
5123
4754
4518
3602
1699
-758
-2923
-4281
-4880
-5162
-5869
-7356
-9088
-10029
-9786
-8881
-7974
-7363
-7042
-6836
-6072
-4269
-1843
208
1467
2399
3468
4719
6053
7373
8418
8957
9138
9289
9494
9639
9575
9210
8462
7467
6349
4764
2582
341
-1103
-1578
-1995
-3283
-5694
-8530
-10588
-11020
-10034
-8917
-9035
-10390
-11626
-11463
-9661
-7113
-4836
-3493
-2966
-2330
-817
1605
4154
6071
7140
7536
7706
8141
9015
10035
10595
10347
9338
7837
6258
4979
4153
3432
2321
664
-1325
-3303
-4982
-6051
-6584
-7090
-8068
-9374
-10333
-10418
-9630
-8487
-7471
-6825
-6374
-5514
-3786
-1421
786
2371
3511
4585
5735
6896
8004
8954
9669
9918
9714
9416
9303
9302
9016
8269
7218
6022
4280
1748
-911
-2584
-2902
-2851
-3666
-5961
-9210
-11832
-12441
-10954
-8915
-8277
-9493
-11184
-11508
-9740
-6640
-3539
-1696
-1460
-1825
-1131
1305
4540
7161
8503
8668
8109
7696
8089
9137
9965
9911
8924
7264
5386
3817
2896
2453
1814
372
-1768
-3991
-5624
-6377
-6415
-6346
-6861
-8137
-9488
-10009
-9318
-7758
-6117
-4944
-4529
-4318
-3450
-1517
972
2997
4025
4243
4429
5167
6489
7810
8549
8484
7879
7175
6715
6634
6664
6435
5681
4578
3428
2535
1804
730
-828
-2491
-3596
-3980
-4180
-4852
-6287
-7918
-8894
-8773
-7647
-6259
-5517
-5742
-6200
-5875
-4463
-2552
-946
-70
185
471
1319
2765
4267
5315
5810
5800
5438
5135
5214
5559
5682
5305
4558
3531
2389
1473
1067
901
330
-811
-2140
-3221
-3861
-4031
-3894
-3860
-4266
-5047
-5594
-5465
-4714
-3793
-3045
-2643
-2588
-2452
-1702
-270
1176
2013
2188
2198
2358
2790
3478
4217
4717
4675
4290
3971
3975
4221
4341
4146
3665
3130
2859
2955
2820
1707
-97
-1473
-1560
-717
-102
-818
-3038
-5525
-6663
-5860
-4041
-2946
-3652
-5612
-7184
-7049
-5321
-3276
-2133
-2371
-3267
-3631
-2672
-674
1234
2285
2405
2019
1759
2173
3321
4688
5580
5740
5203
4322
3651
3522
3885
4236
4051
3111
1675
359
-350
-371
-142
-355
-1455
-3125
-4496
-4911
-4487
-3846
-3586
-3979
-4703
-5188
-4930
-3953
-2765
-1925
-1719
-1769
-1531
-731
468
1644
2450
2778
2921
3278
4070
5048
5836
6183
6197
6121
6098
6228
6488
6749
6639
5574
3547
1478
402
491
802
249
-1673
-4609
-7262
-8332
-7541
-6063
-5709
-7194
-9574
-11043
-10488
-8249
-5706
-4266
-4393
-5196
-5264
-3711
-973
1721
3389
3845
3722
3902
4969
6695
8308
9115
9024
8323
7417
6725
6469
6546
6348
5315
3439
1327
-373
-1393
-1936
-2512
-3542
-5139
-6918
-8308
-8770
-8390
-7787
-7499
-7706
-8039
-7951
-6956
-5040
-2911
-1302
-524
-108
775
2482
4611
6300
7193
7479
7532
7707
8208
8917
9343
9120
8344
7473
6842
6522
6258
5751
4908
3563
1494
-982
-2979
-3775
-3626
-3634
-4743
-7052
-9557
-10907
-10446
-8703
-7209
-7285
-8660
-9866
-9586
-7636
-4864
-2424
-1263
-1339
-1527
-683
1516
4167
6056
6651
6250
5756
5919
6821
7858
8248
7740
6563
5154
3978
3269
2896
2410
1434
-155
-2028
-3651
-4581
-4871
-4903
-5125
-5832
-6849
-7652
-7663
-6885
-5721
-4718
-4221
-4150
-3967
-3019
-1305
531
1871
2608
2995
3309
3928
4994
6138
6787
6772
6393
6005
5871
6002
6109
5771
4947
3957
3153
2651
2378
2134
1778
1243
455
-816
-2532
-4058
-4555
-3867
-2953
-3034
-4542
-6635
-7898
-7437
-5504
-3404
-2700
-3783
-5474
-6084
-4782
-2237
48
735
-294
-1614
-1693
-107
2178
3820
4107
3263
2233
1984
2802
4060
4883
4789
3975
2941
2167
1893
2096
2426
2380
1672
485
-658
-1310
-1261
-790
-563
-1052
-2142
-3240
-3758
-3445
-2611
-1961
-1936
-2460
-3042
-3153
-2510
-1399
-489
-96
-80
-91
124
760
1746
2574
2837
2606
2335
2377
2714
3114
3323
3246
2992
2674
2439
2414
2624
2918
2989
2687
2217
1938
1978
1856
1028
-291
-1330
-1492
-1066
-908
-1706
-3457
-5318
-6251
-5809
-4547
-3714
-4202
-5694
-6853
-6653
-5220
-3561
-2603
-2623
-3229
-3466
-2590
-710
1159
2156
2339
2244
2399
3029
4068
5099
5577
5420
4923
4397
4069
4040
4202
4134
3507
2427
1219
222
-342
-443
-472
-859
-1748
-2834
-3660
-3915
-3701
-3468
-3483
-3667
-3805
-3719
-3320
-2688
-1959
-1330
-873
-530
-87
554
1231
1826
2296
2649
2837
2999
3287
3666
3950
3984
3831
3605
3389
3187
3093
3177
3239
3048
2598
2176
1894
1682
1252
216
-1228
-2345
-2408
-1694
-1226
-1855
-3595
-5502
-6377
-5746
-4287
-3396
-3952
-5434
-6511
-6193
-4657
-2869
-1829
-1945
-2620
-2817
-1907
-236
1301
2091
2114
1837
1800
2354
3349
4252
4631
4503
4111
3664
3347
3300
3512
3647
3381
2637
1709
927
518
475
538
267
-622
-1848
-2760
-2930
-2608
-2345
-2459
-2931
-3512
-3754
-3307
-2416
-1788
-1785
-2103
-2204
-1735
-685
534
1302
1351
1075
1080
1638
2546
3310
3441
2978
2436
2327
2613
2927
3071
3023
2824
2516
2220
2066
2085
2140
2126
1995
1714
977
-273
-1472
-1903
-1453
-811
-722
-1712
-3589
-5319
-5651
-4384
-2790
-2366
-3515
-5270
-6232
-5587
-3669
-1738
-1056
-1871
-3126
-3460
-2332
-386
1250
1871
1586
1085
1065
1793
2891
3779
3977
3614
3143
2943
3129
3517
3853
3799
3223
2355
1579
1057
812
768
721
328
-507
-1397
-1956
-2034
-1885
-1831
-2058
-2592
-3164
-3368
-2947
-2165
-1559
-1405
-1602
-1895
-1961
-1468
-520
308
557
299
97
408
1226
2080
2355
2031
1620
1622
2089
2614
2841
2697
2379
2078
1911
2011
2386
2764
2763
2393
2016
1913
1829
1242
143
-833
-987
-509
-284
-963
-2458
-3989
-4791
-4467
-3407
-2670
-3099
-4461
-5621
-5671
-4608
-3197
-2323
-2426
-3156
-3594
-2969
-1404
222
1095
1099
759
768
1570
2940
4189
4701
4527
4165
3965
4066
4343
4589
4545
4035
3243
2460
1882
1519
1340
1236
869
21
-1077
-1907
-2193
-2085
-1971
-2142
-2604
-3166
-3538
-3605
-3363
-2934
-2579
-2419
-2474
-2573
-2375
-1747
-879
-264
-24
91
238
484
939
1641
2230
2355
2092
1877
1995
2373
2692
2671
2366
1972
1697
1623
1767
1968
2011
1857
1630
1434
1346
1257
835
30
-722
-751
-170
192
-385
-1819
-3253
-3940
-3632
-2726
-2066
-2403
-3560
-4644
-4809
-3933
-2622
-1728
-1859
-2665
-3163
-2707
-1440
-86
659
620
177
85
764
1957
3036
3522
3465
3204
3080
3258
3611
3851
3767
3388
2902
2427
1958
1556
1317
1143
829
242
-459
-1049
-1379
-1429
-1382
-1529
-2042
-2708
-3140
-3156
-2949
-2792
-2760
-2769
-2681
-2358
-1878
-1449
-1197
-964
-530
-13
416
673
906
1192
1520
1876
2185
2282
2107
1922
1985
2220
2307
2154
1913
1699
1539
1508
1631
1820
1919
1837
1673
1564
1618
1538
927
-41
-728
-583
90
468
-17
-1294
-2549
-2964
-2276
-1108
-617
-1392
-2878
-3897
-3729
-2670
-1592
-1302
-1994
-3073
-3569
-2977
-1740
-738
-467
-765
-1203
-1330
-749
410
1436
1715
1347
1012
1059
1420
1894
2327
2539
2342
1879
1556
1561
1744
1927
1996
1779
1232
700
486
537
570
478
302
-25
-481
-871
-915
-670
-551
-964
-1764
-2473
-2639
-2208
-1591
-1374
-1859
-2621
-2936
-2486
-1602
-803
-496
-716
-1087
-982
-182
855
1479
1489
1274
1264
1643
2272
2924
3350
3417
3212
3033
3215
3710
4116
4041
3608
3272
3150
2864
2096
1140
512
378
340
-97
-1129
-2441
-3416
-3578
-3032
-2533
-2954
-4322
-5693
-6131
-5499
-4434
-3670
-3748
-4514
-5119
-4781
-3473
-1963
-1041
-877
-1032
-930
-247
923
2113
2744
2697
2440
2436
2809
3355
3854
4054
3830
3393
3063
3001
3034
2983
2781
2372
1758
1099
700
648
747
680
302
-241
-756
-1121
-1297
-1260
-1117
-1173
-1507
-1889
-2098
-2035
-1760
-1462
-1408
-1649
-1940
-2076
-2035
-1739
-1255
-829
-760
-1000
-1118
-860
-335
136
398
454
465
600
984
1517
1976
2283
2372
2370
2407
2672
3163
3561
3631
3404
3212
3280
3441
3303
2644
1760
1193
1167
1323
1060
71
-1405
-2722
-3304
-3136
-2848
-3169
-4213
-5412
-6034
-5877
-5230
-4671
-4691
-5346
-6020
-5871
-4760
-3353
-2432
-2055
-1905
-1629
-918
308
1730
2726
3089
3226
3570
4195
4924
5503
5782
5711
5487
5307
5137
4903
4608
4325
3920
3188
2228
1406
905
527
10
-674
-1459
-2290
-3016
-3445
-3566
-3629
-3830
-4204
-4624
-4849
-4722
-4266
-3824
-3618
-3495
-3188
-2639
-1986
-1323
-667
-73
445
988
1557
2057
2384
2600
2857
3184
3482
3614
3528
3279
3064
3095
3280
3296
2981
2513
2117
1824
1571
1357
1145
875
578
385
269
-118
-850
-1488
-1505
-1096
-929
-1289
-1972
-2584
-2905
-2741
-2135
-1609
-1749
-2550
-3312
-3359
-2658
-1775
-1285
-1497
-2257
-2887
-2768
-1880
-912
-524
-688
-1031
-1145
-833
-105
709
1163
1115
916
950
1318
1875
2376
2711
2860
2876
2841
2833
2923
3048
3084
2943
2645
2302
2046
1880
1664
1323
853
327
-178
-506
-527
-437
-582
-1129
-1869
-2434
-2749
-2821
-2798
-2818
-2983
-3278
-3487
-3472
-3164
-2727
-2370
-2233
-2187
-1933
-1341
-572
26
329
466
669
1048
1611
2303
2897
3126
3023
2937
3108
3502
3919
4111
3892
3371
2949
2807
2809
2758
2548
2175
1719
1256
668
-110
-810
-1101
-1031
-1077
-1696
-2883
-4025
-4338
-3745
-2973
-2800
-3450
-4364
-4857
-4488
-3367
-2228
-1744
-2081
-2605
-2523
-1671
-414
638
1039
796
371
388
1032
1972
2684
2773
2306
1774
1624
1905
2283
2456
2268
1745
1157
838
846
879
722
441
119
-282
-698
-921
-886
-758
-800
-1019
-1238
-1249
-1020
-697
-407
-280
-331
-432
-352
22
553
910
892
607
295
170
289
562
748
656
340
-2
-265
-374
-316
-203
-184
-405
-736
-883
-713
-386
-235
-385
-707
-963
-915
-534
-66
231
310
260
229
312
623
1108
1542
1758
1696
1559
1569
1784
2007
1936
1643
1419
1477
1626
1539
1097
517
128
84
258
225
-297
-1134
-1781
-1951
-1807
-1658
-1714
-2081
-2673
-3151
-3223
-2932
-2554
-2309
-2262
-2356
-2369
-2105
-1596
-1117
-868
-840
-854
-662
-224
304
734
979
1112
1162
1238
1455
1750
2084
2383
2552
2465
2185
2045
2169
2356
2442
2410
2287
2057
1749
1553
1504
1454
1207
738
283
26
-16
-51
-302
-765
-1275
-1618
-1782
-1896
-2009
-2156
-2314
-2452
-2574
-2576
-2483
-2346
-2226
-2101
-1879
-1640
-1430
-1151
-752
-359
-148
-50
87
253
481
755
1020
1127
1127
1235
1455
1744
2029
2290
2461
2376
2135
1979
2069
2288
2337
2077
1575
1071
822
863
954
818
316
-348
-775
-772
-476
-317
-591
-1188
-1732
-1858
-1670
-1478
-1512
-1748
-2059
-2286
-2271
-1973
-1553
-1266
-1239
-1384
-1491
-1366
-966
-506
-237
-276
-436
-449
-222
164
516
761
930
962
849
699
811
1217
1521
1518
1295
1092
945
952
1135
1288
1213
963
729
562
580
759
880
702
337
59
-66
-140
-174
-142
-145
-240
-405
-550
-626
-611
-557
-593
-738
-872
-970
-1111
-1308
-1389
-1272
-1108
-1037
-1106
-1176
-1141
-960
-719
-527
-372
-259
-133
34
281
473
557
624
711
827
939
1102
1200
1118
946
835
865
951
1068
1131
1038
806
634
641
721
745
712
667
509
255
27
-62
-49
-83
-159
-320
-546
-793
-955
-923
-761
-624
-647
-760
-804
-739
-676
-618
-524
-429
-419
-517
-589
-488
-257
-85
-52
-86
-75
-86
-159
-205
-221
-143
20
132
61
-86
-98
-11
49
111
230
343
387
369
394
451
464
359
238
207
237
260
266
293
303
363
455
548
613
620
582
498
420
406
434
465
430
320
205
98
-18
-88
-74
-99
-334
-661
-787
-654
-527
-624
-878
-1143
-1277
-1243
-1071
-886
-831
-882
-914
-831
-654
-471
-329
-205
-30
224
446
591
733
971
1275
1514
1611
1576
1508
1468
1432
1377
1327
1255
1052
742
448
273
170
101
6
-201
-473
-724
-867
-956
-1024
-1093
-1201
-1353
-1447
-1399
-1233
-1131
-1144
-1159
-1013
-687
-399
-265
-242
-113
125
312
388
396
444
523
627
745
771
740
755
864
927
835
672
512
367
211
81
-30
-201
-387
-527
-580
-631
-670
-571
-406
-300
-315
-338
-344
-319
-198
-17
100
75
25
58
163
253
322
390
466
500
508
510
491
497
488
440
306
141
-15
-177
-306
-350
-349
-349
-341
-332
-316
-338
-382
-438
-504
-478
-347
-193
-77
14
153
264
296
343
473
613
651
640
670
736
772
747
675
586
585
591
487
246
-5
-164
-303
-460
-661
-862
-1019
-1084
-1076
-1055
-1098
-1275
-1452
-1451
-1220
-1038
-1076
-1154
-1064
-796
-546
-354
-236
-162
-93
56
343
651
943
1101
1119
1036
992
1067
1175
1298
1459
1598
1572
1409
1264
1176
1044
851
703
622
525
367
203
113
30
-119
-373
-611
-709
-700
-691
-812
-992
-1190
-1331
-1346
-1265
-1141
-1063
-1032
-1041
-1038
-931
-731
-537
-461
-479
-426
-196
84
231
285
381
540
681
794
877
916
986
1098
1216
1324
1412
1479
1438
1278
1070
877
749
595
344
28
-237
-389
-451
-523
-678
-925
-1194
-1429
-1611
-1685
-1635
-1515
-1477
-1542
-1583
-1490
-1266
-1025
-845
-723
-637
-534
-372
-111
212
497
743
999
1298
1550
1681
1754
1833
1925
1978
1940
1894
1886
1851
1751
1567
1351
1084
768
521
387
258
-37
-461
-739
-788
-812
-1006
-1300
-1521
-1626
-1665
-1703
-1772
-1824
-1776
-1568
-1301
-1127
-1075
-1055
-971
-845
-661
-407
-131
106
321
543
744
875
988
1074
1139
1193
1238
1285
1261
1204
1172
1180
1113
892
660
584
635
623
470
245
-5
-206
-358
-472
-596
-736
-838
-936
-1023
-1067
-1051
-1039
-1140
-1251
-1219
-1012
-821
-789
-822
-753
-540
-305
-156
-130
-96
114
476
739
743
623
595
696
800
751
584
511
632
774
795
745
670
556
444
447
453
372
286
240
124
-72
-167
-84
13
-75
-350
-687
-888
-856
-678
-561
-581
-670
-722
-734
-723
-644
-509
-383
-333
-320
-289
-196
-80
18
55
48
65
168
343
513
578
504
355
269
320
419
434
326
188
114
138
202
274
314
336
308
281
269
248
204
161
172
150
101
51
52
109
194
287
318
268
200
164
169
140
66
-51
-170
-206
-179
-116
-129
-170
-206
-241
-293
-358
-389
-430
-478
-469
-389
-259
-173
-178
-229
-268
-202
-91
15
79
104
134
191
293
349
318
292
352
440
412
296
221
246
320
356
351
313
261
159
-7
-200
-345
-352
-313
-333
-467
-615
-730
-799
-768
-637
-499
-449
-432
-367
-279
-213
-141
-40
60
117
149
207
285
335
349
332
346
392
454
478
459
433
440
457
408
293
185
156
168
128
22
-115
-280
-412
-438
-330
-244
-300
-428
-447
-318
-169
-130
-225
-300
-256
-163
-126
-88
47
203
203
114
111
220
332
362
361
388
386
341
284
274
295
217
77
-10
-27
-52
-127
-126
-60
-59
-132
-209
-250
-310
-363
-410
-464
-464
-360
-216
-193
-297
-400
-389
-285
-228
-279
-282
-90
165
254
170
120
146
183
252
374
483
445
323
264
302
339
298
221
145
57
-34
-109
-120
-89
-34
-38
-157
-272
-267
-132
0
30
-54
-168
-193
-96
8
18
-22
-54
-72
-100
-128
-161
-171
-129
-73
-53
-63
-68
-44
-10
61
158
260
354
391
380
301
216
170
158
156
157
231
314
352
317
292
255
217
210
253
257
180
124
145
229
273
234
88
-91
-170
-170
-213
-331
-383
-319
-286
-362
-444
-377
-199
-43
32
32
-20
-147
-274
-301
-229
-147
-122
-113
-100
-112
-98
-1
156
240
209
147
142
156
136
71
2
19
90
160
177
117
79
70
84
36
-21
-2
30
-81
-333
-463
-454
-430
-469
-458
-373
-354
-342
-266
-151
-82
-75
-57
-21
38
124
180
176
118
104
162
238
286
278
201
87
109
229
289
234
200
250
257
198
93
-65
-195
-157
3
103
72
47
101
136
89
-45
-193
-275
-256
-165
-152
-267
-415
-453
-345
-221
-176
-212
-274
-312
-307
-242
-142
-45
34
124
139
33
-79
-57
83
120
60
40
64
110
178
358
564
660
637
582
520
446
389
379
373
274
142
88
88
68
29
41
54
-32
-181
-297
-340
-302
-245
-245
-296
-326
-271
-204
-162
-201
-295
-383
-338
-196
-107
-80
-32
77
129
145
171
217
226
201
209
255
290
244
126
100
241
426
484
393
337
346
364
339
241
151
128
214
312
263
88
-97
-197
-160
-111
-187
-355
-498
-504
-475
-458
-469
-525
-584
-624
-620
-609
-583
-538
-505
-514
-521
-486
-406
-350
-337
-301
-210
-110
-70
-43
35
145
214
227
238
299
396
479
510
512
499
449
422
421
413
339
286
339
419
437
341
187
53
22
55
1
-111
-196
-220
-274
-340
-330
-305
-331
-394
-393
-327
-278
-257
-249
-240
-239
-196
-88
15
55
44
94
197
322
409
435
411
382
445
520
516
447
405
418
379
311
240
192
153
112
69
4
-59
-96
-122
-190
-272
-295
-261
-251
-267
-272
-285
-335
-338
-302
-295
-307
-216
-32
102
134
124
59
-42
-54
90
314
409
378
340
326
273
181
116
87
66
55
62
31
-51
-159
-212
-159
-39
13
-88
-186
-158
-89
-138
-236
-192
-15
124
140
97
9
-68
-117
-137
-164
-222
-195
-94
-2
24
1
-34
-124
-243
-291
-251
-180
-184
-257
-362
-463
-448
-330
-172
-63
0
22
-10
-21
4
-19
-126
-174
-132
-111
-67
85
239
276
205
172
163
171
223
275
255
146
53
64
152
209
283
409
521
500
369
274
226
164
64
15
40
85
81
47
43
66
113
159
194
170
87
-9
-17
17
19
-34
-102
-161
-228
-231
-193
-188
-252
-324
-336
-342
-345
-320
-288
-294
-303
-243
-128
-41
10
24
-30
-16
142
376
488
447
432
473
538
573
575
547
465
389
343
264
121
2
-8
-3
-60
-140
-179
-199
-193
-134
-81
-132
-249
-288
-296
-376
-505
-570
-555
-528
-483
-396
-322
-339
-419
-447
-344
-182
-79
-96
-147
-128
-29
66
69
59
115
178
193
174
164
178
216
283
302
273
238
163
44
-58
-49
60
181
186
46
-91
-78
1
26
13
26
66
120
205
250
196
146
162
147
39
-52
-43
-25
-104
-236
-351
-429
-407
-298
-171
-119
-171
-263
-320
-319
-292
-271
-232
-147
-54
14
50
53
107
238
364
372
313
304
337
349
376
444
469
407
380
490
617
606
476
380
390
407
312
119
-65
-132
-135
-154
-220
-270
-259
-263
-304
-379
-450
-534
-597
-567
-486
-425
-424
-427
-376
-283
-206
-180
-162
-77
66
215
329
387
406
409
427
415
348
260
222
287
370
365
266
164
127
112
55
-43
-119
-116
-73
-123
-242
-302
-255
-217
-255
-312
-352
-376
-357
-291
-241
-206
-164
-123
-77
14
114
156
177
262
349
281
125
59
93
100
20
-67
-71
-65
-101
-152
-130
-63
-44
-95
-175
-237
-265
-202
-134
-130
-160
-134
-32
47
132
246
306
263
176
147
166
210
278
286
211
171
249
379
393
299
146
0
-78
-92
-78
-128
-213
-251
-227
-187
-148
-102
-75
-124
-217
-312
-388
-401
-327
-243
-252
-337
-364
-290
-163
-44
49
135
192
220
243
328
439
484
436
396
395
367
308
267
267
282
313
295
171
-14
-130
-177
-234
-294
-350
-386
-406
-391
-364
-386
-417
-431
-380
-321
-299
-318
-311
-214
-96
-19
-2
39
135
248
303
276
246
277
372
451
490
483
491
505
491
455
412
382
315
183
62
7
2
-27
-111
-251
-430
-551
-534
-428
-381
-377
-381
-427
-522
-574
-502
-412
-322
-160
31
131
119
106
145
222
331
421
458
419
338
291
307
354
360
333
310
298
275
224
121
-1
-81
-88
-48
-31
-32
-67
-138
-268
-356
-343
-291
-249
-241
-236
-247
-279
-284
-248
-163
-81
-27
