25
-1
-18
9
42
58
30
-6
0
30
24
-23
-45
-49
-61
-74
-41
-9
-17
-19
25
64
38
-24
-61
-48
-14
-14
-50
-81
-67
-30
-14
-17
-20
-20
-10
31
81
90
48
8
27
69
70
50
35
41
58
99
167
190
164
150
163
153
100
44
39
47
31
-6
-28
-41
-127
-231
-221
-133
-130
-206
-202
-142
-133
-177
-172
-148
-100
24
135
101
-46
-106
-54
3
-2
-12
-23
-50
-77
-72
-42
-19
-25
-51
-59
-38
-16
-6
-9
-9
-15
-26
-40
-55
-29
-3
15
11
15
47
85
79
0
-76
-64
-8
33
52
60
45
19
39
64
55
41
37
58
70
49
2
-46
-23
60
157
176
113
13
-43
-59
-67
-43
-30
-50
-66
-24
32
26
19
56
91
67
36
70
140
142
81
21
27
48
-6
-49
-34
15
19
28
109
188
153
85
54
53
53
48
45
-7
-47
-39
-9
2
-13
-11
9
20
3
-34
-33
-28
-30
-36
-46
-54
-64
-28
7
6
-19
-13
41
77
43
-53
-105
-73
7
45
40
56
85
88
58
48
64
75
62
50
52
30
-9
-36
-34
-23
-21
-30
-46
-79
-91
-80
-55
-44
-70
-98
-111
-99
-83
-77
-77
-97
-112
-117
-105
-110
-125
-96
-50
-12
-18
-32
-36
-51
-54
-61
-45
-6
21
11
-14
-24
-55
-107
-98
-12
72
76
41
14
11
18
5
-14
-44
-54
-40
8
26
7
-18
-28
-30
-28
13
66
96
80
37
10
55
110
109
45
-28
-77
-108
-79
-29
-5
14
48
69
48
36
53
24
-43
-74
-29
18
34
25
7
1
16
66
98
98
90
79
86
121
153
135
69
42
68
50
-3
-17
26
58
51
54
56
40
13
-1
-7
-18
-25
-10
18
41
30
0
-13
-18
-24
-38
-39
-42
-73
-89
-78
-42
-30
-57
-87
-83
-52
-45
-61
-75
-57
-24
12
-2
-37
-37
-8
-28
-92
-120
-81
-50
-42
-30
5
16
-11
-36
-30
-8
-5
31
102
121
34
-52
-42
10
5
-10
31
91
104
51
0
-26
-26
-14
17
63
95
89
54
29
13
15
25
32
27
1
-16
6
57
89
66
13
-27
-29
-3
16
8
-13
-25
-42
-64
-53
-11
8
-9
-12
42
95
82
11
-29
-34
-27
25
104
160
127
66
18
-22
-22
-1
22
35
31
14
-18
-53
-78
-114
-148
-175
-180
-155
-118
-101
-103
-103
-96
-79
-52
-15
-3
-6
38
107
122
40
-39
-8
80
112
69
21
12
0
-10
59
164
192
104
2
15
74
136
158
135
89
61
91
105
69
2
-17
-10
7
45
70
67
39
41
39
-17
-72
-91
-105
-123
-85
14
58
16
-35
-38
-31
-41
-89
-142
-117
-42
-19
-106
-156
-114
-59
-44
-58
-102
-140
-105
-42
-27
-74
-78
-39
-44
-66
-55
-17
0
-39
-76
-117
-110
-94
-132
-182
-181
-98
-31
-2
-3
-55
-110
-102
-60
-36
-42
-31
-4
7
28
43
61
86
133
130
57
-22
-23
34
80
92
85
83
75
97
123
155
193
249
323
297
188
103
144
225
222
179
141
100
55
54
115
138
103
53
55
89
95
69
57
87
77
25
-22
-36
-23
-13
3
-24
-91
-126
-109
-96
-151
-226
-250
-227
-224
-265
-323
-338
-302
-272
-284
-326
-313
-237
-165
-139
-152
-171
-206
-229
-186
-74
34
117
143
123
79
77
150
211
212
189
199
223
226
195
175
176
192
209
216
198
166
139
133
138
138
148
156
147
136
122
99
68
62
125
150
144
114
98
84
52
56
74
129
180
166
75
-18
-48
-12
58
110
93
-9
-81
-113
-162
-242
-284
-272
-305
-366
-386
-362
-359
-373
-379
-354
-332
-330
-350
-374
-399
-419
-425
-398
-344
-314
-296
-262
-194
-110
-35
30
96
113
123
144
212
260
255
241
264
333
414
462
480
490
507
462
365
323
356
390
352
313
316
314
276
212
166
140
96
33
-7
-13
-32
-110
-189
-212
-196
-189
-179
-123
-57
-58
-111
-142
-126
-117
-126
-158
-163
-126
-86
-93
-104
-36
62
82
51
75
131
119
38
19
97
182
190
185
185
159
118
99
129
182
165
68
-74
-131
-60
-11
-20
-61
-54
-80
-175
-260
-284
-276
-298
-317
-361
-408
-405
-341
-308
-349
-368
-326
-291
-300
-333
-352
-336
-292
-274
-261
-225
-214
-265
-325
-276
-198
-158
-125
-68
36
133
221
266
226
177
147
193
272
312
287
251
281
338
362
340
324
303
283
275
259
245
248
277
306
323
327
287
222
203
243
270
187
16
-95
-59
48
77
31
11
35
38
1
-13
38
109
137
148
173
206
204
189
168
148
136
122
87
28
-20
-77
-186
-301
-344
-355
-367
-416
-456
-476
-491
-503
-523
-503
-460
-465
-512
-545
-562
-586
-583
-517
-436
-389
-339
-238
-119
-36
23
91
168
218
241
299
375
452
506
524
552
598
636
618
551
523
564
621
662
656
628
601
562
511
445
398
358
310
259
164
40
-83
-111
-71
-70
-143
-218
-223
-211
-239
-272
-296
-342
-415
-426
-334
-260
-277
-347
-348
-281
-236
-240
-227
-182
-136
-117
-85
-34
-5
8
23
23
40
82
156
206
218
230
231
214
200
219
245
254
241
235
207
182
175
164
127
38
-48
-113
-169
-221
-255
-280
-349
-461
-541
-562
-581
-600
-583
-545
-552
-601
-615
-592
-592
-628
-638
-587
-527
-490
-437
-361
-303
-271
-203
-126
-85
-23
95
206
216
207
257
343
415
465
517
558
581
573
544
528
542
542
491
463
485
510
455
376
363
381
360
264
167
130
130
119
72
34
18
-21
-66
-54
12
38
3
-12
28
57
52
44
50
54
86
162
235
254
224
224
252
260
258
251
244
220
207
244
249
202
138
108
101
86
44
-8
-75
-164
-273
-386
-446
-460
-456
-488
-556
-632
-674
-713
-743
-765
-822
-894
-901
-811
-722
-731
-755
-739
-688
-621
-540
-442
-348
-251
-160
-72
18
123
217
307
395
449
476
527
619
701
713
691
654
594
532
502
512
505
502
552
611
569
426
301
275
284
285
252
200
134
54
-33
-118
-138
-77
-24
-62
-126
-113
-50
-36
-69
-64
-28
-1
1
-11
-12
21
83
134
152
162
169
180
215
270
283
255
239
269
305
313
287
250
247
304
344
292
199
151
138
80
16
-63
-136
-236
-342
-425
-497
-554
-625
-679
-688
-694
-735
-761
-765
-776
-837
-887
-879
-858
-839
-815
-773
-726
-694
-689
-652
-562
-444
-352
-283
-162
-22
85
151
209
294
356
409
469
544
600
604
595
599
649
693
680
621
609
672
740
712
607
524
488
459
404
347
268
164
87
79
81
28
-8
20
41
1
-42
-12
32
14
-21
-39
-29
-7
24
64
91
100
95
81
76
71
63
92
152
189
145
79
102
188
248
244
226
227
231
278
331
318
194
60
4
-22
-90
-219
-327
-381
-414
-457
-517
-576
-641
-712
-749
-788
-838
-849
-824
-804
-810
-785
-729
-719
-726
-695
-663
-658
-609
-482
-351
-275
-168
-17
107
183
249
333
396
463
538
606
642
674
709
714
704
708
715
692
663
650
621
574
558
567
538
455
384
336
256
164
104
84
28
-87
-198
-250
-257
-207
-133
-98
-96
-86
-52
-69
-101
-67
18
62
43
18
20
14
10
41
78
99
104
133
158
149
148
171
213
238
251
241
234
229
227
222
222
231
200
124
22
-61
-112
-148
-208
-276
-352
-449
-573
-643
-609
-596
-683
-822
-868
-846
-863
-890
-888
-857
-870
-907
-905
-853
-769
-713
-679
-616
-466
-299
-200
-125
-17
92
148
206
329
445
506
574
680
752
743
732
773
797
759
701
686
694
663
592
544
549
545
495
429
396
378
347
298
209
93
6
-19
-26
-37
-50
-51
-56
-63
-32
15
53
29
10
28
75
111
119
125
139
169
190
188
163
171
186
219
255
284
302
291
292
275
278
278
259
240
231
232
181
102
10
-84
-223
-326
-371
-410
-485
-589
-645
-687
-738
-787
-830
-888
-954
-974
-942
-888
-855
-860
-885
-890
-863
-851
-864
-879
-861
-771
-643
-522
-431
-310
-140
19
128
198
257
350
488
650
804
890
892
883
925
997
1016
985
965
924
863
821
805
781
721
669
640
579
477
383
337
308
232
134
49
-26
-115
-204
-262
-298
-300
-288
-284
-269
-231
-179
-164
-160
-120
-64
-28
-30
-36
-31
-14
36
118
183
191
169
182
218
252
252
234
222
232
253
269
280
277
258
230
191
127
52
-13
-76
-147
-222
-289
-353
-419
-486
-554
-633
-708
-767
-807
-859
-902
-898
-887
-914
-974
-982
-952
-930
-911
-861
-791
-742
-695
-624
-520
-429
-342
-227
-76
62
141
207
307
432
523
560
598
664
729
757
762
773
806
825
808
762
718
685
633
575
543
545
537
515
492
457
377
269
195
139
86
10
-43
-83
-108
-99
-67
-25
-6
1
11
15
4
-19
-18
23
57
56
34
33
24
15
31
77
123
150
192
212
190
152
163
211
262
300
319
314
291
256
196
121
92
88
63
-22
-132
-228
-310
-387
-469
-533
-601
-678
-733
-746
-760
-822
-876
-851
-814
-824
-861
-875
-846
-824
-808
-795
-774
-717
-611
-469
-326
-223
-154
-85
15
144
279
401
497
559
592
619
655
674
687
686
676
665
634
601
546
510
484
444
379
327
334
363
356
296
219
128
29
-35
-44
-40
-89
-149
-123
-54
-12
-5
16
50
51
49
68
113
161
182
154
115
139
225
293
317
333
352
357
350
375
397
391
374
387
424
438
455
479
504
483
430
388
353
246
91
-41
-121
-203
-304
-395
-504
-623
-694
-700
-750
-874
-1027
-1136
-1168
-1128
-1070
-1082
-1143
-1122
-1046
-1044
-1104
-1102
-994
-895
-842
-783
-693
-576
-430
-275
-111
44
179
290
409
547
644
680
699
732
762
786
819
851
848
819
782
777
801
813
769
664
570
512
480
419
343
234
110
30
14
5
-58
-115
-131
-131
-136
-149
-165
-151
-104
-31
12
32
52
78
100
122
140
156
189
227
246
221
187
177
194
243
298
332
352
373
405
423
416
411
402
383
376
366
332
264
183
98
-32
-207
-369
-445
-470
-536
-651
-754
-816
-894
-978
-1023
-1057
-1126
-1187
-1173
-1136
-1148
-1191
-1190
-1140
-1048
-958
-882
-812
-713
-593
-469
-342
-210
-87
50
227
402
515
585
667
767
872
932
964
958
943
895
852
845
884
899
854
810
788
756
675
594
524
455
364
275
190
78
-46
-145
-206
-253
-291
-323
-339
-335
-292
-205
-147
-116
-97
-71
-56
-43
16
78
80
45
66
140
197
221
231
293
398
523
598
586
556
549
579
609
651
704
694
605
519
488
449
328
187
83
-22
-170
-316
-404
-463
-552
-678
-783
-852
-913
-993
-1049
-1089
-1153
-1217
-1234
-1210
-1241
-1318
-1358
-1315
-1212
-1096
-997
-931
-859
-737
-580
-462
-350
-191
1
174
309
429
510
568
656
758
813
812
801
810
818
835
836
814
803
822
852
832
790
759
709
601
441
277
153
94
84
42
-59
-168
-239
-290
-323
-307
-258
-190
-112
-12
60
117
185
258
298
266
212
159
130
120
108
137
224
352
438
489
545
592
581
538
558
611
648
649
644
606
503
375
281
191
65
-80
-200
-283
-379
-502
-627
-726
-805
-884
-965
-1040
-1115
-1189
-1227
-1241
-1261
-1301
-1334
-1361
-1368
-1363
-1341
-1311
-1265
-1171
-1056
-903
-721
-532
-350
-170
33
233
379
508
671
823
924
991
1081
1145
1155
1169
1201
1218
1198
1176
1156
1121
1080
1038
978
888
785
643
442
203
-27
-224
-391
-494
-561
-667
-817
-908
-866
-777
-732
-706
-638
-491
-326
-177
-50
74
201
291
356
424
491
503
472
481
583
723
850
960
1068
1140
1162
1157
1150
1163
1163
1148
1093
985
817
587
363
147
-73
-312
-531
-708
-880
-1035
-1158
-1237
-1301
-1338
-1363
-1403
-1460
-1514
-1544
-1582
-1613
-1612
-1602
-1630
-1679
-1663
-1561
-1424
-1293
-1130
-882
-581
-288
-39
219
502
773
969
1088
1192
1303
1414
1471
1475
1439
1367
1281
1165
1073
1016
973
907
851
853
836
730
588
464
296
78
-112
-265
-464
-719
-930
-1051
-1141
-1202
-1204
-1129
-1025
-931
-800
-617
-398
-158
101
341
548
719
844
921
958
1002
1042
1108
1169
1204
1225
1259
1325
1386
1466
1550
1595
1578
1499
1387
1234
1012
714
354
-13
-351
-685
-1009
-1302
-1556
-1771
-1932
-2033
-2100
-2121
-2092
-2047
-2018
-1976
-1925
-1905
-1883
-1833
-1783
-1779
-1766
-1700
-1608
-1488
-1300
-1021
-664
-259
149
513
861
1193
1480
1716
1917
2066
2122
2109
2066
1965
1820
1652
1478
1314
1175
1094
1037
968
860
720
567
412
233
20
-233
-511
-786
-1037
-1258
-1464
-1653
-1819
-1927
-1945
-1857
-1672
-1397
-1096
-817
-559
-246
130
502
838
1153
1458
1706
1904
2058
2179
2246
2249
2189
2092
2021
2000
2014
2045
2085
2085
1969
1729
1418
1054
602
72
-470
-975
-1425
-1858
-2292
-2712
-3079
-3343
-3507
-3539
-3448
-3293
-3136
-2964
-2731
-2442
-2132
-1856
-1651
-1522
-1429
-1344
-1261
-1157
-987
-745
-438
-82
343
841
1376
1879
2297
2613
2806
2907
2963
3007
3003
2890
2656
2355
2034
1702
1362
1100
935
806
667
529
406
257
81
-129
-383
-705
-1042
-1362
-1687
-1998
-2246
-2380
-2432
-2395
-2243
-1988
-1689
-1352
-970
-565
-141
277
654
971
1277
1605
1909
2139
2313
2440
2545
2610
2629
2616
2636
2732
2815
2808
2734
2652
2539
2297
1899
1395
798
100
-694
-1495
-2241
-2928
-3560
-4108
-4511
-4739
-4791
-4716
-4548
-4303
-3991
-3634
-3244
-2822
-2412
-2062
-1791
-1544
-1269
-994
-761
-528
-210
229
729
1253
1778
2284
2759
3180
3527
3746
3815
3764
3606
3334
2926
2430
1934
1459
946
391
-85
-374
-524
-631
-733
-810
-882
-977
-1100
-1250
-1451
-1708
-1971
-2198
-2362
-2438
-2393
-2208
-1913
-1499
-977
-364
281
901
1464
1923
2269
2498
2671
2796
2832
2745
2575
2414
2303
2246
2223
2240
2295
2370
2453
2534
2615
2652
2565
2271
1748
1048
206
-755
-1760
-2723
-3582
-4324
-4920
-5336
-5554
-5515
-5232
-4777
-4232
-3638
-3023
-2462
-1962
-1472
-991
-608
-352
-181
-52
81
288
591
951
1347
1813
2357
2896
3381
3754
3983
4046
3901
3525
2964
2267
1480
603
-267
-1024
-1652
-2102
-2376
-2470
-2420
-2217
-1883
-1530
-1258
-1085
-987
-921
-834
-729
-688
-721
-708
-550
-245
147
668
1297
1975
2601
3107
3461
3594
3539
3366
3115
2786
2394
2007
1634
1258
914
635
429
312
355
542
767
995
1265
1471
1350
825
85
-693
-1562
-2560
-3583
-4486
-5190
-5686
-5899
-5809
-5456
-4895
-4173
-3286
-2330
-1441
-703
-113
361
704
881
914
871
830
814
830
943
1240
1704
2192
2646
3102
3499
3701
3636
3377
2934
2240
1302
218
-907
-2026
-3018
-3717
-4034
-4042
-3843
-3465
-2891
-2131
-1301
-534
93
598
987
1233
1349
1387
1374
1334
1343
1499
1813
2230
2691
3155
3538
3775
3845
3739
3439
2973
2432
1842
1154
397
-240
-652
-888
-1098
-1195
-1021
-582
-10
585
1214
1778
2119
2144
1813
1140
176
-976
-2244
-3507
-4618
-5479
-6033
-6199
-5874
-5191
-4354
-3438
-2381
-1228
-259
414
862
1186
1331
1237
1014
722
427
237
309
668
1193
1770
2313
2809
3246
3560
3633
3358
2722
1713
470
-820
-2069
-3239
-4268
-4935
-5143
-4928
-4354
-3502
-2479
-1390
-335
635
1410
1897
2120
2160
2127
2014
1828
1649
1566
1625
1818
2164
2626
3063
3337
3397
3298
3053
2566
1829
1033
375
-98
-485
-819
-1080
-1203
-1111
-774
-185
568
1354
2080
2755
3322
3564
3286
2503
1347
-57
-1613
-3239
-4779
-6069
-6979
-7467
-7470
-6897
-5841
-4520
-3133
-1724
-347
809
1568
1947
2173
2336
2270
1921
1476
1166
1084
1224
1612
2192
2808
3307
3612
3688
3448
2772
1642
194
-1371
-2831
-4095
-5163
-5988
-6402
-6216
-5475
-4338
-2945
-1444
31
1364
2527
3418
3875
3882
3577
3166
2765
2366
1946
1572
1433
1611
1883
2060
2138
2212
2236
2118
1867
1465
864
113
-592
-1059
-1212
-1128
-887
-520
13
701
1471
2284
3088
3792
4318
4686
4831
4490
3420
1687
-384
-2482
-4498
-6338
-7831
-8832
-9246
-9053
-8179
-6771
-5172
-3594
-2030
-370
1199
2379
3077
3437
3643
3693
3573
3320
3037
2818
2758
2924
3173
3270
3126
2812
2338
1591
551
-683
-2096
-3631
-5074
-6067
-6463
-6397
-5969
-5124
-3732
-2020
-305
1247
2603
3671
4326
4611
4568
4100
3203
2130
1194
506
-46
-542
-873
-897
-613
-249
-23
88
151
149
60
-32
-32
-42
-98
30
502
1155
1735
2266
2880
3532
4123
4615
5016
5301
5435
5439
5212
4507
3056
881
-1605
-4016
-6211
-8217
-9854
-10858
-11097
-10540
-9221
-7266
-5081
-2945
-841
1320
3323
4729
5409
5649
5705
5505
4921
4087
3262
2467
1758
1319
1138
869
243
-509
-1180
-1821
-2603
-3437
-4224
-4880
-5158
-4787
-3757
-2466
-1113
446
2303
4148
5492
6165
6252
5858
5058
3874
2332
509
-1292
-2726
-3607
-3992
-4068
-3885
-3405
-2505
-1317
-230
489
840
956
904
755
628
511
362
306
538
1089
1763
2394
2983
3586
4203
4728
5120
5383
5480
5388
5073
4486
3386
1533
-1020
-3854
-6406
-8478
-10104
-11150
-11321
-10547
-9041
-6886
-4150
-1335
1024
2944
4709
6145
6642
6135
5208
4285
3246
1951
730
-208
-1018
-1754
-2068
-1963
-2063
-2647
-3237
-3355
-3304
-3485
-3640
-3349
-2637
-1691
-360
1459
3383
4897
5952
6724
7110
6818
5767
4166
2316
398
-1422
-2985
-4235
-5081
-5410
-5065
-3983
-2513
-1067
153
1261
2312
3005
3123
2774
2220
1621
1015
373
-215
-594
-643
-388
116
868
1751
2566
3292
4083
4916
5493
5569
5236
4817
4360
3417
1511
-1251
-4237
-6829
-8838
-10322
-11086
-10826
-9551
-7535
-4931
-1810
1225
3428
4873
6111
7132
7217
6073
4493
3174
2000
676
-550
-1366
-2138
-3101
-3775
-3772
-3748
-4396
-5304
-5534
-4909
-4071
-3238
-2157
-657
1144
3029
4838
6307
7131
7211
6725
5864
4494
2414
-63
-2181
-3599
-4588
-5298
-5473
-4840
-3574
-2018
-319
1357
2630
3192
3328
3552
3747
3284
2129
968
287
-126
-605
-1104
-1293
-1026
-389
461
1432
2455
3315
4019
4693
5284
5439
5067
4492
3971
3186
1461
-1385
-4720
-7621
-9704
-11152
-11816
-11261
-9523
-7096
-4253
-826
2701
5221
6447
7132
7847
7905
6570
4473
2732
1450
91
-1185
-1869
-2351
-3332
-4356
-4554
-4369
-4867
-5915
-6237
-5226
-3590
-1938
-170
1850
3802
5460
6899
7950
7957
6554
4270
1974
63
-1789
-3885
-5718
-6481
-5978
-4823
-3569
-2125
-419
1273
2724
3928
4750
4803
4186
3598
3265
2717
1512
56
-985
-1549
-1908
-2108
-1859
-1116
-105
1087
2505
3896
4829
5257
5475
5621
5459
4821
3910
3058
2013
-3
-3192
-6661
-9329
-11132
-12341
-12400
-10783
-8028
-5117
-1999
1792
5380
7342
7727
7788
7861
6910
4645
2324
784
-480
-1866
-2689
-2651
-2764
-3673
-4485
-4422
-4245
-4802
-5503
-5074
-3375
-1262
856
3055
5197
6773
7548
7708
7245
5753
3143
126
-2351
-4024
-5355
-6471
-6734
-5665
-3709
-1792
-211
1282
2656
3640
4222
4587
4594
3927
2807
1850
1296
678
-394
-1555
-2245
-2355
-2193
-1785
-922
317
1677
3053
4435
5617
6253
6323
6064
5614
4921
3962
2968
1840
-144
-3372
-7157
-10203
-12010
-12848
-12486
-10506
-7322
-3917
-617
2976
6311
8096
8131
7514
6868
5491
2991
439
-1114
-2061
-2994
-3567
-3379
-3177
-3794
-4560
-4489
-3974
-3939
-4123
-3337
-1250
1241
3520
5591
7224
7858
7317
6107
4530
2351
-475
-3298
-5240
-5953
-5823
-5341
-4394
-2730
-597
1289
2493
3123
3335
3185
2796
2440
2121
1562
766
184
32
-190
-980
-1985
-2491
-2342
-1845
-1208
-233
1131
2666
4108
5354
6265
6582
6269
5681
5148
4547
3766
2894
1648
-671
-4179
-7912
-10666
-12220
-12704
-11656
-8810
-4945
-1244
2158
5643
8401
9148
8129
6766
5510
3450
507
-1838
-2850
-3409
-4129
-4301
-3579
-3149
-3790
-4513
-4344
-3772
-3478
-2872
-1071
1585
4063
5960
7285
7699
6864
4954
2561
5
-2636
-5073
-6744
-7054
-5983
-4159
-2212
-190
1977
3817
4698
4577
3932
3107
2194
1414
959
721
396
36
-73
-91
-533
-1469
-2261
-2451
-2186
-1681
-809
537
2103
3552
4819
5792
6180
5779
4867
4007
3398
2873
2373
1939
1025
-1234
-4822
-8536
-11131
-12421
-12494
-10855
-7418
-3163
743
4211
7469
9535
9399
7725
5873
4008
1336
-1706
-3557
-3951
-4012
-4168
-3704
-2736
-2562
-3377
-3757
-3108
-2422
-2135
-1281
823
3413
5456
6726
7176
6441
4441
1680
-1165
-3761
-5967
-7363
-7465
-6058
-3600
-907
1526
3661
5304
5923
5323
3991
2469
946
-363
-1021
-934
-600
-381
-158
246
465
31
-797
-1373
-1375
-959
-259
799
2165
3562
4657
5316
5488
5144
4372
3505
2893
2494
2125
1881
1831
1298
-778
-4371
-8158
-10816
-12146
-12256
-10602
-7050
-2683
1223
4550
7526
9156
8421
6170
3997
2075
-474
-3268
-4707
-4548
-3949
-3372
-2359
-1230
-1212
-2219
-2801
-2402
-1841
-1395
-262
2004
4591
6385
7097
6731
5244
2670
-489
-3446
-5727
-7130
-7422
-6332
-3904
-698
2380
4733
6260
6990
6514
4437
1390
-1442
-3250
-3897
-3408
-1887
-6
1460
2290
2638
2401
1288
-369
-1544
-1685
-1128
-286
840
2348
3777
4633
4868
4677
4227
3545
2911
2660
2787
2974
3028
2835
1689
-1078
-5115
-9015
-11571
-12651
-12074
-9510
-5331
-833
2957
6171
8594
8999
7108
4379
2121
-35
-2673
-4709
-5037
-4209
-3410
-2704
-1789
-1317
-2016
-3166
-3489
-2949
-2194
-1125
839
3536
5897
7140
7120
5753
3145
-241
-3502
-5878
-7089
-7090
-5829
-3391
-150
3041
5326
6519
6772
6156
4450
1931
-452
-2018
-2618
-2439
-1607
-469
387
736
747
536
-84
-1040
-1788
-1766
-966
244
1575
2784
3652
4024
3960
3601
3044
2459
2066
2108
2549
3096
3465
3684
3696
2638
-310
-4698
-8930
-11664
-12645
-11798
-8792
-4124
766
4651
7473
9244
8973
6366
2985
459
-1426
-3530
-5013
-4587
-2933
-1681
-1172
-739
-765
-1996
-3752
-4505
-3920
-2795
-1241
1167
4111
6412
7233
6554
4459
1205
-2497
-5722
-7740
-8179
-6942
-4302
-890
2574
5347
6803
6883
6041
4667
2679
219
-1889
-2840
-2620
-1672
-368
927
1669
1568
913
128
-615
-1379
-1833
-1439
-160
1423
2624
3288
3481
3240
2604
1818
1266
1124
1375
1954
2780
3544
3926
3910
3607
2425
-495
-4944
-9379
-12140
-12828
-11620
-8402
-3544
1517
5339
7756
9057
8520
5700
2070
-468
-1791
-2919
-3661
-2961
-1270
-89
92
-214
-1053
-2861
-4852
-5478
-4397
-2489
-312
2238
4925
6786
6984
5473
2640
-936
-4578
-7406
-8718
-8230
-6160
-3069
411
3610
5865
6585
5829
4309
2739
1264
-239
-1437
-1805
-1229
-187
764
1378
1527
1101
244
-552
-977
-1110
-891
-2
1495
2886
3558
3525
2983
2095
1152
626
724
1253
2013
2941
3945
4605
4566
3901
3024
1865
-497
-4381
-8713
-11733
-12590
-11586
-8805
-4420
490
4399
6711
7853
7678
5568
2266
-319
-1379
-1858
-2383
-2117
-763
339
162
-754
-1748
-3129
-4830
-5507
-4227
-1716
908
3326
5531
6984
6914
5139
2059
-1645
-5110
-7518
-8298
-7354
-5066
-2112
791
3230
4908
5375
4497
2953
1709
1035
558
114
-176
-406
-765
-1128
-1193
-1065
-994
-788
-83
984
1786
2137
2367
2630
2641
2197
1536
974
571
362
519
1169
2206
3262
4133
4699
4810
4332
3337
2234
1044
-1079
-4558
-8520
-11332
-12182
-11381
-8914
-4865
-349
3150
5219
6458
6681
5122
2493
558
-135
-609
-1352
-1444
-655
-225
-849
-1819
-2615
-3731
-5040
-5173
-3407
-704
1854
4094
5925
6759
6095
4100
1146
-2180
-5015
-6711
-7021
-5924
-3608
-873
1396
2964
3930
4007
3083
1817
1035
809
816
982
1236
1283
776
-116
-1068
-1873
-2424
-2510
-1917
-718
772
2177
3212
3666
3515
2822
1793
723
-61
-265
195
1195
2482
3744
4704
5210
5152
4442
3117
1601
591
119
-993
-3632
-7176
-9937
-10947
-10506
-8633
-5200
-1067
2246
4210
5610
6384
5351
2788
676
27
-270
-1113
-1571
-965
-405
-913
-1916
-2531
-3080
-3917
-4140
-2806
-462
1784
3585
5024
5722
5114
3254
733
-1876
-4179
-5776
-6142
-4913
-2586
-214
1451
2523
3240
3300
2581
1747
1501
1598
1465
1159
990
698
-216
-1481
-2425
-2852
-2936
-2619
-1563
42
1584
2650
3185
3225
2803
2066
1311
747
403
351
769
1770
3051
3984
4286
4133
3687
2894
1756
738
386
501
-128
-2446
-5855
-8925
-10622
-10838
-9295
-5838
-1549
1983
4094
5378
5882
4740
2272
286
-268
-267
-615
-720
-139
167
-468
-1465
-2268
-3290
-4553
-4767
-3132
-547
1747
3518
4865
5387
4643
2812
347
-2249
-4382
-5536
-5436
-4118
-1943
254
1747
2560
2997
2949
2173
1193
875
1318
1922
2260
2189
1452
-11
-1697
-2875
-3468
-3580
-2964
-1325
951
2906
3979
4153
3640
2624
1490
617
156
98
469
1276
2261
3062
3447
3434
3202
2775
2159
1442
854
716
1029
1051
-371
-3437
-7063
-9817
-11113
-10725
-8259
-4191
-41
2898
4764
5923
5642
3525
994
-189
-127
-44
-97
396
1061
823
-342
-1663
-3016
-4572
-5460
-4435
-1742
1156
3385
4945
5743
5358
3722
1300
-1309
-3481
-4667
-4675
-3631
-1833
147
1601
2161
2118
1774
1080
265
20
731
1856
2655
2808
2243
859
-1117
-2940
-4032
-4266
-3738
-2401
-367
1749
3258
3851
3577
2678
1626
882
609
663
1023
1735
2499
2932
2899
2617
2314
1999
1682
1367
1083
974
1244
1888
2055
493
-2991
-7140
-10249
-11576
-11018
-8363
-4093
350
3533
5241
5759
4779
2362
-9
-832
-352
299
799
1555
2040
1281
-517
-2388
-3952
-5353
-5916
-4515
-1500
1496
3545
4851
5440
4814
2899
484
-1630
-3012
-3428
-2849
-1429
348
1703
2054
1527
793
139
-554
-946
-369
1147
2601
3279
3122
2134
294
-2030
-3918
-4768
-4571
-3463
-1576
730
2667
3571
3478
2729
1661
686
225
447
1064
1754
2307
2530
2311
1713
1083
776
981
1523
2013
2265
2400
2628
2894
2719
1302
-1777
-5906
-9626
-11588
-11404
-9168
-5244
-673
3037
4959
5296
4383
2316
-36
-1156
-548
761
1776
2504
2846
2008
-161
-2694
-4695
-6062
-6552
-5375
-2591
525
2876
4366
5062
4580
2890
793
-853
-1769
-1952
-1453
-455
641
1405
1488
850
-69
-738
-961
-706
241
1878
3466
4152
3756
2498
440
-2201
-4408
-5067
-4228
-2712
-1018
811
2452
3151
2732
1735
742
39
-189
332
1371
2205
2358
1966
1411
820
306
216
839
1951
2974
3563
3783
3753
3448
2944
2154
412
-2828
-6871
-10065
-11171
-10182
-7440
-3423
708
3515
4421
4026
2827
951
-727
-821
708
2452
3343
3462
2771
752
-2204
-4784
-6295
-7016
-6854
-5063
-1818
1389
3456
4434
4581
3711
2045
531
-203
-365
-298
8
556
972
756
-125
-1245
-1977
-1994
-1403
-363
1110
2756
3831
3803
2842
1378
-508
-2514
-3722
-3606
-2661
-1629
-533
692
1534
1484
852
254
-98
-189
180
1034
1839
2055
1672
1112
680
390
346
794
1826
3010
3778
3937
3558
2810
1907
1248
1024
727
-603
-3334
-6623
-9095
-9943
-9089
-6606
-2946
682
3005
3786
3631
2819
1517
551
833
1999
2858
2869
2263
934
-1406
-4076
-5928
-6627
-6548
-5550
-3161
66
2740
4149
4565
4296
3271
1844
769
376
300
189
111
110
-27
-587
-1532
-2387
-2620
-2045
-933
499
2130
3535
4146
3858
3039
1806
67
-1713
-2657
-2513
-1857
-1217
-603
-66
66
-279
-600
-518
-192
188
823
1806
2543
2529
2007
1502
1094
670
533
1026
1888
2503
2589
2362
1974
1470
1079
1144
1734
2216
1605
-656
-4178
-7647
-9727
-9789
-7860
-4464
-610
2454
3939
4006
3078
1485
-25
-406
547
1888
2672
2680
1851
-84
-2696
-4901
-6073
-6344
-5646
-3504
-294
2541
3995
4289
3922
3006
1694
620
204
213
225
114
-74
-478
-1205
-2142
-2894
-3017
-2302
-887
851
2629
4065
4677
4248
3066
1586
65
-1294
-2095
-2209
-2008
-1922
-1899
-1641
-1314
-1234
-1259
-894
-67
900
1834
2716
3330
3268
2558
1652
887
335
81
349
1014
1565
1766
1876
2065
2145
2032
1987
2220
2554
2718
2171
291
-3021
-6734
-9227
-9661
-8110
-5140
-1634
1239
2608
2564
1602
92
-1275
-1446
54
2289
3920
4313
3438
1316
-1629
-4277
-5707
-5825
-4784
-2515
518
3072
4172
3985
3040
1581
-8
-975
-880
-179
437
750
748
287
-705
-1882
-2656
-2669
-1866
-454
1260
2878
3898
3931
3031
1662
204
-1081
-2006
-2355
-2164
-1811
-1595
-1558
-1511
-1377
-1154
-682
159
1127
1893
2392
2725
2767
2304
1489
763
326
95
100
482
1088
1508
1672
1866
2216
2481
2602
2745
2916
2903
2734
2497
1610
-698
-4208
-7500
-9301
-9353
-7895
-5187
-1922
659
1794
1747
1069
99
-533
54
1812
3560
4211
3647
2115
-183
-2697
-4447
-4808
-3970
-2373
-391
1417
2268
1942
958
-54
-787
-989
-391
809
1911
2291
1769
542
-1008
-2348
-3008
-2782
-1741
-94
1688
2984
3374
2775
1551
138
-979
-1539
-1503
-982
-324
87
-44
-617
-1268
-1689
-1721
-1357
-610
386
1336
1867
1827
1406
934
716
737
861
959
1008
1063
1114
1214
1396
1727
2215
2733
3129
3335
3375
3164
2642
1976
1438
919
-177
-2307
-5088
-7444
-8544
-8114
-6258
-3407
-580
1172
1575
1184
429
-328
-519
346
1952
3282
3709
3129
1621
-591
-2771
-4006
-3980
-3017
-1550
-10
1069
1291
857
237
-309
-695
-623
172
1300
1930
1625
677
-417
-1348
-1855
-1754
-1116
-240
598
1195
1408
1180
681
180
-110
-137
65
416
737
751
266
-604
-1514
-2144
-2241
-1667
-566
525
1065
1081
947
843
623
337
336
781
1429
1899
2057
1950
1645
1246
930
954
1329
1838
2181
2272
2154
1872
1539
1274
1132
1061
784
-233
-2236
-4743
-6661
-7303
-6592
-4746
-2334
-184
865
752
-14
-920
-1446
-1118
262
2062
3348
3581
2769
1151
-695
-2013
-2394
-2036
-1304
-343
550
850
363
-462
-1100
-1418
-1355
-679
455
1354
1458
879
-46
-1067
-1812
-1848
-1120
-19
1038
1765
1910
1457
701
52
-146
92
602
1073
1366
1403
972
-33
-1306
-2257
-2557
-2205
-1322
-142
811
1157
961
659
468
437
619
1029
1524
1824
1780
1361
748
281
269
642
1126
1549
1920
2185
2151
1825
1436
1236
1375
1830
2449
2739
1937
-241
-3238
-5899
-7330
-7405
-6239
-4180
-1951
-624
-674
-1536
-2328
-2472
-1696
110
2341
3978
4378
3626
2143
352
-1218
-1909
-1496
-337
836
1369
1057
-12
-1306
-2244
-2454
-1898
-832
411
1381
1675
1166
48
-1184
-1945
-1849
-1005
180
1307
2090
2263
1710
732
-141
-492
-261
297
889
1286
1310
816
-121
-1098
-1745
-1870
-1429
-502
535
1120
1023
452
-198
-621
-601
-44
865
1703
2109
1915
1262
405
-305
-535
-124
814
1883
2688
2989
2845
2443
2015
1702
1583
1639
1725
1717
1587
1263
352
-1434
-3819
-5851
-6711
-6283
-4925
-3146
-1607
-922
-1209
-1919
-2484
-2552
-1781
-106
1855
3112
3263
2528
1275
-209
-1400
-1767
-1281
-355
474
820
426
-626
-1750
-2311
-2092
-1297
-192
903
1522
1375
613
-364
-1103
-1202
-509
633
1656
2197
2117
1502
616
-59
-154
268
882
1310
1424
1183
634
-9
-578
-886
-838
-411
266
821
949
493
-353
-1134
-1504
-1352
-858
-197
515
1093
1323
1069
534
93
41
459
1078
1536
1617
1412
1198
1107
1121
1205
1357
1610
1811
1759
1422
998
723
604
620
534
7
-1162
-2700
-4027
-4872
-5043
-4435
-3273
-2246
-1905
-2046
-2145
-1968
-1509
-620
719
1980
2575
2360
1607
649
-187
-513
-261
229
561
543
255
-305
-1048
-1652
-1807
-1417
-677
93
599
671
387
-157
-770
-1049
-725
-39
557
904
1072
1065
845
619
624
955
1511
2083
2422
2336
1749
872
73
-453
-763
-903
-782
-435
-165
-189
-431
-724
-937
-1052
-967
-659
-187
294
661
879
960
952
906
876
859
851
835
829
830
895
1074
1311
1534
1711
1763
1557
1167
865
796
852
914
989
1041
762
-91
-1484
-3036
-4163
-4499
-3979
-2976
-1981
-1406
-1495
-2053
-2593
-2700
-2289
-1392
-158
999
1574
1433
802
27
-498
-481
67
784
1301
1402
987
125
-874
-1561
-1701
-1357
-745
-48
480
490
-46
-714
-1008
-819
-282
387
1035
1564
1857
1820
1408
917
697
881
1291
1681
1824
1552
929
234
-221
-363
-274
-86
33
-17
-238
-619
-1047
-1358
-1359
-1037
-527
-69
71
-162
-547
-792
-806
-561
-69
544
1039
1277
1302
1247
1188
1201
1293
1423
1481
1465
1375
1167
741
277
50
118
435
886
1493
1963
1919
1173
-33
-1265
-2304
-2960
-3151
-2866
-2257
-1689
-1579
-2162
-3082
-3706
-3785
-3352
-2458
-1275
-150
470
589
403
117
6
279
939
1653
2055
2029
1615
941
212
-377
-652
-530
-29
612
1007
904
286
-537
-1200
-1352
-937
-182
615
1150
1291
1080
692
365
280
533
1098
1672
1882
1645
1167
639
111
-283
-346
-132
79
38
-302
-820
-1259
-1422
-1245
-807
-230
266
436
236
-190
-619
-824
-772
-524
-137
341
736
796
567
272
177
412
950
1583
2090
2386
2427
2199
1812
1452
1283
1255
1249
1173
969
709
346
-63
-479
-918
-1431
-1984
-2308
-2342
-2159
-1908
-1662
-1521
-1658
-2042
-2475
-2685
-2569
-2171
-1538
-883
-467
-410
-533
-686
-793
-673
-178
532
1092
1386
1531
1556
1457
1289
1221
1265
1275
1156
935
718
451
84
-302
-516
-486
-366
-266
-252
-335
-510
-654
-633
-499
-308
-76
222
469
616
675
674
587
371
110
-51
4
172
273
215
28
-172
-327
-497
-694
-800
-644
-376
-260
-325
-409
-392
-344
-296
-215
-46
153
300
278
214
260
486
807
1145
1488
1745
1839
1762
1647
1622
1642
1554
1328
1133
1085
1069
962
767
562
351
40
-377
-873
-1404
-1911
-2297
-2395
-2220
-1950
-1768
-1733
-1754
-1726
-1620
-1434
-1265
-1087
-875
-666
-527
-448
-289
-63
134
233
240
170
42
-105
-173
-75
167
388
506
546
594
576
436
283
206
246
285
274
275
286
257
140
10
-34
4
113
245
391
500
512
441
355
306
264
165
52
-3
-75
-169
-176
-16
168
183
111
35
-28
-78
-48
94
258
388
467
484
421
289
150
135
295
553
698
707
695
672
583
380
243
218
253
384
575
689
538
247
62
5
-8
36
211
420
498
473
451
381
147
-182
-381
-411
-376
-360
-448
-683
-984
-1186
-1263
-1319
-1295
-1097
-818
-664
-708
-930
-1298
-1678
-1842
-1714
-1432
-1133
-904
-770
-700
-623
-577
-707
-869
-795
-437
-21
300
598
758
621
309
118
151
309
558
931
1334
1586
1534
1294
1061
911
738
559
635
963
1211
1188
1041
974
906
712
481
364
412
470
448
337
200
-8
-280
-489
-547
-480
-408
-283
-136
-124
-293
-495
-588
-605
-521
-286
-59
-72
-251
-370
-373
-343
-273
-122
-16
10
39
210
441
628
768
851
929
954
971
1012
1055
1059
990
914
871
784
583
307
72
-13
-7
-30
-166
-458
-761
-985
-1119
-1209
-1269
-1289
-1401
-1644
-1880
-1956
-1946
-1948
-1956
-1824
-1580
-1401
-1309
-1188
-917
-656
-549
-532
-404
-160
111
357
657
999
1229
1281
1208
1079
910
764
699
728
797
889
920
843
758
717
645
521
497
601
635
565
526
519
402
248
240
321
309
222
163
72
-197
-577
-818
-859
-820
-803
-705
-503
-333
-272
-279
-320
-392
-443
-387
-261
-157
-73
-17
-15
-26
78
261
423
544
684
811
843
848
870
900
900
894
868
801
753
761
797
777
710
582
435
262
57
-105
-159
-60
64
89
-92
-449
-812
-1046
-1106
-1012
-821
-682
-668
-676
-739
-1035
-1493
-1716
-1568
-1296
-1135
-1009
-849
-724
-632
-567
-543
-500
-374
-168
11
229
557
817
767
499
340
410
597
770
939
1033
989
809
597
450
411
426
414
398
488
689
859
841
666
447
228
79
-20
-38
-34
15
123
156
6
-242
-383
-399
-441
-544
-581
-502
-447
-510
-682
-813
-746
-485
-206
-116
-180
-257
-276
-288
-333
-355
-317
-216
-141
-70
62
256
431
513
582
707
829
891
932
982
976
921
897
885
811
733
756
794
741
590
407
247
140
105
86
16
-149
-431
-722
-877
-872
-846
-887
-939
-961
-1044
-1256
-1506
-1667
-1696
-1668
-1598
-1433
-1219
-1075
-1025
-970
-829
-667
-508
-242
66
258
308
325
376
412
474
608
742
789
762
739
739
770
797
791
777
753
746
703
664
623
542
429
310
255
218
214
208
138
4
-85
-64
-60
-133
-181
-94
62
168
195
140
121
167
166
12
-196
-266
-247
-223
-219
-255
-304
-346
-330
-400
-555
-572
-328
-5
161
170
172
247
302
347
375
445
525
574
618
630
645
687
797
937
1086
1242
1358
1373
1294
1151
969
766
579
411
238
108
30
-54
-219
-487
-796
-1024
-1115
-1099
-1019
-946
-946
-1064
-1251
-1408
-1547
-1672
-1726
-1634
-1412
-1194
-1086
-1091
-1089
-1020
-889
-728
-610
-494
-343
-129
50
97
51
-6
-16
77
266
489
693
845
973
983
874
724
630
605
562
550
657
834
936
874
747
642
610
616
600
564
552
584
558
444
308
166
-35
-288
-490
-588
-666
-743
-765
-707
-652
-672
-754
-805
-757
-642
-514
-439
-370
-303
-249
-232
-233
-221
-172
-74
79
303
530
691
782
873
965
1010
1040
1116
1178
1115
955
880
901
874
744
639
661
697
655
539
387
186
-30
-193
-263
-288
-348
-481
-672
-871
-1054
-1245
-1382
-1361
-1230
-1140
-1150
-1158
-1116
-1057
-1032
-989
-882
-768
-678
-639
-552
-453
-359
-291
-238
-211
-179
-77
55
224
384
538
679
804
908
911
850
839
893
942
906
833
798
771
696
561
417
297
198
126
125
153
132
48
-64
-135
-167
-209
-283
-361
-375
-380
-529
-766
-898
-791
-586
-487
-463
-410
-317
-277
-284
-242
-140
-89
-68
-21
42
50
24
22
25
45
152
344
475
494
417
311
238
251
343
404
445
481
524
558
576
567
535
527
558
585
592
635
640
585
489
419
346
175
-19
-121
-100
-38
-38
-99
-189
-301
-416
-557
-717
-797
-752
-647
-610
-634
-666
-731
-824
-896
-870
-749
-574
-421
-384
-456
-501
-409
-252
-210
-269
-280
-165
5
149
230
195
79
5
27
103
206
315
377
367
352
333
256
156
133
216
311
327
271
198
206
257
288
309
321
331
301
231
164
91
16
-48
-78
-78
-101
-148
-153
-170
-217
-256
-239
-200
-189
-125
-89
-253
-513
-597
-442
-285
-249
-232
-178
-82
41
163
215
216
278
423
560
607
542
443
390
419
511
589
647
654
612
540
518
574
658
688
686
681
648
590
574
610
609
543
426
277
157
160
193
50
-271
-557
-705
-816
-917
-957
-943
-976
-1088
-1207
-1257
-1218
-1154
-1138
-1122
-1061
-980
-917
-865
-784
-727
-644
-509
-366
-251
-129
-9
31
35
90
170
202
237
291
321
350
451
587
657
670
698
716
682
619
565
497
368
180
15
-71
-72
-44
-22
14
68
120
126
70
12
24
57
42
2
31
86
5
-183
-304
-272
-207
-210
-254
-266
-221
-142
-101
-129
-165
-115
-7
67
47
5
25
102
185
206
214
255
377
487
469
366
304
327
343
316
332
424
522
553
573
663
758
719
544
421
467
611
694
627
438
203
-33
-242
-406
-492
-483
-435
-439
-509
-614
-692
-692
-656
-606
-629
-694
-727
-701
-631
-587
-602
-679
-744
-665
-438
-242
-210
-251
-222
-150
-110
-68
25
128
183
211
244
263
283
304
332
309
203
94
96
206
285
255
215
286
453
581
594
531
435
329
228
168
61
-83
-72
90
171
50
-100
-138
-177
-255
-279
-189
-98
-113
-220
-308
-344
-360
-350
-316
-244
-211
-247
-314
-351
-338
-307
-302
-337
-377
-365
-318
-296
-256
-148
-49
-19
24
152
305
462
603
681
628
565
585
595
537
426
381
361
362
350
303
237
175
148
120
120
172
251
291
259
207
155
114
46
-33
-114
-228
-378
-527
-591
-591
-577
-589
-601
-596
-545
-436
-334
-339
-444
-520
-494
-434
-386
-324
-264
-241
-249
-259
-253
-230
-142
-2
104
160
223
331
403
371
295
310
415
536
636
721
751
648
441
322
407
577
592
448
330
280
222
114
-9
-106
-223
-336
-414
-404
-330
-284
-332
-451
-498
-441
-343
-373
-466
-443
-286
-154
-150
-141
-63
4
26
43
53
11
-49
0
196
398
483
473
519
619
627
546
509
549
551
463
375
337
357
410
418
365
318
360
460
528
527
441
275
130
58
21
-115
-311
-397
-344
-321
-415
-499
-494
-478
-505
-533
-512
-480
-504
-584
-676
-699
-655
-571
-462
-376
-354
-372
-384
-361
-325
-316
-293
-268
-222
-201
-179
-103
-24
40
74
140
215
237
183
138
165
239
264
239
199
179
239
338
329
180
33
31
75
60
19
-9
-32
-71
-25
129
237
179
29
-88
-149
-199
-229
-253
-262
-229
-154
-127
-173
-199
-159
-94
-70
-55
-18
6
14
20
70
130
179
221
216
197
186
205
216
225
281
345
362
357
378
407
369
286
244
214
150
92
118
228
282
267
247
265
292
250
157
73
65
113
200
284
314
256
136
49
4
0
5
-5
-50
-91
-84
-36
-33
-116
-241
-365
-467
-562
-613
-600
-546
-525
-562
-584
-526
-454
-444
-433
-341
-208
-124
-86
-74
-126
-248
-374
-407
-362
-300
-230
-136
-36
-33
-93
-122
-85
-35
-16
20
87
152
174
147
153
188
202
148
42
-4
56
182
229
127
-30
-111
-83
-33
-17
-56
-99
-92
-49
16
50
64
71
74
104
156
186
175
154
175
236
277
275
273
291
280
178
26
-43
-14
50
121
248
429
550
587
608
635
622
523
425
374
337
291
262
291
364
406
387
360
344
312
237
165
117
45
-50
-139
-203
-200
-146
-158
-255
-350
-338
-319
-373
-410
-406
-423
-511
-586
-571
-526
-521
-561
-627
-649
-588
-500
-460
-486
-456
-379
-324
-304
-297
-290
-282
-221
-128
-83
-86
-76
-14
69
128
163
165
179
180
122
37
1
44
58
25
39
128
174
124
51
-10
-80
-144
-151
-109
-94
-58
4
64
100
99
73
-10
-51
21
149
185
98
-9
-31
64
160
181
168
190
192
116
60
97
176
215
221
230
189
117
71
83
144
213
298
351
346
299
254
218
186
179
233
325
386
386
341
333
363
403
434
433
409
323
207
130
97
96
69
0
-81
-142
-140
-107
-139
-241
-295
-224
-126
-125
-207
-251
-231
-206
-224
-275
-322
-343
-324
-309
-342
-410
-458
-493
-517
-466
-336
-236
-244
-297
-291
-282
-295
-332
-355
-351
-368
-370
-352
-335
-322
-282
-181
-58
10
32
2
-32
5
107
187
195
210
279
351
308
200
137
136
145
127
137
173
183
153
133
178
258
279
214
158
176
231
230
182
160
207
274
308
318
335
344
299
249
231
276
306
302
270
198
119
34
3
-13
-31
-75
-147
-203
-226
-186
-179
-235
-318
-358
-348
-365
-436
-515
-542
-542
-523
-496
-417
-300
-212
-175
-193
-203
-211
-256
-298
-239
-80
59
115
97
64
34
23
57
109
166
201
233
285
335
322
253
213
274
368
380
286
179
172
244
305
266
186
166
221
304
344
318
247
197
194
202
171
109
87
134
189
165
66
-25
-74
-119
-175
-241
-282
-275
-232
-223
-241
-258
-266
-288
-308
-313
-343
-369
-304
-215
-204
-253
-246
-139
-31
8
-24
-56
-24
18
39
63
87
50
-23
28
172
249
216
164
145
118
97
117
135
206
295
304
203
92
113
161
135
76
68
103
116
119
106
84
60
42
1
-34
15
96
91
-8
-72
-72
-74
-124
-166
-158
-168
-209
-238
-210
-176
-169
-131
-42
44
67
19
-57
-97
-83
-41
-46
-88
-117
-107
-35
16
32
33
26
14
8
73
154
162
139
172
229
188
53
-51
-100
-185
-316
-379
-319
-266
-271
-283
-268
-261
-262
-217
-185
-199
-211
-173
-135
-142
-173
-196
-220
-278
-318
-292
-205
-142
-168
-173
-93
26
70
35
39
81
103
92
109
158
193
207
236
252
221
199
220
260
216
93
15
66
164
209
206
231
278
280
263
246
240
237
238
268
310
322
296
269
291
299
236
165
136
142
147
147
128
59
-42
-88
-55
-11
5
7
42
39
-59
-173
-170
-33
94
105
33
-36
-72
-81
-99
-108
-103
-91
-73
-59
-23
-1
-13
-36
-43
-66
-145
-246
-281
-260
-265
-283
-252
-188
-151
-162
-148
-104
-60
-29
-55
-97
-109
-86
-49
-16
-19
-78
-147
-152
-132
-169
-214
-191
-79
22
55
32
-18
-63
-122
-182
-214
-230
-229
-219
-187
-116
-12
137
266
309
244
170
169
226
297
367
431
429
372
333
332
337
341
348
341
301
272
279
296
284
249
221
224
221
184
138
108
95
36
-71
-188
-257
-267
-276
-298
-313
-303
-294
-328
-389
-468
-548
-604
-630
-621
-583
-532
-485
-467
-435
-386
-363
-352
-304
-202
-107
-54
-3
41
58
35
-3
-5
26
78
142
207
262
307
340
363
355
337
321
323
330
315
277
250
242
202
130
90
122
160
140
128
164
216
232
191
106
26
-8
21
22
-37
-133
-213
-198
-144
-128
-187
-226
-193
-150
-115
-67
-36
-68
-100
-73
-30
-44
-55
-15
44
93
135
137
78
16
34
108
157
170
183
222
274
301
286
237
176
163
243
360
423
365
260
197
173
161
102
51
57
71
49
0
-8
-10
-69
-123
-131
-136
-162
-184
-185
-201
-235
-238
-208
-178
-167
-155
-138
-142
-177
-203
-156
-50
22
-5
-110
-177
-185
-189
-233
-277
-253
-180
-117
-88
-104
-161
-243
-287
-277
-244
-210
-199
-198
-220
-236
-227
-189
-134
-110
-117
-132
-145
-162
-140
-50
44
45
-31
-92
-76
-25
18
23
26
57
90
136
177
216
186
143
173
230
222
151
108
82
20
-51
-49
-5
37
93
161
200
138
88
132
239
287
267
278
323
356
357
362
362
351
350
338
260
171
155
198
213
169
128
64
-23
-99
-130
-147
-161
-164
-160
-164
-171
-135
-107
-121
-186
-235
-232
-210
-228
-279
-332
-309
-184
-39
21
-13
-48
-44
-32
-5
45
86
109
131
147
114
89
108
148
130
91
108
166
170
97
46
80
121
83
11
-18
-38
-113
-168
-123
-29
-16
-71
-100
-67
-31
-14
16
49
64
34
16
46
105
128
82
17
-6
-24
-59
-85
-68
-32
-48
-78
-114
-135
-139
-112
-86
-97
-108
-105
-98
-81
-59
-50
-97
-143
-172
-200
-179
-99
17
51
-20
-112
-149
-114
-104
-161
-215
-186
-82
1
17
-23
-99
-151
-156
-124
-110
-120
-150
-168
-155
-118
-102
-115
-121
-112
-74
-42
-7
-4
-18
10
100
192
193
112
54
58
86
111
145
183
187
152
144
189
232
223
193
233
321
396
400
330
251
181
164
208
253
260
241
267
314
301
274
248
156
30
-17
58
156
191
181
122
39
-7
-4
-10
-13
6
8
-52
-153
-201
-208
-201
-171
-107
-51
-45
-105
-172
-190
-173
-191
-268
-323
-338
-329
-287
-179
-83
-130
-254
-265
-134
-2
-15
-94
-137
-88
-15
-9
-52
-85
-76
-53
-39
-37
-48
-80
-82
-78
-71
-56
-40
-53
-81
-74
-18
44
62
58
49
74
117
151
140
116
119
137
119
62
24
38
106
160
170
149
127
91
59
44
39
25
72
229
356
311
163
127
210
270
207
116
58
2
-37
-38
14
45
67
70
47
1
-23
-20
-26
-45
-46
-40
-84
-160
-215
-231
-269
-328
-360
-318
-269
-244
-221
-181
-154
-184
-186
-149
-123
-165
-218
-224
-227
-230
-239
-217
-216
-234
-259
-266
-225
-165
-105
-85
-85
-77
-52
-22
27
96
147
137
84
67
103
134
110
102
150
207
240
252
266
239
192
174
191
192
140
65
26
61
108
134
141
143
104
10
-68
-41
71
156
132
58
19
55
91
102
106
99
107
156
235
257
230
226
273
287
235
191
200
228
222
172
111
61
36
57
94
113
67
25
48
90
69
19
23
4
-69
-113
-42
6
-89
-216
-249
-207
-206
-251
-270
-250
-231
-236
-256
-279
-237
-140
-35
-18
-51
-90
-150
-226
-249
-227
-211
-242
-276
-248
-239
-258
-338
-386
-314
-161
7
54
-27
-115
-126
-81
-70
-85
-95
-125
-127
-45
58
96
87
121
165
171
182
236
292
291
214
101
0
-44
-13
47
69
65
81
115
143
149
161
178
206
230
230
221
258
304
271
167
68
61
158
300
414
404
308
228
184
181
170
160
129
55
-27
-75
-63
-16
-23
-93
-155
-116
-22
29
3
-66
-77
