SAMPLES:	16853
BITSPERSAMPLE:	16
CHANNELS:	1
SAMPLERATE:	16000
NORMALIZED:	FALSE
-26
-17
-11
-10
-6
0
7
13
22
28
32
37
38
41
45
49
53
53
54
53
43
39
38
41
40
37
36
38
41
39
37
32
29
27
26
26
26
25
26
27
28
28
25
20
10
1
-4
-8
-14
-20
-25
-26
-27
-31
-34
-34
-31
-35
-46
-53
-50
-41
-35
-30
-24
-21
-24
-23
-24
-23
-21
-21
-16
-6
0
1
-4
-5
-4
-7
-12
-14
-8
4
10
14
16
14
4
-4
-9
-11
-11
-12
-13
-14
-15
-12
-9
-5
3
15
28
41
47
50
51
50
54
56
51
47
43
39
39
37
40
44
49
48
45
37
26
20
18
18
19
19
24
28
23
14
2
-4
-10
-17
-21
-23
-22
-21
-26
-31
-36
-46
-54
-58
-58
-54
-51
-47
-43
-39
-36
-39
-45
-52
-56
-60
-62
-55
-46
-37
-31
-29
-28
-30
-35
-35
-27
-13
-1
8
13
16
13
9
10
15
19
22
32
39
40
38
34
36
37
41
44
47
49
49
47
43
36
31
25
22
23
27
27
28
31
34
39
40
44
47
46
44
38
31
23
15
10
8
12
10
6
4
0
-5
-12
-13
-10
-19
-33
-44
-45
-40
-42
-51
-51
-50
-53
-61
-61
-52
-47
-48
-46
-41
-40
-44
-44
-41
-36
-38
-43
-41
-28
-20
-21
-23
-20
-12
-10
-11
-9
-2
6
9
13
14
16
13
9
11
20
30
39
40
41
40
39
35
30
30
36
43
46
47
54
58
57
55
50
47
43
33
21
13
7
3
-1
-2
2
7
5
-1
-9
-15
-15
-14
-9
-6
-6
-10
-11
-12
-16
-17
-17
-16
-14
-12
-11
-14
-14
-16
-18
-19
-19
-21
-23
-30
-37
-42
-42
-46
-49
-50
-46
-42
-48
-54
-49
-40
-32
-23
-19
-18
-17
-16
-13
-10
-3
3
5
3
2
6
10
13
15
16
17
20
24
26
31
35
39
39
40
43
44
42
43
45
46
45
43
45
41
38
36
31
26
21
17
17
15
11
10
10
12
13
12
6
0
-5
-12
-15
-22
-27
-27
-15
-3
-4
-9
-18
-28
-40
-54
-54
-45
-36
-28
-23
-27
-34
-37
-41
-42
-40
-30
-18
-17
-22
-27
-37
-45
-49
-50
-47
-40
-26
-12
-2
0
-7
-15
-21
-28
-28
-18
-1
17
24
22
16
8
5
6
11
21
32
44
49
47
44
41
39
37
35
35
38
39
40
37
30
28
25
23
23
20
21
27
34
38
36
31
28
24
21
18
11
8
4
2
-1
-6
-10
-14
-14
-13
-11
-14
-16
-23
-26
-27
-26
-25
-26
-27
-29
-31
-30
-30
-32
-32
-33
-34
-34
-37
-37
-35
-40
-42
-42
-37
-34
-36
-36
-34
-32
-35
-40
-45
-46
-46
-48
-46
-42
-33
-24
-23
-17
-8
-1
1
0
3
15
24
27
30
35
44
52
56
55
53
56
62
66
69
71
68
61
48
40
34
35
38
41
43
46
47
44
44
41
34
28
22
20
19
14
8
4
2
4
3
0
-5
-8
-10
-17
-22
-23
-22
-21
-22
-16
-10
-9
-9
-16
-22
-23
-24
-25
-28
-32
-33
-33
-32
-32
-34
-37
-37
-37
-39
-49
-54
-49
-48
-47
-42
-37
-34
-36
-39
-41
-41
-34
-29
-18
-6
3
13
19
24
28
34
43
43
41
37
38
36
34
39
47
52
52
53
49
47
44
39
33
28
29
26
18
8
-3
-9
-10
-8
-9
-12
-14
-14
-16
-19
-24
-27
-25
-24
-24
-23
-26
-29
-33
-30
-23
-22
-22
-25
-29
-29
-28
-23
-21
-25
-28
-28
-20
-14
-14
-11
-4
4
10
17
19
17
19
22
20
12
1
-2
4
12
17
20
21
25
26
22
22
25
29
32
32
30
26
17
11
13
18
24
27
27
24
17
14
14
16
19
26
31
33
33
31
24
18
16
13
10
6
2
6
13
23
26
28
29
25
21
15
9
7
4
-4
-15
-27
-36
-39
-40
-41
-41
-40
-45
-49
-49
-49
-55
-66
-73
-71
-67
-68
-70
-70
-67
-63
-66
-71
-73
-72
-63
-57
-51
-42
-30
-23
-14
-10
-10
-9
-6
3
10
18
20
20
21
23
28
32
33
33
35
34
34
36
39
41
42
42
42
42
41
42
45
49
47
43
43
46
52
53
52
55
58
58
52
49
47
42
38
34
30
24
13
3
-8
-13
-15
-18
-17
-15
-12
-12
-15
-16
-18
-18
-20
-25
-30
-33
-39
-42
-47
-45
-38
-36
-39
-41
-41
-41
-48
-51
-44
-35
-30
-31
-33
-30
-29
-29
-27
-26
-23
-15
-6
3
3
0
4
12
19
23
28
29
29
28
31
39
47
51
50
50
45
35
25
18
10
6
7
10
11
13
18
20
20
21
19
14
10
7
5
3
-1
-2
-1
-4
-8
-7
-7
-9
-12
-15
-19
-24
-32
-41
-45
-45
-45
-46
-47
-49
-48
-43
-41
-41
-42
-43
-39
-29
-20
-11
-5
1
2
-1
-7
-12
-12
-8
-6
-7
-10
-9
-10
-9
-8
-10
-8
-4
7
18
21
26
33
43
49
53
56
58
64
65
65
62
61
61
64
60
56
53
52
52
53
48
38
30
22
17
13
8
2
-5
-6
-3
-3
-5
0
3
5
5
-1
-5
-7
-2
0
2
3
0
-3
-8
-15
-25
-35
-42
-44
-43
-45
-47
-47
-50
-51
-50
-55
-60
-67
-70
-71
-70
-64
-55
-47
-45
-50
-53
-43
-28
-15
-6
-4
-1
1
1
3
-1
-1
7
14
11
-2
-17
-22
-12
1
8
10
10
17
23
21
18
15
18
28
34
34
33
34
44
50
45
41
36
35
31
22
19
25
28
27
21
17
19
17
18
27
34
35
33
34
34
30
27
26
26
27
25
23
17
9
4
2
2
-1
-6
-11
-17
-26
-33
-32
-26
-22
-26
-29
-30
-31
-30
-28
-25
-25
-29
-38
-43
-44
-37
-29
-28
-35
-40
-32
-26
-23
-26
-28
-25
-27
-33
-34
-33
-30
-27
-21
-14
-8
-4
-6
-9
-8
-2
6
13
13
9
4
-2
-6
-6
-1
6
12
17
18
17
16
20
25
30
33
28
22
13
12
13
12
14
16
15
10
6
1
-7
-13
-9
-8
-22
-28
-9
26
28
-16
-34
-12
-11
-35
-34
-7
-9
-26
-8
17
9
-18
-19
-4
-5
-20
-19
3
18
11
-3
-2
9
4
2
17
30
24
9
1
2
-8
-21
-18
-9
-6
-14
-15
-10
-7
-17
-20
-10
4
11
11
18
30
31
23
25
35
42
43
44
49
50
46
41
44
49
43
30
27
27
24
17
18
27
28
21
10
1
-6
-11
-10
-5
-7
-17
-24
-28
-30
-36
-44
-42
-35
-32
-39
-48
-54
-56
-54
-48
-45
-48
-53
-50
-45
-41
-40
-38
-37
-38
-43
-41
-36
-33
-33
-27
-20
-13
-5
1
9
16
22
22
20
20
18
20
25
35
39
38
34
30
26
24
26
25
30
37
38
30
20
17
18
21
15
12
14
16
20
25
27
29
36
34
32
31
30
34
39
41
40
39
36
31
28
24
19
11
3
-5
-15
-20
-23
-22
-15
-10
-4
-1
0
-3
-5
-5
-3
-2
-2
-1
-3
-4
-5
-8
-13
-15
-18
-17
-14
-15
-19
-23
-22
-15
-10
-7
-6
-5
0
3
7
5
7
7
6
4
5
10
16
17
12
3
-4
-5
-3
0
0
0
7
8
7
2
-4
-9
-12
-13
-11
-13
-18
-17
-13
-5
5
11
9
7
5
4
4
6
9
21
35
41
37
25
20
25
25
18
13
14
19
16
7
-6
-9
-5
-6
-13
-19
-22
-21
-18
-20
-24
-26
-30
-34
-34
-31
-25
-17
-11
-9
-8
-9
-7
1
7
8
13
23
33
39
37
34
32
24
15
13
16
24
32
34
32
34
38
37
34
32
33
37
36
38
40
40
39
33
23
13
5
5
8
6
-3
-7
-9
-8
-8
-15
-20
-16
-6
1
5
5
5
1
-8
-15
-20
-20
-18
-22
-21
-20
-20
-22
-26
-30
-37
-46
-48
-47
-48
-52
-54
-53
-51
-46
-43
-35
-27
-22
-17
-15
-14
-12
-8
-3
5
17
28
31
26
20
12
6
5
7
10
16
23
27
27
23
16
13
16
19
24
30
38
41
37
32
27
25
21
18
20
27
36
39
40
40
39
34
31
35
39
36
25
22
22
21
15
5
2
0
-5
-10
-15
-20
-21
-17
-11
-8
-11
-11
-11
-12
-10
-13
-15
-19
-23
-26
-31
-33
-31
-30
-30
-36
-41
-43
-41
-40
-40
-45
-53
-54
-53
-48
-46
-45
-40
-35
-25
-21
-16
-10
-7
-2
0
-1
4
9
11
15
12
7
4
6
8
10
11
10
11
17
24
26
24
26
31
31
29
27
30
35
37
38
41
46
40
28
18
10
1
-5
-5
0
4
5
3
3
7
9
12
13
6
-5
-15
-21
-22
-24
-25
-24
-25
-27
-25
-25
-26
-24
-15
-7
-6
-10
-15
-17
-17
-15
-11
-9
-9
-9
-9
-10
-16
-19
-19
-14
-10
-7
-6
1
11
16
18
15
12
9
1
-5
-5
-2
6
12
12
8
7
10
13
10
6
6
8
11
17
26
27
26
20
15
12
10
5
4
5
5
3
-3
-8
-8
-5
-2
-4
-8
-7
-4
0
1
1
2
3
-1
-7
-12
-18
-23
-23
-22
-20
-21
-25
-26
-25
-22
-21
-20
-21
-21
-19
-19
-23
-30
-31
-31
-29
-22
-16
-14
-14
-19
-24
-25
-20
-11
-3
4
6
5
2
-3
-5
-2
-1
2
12
17
20
13
2
-7
-10
-9
-3
4
15
20
20
12
5
2
9
19
24
35
41
38
35
33
32
29
28
32
38
40
35
36
41
44
40
36
30
23
14
7
4
7
12
11
9
8
5
2
-2
-8
-9
-6
-3
-6
-10
-14
-23
-33
-35
-33
-33
-33
-36
-36
-37
-44
-46
-46
-44
-43
-45
-47
-49
-52
-52
-50
-50
-55
-55
-49
-38
-29
-25
-28
-33
-31
-24
-13
-5
-2
-2
-1
-1
2
12
24
32
37
35
32
28
25
24
25
33
43
45
40
33
31
30
28
25
28
32
34
34
30
29
30
33
37
38
42
41
41
45
47
46
48
52
54
51
44
37
30
16
9
3
-2
-3
-7
-15
-27
-37
-43
-47
-46
-41
-39
-41
-48
-54
-58
-59
-57
-52
-47
-46
-49
-55
-58
-55
-46
-37
-29
-28
-30
-35
-38
-35
-30
-22
-12
-5
3
9
8
4
7
13
22
30
36
36
31
30
31
32
28
23
22
27
33
37
41
44
48
50
51
47
45
43
44
48
48
47
44
37
29
20
9
5
11
14
9
-5
-18
-21
-19
-17
-16
-16
-15
-22
-31
-41
-40
-34
-32
-33
-33
-32
-36
-38
-41
-37
-30
-28
-29
-33
-36
-40
-40
-35
-29
-26
-25
-24
-23
-24
-25
-22
-17
-7
0
-1
-5
-4
-2
5
13
21
27
27
27
33
33
27
21
17
24
28
32
33
33
30
26
27
28
25
24
33
36
35
33
30
25
20
21
25
31
32
29
26
22
22
25
30
33
34
28
24
25
23
19
14
7
1
-1
-6
-12
-16
-23
-23
-21
-18
-21
-28
-34
-37
-36
-31
-26
-25
-25
-26
-30
-36
-45
-47
-43
-45
-47
-48
-53
-64
-71
-71
-70
-66
-57
-50
-47
-44
-43
-35
-22
-10
-2
8
17
22
21
20
20
20
16
17
23
27
33
36
37
38
38
38
42
44
42
48
60
64
59
52
49
49
51
54
55
52
45
33
21
15
14
9
-1
-5
-5
-2
-5
-13
-22
-25
-16
-10
-10
-15
-21
-24
-18
-10
-12
-21
-29
-32
-28
-25
-28
-32
-39
-39
-32
-28
-26
-26
-26
-24
-18
-14
-13
-19
-21
-19
-12
-8
-9
-10
-11
-12
-12
-9
-8
-10
-10
-8
-4
2
8
8
7
6
4
4
6
9
12
18
23
27
28
29
29
33
35
34
33
31
35
40
44
46
40
31
25
26
31
34
34
28
20
10
2
-3
-7
-8
-5
-4
-8
-14
-20
-23
-28
-31
-36
-45
-47
-44
-42
-40
-40
-44
-55
-66
-69
-66
-64
-63
-60
-60
-62
-58
-56
-54
-48
-40
-33
-30
-32
-34
-31
-21
-13
-4
4
10
13
15
20
27
32
37
43
51
60
61
58
54
56
60
61
59
54
47
40
38
41
40
35
26
22
19
24
31
37
41
41
39
35
32
34
34
31
25
23
16
7
-1
-7
-8
-9
-16
-29
-35
-38
-40
-47
-54
-54
-49
-45
-53
-62
-64
-58
-49
-37
-29
-32
-38
-42
-47
-45
-39
-34
-31
-26
-18
-15
-18
-18
-17
-15
-14
-12
-8
-7
-8
-7
-5
-7
-5
1
4
-1
-6
-3
5
9
7
11
13
12
9
8
15
24
24
22
17
14
12
12
16
20
17
15
17
18
16
16
15
14
19
26
34
38
36
30
29
27
30
29
22
14
7
12
26
35
41
40
35
28
21
14
10
7
5
5
4
0
-8
-14
-17
-13
-15
-21
-26
-33
-38
-45
-54
-55
-49
-39
-34
-27
-26
-33
-40
-43
-46
-46
-45
-45
-46
-48
-47
-48
-50
-43
-33
-27
-27
-24
-19
-10
-2
5
9
15
19
17
16
20
21
24
30
34
30
24
21
23
21
20
24
34
45
51
49
42
38
41
48
52
51
46
39
37
31
23
13
11
11
10
6
5
-3
-11
-8
-7
-7
-4
0
2
3
-4
-15
-21
-23
-20
-18
-16
-10
-11
-19
-23
-19
-13
-12
-10
-13
-16
-19
-14
-7
-4
-6
-8
-7
-7
-13
-21
-25
-28
-33
-29
-25
-22
-21
-22
-21
-20
-14
-11
-12
-15
-17
-18
-17
-14
-12
-4
6
19
29
21
12
6
7
10
19
26
32
36
36
33
27
19
18
20
23
31
31
26
22
17
12
10
4
3
0
4
5
-1
-13
-24
-25
-20
-11
-7
-15
-23
-25
-23
-20
-20
-20
-20
-16
-9
-4
0
-2
-4
-4
1
6
4
3
4
5
6
4
3
3
-2
-1
8
11
5
1
5
15
21
24
25
26
21
16
10
7
2
1
5
8
7
-1
-8
-11
-10
-6
1
6
1
-4
-2
4
12
12
10
9
15
22
24
21
13
5
4
8
10
8
5
4
2
-2
-5
-10
-12
-18
-23
-20
-22
-25
-30
-43
-52
-54
-47
-45
-45
-44
-40
-36
-37
-38
-32
-18
-6
8
18
19
16
13
11
14
13
10
10
15
21
17
10
5
3
8
19
26
28
22
17
19
27
34
33
26
19
13
15
19
22
18
14
14
19
23
18
9
1
-2
2
6
1
-4
-11
-12
-9
-6
-4
-4
-1
-2
-1
3
7
7
5
11
17
15
11
10
13
19
25
31
30
21
10
6
7
10
8
-4
-18
-30
-32
-33
-38
-39
-37
-36
-33
-34
-34
-27
-24
-26
-23
-16
-9
-7
-10
-11
-15
-17
-9
-2
-4
-7
0
9
9
8
10
10
0
-6
-2
3
8
10
9
8
11
15
19
24
28
29
34
40
41
37
40
41
39
39
39
36
29
27
30
31
22
11
3
-6
-18
-25
-20
-13
-13
-20
-22
-25
-27
-30
-30
-27
-26
-25
-19
-15
-12
-13
-16
-20
-25
-21
-12
-5
-3
-6
-11
-17
-22
-20
-16
-16
-21
-23
-18
-17
-18
-24
-26
-27
-20
-10
-7
-3
-2
-8
-12
-10
-2
4
6
7
7
4
6
11
11
9
9
12
17
21
25
31
36
39
42
41
50
59
62
57
49
45
50
60
66
62
54
47
41
46
59
58
46
33
24
24
28
32
28
15
-1
-14
-25
-33
-41
-52
-57
-49
-43
-47
-60
-77
-88
-91
-84
-80
-74
-59
-42
-39
-56
-65
-64
-57
-43
-26
-16
-14
-19
-24
-28
-25
-9
10
15
15
15
16
20
16
9
8
12
20
32
31
23
10
6
12
21
31
34
35
36
32
31
30
32
41
47
48
45
39
31
24
18
17
21
25
23
18
13
2
-10
-13
-12
-10
-7
-8
-19
-29
-39
-39
-32
-30
-29
-31
-34
-34
-30
-22
-13
-8
-12
-19
-15
-11
-13
-15
-15
-18
-25
-20
-11
-3
-3
-7
-5
4
16
29
36
39
37
37
34
30
29
24
24
28
33
34
33
26
15
3
-4
-6
0
4
-3
-9
-10
-13
-17
-15
-13
-15
-20
-22
-22
-25
-26
-29
-31
-25
-19
-17
-16
-17
-23
-27
-24
-25
-26
-16
3
13
3
-13
-18
-7
6
15
13
2
-9
-8
5
16
18
15
11
13
20
22
21
20
18
28
46
56
56
52
50
55
57
62
66
63
58
55
58
62
55
50
58
49
30
13
6
-10
-24
-40
-66
-96
-117
-130
-136
-137
-146
-179
-221
-234
-232
-234
-242
-238
-233
-241
-247
-233
-217
-202
-183
-147
-118
-104
-93
-71
-50
-21
10
31
40
51
72
98
118
133
156
183
207
240
271
280
282
304
343
365
360
358
371
387
403
425
450
441
431
449
467
455
428
398
375
368
373
377
367
323
275
246
224
205
182
128
50
-34
-99
-148
-193
-241
-294
-356
-424
-485
-531
-594
-676
-746
-805
-858
-904
-932
-957
-991
-1019
-997
-942
-915
-933
-941
-915
-855
-766
-661
-586
-562
-566
-527
-427
-304
-187
-73
27
117
193
237
260
290
364
474
605
712
780
818
855
895
918
928
949
1003
1083
1161
1194
1151
1066
1011
1014
1048
1071
1060
993
879
766
687
634
590
545
497
436
367
278
161
33
-87
-182
-253
-300
-346
-402
-467
-531
-615
-737
-859
-928
-925
-873
-823
-846
-955
-1074
-1138
-1133
-1077
-996
-929
-894
-879
-882
-917
-965
-956
-856
-680
-491
-369
-363
-428
-449
-360
-182
15
174
285
379
489
585
615
599
633
784
1015
1214
1277
1195
1058
980
1022
1108
1138
1096
1027
969
903
775
586
392
265
228
223
163
16
-164
-306
-392
-458
-543
-654
-734
-742
-722
-742
-835
-953
-1013
-985
-921
-898
-962
-1062
-1092
-1014
-887
-805
-784
-774
-716
-599
-490
-441
-437
-400
-265
-58
129
226
257
281
369
521
673
765
797
830
910
1023
1130
1209
1267
1316
1366
1398
1391
1364
1361
1390
1422
1418
1365
1290
1224
1184
1141
1052
929
812
694
559
385
182
-3
-136
-217
-305
-459
-677
-894
-1062
-1184
-1289
-1399
-1524
-1653
-1762
-1840
-1885
-1910
-1941
-1986
-2033
-2060
-2064
-2054
-2029
-1992
-1933
-1843
-1740
-1641
-1555
-1470
-1346
-1186
-1018
-871
-751
-616
-410
-145
117
330
485
630
836
1091
1330
1507
1645
1832
2119
2431
2661
2763
2788
2853
3012
3209
3328
3315
3221
3149
3159
3200
3159
2960
2660
2389
2191
2017
1781
1436
1028
625
266
-58
-401
-777
-1136
-1472
-1813
-2162
-2501
-2782
-2968
-3092
-3263
-3506
-3748
-3891
-3874
-3757
-3700
-3770
-3871
-3857
-3657
-3341
-3084
-2975
-2916
-2767
-2464
-2083
-1802
-1670
-1582
-1400
-1078
-706
-427
-234
-11
296
669
1027
1292
1517
1802
2141
2449
2641
2723
2853
3135
3528
3880
4041
4046
4073
4252
4557
4826
4880
4697
4454
4322
4320
4305
4136
3823
3461
3164
2957
2722
2389
1980
1565
1193
802
308
-247
-768
-1185
-1518
-1887
-2356
-2863
-3268
-3483
-3577
-3747
-4079
-4472
-4749
-4796
-4694
-4653
-4813
-5097
-5255
-5108
-4728
-4361
-4203
-4253
-4297
-4113
-3708
-3271
-2998
-2931
-2915
-2787
-2545
-2308
-2172
-2114
-2016
-1815
-1555
-1325
-1147
-947
-662
-307
69
460
931
1506
2120
2627
2961
3231
3602
4175
4870
5453
5754
5790
5749
5822
6032
6258
6365
6273
6005
5672
5373
5124
4877
4588
4213
3760
3313
2932
2574
2160
1660
1098
562
197
30
-97
-360
-774
-1231
-1585
-1715
-1654
-1613
-1755
-1989
-2129
-2131
-2001
-1816
-1702
-1611
-1423
-1177
-948
-764
-667
-598
-461
-263
-104
-72
-70
-20
-12
-26
-11
-107
-265
-328
-418
-695
-1074
-1426
-1771
-2149
-2482
-2822
-3344
-3900
-4297
-4688
-5091
-5325
-5575
-6060
-6581
-6986
-7422
-7877
-8095
-8147
-8345
-8598
-8725
-8945
-9160
-8902
-8406
-8164
-7887
-7237
-6410
-5519
-4578
-3972
-3779
-3104
-1525
-54
724
1521
2782
4460
6662
8688
9335
9147
9983
12235
14560
15845
15880
15067
14656
15809
17789
18765
18234
17029
16049
15906
16388
16283
14947
13147
11784
11052
10764
10236
8676
6548
5210
4852
4472
3561
2223
668
-435
-556
-401
-995
-2149
-2937
-3002
-2698
-2744
-3692
-5066
-5775
-5723
-5805
-6495
-7764
-9406
-10525
-10397
-10037
-10937
-12745
-14091
-14664
-14881
-15025
-15600
-16900
-18073
-18126
-17459
-17187
-17659
-18385
-18637
-18021
-16998
-16437
-16459
-16444
-15960
-14929
-13517
-12474
-12370
-12442
-11619
-10257
-9342
-8890
-8429
-7856
-6848
-4947
-2796
-1560
-879
719
3614
6974
10076
12370
13419
13997
15845
19328
22808
24905
25805
26287
26975
28449
30578
32084
31996
31036
30442
30247
29763
28754
27247
25231
23149
21609
20381
18707
16439
14060
11881
9863
7901
5963
4096
2391
844
-728
-2508
-4461
-6324
-7793
-8776
-9552
-10485
-11504
-12259
-12770
-13328
-13928
-14426
-14909
-15296
-15237
-14728
-14231
-14176
-14709
-15454
-15621
-14908
-13961
-13418
-13387
-13958
-14833
-14907
-13755
-12616
-12464
-12655
-12536
-12271
-11752
-10850
-10340
-10650
-10779
-9946
-8758
-7881
-7265
-6915
-6818
-6491
-5731
-4995
-4494
-3950
-3365
-3002
-2909
-3037
-3202
-2966
-2309
-1923
-2195
-2652
-2818
-2743
-2506
-2108
-1876
-2011
-1961
-1130
213
1506
2961
5072
7460
9187
10134
11115
12723
14909
17403
19622
20756
20951
21518
23180
25171
26532
27002
26564
25603
25083
25204
24841
23340
21492
19991
18670
17448
16264
14489
11945
9635
8152
6847
5263
3735
2344
870
-461
-1542
-2862
-4547
-5977
-6861
-7421
-7628
-7649
-8258
-9461
-10050
-9634
-9341
-9770
-10293
-10728
-11424
-12052
-12280
-12791
-13906
-14663
-14553
-14411
-14829
-15508
-16264
-16996
-17145
-16605
-16223
-16526
-17008
-17139
-16901
-16308
-15482
-14907
-14732
-14378
-13408
-12121
-10959
-10021
-9237
-8468
-7546
-6544
-5834
-5573
-5435
-4999
-4262
-3603
-3382
-3602
-3809
-3481
-2655
-2037
-2181
-2819
-3181
-2781
-1756
-698
-66
430
1741
4503
8128
11018
11969
11627
12104
14778
18742
21874
23034
22861
22938
24463
27238
29693
30357
29388
28262
28050
28425
28260
26842
24540
22416
21170
20488
19346
17129
14316
11890
10188
8761
7150
5259
3302
1690
616
-437
-2064
-3939
-5313
-6055
-6429
-6676
-7344
-8729
-9901
-9927
-9525
-9874
-10870
-11946
-13011
-13696
-13733
-14051
-15419
-16873
-17399
-17486
-17726
-18025
-18630
-19716
-20380
-20102
-19826
-20056
-20002
-19456
-19180
-19128
-18582
-17611
-16581
-15256
-13730
-12746
-12281
-11407
-9815
-8061
-6536
-5437
-4979
-4747
-3971
-2828
-2202
-2172
-2102
-1801
-1450
-1054
-748
-865
-1362
-1807
-1907
-1624
-1228
-1202
-1384
-778
1012
3425
6328
9570
11407
10816
10506
13437
17907
20574
21574
22341
22557
22918
25594
29419
30639
29229
28326
28454
28259
28031
27723
25697
22565
21040
20914
19741
17516
15526
13286
10660
9060
8192
6286
3942
2886
2274
612
-1393
-3002
-4588
-5396
-4696
-4580
-6855
-9447
-9996
-9402
-9051
-8909
-9693
-12042
-13939
-13580
-12775
-13684
-15461
-16817
-17875
-18283
-17667
-17571
-19148
-20736
-20698
-19866
-19455
-19563
-20183
-20908
-20528
-18988
-17805
-17569
-17406
-16797
-15606
-13643
-11702
-10894
-10578
-9422
-7781
-6617
-5782
-5166
-5142
-5088
-4067
-2816
-2512
-2755
-2739
-2630
-2550
-2178
-1857
-2136
-2502
-2246
-1711
-1379
-956
-88
1432
4107
7730
10620
11596
11727
12862
15565
19149
22297
23662
23419
23563
25453
28217
30377
31275
30743
29439
28948
29626
29675
27919
25453
23477
21943
20756
19846
18235
15407
12612
10895
9530
7772
6029
4509
2923
1574
690
-519
-2475
-4205
-4967
-5329
-5952
-6852
-7984
-9172
-9781
-9695
-9856
-10909
-12292
-13286
-13895
-14337
-14871
-15991
-17647
-18891
-19199
-19225
-19633
-20348
-21118
-21703
-21709
-21192
-20918
-21251
-21589
-21289
-20370
-19181
-18109
-17402
-16812
-15791
-14230
-12543
-11081
-9916
-8921
-7792
-6426
-5258
-4634
-4259
-3721
-3015
-2288
-1729
-1614
-1807
-1729
-1278
-895
-737
-723
-945
-1220
-1073
-640
-401
-126
726
2294
4799
8158
10923
11804
11927
13301
16051
19128
21869
23510
23612
23569
25211
28014
30067
30711
30398
29617
29116
29333
29294
27861
25549
23558
22153
20967
19688
17869
15366
12830
10888
9345
7744
6030
4368
2899
1606
196
-1464
-3020
-4096
-4710
-5073
-5632
-6946
-8656
-9534
-9297
-9125
-9851
-11162
-12601
-13818
-14298
-14266
-14913
-16602
-18236
-19021
-19314
-19568
-19964
-20772
-21794
-22255
-21947
-21565
-21641
-22002
-22206
-21881
-21002
-20023
-19309
-18623
-17574
-16172
-14656
-13262
-12150
-11153
-9877
-8365
-7098
-6299
-5809
-5410
-4832
-3874
-2906
-2508
-2544
-2408
-1925
-1381
-1000
-930
-1196
-1413
-1154
-490
153
554
831
1519
3504
7062
10881
12913
12941
13046
15040
18480
21803
24110
24972
24727
25103
27521
30658
32042
31547
30750
30396
30329
30398
29827
27770
25179
23563
22642
21232
19288
17143
14656
12326
10793
9406
7362
5408
4279
3266
1813
306
-1181
-2884
-4213
-4706
-5149
-6355
-7972
-9227
-9820
-9927
-10249
-11369
-12899
-14079
-14806
-15300
-15739
-16717
-18494
-20123
-20760
-20976
-21479
-22027
-22479
-23045
-23390
-23101
-22692
-22736
-22863
-22540
-21761
-20732
-19663
-18804
-18068
-17035
-15605
-13974
-12341
-10861
-9549
-8235
-6946
-5993
-5365
-4760
-4069
-3270
-2250
-1299
-1121
-1700
-2117
-1699
-721
100
179
-551
-1147
-581
615
948
521
795
2012
3736
6676
10671
12897
12332
12421
15447
18966
20999
22897
24616
24554
24379
26819
29872
30351
29786
30319
30586
29760
29475
29277
27182
24595
23620
22849
20739
18734
17366
15065
12427
11068
9771
7149
5077
4764
4063
1963
100
-1165
-2830
-4070
-3961
-4238
-6218
-8337
-9105
-9149
-9265
-9666
-10893
-12787
-13997
-14057
-14168
-15195
-16801
-18443
-19596
-19870
-19836
-20537
-21829
-22680
-22751
-22424
-22058
-22147
-22947
-23511
-22733
-21154
-20160
-19934
-19740
-19178
-18011
-16086
-14091
-12966
-12350
-11226
-9580
-8122
-7218
-6904
-6910
-6396
-5006
-3731
-3540
-4003
-4132
-3632
-2738
-1906
-1724
-2216
-2535
-2046
-1181
-622
-387
0
962
2842
5918
9731
12691
13493
13345
14923
18744
22368
24480
25280
25790
26056
27056
29965
32475
32516
31443
31324
31475
31056
30508
29466
27153
24851
23877
22999
20940
18541
16403
14017
11811
10361
8623
6093
4271
3652
2700
885
-901
-2662
-4596
-5656
-5621
-6109
-7721
-9177
-9919
-10468
-10745
-10781
-11563
-13129
-14135
-14336
-14859
-15984
-17214
-18575
-19791
-20005
-19612
-20037
-21266
-22121
-22399
-22425
-22043
-21679
-22184
-22800
-22078
-20574
-19790
-19605
-19158
-18465
-17327
-15231
-13043
-12082
-11801
-10862
-9400
-8083
-6945
-6252
-6208
-5807
-4363
-3144
-3228
-3731
-3554
-2876
-1974
-1006
-835
-1726
-2393
-1752
-601
-58
-95
-32
820
2560
4997
7974
11042
12830
12983
13875
17010
20443
22305
23849
25693
26282
26312
28239
31196
32154
31694
31930
32065
31197
30631
30466
28802
26226
24755
23668
21610
19558
18125
15855
12976
11187
9865
7571
5446
4839
4169
2219
76
-1597
-3376
-4969
-5537
-5864
-6983
-8649
-10069
-10886
-11092
-11113
-11828
-13200
-14517
-15373
-16001
-16653
-17582
-19037
-20392
-20943
-20855
-21036
-21788
-22674
-23304
-23340
-22871
-22413
-22620
-23199
-23123
-22023
-20602
-19767
-19483
-19176
-18238
-16512
-14465
-12888
-12093
-11412
-10197
-8541
-7181
-6531
-6306
-5878
-4868
-3591
-2685
-2612
-2935
-2747
-1752
-716
-441
-723
-892
-483
310
962
1012
701
1001
2427
4447
6317
8459
11281
13554
14244
14959
17615
20801
22503
23861
26015
27206
26956
28095
31001
32373
31728
31659
32074
31252
30310
30207
28926
26144
24268
23383
21531
19363
18021
15962
12807
10760
9777
7594
4949
3827
2908
751
-1038
-1803
-3451
-5816
-6887
-7217
-8280
-9145
-9303
-10513
-12587
-13182
-12545
-12879
-14020
-14807
-15926
-17489
-18078
-17972
-18929
-20480
-21038
-21079
-21563
-21958
-22005
-22388
-22835
-22734
-22613
-22794
-22551
-21734
-21023
-20407
-19682
-19171
-18561
-17030
-15005
-13619
-12730
-11716
-10787
-9927
-8655
-7388
-6862
-6511
-5572
-4485
-3755
-3175
-2762
-2606
-2108
-1149
-670
-1000
-1298
-1120
-632
286
1390
1700
1300
1654
3295
5574
8630
12445
14839
14485
14051
16644
20825
23949
24959
25631
25924
25942
27877
31013
32748
32223
31239
30883
31110
31412
30885
28830
26284
24560
23319
21815
20297
18633
16102
13361
11653
10306
8069
5681
4312
3329
1866
208
-1542
-3668
-5485
-6242
-6724
-7920
-9433
-10510
-11183
-11730
-12284
-13074
-14089
-14932
-15433
-15932
-16758
-17885
-19089
-20067
-20590
-20758
-21004
-21609
-22271
-22408
-21986
-21721
-22076
-22659
-22863
-22500
-21651
-20609
-19933
-19771
-19423
-18257
-16605
-15142
-13956
-12779
-11533
-10214
-8819
-7635
-6966
-6519
-5767
-4645
-3542
-2835
-2646
-2547
-1943
-919
-223
-179
-431
-540
-240
471
1048
904
377
443
1577
3292
4694
5778
7832
11298
14162
14811
14988
16847
19580
21820
24131
26290
26656
25983
27274
30472
32564
32491
31709
30990
30501
30665
30735
29218
26586
24420
22902
21566
20482
18895
15937
12880
11317
10193
8051
5769
4231
2556
521
-924
-2103
-4042
-6067
-7109
-7857
-9121
-10244
-10687
-11048
-11688
-12371
-13150
-14152
-15018
-15471
-15761
-16296
-17313
-18642
-19616
-19829
-19832
-20233
-20769
-21001
-21090
-21247
-21362
-21511
-21920
-22275
-22006
-21180
-20459
-20139
-19894
-19292
-18236
-16875
-15449
-14226
-13275
-12305
-11033
-9673
-8683
-8133
-7666
-6987
-6090
-5137
-4297
-3719
-3341
-2949
-2346
-1646
-1195
-1182
-1434
-1547
-1204
-414
373
656
557
884
2035
3546
5334
8318
12285
14717
14506
14478
17315
21003
23463
24450
25856
26445
26009
27924
31281
32743
32019
31615
31532
31138
31119
31010
29042
26215
24643
23647
21929
20348
18920
16215
13187
11829
10791
8169
5643
4706
3497
1129
-571
-1459
-3269
-5419
-6332
-7052
-8872
-10461
-10732
-10879
-11679
-12469
-13278
-14551
-15593
-15884
-16280
-17304
-18331
-19148
-20020
-20637
-20819
-21230
-22014
-22350
-22061
-21851
-21891
-21884
-22043
-22468
-22405
-21468
-20353
-19580
-18886
-18217
-17680
-16758
-15084
-13300
-12002
-10885
-9748
-8827
-7983
-6947
-6034
-5435
-4730
-3849
-3198
-2688
-2031
-1481
-1193
-867
-568
-628
-750
-459
69
513
854
1002
906
1070
2079
3675
5137
6796
9719
13142
14488
13764
14531
18141
21574
23170
24722
26273
26197
26008
28677
32078
32488
31191
30897
31157
30951
30787
29968
27481
24909
23829
22950
21222
19460
17468
14515
12089
11205
9790
6821
4601
4029
3028
992
-757
-2374
-4558
-6074
-6202
-6704
-8698
-10834
-11829
-11997
-12076
-12650
-14128
-16024
-17254
-17557
-17710
-18440
-19921
-21688
-22801
-22831
-22493
-22663
-23259
-23702
-23748
-23520
-23189
-22937
-22864
-22736
-22126
-21019
-19961
-19286
-18555
-17284
-15704
-14251
-12878
-11534
-10417
-9393
-8137
-6922
-6188
-5686
-4934
-3968
-3123
-2605
-2393
-2108
-1487
-848
-543
-351
-221
-378
-424
150
788
859
917
1338
1760
2461
4036
5898
7721
10412
13319
14283
14256
16452
20160
22060
22772
24755
26492
26288
27023
30209
32091
31062
30590
31717
31718
30582
30100
29055
26449
24588
24108
22625
20141
18493
16777
13937
11911
11094
9012
6003
4800
4548
2614
-55
-1595
-3045
-5090
-6185
-6430
-7885
-10394
-11905
-12201
-12570
-13303
-14109
-15188
-16488
-17427
-17892
-18465
-19598
-21019
-21969
-22077
-21960
-22437
-23331
-23757
-23374
-22650
-22213
-22325
-22744
-22751
-21788
-20301
-19367
-19268
-19110
-18057
-16257
-14384
-12940
-12060
-11393
-10276
-8593
-7048
-6198
-5792
-5222
-4182
-2985
-2370
-2483
-2495
-1807
-773
77
500
269
-363
-375
576
1336
1127
810
1127
1485
1592
2241
3583
4893
6623
9819
13030
13705
12985
14544
18455
21289
22210
23284
24638
25048
25931
28769
31204
30884
29692
29929
30724
30873
30487
29092
26544
24575
23916
22852
20810
19007
17142
14339
12074
11296
9832
6760
4534
3993
2939
899
-739
-2423
-4868
-6478
-6553
-7147
-9165
-11084
-12196
-12913
-13052
-13028
-14047
-15709
-16714
-17352
-18100
-18337
-18530
-19884
-21631
-22281
-22281
-22565
-22847
-22977
-23313
-23449
-22950
-22541
-22717
-22657
-21841
-20821
-19947
-19019
-18126
-17337
-16139
-14334
-12587
-11430
-10634
-9728
-8423
-6813
-5511
-4980
-4717
-4091
-3280
-2548
-1804
-1291
-1322
-1268
-445
601
838
242
-307
-122
789
1670
1833
1493
1437
1995
3063
4615
6363
8263
10921
13932
15419
15302
16276
19256
21966
23470
25195
26836
26877
26875
29104
31801
32217
31346
31045
30741
30084
29828
29198
27051
24597
23131
21737
19873
18309
16559
13733
11176
10026
8691
6199
4121
2986
1376
-636
-1955
-3400
-5866
-7880
-8396
-8877
-10300
-11849
-13170
-14435
-15067
-15030
-15546
-16930
-18207
-19091
-19915
-20469
-20824
-21686
-22806
-23239
-23061
-22878
-22686
-22634
-23110
-23470
-22875
-21987
-21754
-21618
-20814
-19778
-18872
-17832
-16785
-16055
-15096
-13337
-11348
-9896
-8995
-8218
-7266
-5952
-4461
-3416
-2992
-2717
-2153
-1494
-829
1
614
665
515
849
1329
1500
1489
1335
1045
1048
1828
2696
2956
2880
3004
3546
4687
6708
9375
12172
14224
14793
14782
16169
19289
22105
23709
24868
25759
26049
26888
29273
31351
31208
29878
29361
29494
29344
28924
27903
25788
23247
21485
20317
18859
16982
14775
12355
10208
8692
7231
5335
3450
1817
134
-1698
-3458
-5167
-6811
-8073
-8938
-9724
-10859
-12519
-14279
-15323
-15525
-15755
-16456
-17411
-18584
-19840
-20528
-20593
-21018
-22083
-23003
-23358
-23317
-22892
-22355
-22433
-22915
-22880
-22223
-21575
-21046
-20461
-19977
-19383
-18203
-16692
-15598
-14813
-13741
-12394
-11002
-9621
-8427
-7621
-6756
-5493
-4314
-3582
-3086
-2744
-2574
-1956
-722
166
189
41
263
577
819
979
996
1065
1396
1643
1648
1964
2677
3306
4003
5249
6740
8631
11748
15067
16223
15803
16792
19647
22390
24608
26595
27230
26635
27395
30116
32210
32398
31661
30420
29126
29145
29865
28780
25960
23738
22264
20348
18649
17565
15401
11987
9618
8711
7425
5568
4065
2195
-549
-2664
-3643
-4960
-6867
-8174
-9090
-10413
-11620
-12528
-14038
-15777
-16422
-16391
-16986
-17957
-18756
-19828
-21033
-21463
-21558
-22467
-23736
-24208
-23929
-23461
-22901
-22617
-22993
-23492
-23313
-22532
-21560
-20699
-20320
-20171
-19262
-17348
-15468
-14302
-13513
-12758
-11834
-10321
-8235
-6534
-5803
-5503
-4901
-3784
-2549
-1892
-1892
-1752
-1055
-254
272
690
814
378
85
638
1442
1466
925
912
1421
1915
2758
3989
4867
5383
7312
11000
14534
15997
16105
16920
18745
21438
24229
26638
27589
27125
27572
29574
31767
32680
32639
31785
30131
29377
30071
30081
27742
24802
23000
21535
20016
18148
15665
12672
10989
9844
8187
5476
4851
2569
-2579
72
1300
-6905
-10567
-7391
-4532
-9054
-15685
-12604
-9970
-12516
-18621
-19225
-14817
-15556
-19749
-21574
-19664
-18861
-21416
-23457
-23360
-22649
-23257
-24351
-23845
-22744
-22131
-23156
-23983
-22630
-20728
-20513
-21733
-21322
-18989
-17584
-16967
-15722
-13647
-12031
-11751
-10692
-9080
-7848
-6743
-6214
-5515
-4231
-2646
-1963
-2216
-1985
-1514
-1162
-609
138
545
359
89
225
730
978
673
289
552
1153
1944
2793
3652
4684
6265
9273
13221
16532
17840
17600
17462
18948
22586
27313
29738
28760
26358
28094
31969
32500
31297
31143
30966
28993
28099
29325
29181
26102
23568
22802
21055
17505
14485
12751
10854
8217
5843
4749
4653
4037
1323
-2677
-2694
2184
3205
-3825
-10318
-8386
-3375
-4028
-9172
-12002
-11435
-12080
-15982
-19564
-20242
-19535
-20272
-19776
-19238
-21867
-25783
-19876
-4862
-6276
-23509
-32650
-22755
-13226
-19213
-27163
-23568
-16239
-17038
-24699
-28095
-22996
-19783
-21955
-22058
-15673
-10351
-9969
-10501
-10836
-11803
-13368
-13381
-12163
-11023
-7394
-1879
-146
-3117
-4593
-2098
-2962
-9793
-13656
-9890
-6592
-9091
-10131
-3908
1357
-2408
-6665
-3376
4177
6944
16515
23073
26790
28102
24564
28664
32533
29538
24333
26186
30797
30690
27863
30163
32664
28131
20386
16926
15339
11127
5903
4061
5279
5180
2856
-147
-3056
-6497
-10361
-12964
-13595
-12690
-11600
-10959
-9413
-6723
-5130
-5978
-7841
-7861
-5970
-3738
-1357
1485
4272
5058
4144
3025
1872
-158
-3168
-4882
-4782
-4322
-4675
-5755
-7563
-10594
-14133
-17183
-19475
-21015
-21083
-19873
-18363
-17208
-16409
-15933
-16265
-16888
-16673
-15471
-13359
-10599
-7574
-4699
-2326
-468
586
854
93
-1512
-2789
-2639
-1266
-878
-1428
-1018
-602
-2052
-4569
-6575
-8177
-9890
-11275
-11481
-10870
-10441
-10244
-9492
-8299
-6940
-5726
-4371
-2108
877
5121
12362
21469
28551
31556
32230
32459
32764
32203
30699
29847
30593
31636
31432
30741
29219
25585
20102
14115
8583
3497
-414
-2884
-4130
-4488
-4686
-5547
-7598
-10271
-12867
-14603
-15043
-14281
-13193
-11807
-9127
-5585
-2632
-1051
122
1367
1903
1642
1903
3734
5465
5498
4482
3799
3127
1070
-2195
-5453
-7972
-9850
-11864
-14364
-16272
-17356
-18842
-20436
-21017
-20390
-19688
-19302
-19421
-19307
-17279
-14829
-13640
-12746
-10530
-7181
-4513
-3050
-2199
-1118
199
996
868
353
-8
46
-79
-773
-1344
-1831
-2719
-4312
-5956
-7342
-8636
-9643
-9950
-10205
-10798
-10611
-9547
-9238
-10260
-10226
-7286
-3701
-1221
368
3044
9124
17328
25201
29423
31514
31753
32375
32162
29325
28225
28447
27628
25812
24711
24365
22909
19157
14270
9370
5464
1238
-3522
-6708
-7219
-6657
-7130
-7914
-7987
-8018
-8795
-9899
-10208
-9921
-9651
-8978
-7252
-4407
-1104
1668
3269
4109
4878
5336
4791
3840
3350
2707
1392
84
-618
-1436
-2967
-4657
-6468
-8862
-11767
-14057
-15467
-16800
-17989
-18624
-18118
-16636
-15290
-14717
-14636
-13996
-12744
-11768
-11102
-9956
-7660
-5076
-2847
-737
1344
3009
3524
3146
2267
1177
-112
-1559
-2623
-3035
-3070
-3112
-3178
-3645
-4537
-5836
-7484
-8730
-9510
-9820
-10280
-10735
-10310
-9280
-7606
-6372
-4731
-2300
225
2757
4892
9383
16659
25734
29263
29209
30371
31767
32767
30270
26430
24202
23374
21837
19115
17095
16574
15539
12678
8190
3972
366
-3428
-7493
-10228
-10438
-9765
-9591
-9362
-8003
-6032
-4499
-3945
-4510
-5361
-5537
-4678
-3373
-1551
980
3363
5131
6407
7686
8473
7936
5898
2698
-232
-2323
-3728
-4898
-5823
-6232
-7129
-8599
-10231
-11746
-13632
-16198
-18230
-18890
-18237
-17231
-16068
-14238
-11771
-9403
-8036
-7408
-6656
-5601
-4726
-4065
-3082
-1436
303
1695
2917
3795
3766
2346
194
-1678
-3101
-4347
-5787
-6408
-6289
-5793
-5717
-6396
-6821
-6850
-6912
-8260
-9958
-10852
-10584
-9471
-8138
-6302
-3740
-272
3377
6113
9470
16975
24966
28995
27687
26442
30034
32719
28719
22608
21994
23419
20750
15219
13189
14202
13139
9167
5024
2547
127
-3476
-7243
-9489
-9529
-9346
-10093
-10675
-9179
-6020
-3757
-3156
-3055
-2433
-1748
-1390
-690
793
2587
3673
4008
4825
6426
7588
6966
4976
2794
846
-890
-2814
-4881
-6772
-8084
-9124
-10470
-11514
-12125
-12838
-14166
-15111
-15047
-14793
-15054
-14989
-13618
-11698
-10226
-9055
-7543
-5576
-3427
-1525
-238
548
1283
1977
2186
1933
1654
1181
32
-1375
-2326
-2986
-3913
-4935
-5555
-5952
-6421
-7010
-7305
-7484
-7851
-8365
-8714
-8859
-8982
-8729
-7481
-5556
-3477
-1471
1226
4370
7601
12746
19947
26604
28469
27811
29693
32562
31044
25262
22322
22470
20292
14728
10880
11261
11420
9124
5859
3784
2346
-456
-4226
-7572
-8704
-9079
-10616
-12288
-11564
-7944
-4808
-3713
-3188
-1416
793
1564
1642
2405
3758
3921
2905
2405
3128
4161
4107
3394
2766
2417
1334
-700
-2868
-4923
-7088
-9869
-12297
-13622
-13915
-14248
-15030
-15002
-14030
-13001
-12873
-12560
-11332
-10147
-9591
-9252
-7987
-6139
-4334
-2872
-1435
356
1847
2665
2765
2745
2339
1055
-790
-2447
-3578
-4929
-6331
-7217
-7059
-6796
-7123
-7590
-7384
-6596
-6581
-7435
-8340
-8311
-8055
-8102
-7834
-6285
-3677
-416
2530
6247
12424
22583
27272
25985
25654
28988
32767
28139
20579
18877
20357
16488
9046
6412
8603
9248
6569
3869
3779
3845
1397
-3165
-6159
-6143
-6767
-10136
-13092
-11313
-6978
-5128
-5388
-3623
785
3607
3512
3676
5469
6551
4706
1941
921
1683
1984
622
-344
624
2111
1544
-562
-1657
-1870
-3548
-7520
-11046
-12157
-12502
-14303
-16293
-15773
-13340
-11890
-11812
-10729
-7925
-5728
-5802
-6319
-5205
-3354
-2990
-3723
-3138
-947
780
916
1027
2198
2930
1824
-268
-1546
-2376
-4053
-6432
-7951
-7948
-7685
-7782
-7723
-6715
-5635
-5542
-5926
-6081
-5815
-6069
-6099
-5322
-3996
-2176
-126
3299
8476
15934
22583
25297
26352
29400
32743
30137
24268
21488
20904
17012
9617
5406
5434
5748
3894
1887
2271
3151
2349
-421
-2388
-2547
-3655
-7184
-10765
-10611
-8448
-7936
-8428
-6693
-2435
721
2134
3886
6734
8435
7180
4892
3601
3294
2026
-401
-2135
-2188
-1378
-1615
-2499
-2594
-1813
-2158
-4441
-6630
-7614
-8809
-11584
-14274
-14835
-14000
-13677
-13833
-12631
-9722
-6984
-5833
-5162
-3362
-1136
-421
-1142
-1428
-730
-436
-1331
-2058
-1693
-1219
-1989
-3209
-3320
-2739
-3019
-4413
-5439
-5633
-5872
-6870
-7814
-7954
-7801
-8158
-8645
-8103
-6847
-5421
-4289
-2370
173
3295
7856
14337
20593
22774
23749
27242
31017
29000
23644
22420
23172
19291
11310
7063
7683
7280
4055
1297
1743
2494
1092
-1147
-1764
-795
-1762
-5182
-7958
-7472
-6014
-6741
-8020
-7108
-4150
-1833
-612
1340
4214
6210
5765
4686
4684
4767
3108
283
-1268
-1546
-1986
-3136
-3819
-3476
-2943
-3054
-4130
-5335
-5982
-6631
-8424
-10649
-11661
-11842
-12632
-13567
-12911
-10869
-9141
-8276
-6874
-4340
-1893
-702
-208
653
1467
1427
568
-198
-600
-1460
-3102
-4557
-4955
-5048
-5734
-6380
-6145
-5512
-5389
-5849
-6061
-5954
-6226
-7175
-7999
-7763
-7233
-6671
-5890
-3897
-1222
1929
6472
12848
19414
22756
24517
27514
30901
29954
25599
23450
22851
19018
11505
6638
6034
5256
2359
-148
204
1168
835
-192
-461
266
-459
-3158
-5903
-6143
-5307
-6433
-8339
-8255
-5655
-3559
-2533
-622
2691
5366
5663
5345
5782
6127
4790
2154
42
-1241
-2403
-4014
-5306
-5368
-4773
-4569
-5227
-5570
-5162
-5189
-6512
-8275
-9128
-9920
-11380
-12678
-12604
-11489
-10599
-9807
-8323
-5786
-3194
-1419
15
1583
2916
3167
2615
1896
859
-870
-3100
-4793
-5834
-6669
-7632
-7980
-7433
-6626
-6220
-6273
-5852
-5334
-4970
-5365
-5638
-5342
-5124
-5037
-4918
-3175
-405
2871
6835
12019
18049
21912
24197
26809
29873
30104
26607
23724
21795
18243
11842
6584
4543
2816
189
-2314
-2446
-1423
-918
-914
-869
68
155
-1189
-3061
-3651
-3404
-4770
-6920
-7799
-6506
-5104
-4384
-2803
55
3014
4378
5047
6134
7190
6855
4741
2530
933
-663
-2963
-5076
-6011
-6462
-7059
-7675
-7738
-7314
-6858
-6898
-7502
-7884
-7976
-8472
-9465
-9983
-9785
-9587
-9580
-9019
-7406
-5434
-3776
-2296
-495
1303
2333
2466
1996
1287
58
-1853
-4075
-5919
-7127
-7975
-8409
-8544
-8181
-7431
-6461
-5813
-5311
-4577
-3994
-4039
-4587
-4523
-3838
-3381
-2494
1548
9042
14890
16417
18889
25935
31759
30205
27206
29033
30347
23783
13897
9791
9530
6191
-693
-5136
-4880
-3746
-4478
-5364
-3115
538
1136
-1137
-1612
1037
1695
-1687
-5220
-5643
-4982
-5993
-7266
-6461
-3591
-1107
191
1771
4546
7268
7983
7242
6478
5761
3818
348
-2838
-4652
-5656
-7668
-10368
-11643
-10602
-9099
-9143
-9351
-8201
-6700
-6709
-7398
-6931
-5953
-6259
-7781
-8342
-7174
-5987
-5906
-5720
-3892
-1417
21
616
1462
2478
2366
1111
-353
-1518
-3055
-5212
-6998
-7794
-8121
-8931
-9665
-9376
-7890
-6442
-5825
-5540
-4541
-3027
-2174
-1956
-1039
1273
4344
8079
12447
16308
18782
21740
25549
27722
26845
26116
26425
24185
18354
13051
10816
8195
3264
-1621
-3773
-4287
-5310
-6408
-6085
-4190
-2800
-2963
-3064
-1731
-222
-821
-2486
-3141
-2949
-3380
-4505
-4663
-3607
-2013
-849
248
2048
4171
5577
5870
6162
6357
5413
3155
676
-1219
-3047
-5300
-7895
-9943
-10755
-10862
-11082
-11375
-10768
-9516
-8659
-8322
-7556
-6233
-5543
-5798
-6041
-5460
-4820
-4881
-5020
-4208
-2764
-1859
-1485
-724
268
575
-99
-812
-1272
-2081
-3506
-4857
-5506
-6139
-7266
-8408
-8684
-8336
-8055
-8100
-7782
-6877
-5432
-4334
-3212
-1686
1194
6076
12237
17070
18641
21091
26139
29774
27709
25621
27783
27908
20987
12867
11046
11119
6926
415
-3071
-3083
-3580
-5344
-6227
-4550
-2256
-2803
-4473
-3710
-687
-545
-3842
-5614
-4615
-3956
-5406
-6086
-4636
-2566
-1160
-526
754
3050
5412
6328
6048
6382
6546
5202
2463
625
55
-1114
-3780
-6878
-8242
-8018
-7962
-9169
-10278
-9818
-9015
-9233
-9595
-8724
-7648
-8085
-8932
-8333
-6522
-5612
-5854
-5332
-3253
-1071
-324
-111
841
1921
1794
467
-796
-1764
-3154
-5019
-6449
-6680
-6877
-7848
-8949
-8634
-7342
-6775
-7103
-7324
-6416
-5326
-4782
-4877
-4288
-2776
-71
4620
10893
15463
17205
20698
26862
30182
28017
27760
31279
30411
21854
14551
14079
13132
6474
-1135
-3758
-3545
-5375
-8182
-8199
-4981
-2945
-4198
-4821
-1910
1478
219
-3019
-3441
-2072
-2820
-5265
-5650
-4099
-2893
-2630
-1804
367
2850
4779
6035
7226
8327
8022
6441
4557
3332
1698
-1402
-5271
-8618
-10349
-11179
-12079
-13408
-13976
-13016
-11748
-10794
-9658
-7901
-6677
-6643
-6366
-5173
-4054
-4249
-4751
-4153
-2837
-1994
-1886
-1274
-82
685
521
-25
-257
-725
-1741
-2955
-3797
-4468
-5713
-7177
-8031
-7813
-7540
-8055
-8676
-8580
-7518
-6468
-5833
-5322
-4169
-2135
-81
3121
8459
14743
17944
19159
23176
28705
29990
27105
27342
29491
26409
18290
13073
12616
10224
4087
-1407
-3188
-3593
-5511
-7367
-7100
-4779
-3816
-5099
-5261
-2806
-516
-1974
-4099
-3691
-2139
-2595
-4576
-4597
-2832
-1314
-1035
0
2698
5055
6055
6386
7351
8055
7301
5364
2970
1014
-1294
-4376
-7877
-10549
-11921
-13090
-14252
-14842
-14074
-12866
-11976
-10896
-9100
-7079
-5932
-5430
-4682
-3548
-2955
-3315
-3680
-3353
-2711
-2454
-2386
-1955
-1412
-1266
-1497
-1404
-1084
-1331
-2313
-3159
-3435
-4091
-5326
-6528
-7110
-7633
-8345
-8835
-8819
-8244
-7417
-6329
-4895
-2703
174
4178
9722
15719
19584
21688
24993
28956
29904
27843
27388
27764
24085
16691
11834
10922
8624
3011
-1977
-3354
-3310
-4561
-5945
-5437
-3455
-2778
-3896
-3971
-2024
-832
-2602
-4616
-4350
-3478
-4160
-5344
-4679
-2685
-1159
-256
1039
3219
4978
5940
6576
7243
7102
5445
3352
1390
-461
-2937
-5900
-8854
-11146
-12164
-12596
-13071
-13555
-13157
-11874
-10530
-9298
-8089
-6791
-5984
-5520
-4990
-4293
-3875
-4056
-4180
-3718
-2817
-2275
-2125
-1729
-1077
-650
-728
-892
-1073
-1644
-2417
-3050
-3499
-4465
-5660
-6581
-7074
-7484
-7876
-8041
-7943
-7441
-6394
-4923
-3268
-1227
2263
7664
13544
17562
19701
23064
27446
29395
27766
27051
28112
26095
19419
13389
11833
10380
5412
-546
-3194
-3272
-4251
-6181
-6519
-4538
-3032
-3747
-4310
-2660
-493
-1142
-3363
-3974
-3122
-3022
-4323
-4921
-3931
-2108
-1083
-769
419
2584
4476
5181
5627
6034
5505
4058
2153
324
-1564
-3759
-6771
-9963
-11557
-11708
-12153
-13473
-13688
-12174
-10683
-10018
-9176
-7456
-5898
-5303
-5188
-4628
-3707
-3451
-3804
-3768
-2916
-2286
-2496
-2747
-2458
-1967
-1943
-2307
-2760
-2928
-2986
-3266
-3976
-4604
-5178
-5957
-6738
-7021
-6899
-7160
-7143
-6448
-5013
-3291
-986
2492
7170
12559
17155
20303
23305
26686
28935
28394
27324
27117
25182
19862
13961
11062
8789
4625
-242
-3086
-3961
-4785
-5482
-5411
-4204
-2818
-2258
-2015
-1135
450
597
-1260
-2629
-2310
-1955
-3694
-5226
-4488
-2867
-2438
-2616
-1042
1235
2877
3516
4080
4778
4849
3976
1809
-101
-1383
-3505
-7046
-10074
-11009
-11703
-12994
-13830
-13197
-11856
-10829
-9755
-8357
-6484
-4926
-4229
-4026
-3510
-2727
-2885
-3723
-4065
-3571
-3390
-4091
-4684
-4548
-3970
-3884
-4082
-4068
-3724
-3605
-3829
-4010
-4122
-4263
-4759
-5396
-5922
-5852
-5689
-5589
-5030
-3186
-577
2423
6663
12120
17059
20080
23029
26624
29045
28684
27479
26903
24645
19406
13628
10176
7634
3506
-1254
-4349
-5231
-5565
-6022
-5715
-4149
-2083
-1248
-927
419
2334
2396
300
-1215
-1190
-1435
-3235
-4914
-4643
-3494
-3141
-3223
-2097
280
2099
2867
3151
3737
4071
3469
1839
-144
-1690
-3685
-6813
-10029
-11599
-12048
-12957
-14080
-14027
-12555
-10809
-9410
-7830
-5731
-3735
-2622
-2141
-1540
-947
-1104
-1987
-2757
-3122
-3770
-4950
-5956
-6114
-5814
-5835
-6095
-5953
-5263
-4705
-4565
-4484
-4315
-4346
-4734
-5124
-5279
-5271
-5262
-5208
-4539
-2666
137
3707
8349
14022
18745
21759
24970
28772
30903
29869
28644
27730
24454
18043
12132
9120
5957
881
-4267
-6639
-6920
-7337
-7679
-6867
-4495
-2355
-1446
-401
1811
3808
2974
926
438
783
-604
-3465
-4537
-3833
-3567
-4232
-3948
-1862
53
1199
1938
3037
4078
4048
2860
856
-618
-2321
-5150
-8744
-11306
-12287
-13266
-14457
-14995
-13913
-12001
-10275
-8671
-6613
-4116
-2301
-1549
-967
-77
399
-473
-1840
-2552
-2813
-3707
-5342
-6357
-6317
-6148
-6648
-6938
-6256
-5366
-5189
-5303
-5016
-4751
-4980
-5521
-5745
-5739
-5611
-5454
-4911
-3212
-489
3060
7321
12650
17953
21752
24948
28323
31081
31120
29735
28628
26099
20673
14093
9895
6680
2088
-3170
-6692
-7730
-8123
-8272
-7803
-5940
-3474
-1867
-601
1270
3351
3625
2377
1535
1044
-372
-2607
-3905
-4065
-4245
-4378
-3854
-2475
-1144
43
1520
3175
4187
3714
2516
1399
300
-1707
-4707
-7751
-10240
-12220
-13714
-14488
-14594
-14427
-13626
-11994
-9838
-7695
-5624
-3699
-2214
-885
269
785
243
-608
-1121
-1637
-2821
-4421
-5676
-6365
-6981
-7572
-7814
-7560
-7271
-7083
-6573
-5855
-5398
-5475
-5479
-5249
-4989
-4611
-3906
-2565
-474
2681
6894
11534
16155
19986
23523
26820
29366
30189
29672
28901
26463
21784
16330
12309
8619
3627
-1439
-4966
-6736
-7917
-8588
-8162
-6743
-4724
-2935
-1114
1118
3049
3688
3050
2823
2478
805
-1435
-2673
-3009
-4156
-5030
-4629
-3511
-2636
-1827
-210
1400
2690
2978
2398
1818
1237
-255
-3459
-6614
-8802
-10855
-13192
-15008
-15409
-15218
-14625
-13221
-10900
-8163
-5889
-3856
-2008
-189
1127
1465
1131
438
-210
-1296
-2887
-4661
-6158
-7079
-7920
-8602
-8738
-8211
-7486
-7011
-6137
-5182
-4521
-4364
-4392
-4238
-4179
-3893
-3868
-3110
-1062
2482
6657
10893
15369
19535
23501
26725
29169
30473
30823
29930
26713
21796
17005
13219
8792
3037
-2129
-5616
-7730
-9281
-9776
-8979
-7361
-5430
-3545
-986
2035
4067
4317
3849
3921
3242
955
-1529
-2831
-3321
-4640
-5783
-5745
-4379
-3065
-2190
-632
1407
3017
2961
2441
2331
1864
-166
-3643
-6681
-9012
-11162
-13448
-15056
-15411
-15117
-14297
-12978
-10757
-8140
-5770
-3814
-2048
-199
1035
1216
583
-95
-676
-1892
-3809
-5743
-6936
-7551
-8186
-8605
-8586
-7818
-6934
-6190
-5552
-4692
-3679
-3531
-3924
-4116
-3403
-2914
-2779
-1706
1157
5212
9152
13070
17067
20990
24539
27310
29250
30008
29714
27665
23663
19117
15092
11055
5582
95
-3900
-6438
-8296
-9472
-9362
-8277
-6412
-4304
-2033
601
3102
4493
4575
4427
4273
2875
487
-1436
-2387
-3693
-5387
-6017
-5537
-4588
-3569
-2092
-454
1142
2390
2675
2509
2458
1629
-1137
-4571
-6832
-8795
-11578
-14260
-15509
-15631
-15400
-14613
-13205
-10984
-8335
-5835
-3832
-1881
64
972
861
615
598
-241
-2196
-4256
-5626
-6508
-7493
-8583
-9066
-8671
-7744
-7109
-6488
-5417
-4318
-3659
-3505
-2872
-2265
-1791
-1526
-392
1885
4646
7799
11260
15421
18972
21927
24479
26748
27974
27818
26809
24392
20610
16328
12326
8277
3591
-764
-4322
-6746
-8072
-8507
-8052
-7109
-5169
-2962
-553
1588
3358
4551
4715
4312
3028
1617
19
-1595
-3368
-4904
-5380
-5464
-5311
-5005
-3812
-1881
-98
1017
1204
1614
2105
1690
-229
-2762
-4807
-7171
-9777
-11976
-13159
-13992
-14830
-14607
-13224
-11187
-9520
-7717
-5409
-3072
-1284
-428
107
268
116
-709
-2067
-3624
-5455
-7284
-8826
-9628
-10143
-10464
-10184
-9225
-7876
-6599
-5110
-3652
-2406
-1292
-203
910
2033
3904
6359
9079
11996
15161
18034
20020
22084
24474
26101
25899
24610
23130
20822
17588
13893
10142
6125
1976
-1748
-4773
-6545
-7457
-8051
-8196
-7174
-4969
-2812
-979
677
2530
3782
3879
3082
2125
1479
465
-886
-2297
-2950
-3224
-3511
-3578
-2911
-1382
-86
535
749
1357
2067
1630
27
-1855
-3396
-5616
-8669
-11225
-12690
-13766
-15203
-15972
-15324
-13708
-12013
-10373
-8064
-5363
-3107
-1691
-529
761
1367
748
-782
-2320
-3770
-5533
-7467
-8902
-9622
-10138
-10571
-10362
-9303
-8029
-6784
-5504
-3862
-2263
-672
858
2687
5223
8346
11636
14291
16986
19745
21901
22937
23686
24932
25117
23466
20536
17711
15275
12423
8878
4634
1074
-1599
-3809
-5573
-6531
-6367
-6201
-5739
-4321
-1760
508
1324
1991
3071
4002
3283
1981
1374
812
-592
-2398
-3007
-3185
-3526
-3807
-3370
-2315
-1402
-1081
-1345
-828
388
303
-1577
-3315
-4108
-5631
-8142
-9967
-10869
-12008
-13391
-13728
-12795
-11557
-10520
-9346
-7489
-5095
-3091
-1893
-1109
-105
643
422
-679
-2189
-3685
-5432
-7207
-8774
-9875
-10656
-11328
-11419
-10741
-9446
-8220
-7019
-5505
-3668
-1498
868
3565
6722
10661
14834
18055
20288
22547
24761
25761
25681
25749
25298
22654
18492
15208
13158
10263
6019
1888
-1004
-2926
-4406
-5631
-6338
-5991
-5101
-4384
-3209
-962
888
963
657
1451
2126
963
-725
-1187
-1099
-1917
-2966
-3012
-2441
-1866
-1332
-596
265
1183
1442
908
630
905
95
-2249
-4588
-6062
-7737
-9909
-11658
-12640
-13158
-13464
-13202
-12310
-10734
-9033
-7511
-5939
-4018
-2159
-1036
-565
-305
-193
-695
-2010
-3659
-4992
-6107
-7533
-9047
-9978
-10242
-10404
-10250
-9530
-8484
-7516
-6518
-4993
-3137
-909
1390
4299
7984
12076
15628
18343
20984
23383
25079
25743
25771
25148
23469
20581
17045
13954
11134
7490
3354
37
-2032
-3780
-5183
-5867
-5719
-5103
-4291
-3060
-1422
337
1412
1951
2327
2578
1936
578
-386
-862
-1569
-2677
-3192
-3156
-2983
-2545
-1622
-406
438
957
1113
1246
1295
656
-861
-2925
-4609
-6187
-7997
-10132
-11964
-12924
-13362
-13374
-12958
-11878
-10544
-8978
-6913
-4863
-3219
-1992
-888
-238
-85
-151
-846
-2314
-4059
-5468
-6811
-8387
-9678
-10392
-10547
-10435
-9974
-9222
-8293
-7081
-5633
-3930
-2172
-178
2400
6015
10322
14054
16900
19506
22417
24552
25330
25534
25738
25047
22115
18160
15071
12839
9510
4894
1049
-1296
-3176
-5248
-6391
-6123
-5409
-4787
-3889
-2016
318
1957
2301
2347
2966
3057
1599
-258
-897
-1177
-2473
-3980
-4102
-3596
-3447
-3196
-2050
-640
384
885
732
667
914
352
-1777
-3967
-5085
-6514
-8829
-10757
-11463
-11958
-12758
-12753
-11699
-10059
-8725
-7318
-5574
-3500
-1671
-765
-295
204
828
575
-584
-1987
-3419
-5201
-7247
-8668
-9396
-10037
-10812
-11118
-10582
-9649
-8711
-7539
-5880
-4151
-2702
-1072
1620
5223
8942
12331
15751
19120
21577
23182
24683
26280
26602
25204
22762
19991
17146
14093
10679
6726
2993
-210
-3037
-5113
-5999
-6299
-6785
-6604
-5204
-3478
-2229
-1099
118
839
1096
1130
621
-366
-967
-1166
-1829
-2550
-2425
-2112
-2056
-1366
131
1120
1460
1858
2126
2184
2247
1610
-410
-2711
-4470
-6456
-8846
-10778
-12259
-13784
-14820
-14720
-13904
-12777
-11328
-9517
-7426
-5198
-3296
-1941
-708
398
888
497
-492
-1983
-3729
-5326
-6819
-8390
-9844
-10641
-10773
-10437
-9773
-8829
-7661
-6148
-4357
-2331
-118
2639
5967
9732
13580
16809
19449
21618
23441
24149
24273
24401
23773
21323
17600
14527
12268
9748
6176
2358
-345
-2013
-3429
-4701
-5040
-4535
-4173
-3846
-2630
-427
1253
1411
1253
1994
2774
1823
-114
-720
-413
-1110
-2828
-3357
-2739
-2543
-2682
-2178
-962
7
458
321
206
679
553
-1349
-3772
-5001
-6048
-8409
-10757
-11886
-12465
-13364
-13723
-12982
-11731
-10300
-8772
-6823
-4758
-2808
-1459
-522
450
1193
1173
112
-1373
-2836
-4371
-6218
-8158
-9594
-10491
-11189
-11555
-11261
-10356
-9294
-8028
-6222
-4078
-1750
902
4334
8333
12322
15944
18924
21445
23452
24870
25444
25281
24525
22742
19894
16599
13736
11036
7766
4237
1333
-773
-2618
-3979
-4479
-4488
-4381
-3815
-2650
-1360
-386
297
668
750
574
-101
-1001
-1772
-2282
-2994
-3497
-3271
-2892
-2866
-2690
-1489
93
1171
1595
1793
2053
2001
1236
-172
-1710
-3455
-5687
-7987
-9809
-11210
-12471
-13378
-13670
-13256
-12434
-11376
-9974
-8008
-5945
-4282
-2878
-1471
-250
386
382
-218
-1189
-2466
-4046
-5778
-7200
-8350
-9451
-10302
-10482
-10063
-9443
-8499
-7357
-6055
-4592
-2595
-85
2937
6781
11048
14967
17941
20476
22876
24774
25675
25482
24747
23324
20654
16911
13477
11056
8142
4130
337
-1823
-3085
-4401
-5351
-5418
-4553
-3596
-2571
-1014
1232
2564
2446
2269
2651
2228
331
-981
-1485
-2227
-3697
-4440
-4237
-3922
-3427
-2916
-1888
-533
733
1040
1074
1930
2043
525
-1693
-3192
-4957
-7634
-9912
-11455
-12639
-14012
-14607
-14070
-12869
-11392
-9941
-7971
-5879
-3884
-2310
-1050
85
765
1022
395
-862
-2470
-4235
-6132
-8034
-9358
-10417
-11300
-11728
-11336
-10299
-9065
-7469
-5673
-3739
-1475
1481
5336
9459
13501
16948
19817
22112
23605
24632
25242
25478
24132
21208
17824
15046
12837
9952
6435
2941
456
-1310
-2848
-3787
-4106
-3954
-3865
-3392
-2122
-617
368
437
714
1322
1387
188
-1350
-1645
-1597
-2259
-3445
-3538
-2688
-2137
-1799
-1127
234
1231
1420
1193
1484
2187
1640
-378
-2408
-3480
-4864
-7434
-9924
-11322
-12163
-13257
-14055
-13774
-12780
-11615
-10407
-8714
-6592
-4621
-3230
-2247
-988
178
398
-570
-1786
-2740
-4014
-5943
-7936
-9271
-10088
-10676
-10905
-10482
-9584
-8424
-7092
-5367
-3310
-973
1777
5229
9488
13700
17116
19533
21754
23788
24857
24780
24303
23469
21129
17401
13998
11666
9213
5645
2021
-417
-1872
-3055
-4059
-4361
-3906
-3004
-2330
-1529
128
1949
2481
1857
1811
2222
1616
-233
-1564
-1549
-1808
-3140
-4407
-3811
-2416
-1786
-1747
-1082
392
1389
1747
1498
1401
1185
16
-2243
-4271
-5285
-7007
-9792
-11848
-12218
-12485
-13518
-13731
-12557
-10793
-9425
-8142
-6515
-4647
-2909
-1944
-1294
-699
-372
-1028
-2467
-3816
-4941
-6349
-8268
-9836
-10347
-10408
-10643
-10665
-9688
-8031
-6508
-4981
-3116
-736
2050
5766
10081
14009
17022
19632
22144
23781
24482
24709
24759
23455
20479
16835
13993
11862
9020
5185
1585
-506
-1725
-3173
-4488
-4548
-3408
-2831
-2789
-1553
723
1901
1406
1575
2610
2706
871
-967
-1341
-1393
-2352
-3794
-4025
-3380
-2885
-2709
-1925
-331
1092
1703
1758
2178
2892
2623
833
-1370
-2804
-4361
-6883
-9578
-11306
-12437
-13594
-14269
-14048
-13108
-11905
-10434
-8816
-6816
-4639
-2917
-1976
-1123
-29
273
-598
-1992
-3126
-4525
-6384
-8312
-9738
-10593
-11116
-11275
-10893
-9848
-8571
-7138
-5211
-2915
-704
1840
5510
9850
13636
16816
19522
21772
23108
23970
24397
24315
23036
20150
16631
13854
11965
9188
5388
2050
142
-1281
-2847
-3806
-3800
-3392
-3096
-2574
-1324
174
1233
1474
1780
2393
2446
1119
-739
-1356
-1236
-1597
-2806
-3330
-2981
-2478
-1904
-1082
7
736
1257
1373
1355
1603
1400
107
-1901
-3128
-4216
-6340
-9103
-11016
-11726
-12587
-13626
-13994
-13084
-11872
-10824
-9324
-7347
-5525
-4190
-2838
-1562
-694
-265
-594
-1648
-2878
-3929
-5459
-7558
-9112
-10045
-10798
-11432
-11211
-10393
-9402
-7678
-5476
-3172
-1011
2390
7064
11769
15711
18793
21709
23578
24599
25076
25488
24924
22109
18160
14559
12283
9784
6184
2341
-392
-1543
-2643
-3770
-4091
-3190
-2166
-1869
-772
1138
2685
2624
2438
3218
3417
2051
-277
-1338
-1681
-2478
-3879
-4824
-4533
-4108
-3575
-2881
-1525
13
836
1281
1796
2991
3140
1740
-91
-1330
-2538
-4863
-7354
-9527
-11032
-12265
-13255
-13703
-13405
-12334
-11240
-9864
-8020
-6062
-4559
-3391
-2098
-1031
-489
-791
-1832
-3179
-4461
-5902
-7793
-9559
-10662
-11243
-11578
-11403
-10580
-9218
-7611
-5578
-3324
-807
2159
6081
10598
14534
17728
20525
23003
24096
24332
24498
24399
22728
19392
15723
12787
10575
7818
4164
871
-821
-1806
-3246
-4169
-3612
-2678
-2520
-2103
-449
1114
1598
1655
2343
2935
2672
1428
-130
-1046
-1321
-1727
-2886
-3498
-3365
-3138
-2951
-1906
-412
212
551
1169
1935
2089
1902
1015
-820
-2562
-3867
-5574
-8282
-10488
-11631
-12665
-13762
-14045
-13240
-12339
-11347
-9752
-7717
-5806
-4317
-2985
-1950
-1145
-729
-1087
-2275
-3802
-5067
-6556
-8413
-9995
-10750
-11054
-11278
-10841
-9607
-8090
-6450
-4413
-1666
1501
5419
9797
13959
17584
20740
23398
24455
24702
24886
24918
23192
19647
15893
12747
10237
7316
3957
727
-1336
-2357
-3350
-3989
-3681
-2628
-1935
-1435
-125
1536
2402
2207
2581
3636
3758
2195
316
-550
-1049
-1798
-2695
-3195
-3421
-3647
-3510
-2611
-1138
-127
45
116
813
1746
1685
612
-660
-1733
-3175
-5298
-7377
-8986
-10404
-12055
-13314
-13535
-13042
-12442
-11697
-10286
-8327
-6362
-4882
-3696
-2323
-843
-87
-561
-1538
-2511
-3742
-5646
-7589
-9138
-10486
-11716
-12356
-11965
-11034
-9878
-8360
-6194
-3580
-517
3464
8231
12947
17096
20589
23333
24932
25840
26197
25804
24193
21272
17450
13490
10519
7851
4534
958
-1363
-2497
-3471
-3985
-3661
-2851
-2155
-1301
4
1126
1938
2314
2585
2545
2309
1517
-300
-1933
-2480
-2203
-2747
-3335
-3160
-2676
-2257
-1275
399
1493
2183
2786
2880
2525
2326
1587
-685
-3003
-4205
-5752
-8573
-11022
-11983
-12587
-13420
-13772
-13327
-12376
-10955
-9189
-7447
-5777
-4202
-3040
-2224
-1314
-640
-1000
-2253
-3606
-4767
-6210
-7996
-9650
-10547
-10861
-11043
-10932
-10132
-8824
-7293
-5317
-2867
-216
3131
7563
12184
16008
19140
21965
23659
24412
24816
25008
23870
21103
17426
13741
10990
8493
5274
1406
-1227
-2281
-3158
-4213
-4466
-3461
-2335
-1629
-570
1092
2628
3203
3619
4251
4459
3441
1442
-305
-1310
-1726
-2680
-3963
-4804
-4801
-4417
-3645
-2363
-1322
-775
-91
1008
1744
1809
1256
2
-1663
-2911
-4126
-6239
-8814
-10399
-10961
-11567
-12346
-12509
-11680
-10306
-8789
-7239
-5687
-4204
-2926
-1801
-828
-271
-529
-1611
-2988
-4331
-5701
-7486
-9395
-10786
-11243
-11427
-11561
-11245
-10148
-8516
-6585
-4202
-1855
1131
5353
10475
14780
18064
21178
23505
24570
24969
25603
25241
22777
19120
15497
12615
9888
6752
2974
-327
-2001
-2986
-4078
-4798
-4167
-3082
-2366
-1340
231
1709
2272
2608
3007
3219
2743
1186
-633
-1762
-1871
-2540
-3921
-4652
-4197
-3420
-2902
-1996
-863
345
1381
1920
2078
2323
2247
652
-1453
-2609
-3631
-6157
-9021
-10292
-10726
-11647
-12661
-12577
-11664
-10491
-9342
-8092
-6469
-4650
-3232
-2355
-1467
-641
-653
-1419
-2321
-3303
-4777
-6741
-8528
-9737
-10340
-10922
-11369
-11099
-10024
-8581
-6996
-5059
-2979
-371
3277
7588
11808
15852
19471
21703
22887
24295
25432
24965
22994
20599
17617
14127
10882
7853
4570
1392
-912
-2770
-4154
-4480
-4137
-3922
-3246
-1403
320
1000
1784
3235
4304
4165
3565
2716
1224
-486
-1711
-2417
-3397
-4306
-4804
-4768
-4245
-3140
-1842
-976
-115
990
1941
2209
2132
1732
514
-1295
-3032
-4678
-6758
-8922
-10646
-11860
-12594
-12694
-12286
-11659
-10483
-8536
-6329
-4598
-3201
-1757
-475
189
339
156
-651
-2129
-3954
-5710
-7526
-9214
-10608
-11526
-11883
-11662
-11001
-10279
-9063
-7171
-4861
-2697
-188
3369
7801
12369
16283
19241
21334
23091
24419
24790
24297
23205
21034
17434
13609
10845
8516
5335
1533
-1318
-2760
-3559
-4362
-4873
-4461
-3123
-1732
-871
34
1565
2876
3226
3244
3512
3244
1536
-348
-1144
-1244
-2195
-3667
-4386
-4296
-3873
-3169
-2106
-1355
-724
253
1050
1323
1534
1558
274
-1748
-3059
-4128
-6121
-8457
-9750
-10466
-11318
-11991
-11900
-11178
-10062
-8561
-7128
-5784
-4224
-2426
-1165
-596
-100
165
-480
-1979
-3319
-4520
-6232
-8285
-9820
-10639
-11261
-11563
-11224
-10365
-9275
-7660
-5601
-3546
-1138
2711
7490
11715
15211
18621
21574
23204
24140
24723
24676
23391
20918
17457
13872
11174
8596
5084
1328
-894
-2069
-3537
-4651
-4316
-3285
-2728
-1960
-463
915
1787
2447
3007
3019
2719
2023
537
-1171
-2076
-2319
-3243
-4411
-4654
-4051
-3409
-2540
-1285
-421
389
1654
2486
2307
2277
2466
1072
-1248
-2567
-3578
-6149
-8980
-10228
-10928
-12112
-12952
-12728
-12026
-10816
-9143
-7594
-6171
-4342
-2534
-1443
-668
98
262
-501
-1529
-2570
-3934
-5792
-7577
-8885
-9670
-10229
-10612
-10541
-9909
-8782
-7425
-5855
-4083
-1754
1295
4938
8888
12956
16480
19052
21044
22813
23766
23677
23074
21694
18999
15504
12446
9721
6772
3539
504
-1750
-3027
-3720
-4263
-4172
-3108
-1825
-879
156
1611
2617
2798
2911
3234
3095
1960
426
-955
-1888
-2618
-3510
-4228
-4315
-3792
-3343
-2737
-1614
-187
1087
1829
2070
1965
2020
1644
295
-1541
-3205
-5124
-7480
-9203
-10268
-11512
-12762
-12952
-12294
-11440
-10180
-8563
-6996
-5252
-3086
-1465
-860
-241
656
772
-243
-1486
-2886
-4795
-6685
-8046
-9280
-10596
-11275
-11187
-10700
-9883
-8638
-7237
-5753
-3706
-1076
2086
5851
10120
14013
17051
19580
21690
23089
23640
23698
23005
21098
18064
14768
11937
9293
6256
2840
4
-1800
-2990
-3906
-4244
-3780
-2944
-1995
-858
488
1668
2452
3070
3570
3611
2914
1778
414
-928
-1886
-2554
-3431
-4319
-4351
-3805
-3261
-2525
-1320
-360
266
1241
2124
2225
1808
1269
-134
-2028
-3524
-5129
-7600
-9913
-11036
-11976
-12969
-13094
-12176
-11140
-9909
-8106
-6289
-4563
-2646
-878
55
569
1018
809
-210
-1499
-2835
-4624
-6583
-8255
-9491
-10444
-10911
-10819
-10335
-9576
-8488
-6897
-5102
-3190
-1057
1812
5286
8845
12250
15440
18337
20397
21660
22334
22662
22453
21161
18772
15831
13219
10692
7703
4493
1864
-13
-1798
-3278
-3816
-3527
-3226
-2941
-1921
-529
498
1039
1719
2439
2624
2364
1707
784
-523
-1466
-2131
-2860
-3593
-3784
-3367
-3053
-2457
-1557
-382
565
1415
1835
1844
1948
1781
660
-1259
-2896
-4579
-6822
-9103
-10712
-11919
-13025
-13494
-13196
-12446
-11421
-9948
-7974
-5675
-3419
-1693
-385
752
1660
1865
1388
216
-1416
-3254
-5072
-6916
-8727
-10060
-10949
-11162
-10836
-10028
-9134
-7866
-6009
-4052
-1978
486
3868
7598
11456
14874
17576
19708
21190
21971
22137
22415
21775
19328
15929
13271
11356
8911
5858
2770
598
-654
-1647
-2813
-3467
-3045
-2494
-2202
-1375
139
776
321
436
1434
2006
1496
550
-483
-1075
-1073
-1445
-2453
-2875
-2139
-1819
-2063
-1512
-279
238
407
1218
1638
964
247
-9
-868
-2341
-3746
-5422
-7614
-9248
-10031
-11105
-12403
-12701
-12037
-11478
-10775
-9105
-7064
-5451
-3965
-2181
-622
367
1136
1533
1217
264
-969
-2511
-4195
-5643
-7021
-8535
-9739
-10183
-10103
-9898
-9293
-8277
-7106
-5861
-4105
-1592
1493
4982
8688
12437
15788
18529
20583
22272
23529
24015
23196
21222
18497
15332
12232
9527
6918
3582
-14
-2649
-3798
-4025
-4094
-4220
-4113
-2998
-946
837
1635
2189
3200
3783
3506
3197
3149
2090
29
-1273
-1565
-2367
-3838
-4331
-3694
-3043
-2716
-2172
-1355
-200
1171
1971
1798
1376
931
-288
-2093
-3595
-5100
-7411
-9807
-11104
-11593
-12173
-12732
-12643
-11767
-10398
-8686
-6815
-4920
-3162
-1588
-353
506
1004
1196
858
-193
-1698
-3228
-4805
-6542
-8084
-9058
-9676
-10070
-9980
-9359
-8392
-7352
-6209
-5161
-3810
-1927
514
3416
6793
10410
13490
15969
18093
20171
21886
22764
22627
21765
20495
18501
15800
12972
10193
7031
3593
653
-1633
-3368
-4573
-5304
-5581
-5032
-3708
-2408
-1249
28
1302
2086
2641
3071
3212
3013
2411
1342
138
-493
-1066
-1952
-2609
-2426
-2166
-2347
-2266
-1453
-169
621
450
-256
-279
-17
-1034
-3143
-4798
-5977
-7879
-9943
-11184
-11950
-12800
-13073
-12464
-11516
-10330
-8646
-6682
-4636
-2464
-609
446
1201
2129
2590
1953
561
-1006
-2775
-4692
-6490
-7987
-9277
-10255
-10726
-10592
-9990
-9049
-7847
-6398
-4669
-2751
-818
1138
3887
7534
11198
13880
16135
18262
19662
20312
21012
21648
20755
18513
16019
14045
12144
9795
6805
3731
1635
173
-1429
-2850
-3196
-2974
-3024
-2613
-1343
-226
-26
325
1349
2106
2059
1820
1636
1083
360
-233
-795
-1615
-2147
-2161
-1895
-1858
-1970
-1789
-1146
-189
389
414
30
-241
-650
-1688
-3278
-4889
-6445
-8340
-10101
-11184
-11849
-12529
-12693
-11881
-10750
-9767
-8413
-6353
-4113
-2267
-748
362
1139
1689
1882
1334
104
-1340
-3055
-4997
-6776
-8093
-9258
-10216
-10384
-9794
-9082
-8367
-7221
-5757
-4386
-3082
-1536
417
3109
6439
9670
12370
14954
17481
19341
20708
21953
22501
21604
19906
18133
15993
13310
10375
7336
4290
1661
-714
-3060
-4572
-4798
-4701
-4824
-4133
-2463
-957
65
1363
2741
3526
3795
3891
3717
3164
2311
1007
-194
-881
-1296
-2084
-2739
-2847
-2760
-2630
-2190
-1449
-944
-739
-881
-1213
-1473
-1857
-3066
-4861
-6456
-7824
-9524
-11183
-12256
-12752
-12848
-12506
-11672
-10432
-8565
-6477
-4527
-2684
-627
1152
2169
2779
3162
2924
1667
-25
-1772
-3614
-5650
-7553
-9026
-10107
-10676
-10718
-10151
-9138
-7799
-6410
-5112
-3698
-2113
-220
2181
5391
8648
11132
13235
15651
17815
18822
19550
20550
20787
19223
17040
15504
14204
12255
9368
6198
3645
2163
635
-1511
-2944
-2903
-2703
-3094
-2615
-985
100
114
569
1902
2692
2430
2103
2194
2084
1300
176
-751
-1253
-1399
-1600
-2026
-2611
-2867
-2652
-2163
-1604
-1253
-1286
-1768
-1993
-1951
-2438
-3857
-5427
-6547
-7797
-9340
-10707
-11472
-11789
-11654
-11130
-10445
-9398
-7654
-5564
-3753
-2108
-431
891
1626
2241
2699
2309
1009
-550
-2065
-3893
-5947
-7803
-9171
-10034
-10439
-10328
-9791
-8900
-7817
-6489
-4917
-3314
-1864
-308
1858
4720
7767
10505
12946
15331
17379
18547
19247
20142
20755
19738
17538
15639
14314
12525
9853
6853
4202
2420
880
-1130
-2799
-2942
-2523
-2885
-2787
-1188
299
268
324
1622
2579
2165
1539
1733
1800
1205
205
-608
-1158
-1480
-1663
-1923
-2062
-2226
-2188
-2072
-1650
-1172
-1067
-1597
-2268
-2365
-2653
-3917
-5723
-6884
-7726
-8905
-10062
-10738
-11133
-11209
-10527
-9690
-9114
-8100
-6156
-4371
-3189
-1789
-238
572
786
1352
1641
870
-567
-1796
-2980
-4367
-5814
-7236
-8374
-8838
-8644
-8456
-8166
-7375
-6131
-5034
-3941
-2595
-1278
-59
1688
4424
7417
10046
12537
15098
17229
18569
19530
20290
20347
19642
18374
16580
14175
11731
9362
6649
3928
1741
-175
-2107
-3155
-3134
-3038
-2978
-2055
-562
399
1077
2110
2949
2882
2503
2263
1728
709
-311
-1229
-2276
-3149
-3636
-3927
-4069
-3706
-3207
-3024
-2696
-1610
-499
-325
-683
-839
-961
-1649
-2807
-4268
-5853
-7395
-8751
-10009
-11022
-11459
-11444
-11050
-10190
-8778
-7282
-5842
-4232
-2416
-746
422
1214
1749
2082
1872
1023
-298
-1778
-3332
-4869
-6244
-7470
-8499
-9089
-8994
-8348
-7358
-6185
-4953
-3740
-2462
-1247
-219
787
2212
3976
5831
7799
10032
12294
14095
15363
16536
18031
19114
18686
17103
15944
15202
13539
10913
8558
6461
3733
802
-1267
-2117
-2448
-3133
-4352
-4507
-2484
-393
-382
-647
1191
3012
2430
1485
2437
3362
2298
880
501
89
-1151
-2238
-2615
-2645
-2685
-3073
-3746
-3716
-2367
-1148
-1500
-2470
-2359
-1757
-2250
-3577
-4566
-5388
-6830
-8442
-9447
-9974
-10456
-10761
-10697
-10135
-8952
-7458
-6241
-4972
-2949
-824
232
673
1678
2735
2607
1483
293
-953
-2566
-4208
-5585
-6796
-7816
-8409
-8626
-8436
-7597
-6365
-5239
-4186
-2764
-1370
-534
262
1651
3513
5168
6889
8855
10941
12853
14383
15668
16637
17456
17627
17128
16235
15213
13930
12000
9609
7108
5116
3349
1275
-709
-1728
-1990
-2513
-2827
-2146
-996
-450
-156
541
1191
1301
1005
742
579
504
-22
-1135
-2040
-2171
-2130
-2452
-2505
-2171
-1992
-2097
-1881
-1252
-551
-145
-549
-1568
-2222
-2261
-2943
-4663
-6333
-7303
-8252
-9426
-10269
-10512
-10386
-10056
-9442
-8472
-7151
-5792
-4588
-3240
-1656
-408
146
523
1158
1595
1299
309
-891
-2042
-3128
-4189
-5162
-5862
-6311
-6462
-6292
-5793
-5098
-4270
-3333
-2423
-1614
-940
-519
-232
170
951
1946
3248
5410
8417
11658
14041
15685
16751
17719
18546
18975
18649
17301
15178
12011
8294
5197
3535
2168
-149
-2652
-4016
-4233
-3928
-3178
-2140
-1150
61
1494
2373
2508
2670
2694
1783
420
-410
-1209
-2717
-3902
-3956
-3739
-4096
-4098
-3069
-1647
-359
821
1514
1493
1709
2355
2015
252
-1491
-2847
-4814
-6983
-8324
-9482
-11152
-12070
-11618
-10962
-10477
-9275
-7433
-5780
-4125
-2455
-1388
-755
298
1244
1128
496
195
-154
-936
-1701
-2407
-3491
-4645
-5170
-5161
-5079
-4961
-4594
-4060
-3456
-2838
-2225
-1758
-1449
-1235
-1057
-986
-1018
-934
-629
97
1334
3224
5416
7819
10369
12764
14652
15961
17119
17858
17969
17214
15771
13650
11043
8319
5751
3559
1373
-812
-2437
-3008
-3087
-3169
-2751
-1695
-676
-15
739
1450
1666
1557
1380
956
340
-201
-900
-1856
-2560
-2806
-2978
-2967
-2492
-1833
-1329
-807
-304
57
499
845
408
-672
-1591
-2428
-3770
-5316
-6520
-7544
-8538
-9306
-9708
-9825
-9456
-8726
-7849
-6747
-5395
-4171
-3236
-2187
-1148
-479
-196
54
168
126
22
-280
-873
-1551
-2096
-2750
-3347
-3687
-3804
-3990
-4113
-4022
-3859
-3680
-3428
-3016
-2578
-2211
-2040
-1968
-1778
-1313
-698
106
1312
3201
5642
8201
10578
12703
14648
16037
16831
17179
17231
16519
14775
12434
10006
7743
5434
3019
583
-1323
-2393
-2981
-3423
-3417
-2625
-1588
-774
113
1232
1986
2037
1976
2017
1655
735
-98
-573
-1104
-1801
-2419
-2827
-2957
-2531
-1714
-1058
-601
-60
286
262
395
639
-41
-1589
-2855
-3802
-5237
-6774
-7663
-8424
-9309
-9616
-9284
-9112
-8759
-7554
-6073
-5031
-3979
-2691
-1728
-1007
-117
523
462
233
197
33
-283
-507
-951
-1803
-2531
-2814
-3059
-3459
-3659
-3540
-3382
-3269
-3090
-2883
-2730
-2562
-2339
-2254
-2334
-2311
-2045
-1785
-1564
-897
438
2109
3994
6365
9093
11477
13284
14728
15866
16488
16564
16040
14691
12691
10496
8288
5857
3398
1310
-413
-1900
-2877
-3070
-2884
-2641
-2036
-879
297
987
1447
1882
2067
1799
1297
628
-198
-885
-1292
-1713
-2286
-2618
-2653
-2477
-2002
-1119
-335
127
471
660
579
512
456
-450
-2101
-3460
-4295
-5429
-6761
-7564
-7952
-8374
-8604
-8294
-7691
-6966
-6059
-5039
-4054
-3070
-2192
-1598
-1105
-537
-183
-273
-509
-586
-603
-691
-848
-1029
-1309
-1718
-2132
-2370
-2459
-2596
-2737
-2758
-2737
-2841
-2961
-2980
-2956
-2922
-2871
-2875
-2808
-2426
-1869
-1508
-1095
-185
1130
2609
4459
6711
8887
10758
12401
13725
14515
14909
14939
14435
13308
11656
9664
7695
5931
4051
2048
468
-547
-1426
-2082
-2126
-1855
-1668
-1243
-450
177
406
604
704
428
-23
-408
-901
-1483
-1644
-1507
-1470
-1584
-1453
-1091
-616
48
692
1114
1286
1412
1127
442
-132
-542
-1561
-3286
-4620
-5269
-5959
-6950
-7509
-7531
-7491
-7416
-7000
-6387
-5807
-5111
-4304
-3569
-2939
-2336
-1953
-1728
-1385
-1036
-1024
-1234
-1177
-911
-738
-732
-719
-727
-903
-1195
-1548
-1858
-2129
-2304
-2449
-2670
-2928
-3133
-3206
-3242
-3168
-2991
-2897
-2911
-2657
-1943
-1311
-919
-332
711
1873
3241
5092
6996
8691
10410
12154
13166
13598
14061
14296
13721
12472
10921
9005
7204
5630
3674
1393
-109
-909
-2053
-2976
-2725
-2193
-2384
-2190
-955
-28
32
269
917
1059
773
579
274
-183
-393
-377
-556
-577
-308
-46
146
583
1103
1253
1287
1356
1262
610
-338
-1156
-1839
-2892
-4396
-5582
-6163
-6753
-7551
-7834
-7535
-7304
-7117
-6451
-5556
-4876
-4197
-3397
-2783
-2374
-1959
-1729
-1670
-1411
-1061
-1155
-1499
-1474
-1192
-1140
-1335
-1557
-1803
-2058
-2279
-2517
-2723
-2772
-2782
-2954
-3119
-3115
-3055
-3073
-3043
-2838
-2484
-2024
-1561
-1034
-262
697
1562
2218
2979
3953
5092
6377
7651
8823
9710
10417
10770
10953
11180
11185
10560
9269
8003
6892
5816
4478
2935
1587
758
252
-544
-1323
-1442
-1113
-1025
-992
-502
-8
60
148
577
809
564
275
173
148
219
317
223
63
290
782
1106
1258
1523
1794
1731
1374
843
219
-548
-1425
-2489
-3666
-4684
-5406
-6051
-6731
-7071
-6879
-6595
-6538
-6267
-5486
-4698
-4291
-3848
-3156
-2650
-2539
-2420
-2114
-1890
-1883
-1965
-2005
-1937
-1804
-1787
-1819
-1618
-1229
-1060
-1171
-1258
-1296
-1476
-1733
-1883
-2045
-2336
-2631
-2763
-2778
-2752
-2728
-2758
-2706
-2419
-1947
-1579
-1248
-678
126
852
1403
1984
2643
3311
4181
5402
6662
7506
8012
8395
8568
8745
9100
9384
9017
8321
7606
6713
5853
5433
4929
3549
2292
2063
1867
892
284
657
770
307
343
937
1064
802
850
1046
953
637
283
-22
-2
104
-134
-530
-474
-147
-43
-29
93
158
-94
-381
-649
-1012
-1612
-2350
-3138
-3945
-4588
-5081
-5560
-6103
-6337
-6166
-6006
-6037
-5793
-5030
-4331
-3971
-3590
-2988
-2578
-2465
-2327
-2078
-1894
-1866
-1885
-1895
-1768
-1610
-1580
-1609
-1441
-1152
-1006
-935
-805
-726
-868
-1075
-1238
-1408
-1643
-1894
-2096
-2233
-2235
-2170
-2085
-1960
-1704
-1314
-927
-535
-50
576
1126
1476
1772
2082
2335
2435
2541
2668
2756
2839
3086
3618
4290
4987
5630
6264
6901
7488
7949
8217
8335
8219
7707
6874
6106
5504
4624
3376
2247
1539
916
240
-181
-259
-207
-107
129
398
666
953
1132
1065
899
713
345
-214
-714
-1069
-1469
-1840
-2021
-1929
-1767
-1617
-1450
-1208
-908
-775
-785
-907
-1042
-1307
-1744
-2380
-3132
-3751
-4232
-4722
-5257
-5558
-5600
-5604
-5528
-5170
-4665
-4312
-3998
-3477
-2872
-2473
-2295
-2165
-1989
-1825
-1803
-1911
-1949
-1820
-1691
-1645
-1567
-1381
-1199
-1038
-821
-563
-389
-355
-364
-340
-323
-428
-609
-728
-760
-807
-870
-875
-802
-688
-530
-333
-121
141
454
788
1113
1446
1759
2028
2277
2501
2717
2909
3107
3351
3689
4103
4498
4854
5195
5525
5783
5936
6027
6029
5920
5672
5323
4884
4394
3892
3337
2774
2310
1982
1602
1140
862
872
931
843
782
818
811
726
676
575
297
-59
-323
-548
-804
-1035
-1225
-1360
-1431
-1376
-1338
-1324
-1332
-1351
-1481
-1722
-1946
-2127
-2330
-2714
-3138
-3415
-3573
-3877
-4218
-4276
-4121
-4076
-4111
-3934
-3594
-3323
-3139
-2928
-2733
-2634
-2627
-2642
-2593
-2494
-2480
-2587
-2607
-2453
-2296
-2197
-2015
-1723
-1461
-1224
-932
-632
-426
-301
-242
-252
-300
-378
-525
-705
-805
-854
-921
-981
-919
-748
-534
-317
-102
139
410
735
1050
1333
1545
1708
1863
2046
2262
2401
2454
2474
2589
2782
2987
3211
3480
3815
4170
4555
4903
5127
5223
5251
5236
5144
4991
4752
4409
4053
3787
3499
3042
2560
2261
2056
1759
1431
1222
1059
887
821
873
791
516
288
205
12
-353
-668
-823
-935
-1067
-1083
-1042
-1018
-1108
-1181
-1230
-1274
-1374
-1542
-1735
-2026
-2383
-2757
-3032
-3290
-3540
-3756
-3910
-4032
-4090
-4020
-3853
-3640
-3417
-3197
-3025
-2894
-2796
-2718
-2670
-2659
-2706
-2807
-2860
-2818
-2745
-2692
-2572
-2334
-2079
-1850
-1605
-1315
-1053
-843
-658
-535
-507
-559
-650
-787
-933
-1037
-1097
-1121
-1053
-871
-660
-475
-257
59
421
762
1070
1360
1642
1912
2156
2362
2530
2632
2661
2665
2737
2858
2970
3037
3095
3163
3268
3416
3566
3683
3762
3850
3958
4084
4160
4116
3946
3748
3601
3432
3158
2823
2540
2327
2168
2075
2010
1879
1670
1519
1470
1463
1415
1315
1184
1070
983
807
511
207
-37
-334
-715
-1063
-1353
-1659
-1951
-2145
-2324
-2555
-2754
-2848
-2895
-2942
-2973
-3004
-3032
-3014
-2953
-2923
-2927
-2923
-2930
-2969
-3010
-3023
-3005
-2956
-2883
-2807
-2724
-2620
-2506
-2405
-2298
-2190
-2141
-2144
-2111
-2009
-1909
-1860
-1830
-1772
-1687
-1590
-1467
-1320
-1192
-1092
-978
-836
-710
-607
-491
-350
-213
-87
44
197
392
612
824
1024
1220
1401
1562
1727
1875
1960
2004
2068
2152
2212
2248
2273
2292
2305
2307
2286
2257
2259
2281
2284
2271
2277
2293
2307
2331
2363
2366
2309
2212
2139
2116
2071
1919
1695
1526
1454
1391
1270
1116
968
844
777
793
842
832
732
606
544
540
509
416
321
273
262
252
217
156
101
66
-21
-190
-361
-466
-568
-735
-910
-1048
-1219
-1452
-1640
-1722
-1806
-1980
-2136
-2154
-2104
-2120
-2189
-2206
-2159
-2122
-2107
-2052
-1946
-1872
-1875
-1901
-1874
-1825
-1828
-1881
-1908
-1888
-1863
-1836
-1745
-1587
-1453
-1379
-1299
-1174
-1064
-1006
-969
-941
-952
-994
-1034
-1064
-1092
-1101
-1077
-1027
-940
-795
-614
-423
-206
55
314
524
719
942
1153
1297
1399
1496
1571
1600
1618
1654
1688
1704
1714
1732
1782
1851
1883
1844
1804
1824
1848
1816
1778
1776
1760
1697
1638
1594
1513
1424
1403
1428
1419
1388
1401
1453
1495
1515
1501
1418
1288
1167
1071
969
863
792
757
717
643
562
502
450
373
269
172
107
59
12
-19
-29
-31
-48
-108
-216
-327
-383
-384
-398
-456
-525
-587
-664
-762
-859
-967
-1116
-1277
-1395
-1487
-1608
-1735
-1796
-1794
-1807
-1873
-1945
-1970
-1966
-1979
-2019
-2055
-2069
-2068
-2057
-2039
-2026
-2036
-2043
-2001
-1906
-1804
-1719
-1621
-1479
-1314
-1174
-1062
-954
-844
-740
-645
-557
-490
-447
-406
-341
-268
-217
-179
-110
0
118
214
308
418
544
676
820
958
1085
1215
1357
1488
1589
1680
1770
1835
1864
1893
1938
1985
2018
2036
2033
2005
1984
1982
1970
1919
1861
1823
1791
1737
1662
1590
1516
1426
1315
1187
1060
960
891
822
736
645
587
553
519
479
438
395
348
306
262
212
166
142
134
115
78
37
7
-23
-71
-150
-252
-349
-437
-531
-638
-747
-849
-951
-1048
-1135
-1223
-1310
-1379
-1422
-1454
-1488
-1515
-1528
-1529
-1523
-1507
-1484
-1463
-1442
-1419
-1392
-1365
-1349
-1338
-1324
-1304
-1285
-1270
-1249
-1212
-1170
-1131
-1085
-1022
-953
-894
-835
-777
-720
-683
-662
-638
-599
-553
-507
-468
-420
-355
-282
-210
-137
-51
44
131
211
297
398
505
612
717
818
912
1002
1085
1151
1192
1218
1238
1254
1256
1241
1226
1228
1242
1242
1221
1199
1190
1188
1198
1220
1239
1236
1225
1226
1216
1168
1097
1045
1017
985
931
866
804
750
706
661
610
560
516
473
431
391
344
290
241
204
158
85
-7
-93
-159
-214
-280
-358
-431
-479
-509
-540
-570
-581
-568
-542
-516
-500
-494
-495
-500
-505
-514
-534
-572
-621
-667
-710
-761
-821
-872
-895
-896
-890
-891
-881
-853
-817
-787
-765
-744
-720
-702
-692
-685
-675
-673
-676
-678
-675
-677
-682
-674
-649
-614
-581
-554
-525
-489
-450
-415
-382
-344
-296
-244
-202
-168
-137
-103
-70
-37
1
52
111
174
237
298
352
399
439
477
512
534
539
538
540
544
542
536
535
547
564
588
619
657
699
738
774
810
841
865
878
882
882
871
846
810
775
747
724
703
684
666
649
637
625
609
588
562
533
498
448
387
318
248
173
97
25
-39
-92
-130
-157
-177
-188
-191
-191
-195
-208
-220
-228
-235
-249
-273
-303
-330
-362
-401
-442
-478
-504
-522
-532
-531
-527
-525
-527
-523
-521
-535
-562
-590
-608
-622
-646
-670
-679
-671
-669
-681
-693
-690
-679
-676
-673
-657
-628
-600
-575
-541
-496
-452
-416
-374
-313
-250
-205
-165
-108
-37
19
48
76
119
157
169
168
177
199
214
214
220
239
259
275
293
315
340
355
368
391
418
434
436
440
453
462
458
450
454
470
485
500
518
540
560
573
583
585
578
555
523
481
435
385
325
257
195
145
102
60
25
12
17
24
33
52
83
106
115
120
127
129
112
81
52
27
-4
-43
-77
-92
-101
-118
-139
-149
-152
-167
-199
-235
-262
-290
-334
-385
-424
-452
-485
-524
-550
-553
-543
-527
-494
-438
-368
-297
-220
-134
-51
11
57
100
131
137
115
91
71
45
6
-29
-46
-49
-53
-60
-57
-41
-27
-28
-33
-32
-33
-46
-68
-85
-98
-109
-119
-121
-108
-85
-56
-24
14
54
91
120
144
163
170
162
144
125
100
69
35
8
-6
-16
-23
-21
-7
15
37
55
72
91
103
105
100
92
80
61
36
13
-7
-23
-35
-34
-17
9
41
75
112
147
172
182
178
162
134
96
51
2
-44
-86
-121
-147
-157
-151
-137
-114
-78
-33
16
63
107
150
187
215
228
232
226
215
192
163
132
104
77
50
28
13
3
-3
-3
3
11
24
37
50
63
73
80
80
75
63
46
22
-5
-34
-62
-87
-108
-122
-132
-134
-128
-115
-95
-72
-49
-29
-11
2
8
8
2
-6
-18
-34
-51
-71
-90
-107
-121
-131
-135
-130
-120
-105
-87
-67
-50
-38
-34
-34
-42
-53
-69
-88
-106
-126
-147
-165
-179
-190
-198
-201
-196
-183
-164
-139
-110
-76
-43
-8
23
52
81
107
129
148
159
167
169
171
168
164
158
151
142
129
115
97
76
56
38
23
13
11
13
18
24
32
44
56
72
88
106
122
136
148
157
159
153
141
126
105
82
62
42
25
10
-1
-12
-20
-30
-40
-49
-57
-66
-73
-82
-93
-105
-116
-125
-133
-139
-140
-136
-128
-119
-108
-94
-78
-62
-45
-29
-14
-3
5
9
6
-1
-11
-25
-40
-58
-74
-91
-105
-115
-119
-116
-107
-94
-75
-49
-19
11
43
77
108
138
167
190
211
224
235
244
244
240
233
224
212
195
176
155
135
111
86
59
32
4
-25
-53
-82
-108
-131
-150
-163
-172
-176
-178
-176
-168
-160
-152
-143
-133
-128
-126
-126
-127
-132
-136
-140
-142
-143
-141
-138
-134
-130
-125
-120
-117
-115
-112
-109
-106
-104
-102
-98
-95
-89
-82
-71
-63
-54
-45
-37
-30
-25
-17
-11
-4
2
7
13
18
26
36
49
63
80
96
110
125
138
148
158
171
182
194
208
223
237
250
260
267
272
276
277
277
275
271
264
256
243
226
205
181
155
130
104
79
55
33
14
-3
-20
-36
-50
-66
-83
-99
-112
-124
-134
-140
-142
-142
-142
-142
-145
-147
-152
-159
-168
-175
-182
-189
-197
-205
-215
-225
-237
-247
-255
-261
-264
-265
-261
-255
-247
-235
-221
-210
-199
-188
-178
-169
-161
-154
-147
-142
-133
-123
-110
-93
-74
-50
-24
2
26
50
73
93
112
127
136
144
149
153
157
162
171
181
192
204
219
234
250
265
280
295
308
319
328
335
338
339
335
325
310
287
261
232
202
172
145
119
99
79
62
43
25
7
-10
-29
-50
-75
-102
-130
-157
-183
-202
-214
-218
-213
-203
-189
-168
-145
-120
-97
-76
-57
-44
-35
-36
-43
-55
-74
-99
-125
-152
-177
-200
-217
-228
-234
-237
-236
-234
-230
-226
-222
-218
-213
-208
-203
-195
-188
-180
-174
-166
-155
-143
-124
-99
-66
-27
19
64
108
147
182
210
232
249
262
269
269
263
251
234
215
197
183
173
170
172
178
185
190
196
201
201
200
198
192
185
175
161
146
128
110
92
78
66
59
55
55
55
52
45
34
20
4
-15
-34
-53
-75
-98
-122
-144
-163
-177
-181
-176
-166
-151
-133
-109
-87
-66
-49
-36
-31
-33
-42
-56
-75
-94
-113
-128
-143
-153
-159
-160
-158
-154
-146
-137
-126
-117
-107
-98
-93
-93
-99
-107
-119
-129
-137
-142
-141
-132
-115
-93
-66
-34
0
38
79
122
165
205
237
262
278
285
285
275
260
244
226
209
194
183
174
168
165
165
167
168
169
165
158
147
128
106
78
49
16
-18
-50
-77
-99
-114
-123
-122
-116
-107
-96
-85
-75
-65
-57
-50
-44
-37
-34
-32
-31
-32
-33
-35
-36
-36
-34
-29
-23
-15
-6
2
9
11
10
0
-15
-32
-48
-65
-79
-91
-97
-97
-91
-80
-65
-44
-21
3
29
55
75
93
109
121
124
123
115
98
72
49
26
6
-17
-33
-43
-49
-55
-60
-66
-74
-80
-80
-79
-80
-81
-76
-63
-48
-46
-51
-51
-45
-38
-29
-20
-9
3
20
43
58
64
71
79
85
84
77
64
44
21
0
-21
-43
-66
-84
-95
-103
-109
-110
-104
-94
-78
-57
-34
-10
12
37
60
81
94
104
109
109
106
102
98
89
81
72
63
53
41
32
23
19
20
25
32
40
49
58
66
76
83
89
92
95
96
97
95
94
90
86
81
75
69
65
62
56
48
42
34
26
15
6
-1
-12
-23
-36
-48
-61
-75
-88
-99
-108
-113
-116
-119
-117
-114
-111
-108
-106
-102
-100
-102
-107
-113
-122
-132
-144
-153
-160
-167
-171
-170
-167
-161
-153
-140
-124
-108
-90
-71
-49
-32
-12
3
17
28
35
40
42
43
42
37
31
26
22
19
16
16
16
16
16
16
17
17
18
22
28
33
39
46
54
64
75
87
102
116
131
148
162
172
176
179
181
184
181
177
169
157
145
132
115
99
83
72
62
54
49
44
40
36
33
26
21
12
4
-5
-16
-28
-39
-49
-58
-66
-71
-77
-80
-83
-83
-81
-80
-79
-80
-84
-92
-105
-121
-139
-157
-176
-194
-208
-217
-222
-224
-219
-210
-196
-180
-161
-140
-121
-98
-76
-53
-33
-15
0
14
23
30
36
40
45
49
53
57
61
64
68
73
78
82
86
89
92
94
93
88
84
76
66
58
51
45
41
40
40
41
46
52
59
67
74
79
80
80
76
69
62
51
39
25
12
0
-10
-19
-24
-26
-27
-27
-26
-24
-24
-20
-16
-11
-7
-6
-5
-7
-10
-14
-19
-23
-29
-33
-35
-38
-40
-41
-41
-40
-38
-37
-35
-35
-36
-37
-39
-38
-36
-35
-32
-30
-28
-27
-25
-23
-20
-18
-15
-12
-10
-9
-9
-9
-7
-5
-4
-3
-3
-1
1
7
12
16
20
24
31
38
44
48
49
51
51
49
46
46
45
42
40
37
35
32
28
25
20
15
10
6
0
-5
-9
-15
-19
-23
-28
-34
-40
-45
-47
-48
-48
-44
-40
-35
-30
-20
-10
-1
7
14
20
26
28
30
29
28
26
22
17
10
0
-8
-15
-22
-27
-32
-34
-33
-29
-26
-19
-11
-4
5
13
21
24
27
29
32
33
33
33
33
32
25
20
14
7
2
-2
-3
-4
-7
-10
-11
-13
-14
-15
-14
-13
-12
-9
-6
-3
0
1
4
8
11
14
19
23
24
25
28
28
27
24
21
17
13
9
5
0
-5
-10
-15
-17
-20
-22
-23
-22
-22
-21
-20
-17
-14
-8
-1
3
5
8
10
11
12
13
12
9
4
1
-4
-7
-12
-16
-20
-21
-22
-21
-20
-20
-16
-11
-7
-1
2
5
7
8
10
11
14
14
13
13
14
12
11
10
9
6
4
3
2
1
2
1
1
0
-2
-1
-2
-2
-2
-1
0
0
0
1
0
-2
-2
-4
-4
-4
-5
-5
-5
-4
-3
-2
-1
0
-1
0
2
3
2
2
3
2
2
2
2
4
5
5
5
4
5
5
5
6
6
7
6
4
2
0
0
0
0
-1
-2
-2
-4
-5
-6
-7
-9
-10
-8
-7
-9
-10
-11
-9
-5
-4
-1
0
4
5
5
4
4
1
-1
1
1
-1
-2
-5
-7
-8
-8
-9
-9
-7
-4
-2
2
4
6
8
10
10
10
9
9
9
7
5
1
-1
-5
-8
-12
-15
-17
-19
-19
-19
-19
-17
-15
-14
-11
-8
-5
0
3
5
6
7
8
9
9
10
9
8
5
3
1
-1
-1
-1
0
2
3
2
4
5
8
9
11
12
13
13
13
13
13
12
10
10
7
4
2
-1
-1
-1
-2
-2
-2
-3
-4
-6
-7
-8
-7
-9
-11
-11
-14
-16
-19
-23
-27
-29
-30
-30
-30
-28
-23
-17
-12
-6
0
6
11
15
19
21
20
20
18
15
12
9
7
6
5
3
3
3
3
1
0
1
3
3
3
3
2
2
2
3
3
3
3
3
4
3
3
1
-1
-1
0
0
-1
-2
-4
-6
-8
-7
-8
-9
-12
-14
-17
-18
-19
-20
-22
-24
-25
-23
-22
-20
-16
-10
-6
-1
3
8
11
15
19
21
21
18
14
10
6
1
-3
-7
-8
-12
-15
-17
-19
-21
-23
-23
-21
-22
-20
-21
-23
-21
-19
-16
-14
-12
-10
-7
-5
-2
2
5
7
10
12
14
16
17
18
16
16
14
14
12
12
12
13
11
9
9
9
9
7
6
6
5
4
1
-1
-3
-4
-3
-2
-2
-2
-1
-2
-1
-2
-1
0
2
3
5
6
4
4
5
4
6
4
1
-1
-2
-3
-5
-7
-6
-6
-5
-4
-2
-2
0
0
1
1
2
1
3
3
2
-1
-1
-2
-4
-5
-6
-7
-10
-12
-14
-14
-14
-16
-16
-14
-16
-17
-16
-15
-14
-15
-14
-10
-7
-4
-2
2
4
6
9
10
11
10
8
7
7
6
4
1
-1
-1
-3
-1
-1
0
1
1
2
5
5
5
4
6
6
7
7
5
4
4
4
4
3
3
3
4
6
8
10
11
12
11
11
12
13
14
13
11
8
5
2
1
3
7
9
8
7
6
5
4
2
3
4
5
7
6
5
3
-2
-4
-5
-5
-6
-7
-6
-6
-5
-6
-7
-10
-10
-9
-6
-4
-4
-5
-5
-6
-5
-5
-5
-6
-7
-8
-8
-9
-11
-10
-10
-7
-6
-5
-5
-4
-3
-2
-1
-2
-2
-2
-4
-4
-7
-12
-15
-17
-17
-18
-17
-17
-17
-17
-15
-14
-12
-10
-8
-6
-5
-5
-5
-4
-3
-1
-1
2
4
6
10
13
16
19
20
22
25
28
29
28
28
30
30
28
26
27
26
25
24
23
23
23
23
23
21
20
19
18
16
16
16
16
16
16
15
15
13
10
8
7
6
6
6
5
4
3
2
1
-1
-2
-5
-6
-8
-10
-12
-15
-16
-16
-19
-19
-19
-17
-12
-12
-9
-7
-7
-8
-12
-15
-19
-22
-25
-28
-31
-37
-42
-46
-51
-57
-60
-60
-61
-65
-66
-67
-66
-65
-61
-57
-54
-51
-46
-40
-33
-25
-15
-6
3
11
19
25
34
41
49
56
63
70
73
73
74
78
81
80
81
83
83
81
84
87
87
89
89
90
90
92
93
93
93
90
84
76
66
57
46
38
26
15
4
-6
-15
-20
-23
-25
-25
-23
-23
-22
-21
-20
-21
-18
-16
-16
-16
-16
-18
-18
-19
-20
-21
-22
-23
-25
-27
-30
-32
-30
-29
-26
-23
-20
-17
-16
-17
-21
-26
-32
-38
-42
-46
-46
-44
-40
-36
-33
-26
-21
-15
-10
-7
-6
-5
-3
-2
-2
1
3
3
2
0
0
-2
-3
-5
-4
-3
-2
0
3
5
10
13
19
21
21
23
23
23
21
21
22
20
21
22
24
27
29
31
34
34
33
31
28
24
18
11
6
3
0
-3
-6
-8
-9
-13
-16
-16
-15
-14
-12
-10
-7
-6
-8
-8
-10
-10
-9
-10
-10
-10
-12
-13
-13
-14
-14
-15
-15
-15
-14
-14
-13
-12
-10
-8
-6
-3
-1
2
4
5
7
8
9
7
9
8
9
11
12
12
12
10
8
6
4
2
0
0
0
1
0
-1
-2
-2
-3
-5
-3
-1
-1
2
4
6
7
6
6
4
2
1
0
-1
-2
-1
-2
-2
-3
-4
-4
-3
-3
-4
-5
-6
-7
-8
-8
-8
-7
-5
-6
-5
-6
-5
-5
-5
-6
-7
-9
-10
-9
-8
-9
-9
-10
-9
-9
-8
-8
-8
-7
-8
-7
-7
-5
-3
-1
0
3
3
6
6
7
9
11
11
11
11
11
11
11
11
9
8
7
6
7
6
6
4
3
2
2
1
2
3
3
3
2
0
-1
-1
-2
-4
-4
-5
-4
-3
-2
-1
-1
-1
0
0
0
1
2
3
4
3
1
-2
-4
-5
-9
-11
-12
-13
-14
-14
-14
-12
-11
-10
-8
-6
-6
-7
-8
-7
-6
-5
-4
-3
-2
-2
-1
-2
-5
-6
-8
-8
-6
-6
-5
-5
-3
-1
2
2
2
1
1
2
4
5
6
9
13
16
17
16
15
16
17
19
19
17
14
9
6
0
-4
-5
-5
-5
-5
-7
-8
-8
-7
-5
-4
-4
-2
0
-1
-2
-4
-4
-5
-6
-7
-7
-7
-8
-8
-9
-9
-8
-7
-7
-8
-6
-8
-7
-6
-6
-7
-7
-8
-9
-10
-10
-12
-11
-9
-8
-6
-5
-5
-5
-5
-3
-2
-3
-4
-4
-2
0
1
2
1
0
-1
-2
-4
-3
-1
0
2
5
6
7
10
12
13
14
14
13
13
11
11
11
13
12
13
12
10
9
8
9
10
11
13
14
13
12
10
7
6
5
3
1
0
-2
-3
-6
-9
-10
-12
-12
-12
-12
-12
-12
-12
-11
-10
-9
-10
-11
-10
-9
-10
-10
-11
-11
-12
-12
-13
-15
-16
-17
-17
-17
-17
-16
-16
-16
-17
-15
-13
-12
-10
-8
-6
-4
-3
-2
-2
-1
-2
-2
-3
-3
-5
-6
-6
-7
-6
-6
-6
-7
-6
-5
-3
-3
0
4
8
12
15
18
21
22
23
24
25
24
21
17
13
10
7
4
3
3
2
0
-1
1
2
5
6
8
10
10
11
10
9
8
8
7
5
2
0
-2
-3
-6
-7
-6
-6
-7
-8
-10
-10
-9
-8
-8
-8
-7
-6
-5
-6
-5
-4
-2
-2
-2
-3
-3
-3
-5
-6
-6
-4
-1
0
2
3
2
2
3
2
2
2
1
0
-1
-3
-5
-5
-5
-7
-9
-10
-10
-9
-7
-4
-2
-1
-1
1
2
4
4
6
5
4
2
-1
-2
-3
-3
-3
-3
-4
-5
-5
-5
-4
-2
1
2
4
5
5
6
6
9
11
14
14
11
10
7
4
3
2
0
-2
-3
-1
0
1
0
-1
0
-1
0
2
2
4
3
2
1
-1
-2
-3
-5
-4
-4
-3
-4
-6
-7
-7
-9
-9
-8
-8
-7
-5
-4
-3
-1
-2
-2
-2
-1
1
3
4
6
8
7
4
3
4
3
4
3
5
5
4
3
2
0
0
-2
-3
-2
-2
-2
-2
-2
-1
0
2
1
0
-1
-1
-2
-2
-2
-3
-3
-1
-1
-2
-5
-7
-5
-3
-3
-1
-1
1
0
0
0
-1
1
2
3
4
6
5
5
6
7
6
5
6
5
4
3
4
4
3
1
0
-2
-2
-3
-3
-4
-5
-5
-4
-3
-4
-4
-5
-3
-3
-5
-6
-6
-5
-3
-3
-2
0
0
2
3
2
0
1
3
5
7
6
5
4
5
6
4
3
1
0
-1
-3
-4
-3
-4
-5
-3
-2
-2
-1
-2
-1
0
2
2
2
1
3
3
3
3
1
-1
-1
-2
-4
-7
-8
-9
-8
-7
-7
-7
-6
-6
-4
-1
-1
0
1
3
5
6
6
6
8
9
10
10
9
8
7
7
7
6
6
5
5
3
3
3
2
2
2
0
0
