SAMPLES:	14807
BITSPERSAMPLE:	16
CHANNELS:	1
SAMPLERATE:	16000
NORMALIZED:	FALSE
-6
5
16
22
25
27
31
37
42
52
63
73
78
79
73
61
49
42
41
42
43
37
29
25
27
29
30
24
20
23
31
35
32
26
20
20
23
20
16
16
22
29
31
24
8
-14
-32
-40
-40
-38
-39
-39
-41
-48
-64
-85
-94
-90
-79
-62
-49
-39
-27
-18
-13
-12
-12
-12
-13
-12
-9
-9
-7
1
11
17
18
20
23
22
13
-1
-11
-15
-11
-1
9
19
25
28
31
32
30
25
14
-2
-17
-16
-3
6
7
0
-4
-1
-2
-1
3
6
13
19
24
29
35
42
49
56
61
65
65
53
36
20
11
4
-4
-11
-9
-2
-4
-12
-15
-14
-16
-25
-38
-47
-51
-58
-63
-69
-68
-59
-46
-42
-43
-44
-36
-31
-38
-46
-48
-44
-35
-26
-18
-11
-7
-9
-12
-17
-23
-29
-29
-25
-22
-20
-19
-15
-6
0
9
18
28
39
47
53
58
61
67
66
60
55
56
54
50
46
48
53
57
59
59
57
54
51
50
56
56
53
51
53
53
46
31
18
10
8
5
-3
-4
2
3
-2
-8
-11
-15
-20
-23
-25
-25
-26
-29
-30
-37
-51
-66
-76
-78
-79
-69
-56
-55
-64
-73
-82
-100
-122
-124
-107
-86
-64
-39
-23
-18
-26
-37
-43
-44
-42
-33
-23
-14
-2
5
5
-1
-10
-18
-19
-10
1
12
25
38
42
40
35
32
36
49
61
67
73
77
73
69
70
76
82
90
104
113
113
100
87
79
76
74
64
47
33
24
21
18
13
11
8
1
-10
-15
-10
-4
2
3
2
6
14
15
4
-2
-5
-1
2
-7
-17
-19
-9
-1
-7
-24
-43
-56
-62
-65
-70
-76
-75
-66
-64
-67
-73
-69
-57
-48
-46
-48
-49
-47
-41
-32
-23
-12
0
6
6
7
5
4
8
16
33
49
61
67
62
56
51
51
51
49
49
44
34
19
0
-19
-26
-17
-3
8
8
5
6
3
-5
-19
-25
-11
4
11
6
4
7
5
-4
-10
-3
13
23
23
20
18
18
21
24
27
29
25
20
12
4
-2
-6
-9
-8
-5
-3
1
5
7
6
3
2
1
7
18
26
25
16
10
3
-2
-4
-7
-8
-10
-13
-19
-33
-46
-46
-38
-33
-30
-21
-12
-11
-16
-16
-11
-3
5
18
35
43
37
25
13
8
8
16
33
47
57
53
34
9
-10
-15
-11
-8
-3
4
4
-1
-13
-21
-32
-40
-39
-28
-16
-17
-19
-14
-5
-3
-3
-1
-1
-1
-4
-10
-15
-18
-21
-24
-26
-30
-36
-37
-35
-29
-28
-27
-21
-17
-14
-10
-3
9
26
40
46
44
41
41
44
40
35
35
36
36
33
29
28
27
21
17
16
13
9
9
10
7
2
-1
-7
-9
-13
-18
-22
-25
-18
-7
-6
-9
-14
-11
-8
-9
-4
13
23
20
19
27
34
34
34
40
42
34
23
19
19
20
15
9
5
-3
-11
-22
-29
-30
-30
-26
-23
-21
-16
-13
-17
-26
-31
-34
-34
-34
-28
-16
-9
-15
-20
-24
-22
-21
-29
-38
-42
-38
-32
-25
-23
-24
-18
-17
-20
-27
-35
-36
-31
-22
-13
-1
12
28
40
42
33
24
26
36
45
51
59
75
82
77
63
55
54
49
43
38
31
25
23
26
25
17
3
-11
-16
-13
-14
-20
-25
-26
-32
-44
-58
-64
-57
-49
-47
-49
-49
-45
-48
-47
-46
-39
-34
-32
-23
-12
-6
-5
2
6
4
-7
-13
-10
-5
-5
-8
-8
-4
-5
-16
-25
-24
-15
-9
-3
5
12
16
10
3
2
0
-3
-7
-8
0
8
12
10
11
15
15
9
9
17
25
25
22
24
28
35
37
36
31
27
27
25
21
17
16
21
32
41
43
41
42
41
39
41
40
37
27
22
20
12
-1
-12
-21
-28
-38
-45
-49
-45
-37
-38
-43
-48
-41
-25
-10
-4
-6
-13
-21
-31
-40
-46
-51
-50
-50
-53
-60
-69
-76
-82
-83
-84
-91
-95
-87
-72
-57
-40
-26
-15
-11
-17
-24
-26
-18
-3
9
23
37
45
39
27
21
18
21
33
41
42
41
46
54
53
49
45
47
49
49
51
56
64
71
74
72
71
69
62
52
49
49
49
46
37
28
20
13
9
0
-6
-8
-12
-18
-25
-28
-32
-44
-51
-49
-46
-41
-39
-39
-31
-23
-21
-21
-19
-20
-23
-25
-20
-15
-8
3
9
1
-15
-19
-16
-15
-19
-24
-18
-9
-5
-13
-21
-22
-14
-13
-21
-27
-22
-15
-14
-21
-28
-28
-23
-23
-35
-48
-56
-60
-62
-63
-55
-40
-23
-5
9
16
17
14
10
10
13
22
38
55
68
77
80
86
89
84
74
66
62
63
68
74
70
56
40
38
39
28
12
7
9
6
-10
-27
-34
-33
-29
-30
-30
-32
-42
-54
-64
-72
-78
-81
-79
-69
-60
-55
-51
-40
-31
-31
-28
-22
-16
-17
-21
-25
-23
-13
2
22
35
41
48
56
54
37
23
18
21
22
23
33
44
46
35
22
19
20
20
24
35
44
45
43
45
44
30
19
20
21
19
12
3
-7
-16
-14
-8
-5
-11
-17
-23
-24
-26
-27
-22
-11
-1
5
6
3
2
4
7
2
-4
-1
4
6
-1
-3
4
1
-18
-42
-53
-46
-42
-47
-57
-69
-77
-85
-91
-92
-98
-108
-110
-108
-109
-108
-100
-89
-83
-81
-77
-64
-50
-30
-11
-2
2
6
12
21
32
48
61
75
87
98
107
114
127
145
154
151
144
144
149
148
143
137
137
132
119
98
85
81
76
69
55
36
20
11
8
2
-4
-11
-14
-14
-18
-28
-36
-43
-48
-51
-50
-41
-33
-26
-28
-31
-27
-20
-17
-22
-26
-27
-32
-36
-42
-42
-37
-33
-33
-32
-31
-33
-37
-35
-30
-21
-13
-9
-1
4
2
-7
-8
0
1
-7
-17
-11
0
-4
-17
-27
-25
-22
-25
-30
-31
-26
-15
-5
-2
-5
-7
-4
3
9
17
29
40
48
51
54
56
57
57
56
56
51
43
35
31
26
19
10
6
8
11
6
-2
-3
0
4
-2
-13
-19
-18
-21
-27
-24
-7
8
1
-17
-31
-38
-43
-45
-41
-31
-25
-27
-30
-34
-39
-37
-23
-6
-1
-9
-12
-2
8
10
9
5
4
10
18
21
11
4
5
15
15
16
16
4
-7
-12
-10
3
19
31
31
16
0
-11
-8
2
6
6
4
8
12
11
9
11
15
24
33
35
31
25
29
40
46
42
36
45
53
54
45
38
37
32
26
14
-2
-13
-15
-13
-16
-25
-31
-31
-33
-40
-44
-42
-41
-46
-54
-62
-63
-59
-52
-48
-45
-44
-45
-45
-47
-53
-56
-56
-57
-56
-49
-43
-42
-43
-37
-24
-14
-13
-17
-12
-4
7
16
26
37
41
38
38
37
30
26
27
28
25
21
23
30
26
25
24
25
20
16
17
20
18
11
4
2
8
16
16
16
25
41
43
39
38
47
54
50
47
54
59
52
34
27
31
36
36
31
24
9
-11
-23
-24
-19
-17
-20
-19
-15
-18
-26
-32
-34
-30
-23
-24
-32
-39
-34
-30
-34
-41
-50
-58
-62
-67
-69
-74
-78
-70
-50
-36
-40
-50
-49
-35
-15
0
12
15
12
12
14
11
9
20
35
38
30
25
31
39
41
43
45
45
45
39
30
21
12
13
20
23
22
23
30
34
28
16
14
14
16
17
12
2
-9
-7
6
10
5
-5
-12
-10
-3
1
8
16
14
9
9
14
17
11
6
8
10
6
1
3
2
-3
-14
-17
-15
-14
-18
-23
-26
-31
-37
-46
-50
-50
-49
-50
-47
-39
-28
-20
-20
-17
-10
-7
-9
-9
-10
-9
-8
-10
-7
-6
-10
-9
-3
7
14
15
17
13
4
-2
2
15
20
13
16
34
51
55
46
46
59
70
69
58
43
34
31
31
23
13
7
8
11
6
-11
-32
-41
-37
-32
-38
-55
-59
-48
-39
-34
-27
-19
-19
-27
-28
-13
6
13
5
1
8
19
22
13
13
23
27
23
15
7
4
-2
-9
-18
-24
-21
-13
-11
-19
-27
-34
-38
-36
-16
12
23
10
-10
-13
-8
-7
-9
-13
-8
3
6
-1
-8
-12
-10
-1
9
16
22
22
17
15
19
28
37
39
41
42
35
24
19
21
28
38
46
46
33
18
19
36
41
26
7
-4
-9
-14
-13
-20
-29
-37
-46
-41
-37
-42
-54
-61
-56
-43
-33
-26
-26
-31
-33
-33
-33
-32
-27
-17
-14
-16
-18
-18
-16
-13
-9
-6
-6
2
18
26
23
16
15
18
22
22
24
21
18
15
6
4
7
7
-3
-14
-15
-8
-3
0
6
15
16
17
21
25
25
27
36
47
43
26
15
8
2
-2
8
18
13
-1
-3
7
8
-6
-16
-12
-2
5
8
9
6
-2
-3
7
20
18
9
9
19
28
24
15
2
-12
-18
-13
-5
-8
-15
-18
-15
-16
-25
-43
-53
-53
-45
-39
-43
-45
-42
-40
-41
-43
-42
-33
-20
-6
6
9
1
-4
5
18
20
15
10
14
26
30
26
10
-13
-27
-32
-24
-15
-17
-26
-29
-18
2
10
9
7
12
22
29
25
19
19
29
45
61
72
70
53
34
24
29
35
38
39
34
34
36
31
21
11
-1
-12
-18
-19
-18
-20
-23
-20
-18
-17
-17
-22
-26
-18
0
4
-6
-16
-10
1
3
-3
-12
-28
-39
-33
-23
-25
-36
-41
-36
-35
-37
-37
-37
-42
-49
-53
-54
-52
-41
-28
-19
-19
-15
0
17
24
25
35
46
51
49
46
43
44
44
45
45
42
38
34
26
12
0
-3
2
7
5
-6
-18
-19
-21
-26
-30
-23
-20
-18
-10
2
12
12
6
14
25
35
37
25
13
10
16
16
4
-5
-5
1
3
4
-2
-11
-13
-11
-12
-15
-14
-12
-20
-27
-17
5
21
17
3
-2
2
-1
-4
-6
-7
-7
-11
-8
-3
-4
-15
-28
-31
-25
-25
-32
-42
-43
-42
-53
-67
-69
-53
-36
-29
-21
-9
5
19
39
61
71
65
68
78
83
77
71
71
66
60
60
64
57
39
23
8
-4
-16
-16
-9
-7
-15
-28
-43
-48
-37
-29
-29
-24
-15
-10
-18
-21
-12
0
3
-3
-5
-3
0
-3
-10
-18
-24
-25
-25
-25
-30
-37
-43
-46
-37
-30
-20
-12
-12
-16
-23
-29
-32
-27
-7
18
33
40
41
35
16
1
4
14
23
18
8
7
11
9
7
11
11
-3
-16
-19
-19
-28
-35
-26
-5
9
3
-11
-18
-10
0
2
3
6
15
27
39
38
32
30
37
49
46
34
25
19
17
28
46
50
31
10
6
7
-1
-10
-6
-3
-9
-15
-17
-24
-36
-42
-33
-22
-19
-23
-23
-23
-23
-30
-31
-20
-14
-18
-23
-24
-27
-44
-56
-50
-46
-51
-58
-61
-57
-42
-15
15
19
0
-6
8
17
18
25
42
62
63
60
63
64
56
50
51
51
40
24
22
30
30
26
28
32
30
27
34
44
33
5
-10
-4
8
6
-9
-23
-31
-37
-30
-15
-8
-21
-40
-41
-30
-20
-22
-31
-40
-38
-26
-21
-32
-41
-33
-19
-13
-18
-29
-33
-29
-23
-18
-23
-39
-58
-62
-48
-35
-30
-38
-48
-49
-34
-15
-9
-14
-24
-26
-14
4
10
1
-14
-18
-10
7
15
15
16
15
18
24
27
32
37
41
40
39
43
49
47
39
31
34
42
43
47
55
59
53
51
54
59
65
69
65
63
57
51
50
49
43
39
36
32
28
22
13
-6
-29
-35
-25
-25
-31
-35
-34
-43
-54
-53
-46
-39
-36
-33
-28
-28
-41
-42
-20
7
14
0
-17
-28
-39
-39
-20
2
11
1
-31
-66
-87
-79
-59
-44
-33
-34
-41
-63
-84
-74
-34
9
20
-3
-34
-53
-57
-40
-9
19
29
17
-7
-27
-38
-28
1
33
58
57
31
-6
-27
-15
21
57
71
50
19
3
-2
6
31
70
109
122
105
64
20
4
42
109
154
141
89
24
-25
-27
7
46
71
69
42
-8
-75
-124
-129
-89
-33
-1
-19
-65
-98
-112
-108
-83
-43
6
30
-6
-84
-140
-118
-21
81
115
70
-11
-64
-63
-43
-35
-15
39
97
103
52
-16
-57
-56
-33
-12
0
4
18
26
-7
-39
-19
9
6
14
38
49
65
72
47
20
18
27
39
55
59
53
54
54
41
18
15
43
81
95
53
-27
-80
-69
-18
21
24
5
-24
-35
-23
-6
-3
-12
-8
6
14
19
19
15
5
-16
-32
-30
-25
-17
-11
-8
-28
-73
-111
-123
-106
-85
-76
-81
-99
-126
-149
-143
-109
-73
-42
-21
-21
-45
-62
-56
-27
10
46
72
88
88
65
31
7
9
41
89
134
134
72
-15
-63
-44
14
76
121
122
84
21
-38
-64
-40
36
119
150
118
62
28
19
20
19
28
48
71
82
67
29
-19
-47
-39
-9
16
30
42
41
10
-50
-91
-81
-16
44
50
-9
-83
-107
-74
-27
-28
-50
-42
-8
19
32
19
-36
-79
-83
-92
-61
-21
-52
-86
-61
-16
25
57
17
-60
-68
-33
-23
-8
-6
-52
-82
-59
-50
-52
-9
32
30
37
77
100
89
73
40
-5
-20
0
20
21
7
5
46
125
185
177
116
64
57
80
103
102
70
33
16
1
-29
-58
-68
-54
-27
-13
-13
-26
-53
-69
-58
-41
-50
-90
-135
-144
-100
-21
31
12
-45
-57
-5
70
97
41
-35
-53
7
77
64
-31
-111
-92
19
112
94
-15
-106
-102
-37
10
-10
-65
-91
-61
-2
38
31
-5
-28
-19
2
16
26
25
6
-32
-64
-68
-56
-52
-59
-65
-41
12
58
59
18
-26
-37
-9
21
15
-13
-17
16
49
44
22
19
66
141
188
157
64
-17
-29
19
90
138
140
99
35
-26
-58
-44
10
78
122
128
96
28
-39
-73
-59
-11
32
43
26
-8
-45
-62
-60
-48
-31
-13
10
26
25
7
-15
-35
-53
-69
-85
-75
-27
27
44
-9
-107
-185
-188
-106
8
70
35
-53
-135
-164
-128
-64
-13
-2
-26
-49
-62
-91
-126
-134
-105
-52
-7
-1
-66
-171
-249
-243
-156
-34
66
72
-14
-125
-190
-168
-69
56
132
147
110
44
-28
-72
-37
87
236
319
285
171
73
62
132
234
307
315
292
297
334
333
278
215
210
286
388
437
376
226
104
82
148
243
301
276
177
56
-26
-53
-29
28
76
61
-24
-132
-198
-191
-131
-63
-42
-112
-245
-352
-355
-255
-144
-127
-225
-369
-444
-378
-250
-186
-238
-327
-382
-365
-303
-252
-244
-272
-289
-288
-300
-342
-376
-363
-302
-256
-269
-332
-392
-407
-381
-365
-382
-400
-379
-323
-278
-288
-349
-405
-392
-289
-165
-103
-117
-154
-164
-137
-86
-30
14
55
107
145
161
193
279
392
477
496
479
487
548
650
765
872
953
990
981
955
949
997
1107
1224
1268
1213
1117
1043
1022
1023
1026
1022
1012
1001
950
823
638
479
430
467
480
395
243
83
-57
-178
-291
-396
-484
-555
-614
-695
-836
-1031
-1192
-1256
-1256
-1273
-1362
-1499
-1640
-1733
-1759
-1749
-1761
-1826
-1880
-1867
-1790
-1695
-1645
-1655
-1683
-1656
-1540
-1370
-1226
-1169
-1145
-1069
-926
-772
-695
-695
-694
-594
-360
-85
49
-55
-242
-275
-65
279
537
583
473
383
466
716
994
1172
1245
1291
1378
1540
1740
1930
2065
2151
2249
2408
2618
2818
2943
2981
2987
3029
3135
3275
3370
3378
3331
3298
3294
3274
3198
3088
2969
2823
2635
2408
2166
1927
1724
1526
1255
860
395
-38
-384
-654
-914
-1248
-1679
-2139
-2539
-2856
-3131
-3411
-3731
-4075
-4399
-4646
-4808
-4945
-5125
-5380
-5652
-5843
-5907
-5886
-5891
-6016
-6232
-6394
-6372
-6154
-5850
-5621
-5576
-5653
-5650
-5383
-4851
-4237
-3750
-3458
-3258
-2925
-2302
-1477
-682
-89
340
790
1405
2170
2926
3514
3937
4355
4899
5562
6201
6660
6910
7077
7358
7812
8282
8576
8672
8693
8770
8946
9166
9332
9374
9325
9262
9200
9082
8884
8670
8491
8327
8035
7510
6823
6153
5639
5239
4755
4019
3067
2068
1196
489
-199
-1014
-1980
-3004
-3921
-4662
-5319
-6021
-6825
-7643
-8324
-8833
-9269
-9745
-10321
-10921
-11402
-11677
-11770
-11798
-11888
-12090
-12321
-12429
-12326
-12072
-11803
-11593
-11424
-11233
-10991
-10694
-10320
-9847
-9280
-8679
-8143
-7712
-7292
-6725
-5940
-5018
-4152
-3475
-2896
-2210
-1278
-124
1103
2228
3201
4128
5137
6245
7426
8626
9699
10524
11186
11869
12588
13311
14062
14780
15289
15516
15632
15813
16062
16277
16330
16082
15569
15055
14731
14514
14164
13535
12698
11847
11128
10514
9829
8919
7813
6703
5735
4885
4000
2986
1891
791
-257
-1236
-2189
-3191
-4249
-5294
-6246
-7096
-7887
-8654
-9419
-10185
-10902
-11505
-11975
-12360
-12728
-13066
-13263
-13284
-13257
-13372
-13651
-13880
-13813
-13434
-12984
-12736
-12725
-12692
-12372
-11778
-11142
-10616
-10130
-9551
-8870
-8185
-7599
-7159
-6740
-6073
-5116
-4236
-3770
-3599
-3342
-2793
-2024
-1259
-763
-610
-497
-63
654
1315
1711
1876
1984
2257
2806
3490
4006
4242
4446
4992
5960
6972
7622
8014
8653
9754
11032
12110
12774
13018
13194
13870
15070
15998
16117
15942
16103
16411
16469
16356
16071
15391
14575
14163
13878
12950
11452
10176
9353
8544
7505
6349
5139
3851
2759
2459
2883
2553
213
-2717
-3598
-2518
-1984
-3091
-4906
-6746
-8212
-8258
-6913
-6501
-8391
-10659
-11277
-10810
-10555
-10906
-11930
-13240
-13874
-13418
-12740
-12906
-13755
-14465
-14633
-14113
-13268
-13011
-13318
-13223
-12566
-11976
-11708
-11556
-11293
-10767
-9848
-8725
-8107
-8170
-7959
-6873
-5346
-3972
-3186
-2996
-2769
-2038
-939
67
582
781
1107
1703
2559
3251
3278
3055
3214
3644
4089
4382
4400
4331
4399
4639
4958
5081
4922
4859
5380
6614
7872
8138
7687
7760
8628
9667
10597
11289
11497
11411
11755
12784
13627
13635
13509
13898
14413
14571
14288
13722
13139
12692
12513
12521
12110
10991
9709
8813
8281
7620
6466
5133
4126
3527
3019
2064
561
-824
-1696
-2329
-2895
-3514
-4486
-5758
-6753
-7125
-7353
-8001
-8820
-9484
-10138
-10662
-10959
-11455
-12209
-12752
-12984
-13178
-13431
-13594
-13716
-13957
-14029
-13766
-13588
-13533
-13242
-12874
-12691
-12533
-12212
-11735
-11154
-10391
-9540
-9003
-8721
-8202
-7433
-6606
-5650
-4780
-4296
-3905
-3131
-2009
-1031
-393
183
695
957
1332
2048
2626
2846
3046
3357
3637
3831
4019
4250
4359
4284
4216
4194
4251
4477
4638
4672
5058
5959
6878
7412
7634
7822
8172
8920
10107
11122
11418
11560
12345
13386
13862
13921
14218
14729
14980
15006
15003
14623
13722
13037
13086
13201
12556
11343
10244
9444
8720
7866
6850
5875
5099
4199
2861
1620
1042
530
-573
-1746
-2552
-3501
-4701
-5387
-5573
-6327
-7725
-8649
-8975
-9576
-10464
-11106
-11636
-12320
-12924
-13240
-13479
-13851
-14254
-14589
-14778
-14679
-14514
-14563
-14508
-14149
-13885
-13776
-13363
-12642
-12060
-11644
-10993
-10166
-9658
-9364
-8656
-7579
-6683
-6097
-5644
-5218
-4789
-4259
-3513
-2783
-2438
-2360
-2129
-1585
-918
-525
-486
-431
-238
-78
177
719
1303
1579
1640
1872
2336
2746
3217
4232
5744
7049
7703
8037
8553
9299
10309
11901
13776
14831
14628
14213
14832
16424
17871
18387
18215
17949
17787
17833
18283
18662
17943
16295
15214
15199
15041
13920
12423
11071
9667
8385
7636
6975
5698
4065
2919
2524
2124
735
-1292
-2391
-1980
-1504
-2574
-4851
-6810
-7740
-7694
-6944
-6765
-8460
-11054
-12327
-11740
-10807
-11144
-12811
-14591
-15417
-15148
-14549
-14615
-15470
-16492
-17001
-16422
-15227
-14945
-15790
-16253
-15523
-14396
-13776
-13436
-12829
-12196
-11545
-10381
-9302
-9171
-9282
-8533
-7113
-5999
-5612
-5399
-4858
-4051
-3016
-2093
-1922
-2239
-2158
-1374
-239
574
538
-77
-404
185
1402
2316
2520
2242
1737
1697
2883
4776
6252
7153
7915
8600
9288
10596
12669
14413
15141
15644
16398
17065
17939
19409
20825
21366
21127
20815
20835
21098
21389
21314
20464
19115
17821
16761
16097
15664
14659
12836
10885
9312
8021
6869
5969
5251
4125
2171
-12
-1372
-1632
-1454
-1700
-3052
-5716
-8523
-9577
-8621
-7574
-8304
-10607
-12817
-13920
-13791
-12842
-12650
-14305
-16442
-17355
-17028
-16365
-16338
-17229
-18279
-18687
-18245
-17521
-17348
-17534
-17516
-17292
-16609
-15544
-14939
-14602
-13690
-12412
-11394
-10819
-10320
-9397
-8129
-6735
-5451
-4972
-5134
-4644
-3149
-1477
-497
-533
-949
-874
-15
1375
2263
1888
1175
1182
1781
2583
3107
2930
2418
2325
2921
3712
4016
4012
4416
5688
7824
9720
10150
9955
10843
12832
14903
16490
17294
17076
16700
17926
20606
22343
22160
21324
20847
21079
22076
22826
21981
19753
17814
17091
16939
16571
15463
13134
10460
9050
8551
7440
5847
4737
3660
1828
204
-327
-1206
-3259
-4614
-4578
-5247
-7453
-9326
-9729
-9821
-10445
-10925
-11333
-12606
-14133
-14561
-14257
-14497
-15629
-16972
-17643
-17519
-17222
-17306
-17804
-18389
-18776
-18769
-18125
-17198
-16929
-17243
-16970
-15874
-14972
-14653
-14141
-13019
-11849
-10947
-9932
-8849
-8179
-7635
-6447
-4837
-3877
-3735
-3344
-2172
-1071
-785
-836
-502
89
540
1058
1744
1896
1226
725
1211
2066
2424
2409
2469
2480
2351
2607
3651
5276
7123
8682
9390
9558
10355
12196
14300
16036
17285
17737
17589
18193
20241
22345
23013
22673
22407
22406
22627
23036
22934
21764
20098
18793
17901
17147
16402
15177
13052
10843
9531
8549
7065
5776
5512
5139
2945
-160
-1602
-1295
-1464
-2812
-4365
-6080
-8304
-9875
-9527
-8642
-9652
-12080
-13666
-14072
-14237
-14476
-15084
-16291
-17612
-18420
-18489
-18220
-18286
-18861
-19606
-19883
-19400
-19044
-19306
-19112
-18184
-17577
-17370
-16819
-16015
-15441
-14754
-13208
-11379
-10650
-10570
-9651
-8074
-6852
-5996
-5113
-4255
-3598
-2943
-1964
-1103
-1050
-1285
-757
502
1570
1870
1695
1613
1673
1897
2629
3464
3598
3330
3533
4223
4680
4632
4849
6241
8616
10733
11350
10697
10625
12366
15045
17186
18246
18313
17842
18044
19955
22520
23483
22543
21509
21509
22120
22662
22582
21449
19644
18270
17709
17248
16362
14929
12872
10722
9380
8611
7421
6188
5833
5168
2461
-805
-1888
-1419
-1827
-3280
-4750
-6716
-9426
-10909
-9990
-9013
-10398
-13034
-14791
-15419
-15627
-15834
-16297
-17223
-18511
-19531
-19590
-18998
-18825
-19593
-20498
-20440
-19815
-19666
-19510
-18524
-17640
-17798
-18060
-17298
-15953
-14864
-13739
-12317
-11563
-11739
-11155
-8995
-6785
-5877
-5844
-5532
-4540
-3192
-1746
-617
-575
-1322
-1345
46
1844
2533
2002
1692
2168
2480
2453
2839
3401
3408
3360
4191
5114
4677
3823
4703
7200
9654
11271
11597
10586
10255
12848
17045
19268
18715
17698
17802
19117
21611
24182
24551
22571
21046
21860
23767
24618
23587
21222
19044
18397
18703
18229
16611
14550
12199
10040
9180
9007
7406
4518
2671
2358
2077
1221
-361
-3245
-6203
-6708
-5293
-5403
-8215
-11323
-12746
-12788
-12213
-11854
-12993
-15502
-17336
-17262
-16239
-16099
-17760
-19985
-20615
-19500
-18501
-18729
-19536
-20177
-20590
-20247
-18672
-17358
-17842
-18584
-17522
-15630
-14800
-14749
-14157
-12977
-11931
-10753
-9065
-7917
-7950
-7853
-6503
-4542
-3156
-2604
-2240
-1790
-1555
-1140
-27
1044
1208
994
1464
2427
2551
1726
1548
2404
2982
2964
3040
3188
3114
3087
3525
4498
5976
8185
10532
11335
10683
10903
12945
15689
18129
19706
19996
19456
19772
22058
24753
25646
25020
24306
24138
24703
25344
24822
23179
21412
19961
18875
18230
17574
15792
12906
10759
9850
8363
6076
4758
4510
3974
2552
175
-2803
-4981
-5115
-4187
-4759
-7596
-10753
-12548
-12738
-11718
-11157
-12760
-15594
-17448
-17587
-16817
-16608
-17893
-19990
-21270
-20882
-19845
-19746
-20492
-21167
-21604
-21410
-20263
-19345
-19623
-19991
-19079
-17424
-16365
-15826
-14953
-13958
-13127
-11785
-10017
-8905
-8412
-7494
-5944
-4591
-3922
-3336
-2264
-1133
-458
-162
43
399
924
1486
2007
2225
1954
1656
1805
2018
1812
1538
1850
2643
3058
2785
2519
2757
3561
5592
9108
12080
12132
10378
10435
13571
17547
20094
20872
20355
19573
20402
23451
26610
27474
26098
24575
24625
25925
26662
25639
23346
21057
19611
19064
18887
18014
15590
12472
10470
9639
8442
6591
5351
5011
3910
1090
-1716
-2920
-3375
-4088
-4911
-6278
-8859
-11639
-12640
-11619
-11001
-12427
-14703
-16449
-17447
-17555
-17243
-17672
-19113
-21016
-22242
-21945
-21015
-20764
-21419
-22373
-22755
-22245
-21387
-20342
-19456
-19596
-19944
-19010
-17143
-15654
-14951
-14364
-13258
-12142
-11233
-9541
-7514
-6503
-6129
-5331
-4030
-2893
-2212
-1363
-230
79
-278
94
1181
2124
2488
2427
2270
1964
1733
2343
3441
3644
2951
2322
2411
3239
4229
5151
6324
8094
10143
11462
11733
12393
14335
16541
18418
20035
20963
20949
21141
22897
25375
26516
26174
25727
25511
25531
25897
25722
24310
22320
20842
19980
19101
17941
16358
13982
11453
10057
9234
7680
5849
4866
4451
3137
456
-2217
-3609
-4015
-4327
-5382
-7660
-10435
-12403
-12714
-11870
-11769
-13549
-16142
-17821
-18052
-17643
-17957
-19354
-21092
-22414
-22701
-22017
-21427
-21814
-22875
-23542
-23031
-21883
-21169
-20901
-20550
-19809
-18650
-17462
-16689
-16154
-15254
-13496
-11215
-9734
-9534
-9471
-8287
-6028
-3915
-2931
-2885
-2993
-2658
-1371
397
1225
818
454
1169
2272
2611
2343
2276
2239
2038
2248
2783
2771
2142
1982
2879
3872
4332
5182
7198
9546
11113
11816
12566
14023
15825
17684
19597
21215
21871
21904
22583
24538
26525
27062
26622
26440
26517
26178
25498
24882
23786
21918
20232
19509
18734
16934
14630
12723
11200
9482
7631
6104
4956
4080
3156
1501
-819
-2829
-4206
-5087
-5673
-6736
-8852
-11258
-12628
-12737
-12794
-13783
-15145
-16475
-17950
-18952
-19089
-19311
-20241
-21547
-22675
-23081
-22800
-22419
-22353
-22753
-23175
-23004
-22407
-21587
-20509
-19755
-19467
-18692
-17185
-15739
-14826
-14061
-12773
-11039
-9459
-8103
-7001
-6394
-5713
-4219
-2362
-1096
-733
-717
-317
433
1115
1737
2271
2493
2570
2886
3311
3144
2323
2182
3512
4734
4161
2675
2233
3018
3919
4716
6261
8636
10449
10797
10742
12033
14620
16712
17627
18613
20110
20843
20939
22302
24793
25831
24906
24467
25424
26021
25374
24438
23528
22087
20469
19561
19160
18165
16167
13805
11847
10507
9223
7488
5750
4505
3294
1860
711
-373
-2286
-4806
-6441
-6739
-7238
-8952
-10840
-12051
-13153
-14129
-14452
-14738
-15912
-17640
-18624
-18547
-18674
-19832
-21181
-21959
-22097
-21595
-21064
-21166
-21864
-22649
-22645
-21450
-20091
-19513
-19391
-19102
-18170
-16754
-15306
-13900
-12780
-12124
-11141
-9376
-7663
-6579
-5955
-5146
-3742
-2322
-1355
-640
-199
-9
336
933
1640
2091
2093
2199
2416
2167
1768
1780
2145
2524
2452
1878
1382
1333
1957
2933
3632
4548
6533
8844
10205
10628
11538
13838
16237
17624
18904
20438
21309
21838
23218
25421
26864
26659
26147
26603
27140
26865
25897
24542
23283
22272
21028
19818
18792
17256
14985
12854
11501
10340
8286
5946
4601
3672
2200
916
206
-1123
-3728
-6476
-7739
-7822
-8468
-10111
-11776
-13177
-14309
-14904
-15117
-15765
-17312
-19061
-19753
-19636
-20054
-21340
-22581
-23103
-22993
-22831
-22772
-22667
-22714
-22862
-22510
-21645
-21014
-20774
-20059
-18408
-16732
-15884
-15260
-14058
-12575
-11265
-9873
-8352
-7208
-6556
-5737
-4299
-2826
-2038
-1684
-1110
-362
155
479
1016
1660
1799
1394
1183
1462
1804
1947
1959
1864
1652
1403
1574
2332
2867
2726
3018
5142
8665
11288
11655
11354
12404
14780
17512
20058
21980
22665
22351
22748
25089
27849
28863
28275
27759
28070
28436
28168
27440
26248
24446
22666
21622
20873
19494
17219
14858
13132
11648
9719
7567
5987
5222
4484
2787
249
-2174
-3739
-4350
-4847
-6273
-8912
-11729
-13241
-13104
-12735
-13498
-15480
-17802
-19197
-19321
-19148
-19919
-21697
-23379
-23872
-23655
-23618
-23816
-24214
-24740
-25025
-24680
-23599
-22499
-22165
-22129
-21551
-20530
-19161
-17574
-15873
-14440
-13554
-12371
-10603
-9085
-8187
-7564
-6609
-3893
-1640
-2325
-2862
-1263
-297
-426
826
2443
2017
778
1170
2246
2071
1618
2200
2559
1823
1207
1859
2986
3373
3076
2948
3496
5329
8836
12228
13314
12741
13045
15135
17903
20361
22494
23776
23439
23120
24916
27815
29385
29191
28427
28043
28025
27890
27475
26509
24766
22593
20651
19569
18969
17430
14857
12750
11212
9320
7466
6572
5833
3685
1010
166
159
-2078
-5632
-7320
-7482
-8653
-10834
-12279
-13000
-14314
-16009
-16596
-16485
-17614
-20018
-21587
-21558
-21657
-22998
-24357
-24406
-24188
-24928
-25270
-24216
-23769
-24888
-25034
-23035
-21128
-21017
-21310
-20145
-18339
-17392
-16459
-14480
-12710
-12080
-11372
-9256
-6582
-5501
-5762
-4858
-2559
-1023
-592
61
923
772
40
846
2971
3809
2902
2288
2567
2751
2656
2991
3666
3319
1991
1625
2707
3432
2971
2978
5043
8385
10805
11662
12129
13113
14504
16067
18219
20792
22335
22249
22382
24191
26398
27388
27571
27977
28352
28089
27550
27031
26104
24622
22977
21444
20188
18972
17184
14983
13188
11726
9846
8010
7209
6556
4721
2586
1132
-614
-2817
-4170
-4936
-6486
-8850
-10919
-12036
-12673
-13588
-14799
-15939
-16775
-17605
-19227
-21079
-21840
-22273
-23358
-23966
-23857
-24452
-25574
-25687
-24672
-24125
-24836
-25175
-23969
-22445
-21538
-20894
-20212
-19267
-18093
-16670
-14454
-12190
-11247
-10903
-9782
-7970
-6181
-4741
-3352
-2086
-1784
-1883
-967
450
1288
1657
1775
1689
1406
1092
1383
2249
2623
2029
996
509
1198
2415
3064
2697
1544
867
2110
5481
9668
12359
12413
11493
12097
14666
18054
20990
22724
23148
22957
23669
25971
28661
30132
30006
29093
28522
28927
29439
28808
27077
25236
23510
21524
19887
19061
18031
15732
13090
11556
10681
9104
6784
4854
3587
2757
1954
-129
-3529
-6091
-6735
-6836
-7630
-9648
-12781
-15436
-16269
-15494
-14949
-16333
-19269
-21794
-22705
-22356
-22268
-23962
-26259
-26946
-26294
-25543
-25132
-25428
-26392
-26882
-26016
-24004
-22441
-22473
-22556
-20992
-18486
-16448
-15442
-15161
-14398
-12555
-10031
-7206
-5243
-5104
-5502
-4512
-2127
-12
416
-180
-139
562
1523
2816
3614
2999
1523
732
1667
3448
4094
3260
1929
866
794
1887
3487
4460
3836
2702
3847
7752
11719
13553
13698
14064
15451
16983
18682
21335
23713
24319
24363
25584
27637
29183
29574
29305
29003
28745
28530
28019
26919
25814
24667
22558
20106
18537
17180
15159
13130
11766
10317
8013
5960
5198
4008
1169
-1151
-1394
-1624
-3826
-6788
-8646
-9646
-10494
-11069
-12188
-14527
-16749
-17550
-17357
-17138
-17851
-20164
-23183
-24639
-23847
-23107
-24296
-26062
-26716
-26375
-25447
-24488
-24412
-25091
-25324
-24527
-23148
-21891
-20895
-19968
-18909
-17198
-14872
-13176
-12487
-11920
-10766
-8807
-6454
-4759
-3824
-3072
-2233
-1185
-136
673
1239
1553
1887
2599
2926
2419
1978
2147
2795
3408
3383
2650
1773
1427
2041
3316
3846
3203
2664
3747
7025
11409
14601
14881
13821
14112
16306
19725
23478
25998
25581
24077
24846
27991
30691
31642
31589
30130
28105
27818
29036
28969
26738
24288
22252
20522
19147
17953
16016
13079
10747
9160
7646
6465
5988
4772
1768
-836
-1446
-1474
-3620
-6827
-8356
-8944
-9889
-10888
-11995
-14610
-17371
-17886
-16889
-16911
-19140
-21635
-23151
-23640
-23447
-23700
-25342
-27363
-27872
-27380
-26316
-25055
-24893
-26041
-26618
-24951
-22591
-21602
-21679
-21074
-19719
-18047
-15586
-13127
-11676
-11014
-10242
-8929
-7010
-5262
-4331
-3516
-2233
-759
-121
-97
332
1091
1438
1505
1758
1640
1300
1488
2442
2981
2424
1779
1444
1648
2237
2983
2998
2453
3046
5573
10046
14049
15606
14741
14133
15923
18736
21700
24432
26290
26137
25807
27663
30270
31676
31578
30836
29503
28505
28942
29464
28553
26700
24917
22606
20240
18831
17425
14777
12025
10541
9712
8337
7537
6589
4140
639
-1201
6530
14228
4956
-13119
-15821
-281
7782
-5862
-22896
-21601
-10225
-11370
-24668
-30199
-22851
-17509
-23699
-29848
-26463
-19101
-18057
-22120
-26961
-31797
-31844
-26557
-22807
-20984
-22129
-23245
-22125
-20471
-21101
-23403
-21335
-16423
-12671
-11915
-9813
-7395
-7383
-10051
-11630
-9908
-8046
-7679
-5275
-1472
-63
-1743
-4613
-6705
-7994
-9333
-10056
-9737
-8788
-7607
-6801
-6936
-8291
-9261
-9213
-10304
-10847
-7459
4627
14357
18940
22628
26729
31907
31905
25511
25002
24951
26100
26762
24696
29323
32558
28312
20620
19439
20585
16592
10357
10876
15132
13951
8078
4671
3611
-502
-7068
-10245
-9340
-8485
-9464
-9478
-6947
-4946
-7150
-11358
-11341
-7684
-6902
-9653
-8115
-1470
1584
-1825
-3914
-275
1769
-2085
-5044
-2608
-879
-3632
-5594
-3762
-2548
-5673
-9619
-10815
-11302
-13724
-16160
-16357
-15401
-14979
-14991
-14572
-13990
-13720
-13887
-14086
-13901
-12261
-9253
-6468
-4532
-2992
-1343
-913
-2028
-2542
-1453
-322
-289
711
2688
3346
2092
965
241
-1733
-4967
-6890
-5724
-4291
-4676
-5775
-5925
-6299
-8202
-10246
-10005
-7674
-5551
-4609
-3073
162
4385
10398
18608
25433
27720
24355
23945
26536
26453
26290
28724
32249
32257
29784
28480
27756
24415
19614
15881
13018
9568
6581
5009
4006
2408
-381
-4276
-8175
-10892
-12242
-13397
-13885
-12185
-9131
-8428
-9763
-7845
-3713
-3481
-7600
-8454
-4951
-2712
-2936
-1139
3313
4092
887
-1190
-576
-990
-3627
-6096
-6863
-6051
-6150
-8467
-11359
-12576
-13323
-15899
-19155
-19735
-18221
-18770
-20058
-17919
-13846
-12897
-14491
-13645
-10396
-8177
-7747
-6667
-4037
-1350
654
1592
1771
1678
1519
949
290
837
1978
1781
375
-350
-237
-1467
-4129
-5996
-6014
-6293
-7656
-8846
-8747
-7787
-7039
-6355
-6165
-5966
-4488
-2251
-865
863
5136
13096
20253
24708
27550
30198
32564
32087
29829
28622
29685
30689
30064
29628
30067
28826
25058
20493
16349
11992
6851
2097
-819
-2466
-3770
-5015
-6430
-7960
-9406
-11616
-13838
-13724
-12003
-11475
-12201
-10128
-4819
-1471
-2660
-3486
-927
-79
-2421
-3224
-252
1955
464
-666
1051
1916
-1332
-4805
-5285
-5689
-8987
-12910
-13965
-13441
-14553
-17544
-19236
-18508
-18450
-20206
-20472
-17953
-15668
-15045
-14259
-11580
-7869
-5969
-6057
-4655
-1224
176
-674
-463
1508
1975
-575
-2086
-1074
2
-692
-1433
-694
-731
-2904
-6092
-7227
-6911
-7750
-9040
-9423
-8070
-6925
-6900
-6792
-5432
-3391
-2358
-1712
-850
1197
5839
11208
17285
22940
27134
30764
32710
31820
29813
29529
29583
27863
25393
24743
24987
23387
20775
18911
16669
12171
6571
1984
-1205
-3915
-6657
-8400
-9049
-9152
-8972
-8864
-8916
-8656
-8142
-8297
-9284
-8984
-5715
-2140
-1372
-1197
1610
4215
3073
929
1543
2659
520
-2628
-2465
-797
-1260
-2909
-3482
-3852
-6215
-9647
-12370
-14157
-15830
-17571
-18742
-18916
-17998
-17063
-16885
-16180
-14011
-12147
-11806
-11756
-9808
-7194
-5834
-4903
-2793
-147
1034
1311
1665
2222
1633
-456
-1768
-1537
-1266
-2241
-3358
-3639
-4022
-5044
-6010
-6375
-6752
-8214
-9628
-10560
-10573
-10201
-9687
-8436
-6162
-2941
-1119
-430
1566
7153
16162
24178
26331
26157
29289
32731
30232
24932
25262
28910
26425
19509
17899
21183
20731
15996
13526
12844
8514
935
-3832
-4498
-5359
-8227
-10854
-10995
-9491
-8159
-7641
-6689
-5216
-5172
-6925
-7138
-3994
-816
-834
-1860
-353
1926
2002
1609
3301
5050
3496
413
-654
-391
-1438
-3304
-4117
-4949
-6955
-9474
-11110
-12029
-13137
-14605
-15929
-16717
-16889
-16554
-15930
-14671
-12924
-11526
-10559
-8647
-5717
-3054
-1539
-475
1015
1990
1395
421
341
477
-494
-1748
-1801
-1203
-1361
-2421
-3080
-3849
-5105
-6691
-7808
-8083
-8505
-9849
-11001
-10578
-9587
-8675
-7003
-4527
-2653
-1627
191
3017
5878
9918
16648
23494
26770
28090
30342
32600
31720
29007
27782
26992
23910
19582
17324
17042
16093
13590
11033
8942
5837
1692
-1980
-4560
-6863
-9553
-11785
-12368
-11367
-10100
-8525
-6288
-4264
-3793
-3248
-675
1199
184
-1251
46
1080
-127
-635
1931
4559
3792
2313
2598
3035
1050
-2057
-4174
-5543
-7788
-11267
-13543
-13690
-13529
-14584
-15751
-15515
-14941
-15182
-15480
-14332
-12769
-12041
-11307
-9700
-6950
-4730
-3224
-1758
69
1442
1557
1369
641
-555
-2099
-3349
-3873
-4336
-4851
-5235
-5014
-4699
-5108
-5791
-6671
-7447
-8267
-9325
-10313
-10663
-10119
-9534
-8656
-6399
-3206
-87
2247
5997
13374
23013
26280
25204
27781
31974
31790
25392
22502
25931
25998
19205
14110
15793
17130
13741
11342
11928
10330
4217
-1033
-2733
-3963
-6724
-9854
-11647
-11938
-10624
-8377
-6177
-4283
-2755
-1048
103
168
14
678
275
-1860
-2935
-1869
-192
335
1401
3423
4517
3424
1732
1199
-93
-3005
-6275
-8904
-11155
-13383
-14695
-14772
-14247
-13561
-13223
-13008
-12226
-11216
-10603
-10366
-9519
-8250
-7254
-6182
-4490
-2166
-433
524
1739
2999
2960
1432
-48
-1187
-2819
-4782
-5985
-6140
-6267
-6653
-6807
-6276
-5941
-6383
-7027
-7317
-7599
-8378
-8832
-8608
-7896
-6789
-5420
-2655
1405
5886
9642
14067
20679
26789
29246
28484
29459
30743
28411
23781
21844
22002
18876
13990
12124
13480
12917
9869
7745
6589
4248
253
-3150
-5137
-7217
-9849
-11825
-12305
-11433
-9197
-6722
-5170
-3397
-112
2302
2098
1751
2726
3072
654
-1128
-638
152
-336
-648
946
2114
1508
414
568
372
-2049
-5305
-7775
-9762
-12334
-15060
-16337
-16142
-15744
-15917
-15033
-12386
-9801
-8462
-7732
-6278
-4969
-4619
-4903
-4496
-3055
-2127
-1905
-1381
245
1365
885
-46
-440
-708
-2488
-4724
-5905
-6355
-7506
-9013
-9132
-8740
-8382
-8847
-8945
-8162
-6867
-6780
-7088
-5953
-4568
-2848
-1861
3032
10134
17398
20914
22463
28025
32413
30875
25261
26109
28830
23406
13107
8997
11844
10455
5420
4429
7398
6743
1857
840
2945
2280
-2527
-7282
-8806
-9299
-10161
-11981
-11803
-9078
-6440
-4962
-2426
2949
6152
5665
4904
5931
5892
2739
-87
-722
-697
-2364
-3690
-2968
-1612
-723
-784
-778
-1123
-2494
-5290
-8164
-10025
-11841
-14273
-16808
-17619
-17005
-15968
-14181
-11618
-8535
-5846
-3398
-941
1264
2564
2478
1934
1137
688
-331
-1919
-3220
-3675
-3943
-4453
-4152
-3499
-3112
-3527
-3782
-3657
-4033
-5124
-6866
-8184
-9079
-9715
-10207
-10131
-9083
-7937
-5774
-2756
1264
5005
9636
16367
22386
24804
25296
28513
30264
26993
22600
22985
23721
17855
10922
10054
12137
9624
5603
5786
7011
4427
337
-210
412
-2159
-6463
-9140
-9404
-9553
-10270
-10519
-8878
-5936
-3779
-1672
1090
4020
4950
4555
4457
4333
3106
746
-897
-1579
-1769
-2311
-2601
-2065
-1121
-670
-831
-945
-1636
-3806
-6607
-8581
-10280
-12835
-15225
-16489
-16644
-16212
-14976
-12373
-9359
-6597
-4233
-1556
617
1754
2242
2163
1768
743
-514
-2040
-3608
-4741
-5248
-5519
-5902
-5667
-4905
-4456
-4498
-4309
-4255
-4953
-6435
-7815
-8907
-9893
-10461
-10656
-10125
-8841
-6560
-3121
2893
11938
18415
21072
24813
30553
32573
27947
25122
28372
27440
17241
8531
9300
10327
5010
1530
4618
6600
2582
440
4268
6825
3068
-2093
-3782
-4317
-6734
-10043
-12153
-12130
-11343
-10324
-8708
-4750
957
4270
5034
6686
10458
10458
6444
3930
4675
3379
-2139
-5608
-5139
-4502
-6062
-6045
-3617
-2447
-3854
-5133
-4012
-3392
-5998
-10179
-12572
-12989
-14128
-15837
-15944
-13979
-12041
-10561
-7519
-2972
689
1871
2642
4635
6076
4783
1850
-230
-1450
-3754
-7091
-8972
-8765
-8392
-8652
-7555
-5132
-3492
-3678
-3649
-2601
-2516
-4093
-5912
-6640
-7239
-8110
-8052
-6754
-3614
2285
10135
16391
20077
25904
31578
32273
28910
29829
32721
26887
15379
9178
10041
6638
-399
-2297
421
67
-3275
-1250
4481
6105
2576
191
1092
501
-3103
-7357
-9724
-10899
-12100
-12273
-10841
-7276
-2968
331
2721
6126
10199
10898
8883
7946
8429
5527
-782
-4605
-5230
-6737
-9939
-10581
-8756
-8085
-8669
-7410
-4190
-3100
-4934
-6501
-6566
-7223
-9661
-11725
-12306
-12231
-12086
-11089
-8716
-5868
-3076
-524
2255
4953
6343
5837
4270
3037
1265
-2054
-5922
-8439
-9485
-10637
-11537
-11071
-9156
-7718
-7072
-5835
-3723
-2388
-2409
-2712
-2583
-2832
-3577
-4105
-2945
1655
7960
12581
14452
20639
25424
25411
23420
26398
32696
28623
17609
12683
15066
10912
1385
-2019
-127
-2646
-8383
-7189
-939
787
-2311
-2551
1295
2810
705
-1825
-2995
-4027
-6078
-7957
-8717
-7100
-4658
-3634
-3053
389
4925
5546
4448
6820
10534
8652
2839
584
1515
-1010
-6127
-8009
-7143
-8885
-12291
-11931
-8113
-6797
-9146
-9580
-6988
-5424
-6797
-7960
-7090
-6516
-7580
-8289
-6840
-4896
-4264
-3994
-2165
860
2244
1269
635
1708
2012
-490
-3582
-4207
-4182
-6320
-8750
-8252
-6777
-7903
-9269
-7623
-4613
-4167
-5109
-3830
-1462
-421
-780
1048
6033
10898
13082
13833
18700
23584
23176
20039
22682
28174
24570
15747
12372
15197
12151
4338
1687
2965
488
-5296
-5127
-836
-311
-3791
-4778
-1655
-156
-1486
-3315
-3784
-3415
-4006
-4962
-5213
-3374
-1799
-2339
-2027
668
3331
2348
1456
3540
5422
3945
799
392
651
-996
-3920
-5224
-5236
-7118
-9381
-9669
-8114
-8394
-10283
-10611
-9379
-8560
-9071
-8770
-7662
-6872
-6469
-5698
-4242
-3114
-2243
-1350
-176
1014
1245
738
-188
-658
-1171
-2756
-4538
-5603
-5837
-7020
-8255
-8267
-7343
-6829
-7088
-6304
-5199
-4405
-4213
-3084
-1312
308
2346
5849
10492
13987
16761
20075
23130
23326
22868
24739
26474
23064
16960
14194
13489
9937
4584
2269
1408
-1746
-5022
-4225
-1626
-2089
-4006
-3265
-785
-309
-1697
-2465
-2640
-3287
-4427
-5022
-4973
-4380
-3847
-3456
-1907
472
1869
1442
2168
4672
5694
3892
2079
2123
1209
-1488
-3686
-4202
-5407
-8358
-10074
-9322
-8639
-9874
-10895
-9806
-8432
-8486
-8834
-7895
-6552
-6234
-6306
-5675
-4318
-3559
-3519
-2797
-1216
-238
-685
-1268
-1156
-1052
-2083
-3604
-4182
-4331
-5417
-7367
-7890
-7370
-7354
-8182
-7978
-6919
-6656
-6550
-5325
-3010
-664
3629
9519
14138
15874
20174
25830
26183
22537
24648
30732
26667
15849
12139
16008
12595
3191
773
3587
829
-6221
-5345
1060
1310
-3946
-4325
1038
2584
-655
-2700
-1815
-1854
-4534
-6404
-5859
-4358
-4715
-5156
-3153
-2
1145
569
1921
4971
7149
5532
2401
1713
2884
1530
-2547
-4470
-5144
-7919
-10898
-10160
-8126
-9641
-12308
-11776
-8858
-7567
-8585
-8366
-6556
-5564
-6072
-5364
-3388
-3249
-3867
-2901
-368
428
-654
-1204
-664
-163
-1357
-3095
-4571
-5122
-5681
-6620
-7287
-7936
-8529
-9288
-8518
-7216
-6732
-7482
-7140
-4747
-3201
-1696
2000
8313
12775
14805
19229
24820
25914
22720
24699
30974
29198
19388
13995
16720
14757
6158
1993
3386
973
-6016
-6650
-1211
149
-4337
-5724
-843
2087
67
-2209
-1441
-919
-3106
-5040
-5080
-4137
-4763
-5142
-3648
-673
1103
619
1544
4438
7257
6014
3615
3215
3792
2114
-1565
-3269
-4606
-7447
-10728
-10992
-9893
-11310
-13676
-13240
-10448
-9342
-9846
-8945
-6844
-5634
-5498
-4615
-3268
-3101
-3392
-2891
-1310
-722
-1435
-2086
-1724
-1286
-2197
-3449
-4423
-4476
-4832
-5849
-6856
-7384
-7857
-8529
-8181
-7519
-7538
-8127
-7570
-5571
-3342
381
5640
11010
14672
18777
24032
26104
25148
26094
31080
30269
21654
15602
16246
14974
7139
2154
2157
124
-5605
-6977
-2172
-323
-3632
-4959
-537
3137
1696
-382
21
730
-973
-3085
-3776
-3561
-3984
-5187
-4870
-2431
-141
-493
-812
2094
5871
5580
2798
2784
4707
3345
-860
-2843
-3068
-5848
-10332
-11619
-10653
-11654
-14504
-14753
-11993
-10239
-10794
-10354
-7229
-4994
-4838
-4310
-2258
-1122
-1708
-1737
-608
183
-642
-1585
-1603
-1357
-2098
-3618
-4627
-4736
-4924
-5738
-6851
-7478
-7485
-7838
-8344
-8312
-7911
-8170
-8349
-6937
-4602
-1292
3209
8519
13173
17378
22392
24924
25188
26744
31263
31421
24219
18240
17840
16830
9613
3742
2787
524
-5182
-7495
-3623
-1775
-4874
-6199
-1931
2169
1241
-488
262
1400
94
-2127
-2791
-2975
-3672
-4924
-5011
-3126
-1236
-1506
-2294
839
4815
4571
2349
3264
5824
4287
904
-453
-613
-3750
-8327
-9845
-9686
-11509
-15067
-15348
-12867
-11906
-12689
-11753
-8441
-6196
-5815
-4941
-2733
-1201
-1764
-1864
-530
137
-1120
-2473
-2152
-2110
-3161
-4715
-5185
-4712
-4859
-6141
-7084
-6534
-6464
-7348
-7551
-6891
-7134
-7887
-7663
-5884
-2609
1947
6440
10226
15142
21297
23505
22436
24714
30937
31843
23898
17949
19159
18305
9760
3562
3876
1699
-5655
-8642
-3865
-1324
-5199
-7053
-1793
3312
2247
195
1889
4085
2531
-513
-1225
-812
-2176
-5024
-5868
-3516
-2144
-4215
-5152
-852
3213
1861
148
2813
5793
4129
1355
1144
810
-2669
-6882
-7804
-7693
-10383
-14279
-14644
-12239
-12019
-13241
-12251
-8854
-6421
-5931
-4892
-2538
-544
-842
-972
581
1213
-668
-2691
-2373
-2285
-4142
-6477
-6959
-6152
-6326
-7568
-8050
-7090
-6712
-7074
-6719
-5790
-5931
-6538
-6327
-4758
-920
3815
7569
10140
15831
21831
22154
20181
25319
32642
29153
18993
15702
20655
17778
6762
3055
5373
915
-8546
-8632
-1737
-2315
-8903
-8699
-564
3056
-269
-1506
2360
4655
1835
-417
811
1061
-1862
-3601
-1802
-354
-1915
-3797
-2590
1006
2639
1068
-3
2106
4018
2606
987
1300
261
-3743
-6142
-5603
-6389
-10335
-13377
-12693
-11631
-12688
-13654
-11697
-9149
-8231
-7227
-5163
-3038
-2225
-1228
338
1431
1186
-223
-762
-894
-1837
-4242
-6011
-6421
-6799
-7636
-8576
-8818
-8413
-7650
-7297
-6656
-6005
-5688
-5327
-3805
-1155
2509
6931
10221
12961
17634
22033
21821
20612
25127
29972
25478
17132
15706
18221
13624
5210
2786
3565
-1302
-8179
-6840
-1967
-3719
-8519
-6398
137
1697
-781
-729
2515
3638
1479
28
949
1392
-1209
-3219
-2019
-93
-1389
-3792
-2417
1424
2740
248
-151
2837
4188
1710
-148
679
-494
-4374
-6931
-6563
-7427
-11261
-14002
-13037
-11365
-12555
-13745
-11543
-7962
-6828
-6787
-4697
-1792
-719
-878
415
2274
1958
-185
-1181
-518
-1453
-4194
-6203
-6280
-6379
-8151
-9489
-9279
-8264
-8585
-8822
-7442
-6044
-5957
-6099
-4117
-267
3998
7956
11095
15316
20404
22173
21052
22620
29121
29848
22270
16256
17784
18147
10392
4253
3918
2596
-4409
-8111
-4220
-2065
-6057
-8844
-4078
954
155
-2103
-472
2879
2561
123
-439
947
472
-2315
-3179
-1334
-471
-3121
-4414
-1240
1740
534
-1160
1315
4005
3025
821
1216
1857
-1019
-4567
-5388
-5183
-8198
-12236
-12789
-11332
-11934
-13975
-13140
-10252
-8519
-8380
-6888
-3662
-1628
-1388
-584
1780
2511
874
-606
-506
-1263
-3861
-6190
-6855
-6972
-8505
-10063
-9947
-8436
-8249
-8440
-7318
-5591
-4829
-4691
-2937
203
4481
7794
10977
14871
19586
21255
19970
21503
26351
28015
22040
16910
16968
16915
11151
5653
4948
2850
-2989
-6501
-3777
-2184
-5441
-7597
-4305
-150
-231
-1561
-395
1964
2185
759
436
975
421
-1063
-1690
-816
-219
-1609
-3250
-1720
1340
1184
-1114
-671
1984
2135
71
-354
231
-1405
-4555
-5962
-5827
-7351
-10819
-12688
-11749
-11298
-12540
-12675
-10509
-8335
-7602
-6734
-4412
-1794
-710
-264
1172
2536
1865
5
-571
-683
-2561
-5650
-7294
-7397
-8339
-10478
-11378
-10136
-9291
-9678
-9263
-7278
-5865
-5319
-3805
-113
4876
8921
11893
15521
20838
23069
21472
22390
27693
28913
21850
16666
17815
17237
10036
4713
5195
3222
-3457
-6706
-3209
-1705
-5743
-7461
-3205
366
-993
-2108
49
1851
962
-465
-160
337
-464
-1499
-1670
-921
-817
-1555
-1921
-293
1924
1497
204
956
3273
2955
709
30
-44
-1904
-5089
-6361
-6693
-8623
-11700
-13023
-11862
-11733
-12874
-12547
-10145
-8298
-8061
-6826
-4275
-2086
-1711
-1276
107
699
-239
-1494
-1443
-1991
-3957
-6003
-6589
-6954
-8128
-9270
-9342
-8542
-8321
-8409
-7878
-6470
-5523
-4662
-2611
1796
6817
10458
13360
17858
22267
22413
21896
25762
30149
25997
17975
16176
18169
14398
6189
2722
2594
-813
-6126
-6206
-2858
-3684
-7107
-5672
-42
2036
-216
-743
2135
3977
2289
0
55
677
-609
-2518
-1966
-612
-1997
-4184
-2645
1477
1786
-945
-894
2819
3932
1109
-227
562
-489
-4160
-5548
-5091
-6773
-10872
-12977
-11588
-10855
-12468
-13532
-11117
-8278
-7813
-7709
-5273
-2272
-1558
-1479
-44
1341
551
-1049
-1361
-1343
-3062
-5909
-7259
-7157
-7926
-9937
-10686
-9647
-8624
-8860
-8559
-6906
-5655
-5341
-4370
502
6199
9604
11123
16189
22689
22686
20047
23502
31393
28773
18665
15804
20111
17418
6818
3369
5675
1765
-7144
-7785
-1562
-2287
-8772
-8636
-1029
2067
-1576
-2351
1878
4312
1775
-130
1453
2040
-469
-2368
-736
359
-1529
-3645
-2596
271
980
-297
-685
1447
2903
1977
913
1178
448
-2524
-4616
-4942
-6205
-9678
-12400
-12241
-11616
-12922
-14038
-12514
-10019
-9040
-8291
-6050
-3535
-2119
-1289
255
1371
1239
118
-558
-994
-2509
-4990
-7078
-7720
-8381
-9586
-10735
-10408
-9249
-8516
-8261
-7393
-5903
-5132
-3851
430
6503
9880
11457
16268
22415
22422
19690
23773
30953
27788
17718
15791
20086
16502
6388
3772
6204
1735
-6848
-6908
-984
-2055
-8296
-7757
-549
1826
-1731
-2347
2083
4356
1635
-524
1175
2370
-681
-3240
-1261
1239
-1405
-4958
-3207
1317
1718
-1317
-1265
1915
2943
814
608
2285
773
-3682
-5230
-3838
-5253
-10084
-12725
-11543
-10991
-13178
-14552
-12362
-9681
-9106
-8609
-5777
-2891
-2306
-1792
474
2460
1511
-590
-1032
-602
-2132
-5621
-7649
-7851
-8703
-10653
-11336
-10065
-9164
-9117
-8506
-6496
-4901
-4667
-3197
2040
8296
11057
12385
17808
23047
21465
19056
24787
31200
25097
15159
15449
20325
14768
4708
3951
6376
729
-7181
-5104
124
-3071
-8979
-6364
775
1119
-2911
-2420
2439
3941
822
-792
1142
1933
-858
-2489
-387
1217
-1678
-4708
-2456
1833
1244
-2493
-1878
2417
3046
-482
-1031
1452
376
-4214
-5440
-3478
-4980
-10214
-12400
-9940
-9392
-12636
-14048
-10914
-8330
-8953
-8877
-5686
-2686
-2542
-2408
-104
1855
764
-1202
-940
-196
-2245
-5720
-6932
-6586
-7889
-10375
-11026
-9489
-8980
-9771
-9299
-6973
-5625
-6100
-3866
2706
8796
10314
12491
20330
24926
21122
19424
27816
32656
22813
13155
16659
20784
11324
2005
4061
5600
-2898
-9577
-4121
698
-4766
-10082
-4458
3027
1349
-2894
-669
4448
4033
0
-603
1654
1196
-2384
-3070
-39
579
-3183
-4919
-696
2644
298
-2436
226
3801
2100
-707
504
2082
-1351
-5314
-4857
-4044
-7499
-11907
-11685
-9763
-10901
-13581
-12811
-9427
-8247
-8866
-7495
-4008
-2570
-3014
-1752
887
1437
-604
-1499
-560
-789
-3589
-6181
-6153
-6190
-8085
-10010
-9501
-8186
-8394
-8627
-7455
-5638
-5088
-4666
-1422
4227
8725
10221
13483
20221
22846
19646
19696
27716
30061
20695
13603
16966
18631
9342
2389
4338
4217
-4171
-8732
-3277
-356
-5681
-8970
-3180
2366
406
-2457
183
4415
3729
632
618
2380
1190
-2300
-2429
-8
-528
-4259
-4864
-699
1700
-611
-2699
94
3236
2111
-191
827
1630
-1772
-4923
-4196
-3915
-7990
-11816
-11163
-9409
-11163
-13731
-12598
-9215
-8168
-8596
-6803
-3645
-2419
-2524
-708
1384
1040
-901
-1396
-675
-1705
-4561
-6791
-6671
-6858
-8665
-10080
-9578
-8492
-8754
-8573
-7374
-5650
-5128
-4931
-1272
5006
9908
10407
13786
21305
23572
19506
20188
29893
30608
19481
13242
18732
19552
7991
1647
4807
4105
-5767
-9501
-2864
-848
-7250
-9797
-2404
2835
-242
-2862
778
5327
3671
55
354
2659
1296
-2560
-2268
159
-585
-4573
-4582
-50
1923
-1019
-3023
877
4129
2183
-455
1195
2302
-1594
-4833
-4071
-3851
-8187
-12069
-11229
-9602
-11416
-14239
-12869
-9510
-8607
-9244
-7628
-4487
-3288
-2927
-1329
888
1055
-338
-921
-225
-644
-3536
-6116
-6293
-6137
-7951
-9956
-9806
-8702
-8812
-9016
-7975
-6164
-5395
-4701
-1709
3590
8304
10786
13854
19343
22802
21504
20922
25931
29157
23020
15577
15677
17547
11361
3702
2844
3187
-2198
-7626
-5312
-1767
-4193
-7661
-4496
1213
1600
-883
36
3891
4614
1814
271
1639
1741
-1198
-2824
-1078
-171
-3233
-5136
-2014
1618
92
-2591
-475
3159
2417
-298
389
1701
-894
-4516
-4656
-4192
-7120
-11089
-11492
-9894
-10454
-12835
-12847
-9999
-8260
-8328
-7512
-4740
-2867
-2540
-1800
103
1097
-266
-1726
-1411
-1148
-3478
-6476
-6967
-6458
-7821
-10094
-10092
-8561
-8406
-9077
-8258
-6120
-5404
-5247
-2400
3482
8144
10156
13081
19159
23121
21701
21076
26291
29984
23754
16163
16378
18282
11862
3712
2823
3172
-2414
-8270
-6128
-2230
-4526
-8319
-5340
727
1501
-992
-10
4020
4964
2155
470
1895
2293
-671
-2955
-1113
500
-2649
-5516
-2386
1839
178
-2842
-354
3718
2649
-271
695
2350
-476
-4477
-4611
-3549
-6407
-10840
-11546
-9686
-10388
-13200
-13155
-10283
-8666
-9141
-8058
-4943
-2835
-2894
-2298
194
1619
191
-1494
-1096
-764
-2988
-5785
-6310
-5955
-7389
-9678
-9846
-8584
-8415
-9435
-8760
-6725
-6019
-6649
-4646
1390
6854
9151
11232
17675
22648
21304
19986
26276
31988
25555
16557
16972
20631
14263
4731
3511
4497
-1386
-8499
-6712
-2221
-4583
-9345
-6805
163
1561
-1427
-858
3741
5597
2657
504
1613
2349
-302
-2761
-1447
-68
-2272
-5006
-2946
1111
1014
-1767
-1047
3204
4064
1268
729
2891
1666
-3054
-4655
-3677
-5627
-10446
-12269
-10858
-10954
-13598
-14441
-11587
-8931
-8995
-8785
-5750
-2792
-2096
-1678
438
1923
1295
-129
-188
-48
-1975
-5253
-6902
-6478
-7406
-9786
-10729
-9418
-8920
-9439
-8930
-7207
-6379
-6462
-5338
-1597
3441
7421
10190
13980
19574
21731
20301
21525
28452
30267
21976
15484
18056
19498
10949
3797
4346
3620
-3992
-8457
-4336
-1980
-6579
-9664
-4511
1257
210
-2419
177
4808
4615
1259
818
2627
1740
-1758
-2181
75
-381
-4010
-4689
-698
1858
-45
-2074
515
3886
3310
721
1081
2348
-172
-3953
-4506
-4136
-7460
-11689
-11967
-10240
-11158
-13989
-13944
-10489
-8199
-8369
-7698
-4480
-2177
-2052
-1086
1310
2342
556
-771
-242
-229
-2958
-6264
-6798
-6446
-7906
-10201
-10288
-9142
-9028
-9118
-8077
-6584
-6104
-5897
-4180
-153
4614
7792
10104
14642
20427
21969
19662
21457
28300
29153
20744
15324
18381
18181
9351
3395
4801
3076
-5029
-8511
-3976
-2039
-7055
-9625
-4344
1051
-31
-2445
146
4121
3526
419
544
2558
1490
-1630
-1832
667
390
-2867
-3605
57
2404
150
-1598
955
3692
2208
55
909
1442
-1802
-5291
-5139
-4838
-8259
-12071
-11700
-9718
-10909
-13352
-12263
-8988
-7914
-8295
-6469
-3463
-2346
-2466
-989
1288
1426
-191
-982
-426
-1069
-3616
-5904
-6324
-6267
-7666
-9389
-9529
-8651
-8713
-9188
-8371
-6964
-6774
-6803
-4393
306
4780
8037
11872
16837
20590
21007
21609
25969
29846
26488
19510
17674
18942
15174
7512
3906
3123
-1053
-6630
-6968
-4070
-5081
-8562
-7375
-1864
676
-952
-1044
2148
4149
2616
819
1251
1536
-292
-1824
-1173
-1030
-2916
-3791
-1778
629
823
-10
246
2201
3902
3611
2174
1361
678
-1265
-3388
-4865
-6686
-9407
-11465
-11893
-11762
-12512
-13397
-12371
-9722
-8104
-7756
-6301
-3674
-1837
-985
203
1162
1050
325
-43
-395
-1736
-4055
-5932
-6247
-6430
-7859
-9544
-9792
-9160
-8861
-8854
-8406
-7529
-6737
-5805
-3511
857
5323
8756
12220
17662
21773
21563
20990
25336
30384
26633
18651
16501
18609
14388
6079
3328
3270
-1598
-8002
-7281
-3374
-4677
-8768
-7418
-1237
1415
-647
-1105
2321
4523
2785
1032
1650
1826
-293
-1861
-1102
-634
-2297
-3691
-2176
612
1405
221
132
2159
3799
3213
1968
1461
355
-2162
-4261
-5219
-6976
-10125
-12355
-12401
-12081
-12809
-13566
-12495
-10215
-8354
-7273
-5715
-3500
-1857
-708
781
2112
1851
844
566
607
-759
-3143
-5186
-6129
-6892
-8009
-9055
-9752
-9839
-9782
-9078
-8263
-7793
-7275
-6198
-3786
196
5108
9018
11583
16524
21501
22235
20492
24214
30324
27035
18413
15984
19367
15193
6013
3091
4199
25
-7570
-7626
-3253
-3879
-8565
-7749
-1341
1323
-911
-1763
1756
4357
2612
180
734
2234
425
-2057
-1489
81
-1333
-3622
-2020
1402
1896
-472
-651
2294
3837
1938
206
1067
716
-2616
-5239
-5227
-6225
-9729
-12033
-11383
-10820
-12569
-13849
-12095
-9004
-8105
-8045
-6094
-2978
-1573
-1112
637
2287
2233
962
940
1066
-336
-3145
-5107
-5337
-6192
-8242
-9906
-9930
-9627
-9985
-9848
-9081
-8237
-7711
-6976
-4178
704
5965
8858
11739
17595
22290
21854
20585
26039
30908
25716
17131
16614
19615
13853
5048
3030
3855
-1445
-7990
-6784
-3000
-4599
-8723
-6855
-827
1306
-1121
-1795
1884
4219
2101
-641
114
1701
-76
-2480
-1695
49
-1451
-3526
-1333
2385
2527
38
202
3059
4147
2482
971
1288
441
-2506
-4957
-5480
-6700
-10190
-12463
-11896
-11203
-12806
-13890
-12057
-9458
-8356
-7755
-5567
-2919
-1390
-625
800
2409
2592
1656
1204
1382
245
-2329
-4366
-4898
-5699
-7402
-8795
-9022
-9099
-9472
-9377
-8675
-8016
-7991
-7197
-5635
-2737
1142
5634
9419
13057
17992
20629
20364
21534
27519
29537
22955
17003
18002
18702
11853
5326
4008
2416
-3410
-7351
-5362
-3849
-6598
-8788
-5424
-537
7
-1771
-865
2815
4201
2036
177
796
1535
-314
-1852
-1207
-675
-2485
-3664
-1137
1762
1467
-778
39
3460
4812
2656
878
1561
829
-2510
-4958
-5089
-6763
-10726
-12789
-11901
-11722
-13709
-14426
-11988
-9274
-8564
-8142
-5712
-2686
-1203
-433
1125
2809
2741
1679
1298
1502
224
-2650
-4632
-4870
-5450
-7638
-9317
-9069
-8650
-9319
-9559
-8115
-6679
-6438
-6101
-3825
-151
3314
6367
10124
15016
18290
18978
19216
22615
26055
24702
19954
17438
17470
14615
9521
5873
4241
896
-3494
-5066
-4029
-4116
-6261
-6482
-3639
-1025
-924
-1376
142
2201
2389
954
402
979
803
-238
-860
-521
-982
-2093
-1987
30
1427
485
-328
902
2743
2458
1150
624
330
-1049
-2920
-4202
-5727
-8004
-10110
-10913
-11128
-11939
-12763
-12409
-10822
-9232
-8172
-7119
-5369
-3007
-1217
-63
999
2149
2395
2020
1868
1359
-344
-2554
-3806
-4688
-6032
-7734
-8874
-9482
-9770
-9843
-9358
-8586
-7945
-7070
-5754
-3511
-560
3716
7917
11758
15627
18834
20132
20358
23405
26351
24792
19479
16610
16335
13640
8750
4784
2696
-528
-4129
-5317
-4474
-4625
-6287
-6047
-3335
-790
-442
-853
424
2259
2595
1223
518
735
439
-240
-847
-1273
-1982
-1807
-774
329
1210
1327
1005
1350
3040
3689
2142
585
53
-885
-3232
-5367
-6978
-8994
-11093
-12124
-12287
-12848
-13268
-12384
-10409
-8682
-7440
-5977
-4015
-1971
-104
1237
1919
2265
2563
2563
1912
956
-455
-2200
-3872
-4866
-5750
-7021
-8240
-8812
-8914
-9011
-8687
-7991
-7312
-6894
-6062
-4968
-3034
294
4745
8279
11268
15018
18267
19394
20358
23981
26063
23290
18617
17425
17179
13560
8248
4771
2695
-862
-4369
-5523
-5073
-5689
-7102
-6472
-3653
-1323
-1133
-1222
509
2575
2679
1314
1110
1644
1320
309
-434
-823
-1302
-1270
-1032
-436
168
-12
-579
284
2261
2205
514
-22
260
-1196
-3707
-5016
-6119
-8275
-10506
-11426
-11786
-12402
-12672
-12004
-10647
-9354
-7984
-6303
-4230
-2128
-321
1079
2225
3312
3773
3396
2673
2006
699
-1472
-3362
-4548
-5741
-7565
-8860
-9220
-9328
-9416
-9070
-7890
-7186
-6511
-5623
-4094
-1696
1745
5935
8704
11953
15577
18363
18656
19655
23083
24000
21034
17175
16651
15513
11769
7678
5008
2740
-798
-3317
-4243
-4346
-5156
-6187
-5420
-3239
-1348
-1415
-1450
285
2039
1940
642
735
1096
713
127
-80
-265
-907
-725
-195
342
442
-1
-143
580
1806
1297
-193
-794
-875
-2001
-4177
-5608
-6874
-8541
-10156
-10858
-11173
-11971
-12164
-11071
-9330
-8341
-7434
-5603
-3455
-1742
-358
1133
2038
2533
2907
2933
2256
1097
-293
-2058
-3608
-4838
-6052
-7441
-8296
-8595
-8846
-8805
-8193
-7164
-6679
-6092
-5026
-3364
-1180
1937
6013
9299
12468
15338
17656
18367
19825
22676
23138
20177
16622
15885
14590
11190
7234
4461
2012
-1178
-3375
-4243
-4438
-5206
-5832
-4915
-2855
-1139
-1004
-834
856
2721
2595
966
747
1539
1455
336
-280
-193
-725
-1371
-1285
-178
420
-474
-1310
-456
1127
728
-708
-1013
-847
-2018
-4043
-5284
-6314
-7765
-9384
-10460
-10923
-11212
-11477
-11259
-9701
-7826
-6886
-6141
-4090
-1508
-53
733
1880
3127
3526
3218
2617
1770
319
-1557
-3198
-4504
-5748
-7247
-8227
-8686
-8763
-8760
-8506
-7707
-6815
-5894
-5255
-4173
-2029
1005
4377
7459
10874
14206
16210
17267
18662
21505
22394
20574
17779
16435
15382
12453
9214
6079
3565
427
-2047
-3419
-4150
-4840
-5724
-5250
-3649
-1964
-1463
-1185
286
1913
2472
1787
1622
1997
1856
1253
335
-245
-1049
-1432
-1467
-1190
-982
-1716
-2199
-1475
200
237
-920
-1177
-715
-1249
-2968
-4085
-4931
-6342
-8184
-9387
-9943
-10691
-11408
-11314
-10103
-8887
-8240
-7259
-5261
-2855
-1173
82
1418
2848
3846
4038
3754
3167
2192
407
-1564
-3102
-4493
-6094
-7471
-8182
-8686
-9143
-9055
-8298
-7239
-6485
-5899
-5035
-3383
-931
1770
5088
8413
11736
14271
16226
17335
18384
20430
21513
20083
16662
14917
14116
12049
8563
5424
3040
154
-2207
-3362
-3669
-4420
-5342
-5037
-3432
-1674
-1143
-1063
-115
1358
1859
996
631
1146
1565
1132
457
-65
-795
-1221
-959
-195
-73
-1018
-1831
-1297
33
85
-1127
-1854
-1730
-2000
-3217
-4383
-5513
-6830
-8125
-8784
-9099
-9725
-10313
-10223
-9070
-7899
-7351
-6949
-5448
-3017
-1218
-474
227
1602
2691
3016
3028
2857
1874
157
-1137
-1991
-3345
-5423
-6906
-7323
-7571
-8293
-8848
-8605
-7817
-6946
-6202
-5471
-4361
-1959
1325
4943
8123
11655
14505
16269
17475
19405
21660
21557
19585
16945
15680
14012
11259
7824
4783
2468
-82
-2213
-3724
-4000
-4180
-4722
-4300
-2493
-842
-701
-510
898
2214
1955
725
628
1139
894
-160
-815
-1041
-1953
-2600
-2053
-916
-896
-1715
-1745
-673
594
645
-145
-640
-545
-1022
-2647
-4131
-5117
-6395
-8175
-9162
-9450
-10139
-10967
-10653
-9276
-8239
-7609
-6587
-4752
-2836
-1298
-260
699
1796
2694
2985
2697
2275
1420
18
-1427
-2416
-3527
-5078
-6278
-6574
-6754
-7317
-7549
-6904
-5897
-5189
-4739
-4187
-3229
-1677
265
2749
5853
9153
11712
13274
14921
16554
18261
19258
19447
18031
15791
14248
12930
10885
7553
4550
1904
-243
-1900
-3150
-4236
-5104
-4906
-4018
-2897
-1940
-1184
-441
459
1539
1891
1508
1157
1212
1249
708
-159
-1331
-2209
-2348
-1997
-1888
-2294
-2590
-2383
-1570
-704
-406
-698
-957
-956
-1185
-2066
-3377
-4704
-5843
-6851
-7947
-9038
-9954
-10355
-10084
-9262
-8415
-7685
-6588
-4899
-3037
-1319
176
1400
2353
3267
3978
3972
3338
2261
1023
-470
-1983
-3602
-5148
-6219
-6873
-7284
-7785
-7857
-7415
-6513
-5592
-4913
-4092
-3135
-1465
816
3607
6199
8666
11582
13736
14964
15615
17401
18603
18022
16460
15075
13990
11851
9800
7480
5135
2623
416
-1302
-2628
-3059
-3621
-4192
-3918
-2581
-1650
-1761
-1298
-189
396
-158
-621
-296
6
-123
-573
-642
-839
-1505
-2012
-1462
-416
-357
-1014
-1098
-245
437
353
-62
-352
-784
-1680
-2827
-3902
-4989
-6342
-7637
-8399
-8714
-9229
-9809
-9618
-8572
-7521
-6976
-6203
-4626
-2753
-1439
-641
403
1622
2436
2691
2779
2639
1916
922
-63
-1002
-2206
-3558
-4754
-5400
-5435
-5701
-6248
-6451
-5691
-4975
-4721
-4426
-3679
-2864
-1802
225
2809
5319
7710
10484
12572
14032
15271
16987
17909
17743
16900
15491
13813
11837
10169
7708
4845
2185
219
-1547
-3069
-3717
-4154
-4510
-4201
-3014
-2070
-1762
-1151
-319
135
81
-27
-97
-299
-354
-606
-1000
-1504
-1925
-2195
-2016
-1242
-823
-888
-770
119
874
897
546
215
-195
-1002
-2144
-3551
-4835
-6043
-7260
-8403
-9076
-9443
-9833
-9836
-9076
-7880
-6925
-5998
-4596
-2732
-952
275
1130
1919
2701
3162
3242
3120
2609
1644
469
-456
-1342
-2552
-3844
-4720
-4974
-5064
-5236
-5427
-5332
-4838
-4329
-4034
-3912
-3467
-2840
-2125
-922
1082
3632
5842
8245
10607
12673
13958
15339
16983
17683
17297
15979
14711
13023
11268
8993
6052
3128
768
-1042
-2963
-4216
-4780
-5140
-5223
-4466
-3157
-2422
-1945
-1146
-237
191
10
-213
-438
-432
-481
-813
-1338
-1797
-1880
-1832
-1441
-900
-410
-124
286
1028
1542
1530
1094
669
-26
-1122
-2483
-3879
-5302
-6709
-7804
-8730
-9522
-9999
-9815
-9238
-8565
-7610
-6340
-4903
-3495
-1915
-430
660
1417
2082
2670
2843
2622
2092
1564
1015
274
-753
-1827
-2673
-3313
-3782
-4025
-4059
-4034
-4037
-3987
-3760
-3484
-3317
-3372
-3224
-2821
-2140
-1263
359
2842
5507
7927
9904
11809
13217
14705
16326
17440
16894
15052
13540
12347
10763
8152
5253
2437
11
-1780
-3138
-4223
-5051
-5202
-4764
-3975
-2904
-1928
-1294
-829
16
729
455
-435
-918
-771
-900
-1451
-2028
-2318
-2381
-2140
-1408
-529
67
279
774
1784
2674
2636
1920
1199
487
-584
-2101
-3747
-5373
-6808
-8069
-9099
-9771
-10018
-9945
-9470
-8393
-7048
-5900
-4681
-3011
-1290
-68
833
1683
2221
2449
2594
2614
2250
1644
1073
502
-16
-529
-1149
-1854
-2367
-2560
-2705
-2748
-2788
-2876
-3073
-3201
-3269
-3518
-3766
-3994
-3973
-3859
-3290
-2081
-143
2128
4397
7078
9742
11739
12926
14741
16919
17753
16801
15319
14078
12309
9971
7133
4123
1452
-727
-2959
-5084
-5853
-5656
-5839
-5966
-4758
-2972
-2153
-1663
-486
734
1052
698
250
-76
-136
-405
-1228
-1861
-1734
-1620
-1956
-1626
-333
574
662
1007
2054
2732
2578
2064
1559
793
-537
-2228
-3845
-5102
-6360
-7807
-9023
-9486
-9397
-9216
-8859
-7981
-6637
-5342
-4273
-3019
-1361
122
880
1394
2150
2647
2338
1824
1804
1845
1322
493
1
-139
-381
-954
-1541
-1820
-1963
-2318
-2756
-2910
-3053
-3493
-3989
-3975
-3776
-3962
-4380
-4398
-3843
-3017
-1700
169
2459
4835
7520
9934
11539
12817
14563
15996
15787
14716
13680
12389
10228
8057
6032
3519
921
-921
-2263
-3584
-4220
-4176
-4275
-4105
-2837
-1361
-937
-722
236
962
599
-84
-362
-711
-1347
-1913
-2212
-2346
-2313
-2231
-1986
-1307
-307
422
913
1691
2559
2885
2601
2287
1871
951
-477
-1909
-3207
-4639
-6153
-7370
-8068
-8473
-8628
-8427
-7851
-7020
-5987
-4826
-3728
-2693
-1633
-688
13
632
1225
1493
1342
1200
1174
994
614
390
408
382
217
-27
-172
-233
-321
-649
-1135
-1542
-1867
-2351
-3004
-3578
-3910
-4114
-4309
-4481
-4541
-4411
-4146
-3576
-2351
-411
1682
3622
5906
8598
10643
11732
12815
14387
15037
14270
13092
12095
10683
8594
6588
4522
2430
556
-923
-2325
-3299
-3435
-3515
-3783
-3409
-2190
-1429
-1427
-1073
-199
180
-232
-686
-843
-1080
-1686
-2428
-2629
-2173
-1843
-1967
-1757
-713
339
992
1649
2435
2912
3086
3086
2646
1803
758
-550
-2154
-3476
-4591
-5990
-7436
-8061
-8020
-8051
-8036
-7510
-6471
-5340
-4256
-3318
-2428
-1491
-688
-197
206
657
819
610
512
681
672
335
121
359
729
856
742
726
819
745
349
-207
-758
-1373
-2041
-2768
-3482
-4159
-4697
-5045
-5152
-4986
-4741
-4397
-3714
-2504
-962
698
2643
4904
7314
9451
10992
12077
12904
13557
13509
12845
11765
10291
8408
6462
4848
3048
1134
-494
-1610
-2562
-3226
-3324
-3274
-3216
-2788
-1921
-1294
-1040
-671
-229
-108
-301
-492
-690
-1014
-1285
-1339
-1138
-846
-589
-228
394
1129
1636
2078
2713
3242
3229
2769
2230
1491
398
-918
-2225
-3519
-4851
-6126
-7163
-7765
-8006
-8110
-8014
-7422
-6439
-5478
-4605
-3585
-2539
-1740
-1155
-597
-160
69
167
201
197
190
175
-2
-145
-25
329
540
624
788
949
974
864
731
280
-472
-1210
-1705
-2195
-2836
-3433
-3885
-4144
-4159
-3856
-3454
-3020
-2386
-1532
-640
207
1292
2631
4122
5627
7052
8168
8784
9236
9767
10217
10035
9250
8339
7527
6676
5549
4262
2942
1825
941
96
-715
-1296
-1543
-1763
-1895
-1671
-1281
-1155
-1176
-804
-291
-181
-459
-582
-448
-355
-363
-371
-266
-129
54
168
288
465
646
736
779
882
780
423
20
-286
-846
-1778
-2641
-3238
-3854
-4678
-5349
-5718
-5972
-6108
-5955
-5629
-5375
-5029
-4402
-3670
-3087
-2589
-2061
-1534
-1082
-733
-524
-381
-178
69
240
327
402
464
516
653
921
1145
1188
1095
1083
1092
993
677
253
-233
-797
-1349
-1844
-2252
-2646
-2906
-2984
-2930
-2799
-2529
-2066
-1434
-741
69
981
1947
2850
3782
4745
5336
5630
6086
6872
7137
6736
6406
6474
6443
6023
5487
4742
3995
3568
3264
2454
1493
1038
731
100
-376
-378
-622
-1250
-1459
-1093
-986
-1324
-1456
-1141
-760
-589
-575
-471
-160
206
340
390
492
471
257
110
150
-7
-400
-817
-1017
-1133
-1362
-1780
-2212
-2378
-2495
-2830
-3278
-3449
-3484
-3652
-3836
-3843
-3793
-3856
-3846
-3664
-3380
-3136
-2923
-2655
-2257
-1781
-1404
-1091
-736
-382
-173
-50
139
333
451
466
439
374
312
293
299
310
262
136
0
-28
43
71
14
-66
-119
-173
-281
-423
-552
-609
-668
-769
-853
-793
-622
-422
-167
176
546
877
1281
1802
2410
3006
3581
4087
4532
4911
5150
5251
5293
5255
4896
4251
3666
3298
2909
2347
1783
1373
1041
735
504
400
361
331
320
375
516
624
642
576
490
356
131
-169
-495
-742
-946
-1189
-1483
-1649
-1634
-1592
-1591
-1538
-1376
-1250
-1200
-1115
-945
-843
-903
-1019
-1115
-1253
-1527
-1866
-2184
-2487
-2835
-3201
-3478
-3620
-3650
-3628
-3537
-3343
-3021
-2635
-2219
-1780
-1330
-964
-711
-503
-289
-137
-103
-117
-144
-171
-226
-251
-246
-190
-108
7
156
353
571
792
1024
1248
1423
1472
1428
1325
1251
1145
948
644
361
160
-52
-302
-521
-594
-611
-615
-557
-389
-178
7
246
523
779
969
1170
1383
1538
1657
1779
1897
1948
2012
2131
2246
2251
2219
2256
2289
2254
2205
2239
2227
2116
2008
1996
1962
1824
1678
1584
1489
1316
1133
987
877
721
512
302
136
-37
-265
-474
-610
-733
-904
-1056
-1128
-1189
-1265
-1300
-1249
-1192
-1163
-1150
-1143
-1127
-1101
-1062
-1098
-1186
-1322
-1456
-1613
-1763
-1924
-2119
-2305
-2453
-2529
-2592
-2621
-2626
-2580
-2490
-2357
-2206
-2044
-1840
-1628
-1449
-1297
-1095
-878
-735
-653
-539
-401
-322
-258
-144
-20
47
106
229
350
450
558
705
784
767
706
651
615
554
475
345
245
167
123
92
91
99
74
107
214
372
488
635
847
1089
1305
1494
1702
1893
2072
2247
2411
2515
2546
2577
2601
2599
2524
2408
2271
2110
1930
1716
1518
1333
1197
1074
965
865
780
709
645
631
622
581
499
436
386
287
153
57
-15
-156
-356
-527
-657
-811
-959
-1029
-1049
-1107
-1193
-1228
-1194
-1159
-1165
-1203
-1234
-1266
-1312
-1392
-1503
-1632
-1764
-1868
-1948
-1994
-2029
-2050
-2072
-2068
-2004
-1895
-1769
-1637
-1467
-1305
-1160
-1043
-929
-842
-774
-725
-709
-711
-714
-706
-720
-726
-694
-640
-615
-602
-540
-422
-282
-127
52
234
399
568
752
916
1023
1078
1124
1168
1188
1163
1117
1078
1034
983
944
947
953
946
940
963
1001
1034
1069
1084
1085
1084
1113
1125
1093
1053
1032
1023
979
953
948
957
960
982
1015
1027
1047
1067
1067
1020
977
954
919
872
795
703
597
548
511
429
315
223
151
37
-49
-108
-169
-295
-423
-528
-641
-759
-865
-937
-1002
-1049
-1086
-1104
-1077
-998
-922
-880
-841
-778
-725
-694
-668
-632
-621
-651
-711
-777
-850
-948
-1053
-1143
-1191
-1231
-1255
-1255
-1220
-1171
-1130
-1080
-1029
-978
-935
-888
-836
-783
-753
-733
-694
-623
-550
-493
-437
-365
-286
-201
-89
50
197
330
457
580
681
752
808
852
865
837
792
751
712
669
634
611
586
576
579
591
602
636
680
733
789
844
873
867
859
841
798
729
683
646
591
500
418
354
303
247
204
189
191
186
158
151
159
164
146
167
210
241
227
236
281
325
356
388
452
501
539
559
583
585
554
502
454
411
329
217
115
43
-56
-180
-270
-303
-335
-400
-451
-481
-517
-570
-602
-606
-613
-637
-661
-671
-675
-684
-702
-705
-691
-683
-693
-695
-675
-662
-668
-666
-642
-633
-659
-690
-710
-746
-802
-850
-878
-905
-924
-930
-922
-909
-875
-824
-771
-708
-632
-540
-453
-357
-245
-129
-28
72
180
286
382
471
560
638
701
744
764
771
770
745
675
593
519
438
333
248
203
161
102
79
115
165
213
298
422
532
625
731
844
922
971
1009
1032
1027
1006
978
937
882
826
767
703
647
604
568
528
493
455
405
347
307
276
224
149
80
41
8
-38
-88
-124
-150
-165
-164
-148
-128
-102
-53
7
46
49
39
32
25
-3
-64
-153
-241
-317
-398
-497
-602
-690
-762
-822
-869
-921
-984
-1034
-1039
-1019
-1010
-1019
-1021
-1012
-1005
-1001
-993
-976
-948
-897
-830
-766
-707
-635
-550
-465
-384
-310
-252
-213
-172
-122
-82
-64
-57
-46
-36
-38
-57
-89
-114
-114
-91
-63
-27
28
99
181
273
370
445
500
562
640
702
728
743
769
797
805
802
800
803
805
817
853
893
910
912
930
950
933
875
800
719
625
524
435
349
254
172
128
104
70
36
29
46
75
124
187
233
266
313
375
410
405
380
351
308
251
193
126
45
-32
-96
-165
-244
-310
-362
-412
-458
-494
-531
-574
-609
-631
-660
-708
-744
-756
-769
-797
-823
-840
-847
-838
-810
-772
-739
-707
-669
-623
-573
-525
-485
-451
-412
-373
-339
-303
-266
-240
-229
-216
-200
-199
-211
-213
-204
-200
-190
-159
-124
-112
-105
-79
-49
-32
-7
48
109
155
197
251
294
314
326
349
373
385
388
390
396
402
404
401
403
412
419
418
421
442
456
450
443
460
478
468
440
428
435
431
405
379
369
350
316
281
274
279
275
272
291
314
302
263
248
261
257
225
203
196
169
116
77
66
57
38
33
40
28
-2
-19
-12
-10
-21
-22
-14
-22
-58
-106
-163
-224
-276
-313
-348
-386
-420
-444
-465
-485
-501
-509
-506
-492
-474
-461
-457
-456
-456
-460
-469
-482
-493
-501
-497
-483
-469
-456
-434
-398
-357
-326
-296
-263
-240
-232
-223
-205
-190
-193
-194
-181
-163
-159
-159
-143
-112
-80
-53
-23
13
55
99
146
195
236
260
277
301
325
332
332
346
377
397
396
386
383
383
380
376
369
357
345
343
349
347
336
332
348
361
351
331
327
338
347
352
367
379
375
369
372
366
325
275
258
256
230
186
161
153
132
101
85
73
43
11
4
2
-30
-75
-97
-102
-125
-170
-205
-226
-251
-286
-316
-338
-356
-373
-374
-360
-349
-350
-344
-321
-296
-289
-292
-283
-264
-255
-256
-254
-252
-254
-265
-273
-281
-290
-294
-285
-270
-267
-276
-275
-260
-253
-263
-279
-283
-280
-279
-278
-273
-264
-249
-223
-183
-145
-122
-103
-74
-35
1
36
89
152
212
262
307
340
356
367
389
415
427
420
418
414
393
357
325
296
262
227
206
193
174
154
151
166
176
178
181
193
205
214
227
238
244
245
250
254
247
228
207
188
167
133
91
43
0
-36
-64
-91
-118
-139
-148
-152
-162
-176
-190
-197
-197
-191
-183
-180
-180
-173
-158
-140
-122
-103
-79
-52
-23
11
40
58
69
83
87
69
32
-10
-57
-115
-172
-224
-271
-317
-357
-380
-392
-401
-402
-384
-349
-308
-260
-205
-145
-89
-34
18
63
95
121
147
173
187
189
194
205
206
197
184
175
159
137
122
114
97
68
42
31
13
-23
-57
-77
-88
-102
-107
-91
-71
-55
-38
-7
27
47
63
90
118
130
130
128
124
114
98
86
80
72
62
53
46
42
41
44
48
51
48
37
25
16
4
-14
-35
-44
-42
-40
-46
-50
-44
-27
-8
11
31
41
42
41
43
38
19
-3
-20
-32
-51
-78
-103
-118
-125
-129
-127
-120
-108
-90
-63
-32
-4
18
43
68
84
86
80
73
66
56
45
34
20
8
0
-8
-18
-28
-29
-20
-6
10
28
46
63
77
89
95
93
84
70
57
41
24
7
-10
-24
-40
-58
-79
-100
-118
-132
-145
-150
-152
-149
-140
-126
-108
-89
-70
-50
-32
-14
2
15
25
33
37
41
43
45
47
50
52
54
55
54
53
54
55
56
52
43
33
19
2
-22
-50
-76
-97
-110
-117
-119
-116
-110
-98
-81
-60
-40
-15
20
61
101
136
166
191
207
219
223
218
204
180
152
122
89
51
12
-25
-59
-88
-115
-138
-154
-160
-159
-155
-144
-129
-110
-90
-68
-47
-26
-6
14
37
53
64
68
70
69
63
56
43
30
17
6
-3
-12
-21
-31
-38
-45
-52
-57
-62
-64
-61
-55
-49
-45
-36
-29
-20
-13
-8
-2
2
6
9
9
12
15
19
22
24
26
24
20
15
8
2
-6
-11
-13
-11
-10
-9
-6
-4
-2
1
4
11
21
33
47
63
79
96
114
129
143
153
164
171
174
173
166
152
131
104
72
35
-3
-41
-75
-102
-122
-135
-145
-152
-156
-156
-148
-132
-107
-81
-55
-35
-24
-24
-30
-39
-48
-58
-67
-78
-91
-107
-123
-133
-138
-132
-121
-103
-86
-70
-59
-52
-46
-42
-38
-32
-25
-17
-8
2
9
9
9
9
10
12
15
21
26
27
27
27
27
25
26
31
33
34
31
29
25
21
17
19
24
30
40
55
75
95
117
141
166
187
203
216
225
230
231
227
219
209
199
188
177
170
161
151
136
113
86
54
22
-8
-36
-61
-87
-115
-142
-166
-185
-198
-200
-192
-179
-161
-142
-122
-104
-90
-79
-71
-64
-61
-63
-67
-74
-86
-100
-114
-122
-125
-124
-122
-119
-117
-119
-123
-125
-127
-127
-125
-122
-121
-125
-132
-140
-147
-149
-145
-134
-118
-98
-77
-53
-31
-9
15
41
64
87
108
128
143
153
160
162
159
152
143
133
124
114
105
100
98
100
102
108
114
119
124
132
143
154
167
182
193
200
203
203
197
189
179
171
165
160
152
143
131
117
102
84
61
35
3
-32
-69
-105
-140
-171
-197
-218
-232
-239
-241
-239
-235
-226
-212
-194
-173
-151
-127
-102
-83
-68
-56
-45
-40
-35
-32
-28
-25
-25
-28
-35
-46
-61
-78
-94
-109
-123
-141
-160
-178
-194
-205
-209
-206
-197
-187
-176
-163
-148
-128
-103
-69
-30
12
51
89
126
159
189
219
245
268
286
295
298
293
282
265
245
225
203
181
161
142
126
114
103
94
88
84
80
75
70
63
57
47
36
28
20
16
18
24
28
31
30
28
24
18
11
1
-12
-29
-48
-70
-91
-114
-138
-157
-170
-176
-178
-174
-163
-147
-129
-108
-87
-67
-52
-44
-40
-43
-52
-61
-66
-70
-73
-74
-75
-75
-75
-72
-65
-52
-36
-17
2
19
27
27
21
8
-9
-30
-52
-72
-90
-104
-111
-112
-108
-94
-76
-53
-28
-2
25
51
74
97
116
131
144
152
154
149
141
132
126
123
123
128
135
143
148
153
153
150
144
138
128
113
97
79
61
40
17
-7
-31
-56
-79
-99
-114
-125
-133
-136
-139
-140
-140
-137
-132
-124
-112
-99
-85
-71
-56
-41
-28
-14
-2
11
19
24
27
26
22
17
14
9
1
-10
-21
-34
-46
-55
-59
-60
-59
-56
-49
-39
-27
-13
0
16
31
46
63
76
88
96
101
104
103
94
82
69
55
43
30
22
15
10
8
4
-2
-6
-10
-12
-14
-15
-15
-10
-6
-2
1
3
-1
-6
-11
-17
-22
-24
-19
-12
-2
10
22
30
38
40
39
33
22
10
-4
-18
-32
-49
-67
-87
-106
-125
-140
-152
-159
-157
-144
-126
-102
-76
-49
-21
4
26
45
60
71
78
77
73
63
49
35
20
6
-9
-21
-25
-24
-21
-13
-1
15
33
51
71
89
104
116
125
129
127
121
113
103
92
82
69
60
51
41
34
28
26
28
32
37
42
44
43
40
34
25
15
2
-9
-19
-29
-35
-38
-38
-37
-35
-34
-30
-29
-29
-31
-35
-44
-56
-72
-89
-106
-125
-142
-156
-167
-177
-183
-185
-182
-178
-170
-158
-143
-125
-106
-88
-70
-50
-33
-13
5
23
42
59
75
87
98
107
110
111
110
105
97
90
80
71
58
45
32
19
8
-1
-5
-6
-1
6
15
27
38
48
59
69
78
85
92
94
96
97
96
92
87
85
78
69
60
51
42
31
21
12
3
-3
-8
-12
-16
-16
-15
-15
-15
-14
-14
-11
-9
-5
-2
1
2
1
-2
-4
-9
-13
-18
-22
-24
-28
-31
-42
-52
-65
-78
-90
-100
-108
-112
-116
-115
-110
-104
-98
-90
-81
-72
-63
-53
-44
-34
-26
-17
-8
-1
5
9
12
17
20
24
30
37
44
51
56
58
60
62
62
61
60
59
58
55
52
49
45
42
38
34
30
26
22
22
20
20
22
22
23
22
19
12
6
-2
-8
-13
-17
-19
-20
-19
-21
-23
-24
-25
-24
-20
-14
-7
-1
5
10
13
13
10
8
6
4
0
-3
-4
-7
-10
-14
-18
-20
-21
-21
-21
-21
-21
-22
-23
-23
-19
-16
-11
-5
0
4
7
9
9
9
9
10
13
14
14
11
7
0
-6
-10
-12
-12
-10
-7
-5
-3
-1
-1
0
3
7
13
17
19
22
24
25
27
28
29
28
25
22
19
16
15
14
13
10
8
5
2
-2
-5
-8
-9
-10
-10
-13
-18
-23
-29
-33
-34
-35
-33
-32
-30
-29
-28
-27
-26
-23
-19
-15
-12
-9
-9
-8
-8
-10
-8
-7
-2
3
5
3
0
-5
-8
-11
-11
-11
-11
-10
-10
-11
-11
-9
-6
1
11
21
31
39
46
49
51
53
55
54
52
47
41
33
22
13
4
-3
-7
-10
-11
-12
-12
-11
-10
-9
-7
-4
1
4
5
5
4
1
-2
-4
-6
-7
-7
-6
-7
-6
-5
-5
-5
-4
-1
0
1
3
3
0
-1
-4
-7
-11
-17
-23
-28
-33
-36
-36
-35
-30
-24
-19
-14
-7
-4
1
6
7
8
8
7
6
5
2
-1
-3
-5
-6
-5
-4
-2
0
1
4
6
8
8
9
11
12
14
14
16
16
15
14
14
13
12
11
10
9
7
5
3
1
0
-3
-4
-5
-5
-6
-7
-4
-2
0
2
3
3
3
1
1
-2
-5
-8
-12
-16
-19
-19
-18
-15
-12
-9
-6
-5
-3
-2
-1
-1
-1
0
-1
-1
-2
-2
-2
-3
-5
-5
-6
-6
-5
-4
0
1
2
4
6
6
8
8
9
10
10
10
10
11
11
10
9
8
5
3
3
4
4
3
3
4
4
5
3
0
-2
-4
-6
-8
-8
-8
-7
-6
-6
-7
-7
-7
-6
-4
-2
0
2
4
6
7
7
7
6
4
3
2
1
-1
-2
-4
-5
-7
-8
-8
-8
-9
-12
-13
-14
-12
-11
-9
-8
-5
-2
1
4
7
7
8
8
10
10
11
13
13
12
11
9
6
1
-3
-7
-10
-14
-17
-17
-17
-16
-16
-14
-12
-10
-7
-5
-1
4
9
14
18
23
24
24
22
20
19
19
21
21
23
23
24
24
22
20
16
12
7
3
-1
-5
-10
-17
-21
-26
-29
-32
-35
-37
-37
-36
-34
-30
-24
-16
-8
-2
4
6
7
6
3
1
-1
-2
-3
-4
-4
-5
-6
-6
-8
-9
-10
-10
-7
-5
-5
-4
-3
-3
-3
-3
-4
-3
-2
0
1
5
7
10
11
10
12
13
14
15
15
15
14
15
15
13
11
10
9
8
7
6
6
6
4
3
4
6
6
5
4
3
1
-1
-3
-5
-6
-7
-5
-2
2
5
7
6
6
5
4
5
6
7
7
5
2
-1
-4
-7
-12
-16
-19
-21
-23
-25
-25
-24
-22
-21
-18
-15
-13
-9
-7
-6
-5
-4
-2
0
0
1
2
2
3
5
6
7
7
8
9
10
8
7
7
5
3
0
-1
-2
-1
0
1
2
3
3
3
5
5
8
10
13
16
16
16
16
15
14
10
8
5
4
4
5
6
5
5
2
1
-2
-4
-4
-5
-3
-2
0
-1
-1
0
1
0
0
-1
-2
-4
-5
-5
-6
-4
-3
-3
-3
-4
-7
-7
-7
-7
-7
-8
-9
-8
-8
-7
-6
-5
-3
-5
-4
-5
-3
-2
-3
-2
-1
0
-2
0
-1
2
2
2
3
2
2
1
2
2
3
3
2
4
4
3
1
2
2
3
4
4
3
4
3
2
0
-1
-3
-4
-5
-3
-3
-1
-1
2
5
7
7
9
11
11
10
9
8
9
8
7
6
4
3
2
1
0
-1
0
-1
-2
-3
-3
-3
-2
-2
-2
-2
-2
-3
-3
-4
-6
-6
-5
-5
-5
-5
-5
-4
-5
-5
-5
-7
-6
-5
-6
-6
-5
-5
-5
-4
-4
-5
-7
-8
-9
-9
-8
-8
-7
-5
-2
1
5
8
10
13
15
16
18
17
14
10
6
2
-3
-8
-12
-13
-14
-14
-13
-11
-7
-4
-2
0
3
4
5
6
6
5
3
1
0
-1
-3
-1
-1
2
3
6
7
9
12
13
13
13
13
12
10
9
6
2
-2
-5
-6
-5
-5
-5
-5
-5
-4
-4
-3
-3
-1
1
0
0
1
-1
-2
-2
-3
-3
-2
-1
0
-2
-2
-2
-2
-1
-1
-1
0
2
3
5
4
5
3
2
2
1
0
0
0
0
2
2
3
2
1
-1
-1
-3
-5
-7
-8
-9
-9
-10
-10
-11
-11
-10
-8
-8
-7
-5
-6
-6
-6
-8
-7
-6
-7
-7
-6
-6
-4
-3
-3
-2
-2
-1
1
1
2
4
5
5
3
3
5
6
6
7
8
9
9
9
11
12
12
12
13
13
12
13
11
11
10
10
8
6
4
2
1
0
-1
-1
-2
-2
-2
-2
-2
-2
-1
-1
1
1
3
4
4
4
2
2
0
0
0
-3
-5
-6
-7
-8
-8
-7
-7
-6
-6
-5
-4
-4
-5
-4
-3
-2
-2
-4
-5
-5
-7
-9
-10
-10
-10
-11
-12
-13
-13
-13
-12
-12
-11
-8
-6
-3
-2
0
-1
0
1
2
2
3
2
2
1
1
2
3
3
5
6
7
7
9
10
11
12
12
13
13
13
13
14
14
12
11
11
11
11
10
12
12
12
12
12
11
9
7
5
3
2
0
-3
-5
-6
-8
-11
-12
-14
-14
-14
-14
-13
-10
-8
-7
-6
-4
-5
-4
-5
-4
-5
-5
-5
-5
-5
-6
-5
-4
-3
-2
-3
-3
-4
-2
-1
-1
-2
0
0
-2
-3
-2
-1
-1
1
2
3
3
4
4
5
6
7
8
7
8
7
6
6
5
6
6
5
5
6
5
4
4
3
4
3
4
3
4
3
4
2
2
3
4
5
3
3
3
3
3
2
2
1
1
-1
-2
-3
-5
-6
-8
-10
-10
-10
-11
-11
-11
-13
-13
-13
-11
-10
-8
-7
-6
-7
-6
-5
-5
-6
-6
-5
-5
-7
-8
-7
-7
-7
-6
-5
-4
-3
-3
-2
-1
2
4
5
7
