3.77414 1.52394 0.469173 1.34099 1.67174 1.14584 1.02124 0.888449 0.462572 0.251752 0.154031 0.00362033 
4.01012 1.4195 0.110989 0.750476 1.67862 1.30403 1.21396 1.08681 0.746061 0.451351 0.30346 0.0138948 
4.04595 2.0133 0.266241 0.460478 1.19019 1.13823 1.25438 1.10365 0.832403 0.454137 0.25146 -0.0147222 
6.39689 2.13705 -0.324811 0.332928 1.11281 0.966235 2.29307 1.70507 0.408637 0.498808 0.150176 -0.0214314 
2.84614 2.02093 1.40773 0.940368 0.740705 0.776196 0.841304 0.760328 0.541242 0.259084 0.0341446 -0.0469151 
5.36916 3.07983 0.64401 -0.178996 0.66321 1.51645 1.70925 1.20624 0.625822 0.728498 -0.0977443 -0.123157 
6.10119 3.32185 1.04679 0.27711 0.708456 1.5274 1.88044 1.43067 0.559403 0.587933 -0.133813 -0.151848 
3.36526 2.55787 1.67238 0.894816 0.622226 0.912954 1.31413 1.26269 0.710956 0.0560105 -0.324916 -0.106924 
4.22626 3.1528 1.62198 0.475601 0.318792 0.888851 1.38636 1.33901 0.936676 0.342133 -0.41123 -0.177797 
3.98486 2.93677 1.44295 0.397246 0.298317 0.836649 1.27175 1.17452 0.680625 0.0951388 -0.393828 -0.164128 
4.42759 3.25344 1.40714 0.171607 0.202301 0.901253 1.30403 1.10511 0.623426 0.0872409 -0.400198 -0.17703 
3.77232 2.89184 1.45173 0.26904 0.0523316 0.607761 1.19988 1.15888 0.518894 -0.184052 -0.484534 -0.185296 
4.49381 3.2462 1.20184 -0.0546809 0.216535 1.06232 1.36891 0.986531 0.451097 -0.0487387 -0.549057 -0.216695 
3.85145 2.83727 1.39573 0.316436 0.217326 0.77188 1.20377 1.05834 0.439554 -0.224075 -0.582398 -0.202126 
3.9005 2.81372 1.35061 0.353813 0.274668 0.737415 1.05652 0.927975 0.442346 -0.174316 -0.581903 -0.19938 
4.12365 3.18821 1.47537 0.158103 0.0515016 0.736609 1.25375 1.05713 0.390246 -0.231201 -0.545361 -0.214194 
4.21451 2.8768 1.12984 0.0780316 0.316755 1.07263 1.28588 0.828786 0.244622 -0.177004 -0.564423 -0.201895 
4.15844 2.93401 1.21686 0.129653 0.246299 0.935477 1.2679 0.997623 0.413413 -0.133903 -0.540803 -0.200905 
4.00287 2.82947 1.2086 0.154862 0.24471 0.933818 1.29918 1.03907 0.444345 -0.123349 -0.491161 -0.182063 
4.21676 2.94512 1.02852 -0.0802 0.266117 1.14365 1.40814 1.0559 0.616273 0.100515 -0.505348 -0.199578 
4.49741 2.81907 0.845417 -0.108136 0.340977 1.29826 1.58446 1.10613 0.60426 0.22918 -0.383094 -0.17523 
5.40688 3.36212 0.652734 -0.431172 0.578909 1.95063 2.04653 1.08336 0.49413 0.386242 -0.297435 -0.15327 
3.52262 2.60983 1.3614 0.38491 0.217817 0.701739 1.26936 1.36302 0.852526 0.119198 -0.334726 -0.149441 
4.06949 2.72884 1.05655 0.230772 0.592594 1.31069 1.5152 1.321 0.932283 0.406146 -0.356692 -0.159748 
4.24763 3.03406 1.21155 0.110034 0.396632 1.28353 1.67354 1.35093 0.897774 0.422604 -0.250159 -0.131718 
4.29492 2.86406 1.11089 0.328562 0.747337 1.49892 1.72577 1.29405 0.822105 0.393831 -0.257308 -0.119461 
3.29798 2.53073 1.59973 0.884655 0.767975 1.05447 1.19536 0.956035 0.535609 0.193946 -0.0319049 -0.0512938 
6.12034 3.62988 0.702519 0.0189027 0.979377 2.01229 2.26559 1.36459 0.726814 0.474646 -0.0460579 -0.0756088 
3.40683 2.72012 1.8493 1.04004 0.716361 0.926295 1.27322 1.29877 0.839252 0.301375 -0.0252252 -0.0395854 
3.60883 2.98301 2.13513 1.31169 0.791125 0.677923 0.987638 1.22979 1.06507 0.515884 -0.0414571 -0.0239541 
5.5591 3.75583 1.53195 0.918395 1.20457 1.24193 1.57102 1.43902 1.09171 0.638482 0.00438972 -0.0692372 
5.71211 3.71326 1.62047 0.868771 1.18871 1.58431 2.08026 1.47045 0.284886 0.633469 -0.0245206 -0.0416381 
2.99295 2.40538 1.95632 1.61491 1.40994 1.24702 1.02213 0.688337 0.332042 0.0580492 -0.0811208 -0.0238367 
3.60571 2.8331 1.9979 1.3967 1.3526 1.45154 1.38153 0.919602 0.392901 0.13356 -0.0733512 -0.0194618 
5.21513 3.17907 1.56756 1.56618 1.72525 1.57479 1.73911 1.20893 0.33833 0.382707 -0.060393 -0.0360738 
5.12819 3.38118 1.29789 1.41777 1.95707 1.48203 1.70265 0.8012 0.574967 0.407256 -0.0422451 -0.0362694 
4.13775 2.93228 1.6185 1.40333 1.45705 1.54468 1.42064 1.19715 0.712113 0.402803 0.028165 0.00325235 
3.29923 2.5372 1.77729 1.36847 1.48778 1.60477 1.45134 0.939197 0.445577 0.205631 0.00840436 0.015401 
5.43348 2.73829 0.914693 1.31712 2.21136 0.838217 1.61646 1.50771 0.577643 0.0808046 -0.000981774 0.0424725 
3.95832 2.58657 1.51076 1.5427 1.69789 1.44539 1.50107 1.36376 0.6103 0.143779 0.0781356 0.0252007 
3.75235 2.71399 1.66533 1.39812 1.33089 1.04644 1.62868 1.17716 0.711578 0.180448 0.0427282 0.00193632 
3.29112 2.14668 1.48223 1.47682 1.50656 1.13696 1.15759 1.14935 0.749616 0.312233 0.0616055 0.00448701 
5.03954 2.44634 0.230338 1.33438 2.20467 0.170285 1.75252 1.13731 0.75543 0.368748 0.0396991 0.0303438 
3.76136 2.26359 1.04795 1.05441 1.40274 0.766883 0.745365 0.872773 0.823003 0.383535 -0.101012 -0.055251 
4.0788 2.2846 1.08315 1.28037 1.44425 1.09588 1.16382 1.14667 0.678006 0.14365 0.0802622 -0.00160841 
4.02934 2.43138 1.16334 1.46333 1.66807 1.02037 1.12328 1.18547 0.897317 0.114632 -0.0249813 -0.0237872 
4.93981 2.30213 0.577947 1.56815 1.99371 1.01938 1.6269 1.28204 0.636518 0.0541912 0.017751 0.0218709 
5.47487 1.97549 0.335615 1.29104 2.16857 0.992921 2.14387 1.70239 0.384873 0.310106 0.050766 0.0258196 
3.28649 2.25105 1.36492 1.08091 1.24774 1.5176 1.74366 1.46539 0.832514 0.259366 0.000812531 -0.0150313 
3.14194 2.31668 1.62004 1.16127 1.0691 1.46076 1.68021 1.19189 0.583345 0.244309 0.0573453 -0.00787594 
3.41424 2.36718 1.37119 1.00849 1.14889 1.47237 1.64088 1.45931 0.903621 0.373225 0.0848984 -0.0106907 
3.98414 2.54925 1.08735 0.649656 1.04884 1.74803 2.01029 1.55881 0.832696 0.476689 0.0864099 -0.00792091 
3.22825 2.29806 1.39087 0.906304 0.956241 1.45824 1.89052 1.67079 0.978048 0.322873 -0.0229233 -0.037195 
3.34838 2.23683 1.1367 0.749491 1.27826 1.97706 2.11884 1.61816 0.914477 0.289379 -0.12154 -0.0389609 
3.10854 2.15242 1.41421 1.08416 1.18991 1.62167 1.94411 1.54338 0.690693 0.128215 -0.0599229 -0.0249161 
3.94919 2.6682 1.39696 0.691142 0.664926 1.53071 2.48671 2.05289 0.840819 0.166553 -0.148304 -0.0729743 
3.50413 2.51741 1.49784 0.881177 1.01418 1.68999 2.16641 1.80372 0.945073 0.220606 -0.214827 -0.0549063 
5.73044 2.3491 0.311308 1.44384 1.7892 1.91241 3.17657 2.34217 0.273941 0.621042 -0.0822988 -0.081089 
3.56331 2.27875 0.972509 0.533441 1.09282 1.98734 2.29207 1.82622 1.04145 0.347982 -0.218531 -0.0648202 
4.79668 2.70133 0.603841 0.35783 1.09357 2.01014 2.57637 2.01843 1.01263 0.406662 -0.246012 -0.110757 
4.11117 2.32479 0.751686 0.38106 0.957492 1.95617 2.51702 2.08276 1.0728 0.291788 -0.322411 -0.119011 
6.24914 2.63214 -0.336006 0.163139 1.16399 1.99455 2.95311 2.43527 0.41141 0.143945 -0.269734 -0.108765 
6.79157 2.78162 -0.819749 -0.154175 1.07789 1.81335 3.35687 2.8043 0.0947298 -0.0540204 -0.316674 -0.0746362 
5.08579 2.74064 0.135911 -0.64137 0.433597 2.11856 2.79379 1.89782 0.515271 0.028861 -0.295293 -0.110673 
5.27549 2.9035 0.152902 -0.681172 0.423366 2.01109 2.70012 1.80372 0.38475 -0.0607406 -0.29089 -0.0980912 
6.00495 3.11348 0.0868021 -0.914033 -0.00382437 1.76376 2.75709 1.83407 0.234545 0.0240524 -0.258023 -0.0931734 
4.8496 3.0627 0.632327 -0.606201 -0.0183498 1.36787 2.14888 1.66154 0.502552 -0.105335 -0.175927 -0.0979302 
4.43656 2.99171 0.928929 -0.403623 -0.155608 1.06127 1.84065 1.47469 0.477585 -0.0773243 -0.0328032 -0.0820315 
3.92796 2.91938 1.32088 0.0378436 -0.0547586 0.736636 1.31171 1.06199 0.444442 0.0831985 0.106982 -0.0653796 
3.79353 2.89496 1.54236 0.381537 0.0795679 0.481805 0.843797 0.70344 0.312741 0.141168 0.203947 -0.0379988 
4.2907 3.28376 1.62584 0.235458 -0.205849 0.108178 0.584206 0.62526 0.248053 0.0699751 0.271112 0.00104573 
4.72559 3.51997 1.56955 -0.028786 -0.44754 0.119559 0.704036 0.655201 0.155883 -0.0556272 0.209306 0.00750734 
3.73896 2.90863 1.69165 0.640797 0.2765 0.43854 0.540379 0.290006 -0.0398763 -0.0277768 0.275958 -0.0184307 
3.34887 2.65856 1.79465 0.994046 0.577479 0.46687 0.351778 0.103265 -0.0723007 0.0317178 0.257205 -0.0417674 
3.40738 2.75405 1.92691 1.18086 0.783967 0.646982 0.477623 0.146036 -0.138586 -0.0864252 0.18523 -0.0470228 
4.51206 3.53773 2.0288 0.782118 0.37584 0.557152 0.593352 0.0912122 -0.437835 -0.420519 0.105418 -0.00650332 
3.33933 2.84229 2.30311 1.63376 0.940282 0.319342 -0.161318 -0.378179 -0.345522 -0.0871686 0.195071 -0.0493209 
3.39723 3.04929 2.63044 1.96046 1.15693 0.335335 -0.336987 -0.661636 -0.561324 -0.18571 0.163215 -0.0610826 
3.6259 3.17859 2.53984 1.71788 0.88025 0.14627 -0.333485 -0.534693 -0.499834 -0.193923 0.168953 -0.0353551 
3.65223 3.20424 2.66557 1.91144 0.983516 0.0932712 -0.455245 -0.610459 -0.492665 -0.188528 0.138307 -0.0383869 
3.22953 2.82513 2.41891 1.7773 0.986997 0.307729 -0.116116 -0.267844 -0.249134 -0.0932196 0.0874683 -0.0672694 
3.65232 3.2737 2.74835 2.02256 1.18923 0.37102 -0.267417 -0.612514 -0.633674 -0.327591 0.0877278 -0.0646325 
3.64191 3.13497 2.57255 1.98708 1.31705 0.567888 -0.0533946 -0.413963 -0.46736 -0.266599 0.0255845 -0.0699562 
3.35907 2.86544 2.37357 1.73874 1.06462 0.502834 0.0777839 -0.210457 -0.276742 -0.165411 -0.01609 -0.0740278 
3.30291 2.84124 2.39692 1.83416 1.18181 0.507549 -0.0517959 -0.398208 -0.454622 -0.259828 -0.00813976 -0.084178 
4.26145 3.81567 3.21397 2.5647 1.80771 0.78563 -0.291751 -0.98268 -1.05315 -0.634096 -0.111417 -0.107794 
3.60586 3.32157 2.98937 2.43915 1.63064 0.622842 -0.282379 -0.771309 -0.722571 -0.393415 -0.0146666 -0.100996 
3.94029 3.42847 2.84136 2.16697 1.47773 0.707541 -0.0766232 -0.606184 -0.673446 -0.390904 -0.022724 -0.0739264 
3.08763 2.58565 2.1894 1.70148 1.1287 0.585458 0.180811 -0.0369433 -0.135141 -0.156971 -0.0949558 -0.0848115 
3.5724 3.19032 2.75754 2.11248 1.38324 0.741128 0.289839 -0.0784093 -0.279153 -0.258834 -0.139896 -0.0856918 
3.11149 2.65946 2.32794 1.88004 1.34809 0.783397 0.281881 -0.0967888 -0.276257 -0.25449 -0.1425 -0.0910772 
4.73153 4.05614 3.30726 2.75102 1.94564 0.913927 0.158174 -0.101574 -0.254 -0.366515 -0.203278 -0.0984112 
3.56864 3.24285 2.86668 2.31034 1.65733 0.974719 0.365277 -0.080177 -0.268741 -0.262359 -0.141096 -0.0913439 
3.55006 3.09196 2.72206 2.27405 1.59597 0.857249 0.261012 -0.0688146 -0.237209 -0.251772 -0.124536 -0.0860085 
3.14954 2.7073 2.40926 1.9935 1.43193 0.812653 0.299722 -0.00958312 -0.171895 -0.207409 -0.141861 -0.0884456 
4.1689 3.72491 3.0452 2.3795 1.69096 0.942214 0.263905 -0.125503 -0.248418 -0.270084 -0.170414 -0.0880258 
3.15623 2.71907 2.3884 1.95985 1.42124 0.826835 0.330782 0.000875589 -0.168017 -0.234926 -0.204031 -0.090224 
4.20019 3.81884 3.33764 2.75556 1.99684 1.03391 0.306816 -0.0225355 -0.212407 -0.296617 -0.17519 -0.0936376 
3.59643 3.31921 2.99751 2.48078 1.8145 1.04866 0.358401 -0.12335 -0.329525 -0.269822 -0.127831 -0.0927838 
4.06185 3.67928 3.11718 2.52055 1.81408 0.965121 0.250494 -0.0833452 -0.134864 -0.189149 -0.166709 -0.0826347 
3.13285 2.71628 2.39513 1.95753 1.45874 0.916529 0.389048 0.00802547 -0.170045 -0.184172 -0.132542 -0.0840115 
4.88831 4.28141 3.52393 2.93114 2.19419 1.07713 0.0745126 -0.32826 -0.329767 -0.306556 -0.222896 -0.103346 
3.28484 2.91914 2.66259 2.30661 1.78267 1.11256 0.477896 0.0694776 -0.128289 -0.206473 -0.156849 -0.0834324 
4.42368 3.85938 3.19341 2.492 1.69296 0.874549 0.14967 -0.191779 -0.369806 -0.341667 -0.14166 -0.0820568 
3.27542 2.8538 2.52576 2.07931 1.46199 0.786349 0.270598 -0.0281446 -0.128857 -0.13133 -0.0805663 -0.0739723 
3.16606 2.74121 2.37127 1.89206 1.37629 0.86429 0.41886 0.0798577 -0.108393 -0.160048 -0.125109 -0.0816421 
3.17411 2.79097 2.47022 1.96704 1.40282 0.882564 0.429042 0.0858669 -0.109681 -0.136869 -0.0807981 -0.0780383 
4.05889 3.57039 2.93412 2.29834 1.84208 1.29873 0.587868 0.0313267 -0.198886 -0.201163 -0.092545 -0.0708734 
3.34986 2.88724 2.48857 2.0026 1.47269 1.01789 0.646878 0.309366 0.0394072 -0.0958896 -0.0929232 -0.0651123 
3.04605 2.58665 2.24949 1.85281 1.41502 0.972023 0.607043 0.325613 0.123426 -0.0167851 -0.068917 -0.0635579 
3.11963 2.60507 2.21165 1.8001 1.40497 1.03765 0.680352 0.351434 0.102212 -0.0133239 -0.0340594 -0.058211 
3.14764 2.70844 2.37418 1.95467 1.4772 1.02262 0.660086 0.396048 0.175325 0.00377148 -0.0491898 -0.0540969 
3.19947 2.73895 2.40621 2.03035 1.57514 1.0265 0.521477 0.191542 0.0659665 0.0436641 0.0410026 -0.0446304 
5.17026 3.78343 2.70443 2.01488 1.52203 1.09344 0.886958 0.587336 0.111578 -0.0815157 -0.0215551 -0.0266316 
3.44324 2.9509 2.51484 2.06247 1.60856 1.15109 0.769631 0.489374 0.23818 0.0782344 0.0223532 -0.0289014 
3.10225 2.62895 2.26445 1.88462 1.50174 1.13086 0.786134 0.497645 0.274547 0.110911 0.0393598 -0.032078 
3.20109 2.77391 2.47164 2.10957 1.7122 1.308 0.95954 0.624976 0.316649 0.0813918 -0.0398196 -0.0280458 
4.49077 3.67143 2.70039 2.13803 1.9769 1.62808 1.09341 0.63762 0.414159 0.201114 -0.0396893 -0.0262978 
3.42178 2.95058 2.41297 1.88499 1.52305 1.20078 0.90952 0.686103 0.495541 0.221284 -0.0236546 -0.0199148 
3.16518 2.69891 2.29541 1.84751 1.43711 1.07398 0.787383 0.608487 0.437166 0.246367 0.0590039 -0.0120907 
6.83714 3.77367 1.89422 2.42304 2.38489 0.555542 0.370581 0.495905 0.827694 0.326738 0.027666 -0.0204654 
3.72263 3.35543 2.79835 2.08561 1.46275 1.03162 0.775003 0.585594 0.379238 0.195015 0.0704553 -0.000869103 
3.19458 2.65137 2.21607 1.85019 1.466 1.06443 0.696912 0.475169 0.365859 0.286455 0.1676 -0.00484443 
2.94826 2.38501 1.98536 1.7115 1.54877 1.37349 1.06838 0.658577 0.263346 0.0132785 -0.0592305 -0.0247515 
6.32108 3.58404 1.6157 1.81538 1.89222 1.13623 1.1107 0.972696 0.445057 0.292776 0.0281813 -0.0195403 
3.30736 2.74744 2.27475 1.91096 1.5796 1.1881 0.834625 0.60769 0.404499 0.176551 0.0104289 -0.0146125 
3.81089 3.13392 2.66032 2.29466 1.76419 1.15804 0.877141 0.762146 0.538341 0.2566 -0.0347156 -0.0117621 
4.02739 3.14126 2.34123 2.05174 1.80734 1.4076 1.07082 0.749938 0.522591 0.26537 0.0204245 -0.00477864 
3.98442 3.05156 2.2158 2.00123 1.85982 1.32368 0.816595 0.527081 0.440439 0.295683 0.125847 0.0150631 
2.9458 2.41131 2.04744 1.77392 1.55003 1.27664 0.954993 0.637336 0.451076 0.294809 0.13586 0.00388249 
3.55991 2.94688 2.40362 2.01031 1.71882 1.41023 1.17751 0.917722 0.674277 0.373305 0.0744155 0.0204108 
4.80044 3.39524 2.10266 1.77691 2.06839 1.63774 1.13006 0.748625 0.637764 0.456602 0.102496 0.0136976 
3.71633 2.91033 2.24838 2.1113 2.081 1.76519 1.37041 0.912782 0.536047 0.272769 0.110977 0.0261233 
3.29037 2.62281 2.11182 1.89913 1.74807 1.38282 1.00968 0.825032 0.62352 0.37435 0.158651 0.0321496 
4.11963 2.82663 1.84595 1.96555 2.09275 1.70027 1.28727 1.05222 0.735111 0.354017 0.064257 0.0151605 
5.59925 2.78035 1.29815 2.23182 2.35615 1.17375 1.02742 1.31674 0.81872 0.312759 0.102006 0.0414516 
3.89769 2.63844 1.68312 1.62743 1.51847 1.06055 0.922176 1.04716 0.800065 0.5016 0.334034 0.065092 
4.36692 2.96578 1.86258 1.7491 1.60743 1.29408 1.38291 1.25805 0.65493 0.264357 0.182929 0.0434112 
4.69379 3.04738 1.57327 1.49708 1.50871 1.17761 1.40203 1.13268 0.526581 0.153062 0.267216 0.078411 
6.08133 2.65003 0.897371 1.91427 1.98607 1.04532 1.64272 1.23288 0.225129 -0.0194791 0.118087 0.0921225 
3.87388 2.92241 1.92681 1.67823 1.69402 1.81593 1.60579 0.885507 0.369526 0.182208 0.148509 0.0329151 
3.32122 2.52377 1.90512 1.70663 1.63063 1.51499 1.30053 0.832308 0.444754 0.245535 0.182864 0.0280587 
4.35902 2.68731 1.47226 1.93592 2.61116 2.20805 1.53447 0.968756 0.536932 0.257014 0.110326 0.0387956 
3.93745 2.38233 1.46431 2.07842 2.69558 2.43899 1.52277 0.819877 0.482437 0.287223 0.173333 0.0579723 
4.51842 2.65716 1.39619 1.99615 2.94264 2.41341 1.41003 0.65446 0.237671 0.283499 0.264356 0.0824479 
3.18203 2.20519 1.6727 1.74239 1.97347 1.85843 1.40293 0.903244 0.464266 0.320289 0.260002 0.0500327 
5.8243 2.19835 0.164472 2.2869 3.06292 1.74609 1.15355 1.2125 0.326468 -0.0398195 0.111608 0.130422 
3.77255 2.52535 1.52889 1.54019 1.99019 1.98112 1.505 0.996423 0.39787 0.0561123 0.244753 0.0584518 
3.98459 2.30443 1.19563 1.66884 2.42579 2.01024 1.57656 1.01765 0.339342 0.00316486 0.267288 0.0821584 
3.76138 2.45803 1.3272 1.33631 1.6486 1.65647 1.46954 0.907464 0.420958 0.282949 0.313206 0.063351 
5.50408 2.49308 0.494394 1.83146 2.50206 1.4122 1.28586 0.922821 0.127156 0.193667 0.250047 0.122574 
4.15741 2.29976 1.10739 1.38428 1.87463 1.78823 1.26978 0.582085 0.326858 0.294047 0.295255 0.0739472 
3.84607 2.33855 1.3758 1.38957 1.60081 1.41821 1.17032 0.585179 0.228947 0.258694 0.271414 0.0650095 