22.5254
18.445
11.9164
6.61193
5.79586
9.87623
18.445
25.3816
27.0138
23.7495
20.4852
14.3646
0.899417
-8.48543
-4.8131
10.2843
16.4048
9.06015
4.16371
7.42801
12.7325
9.46819
8.65212
15.1807
19.6691
13.5486
-1.5488
-21.5426
-37.048
-41.5364
-37.048
-35.8239
-42.7605
-36.64
-19.0944
-6.44525
-12.5658
-20.7265
-17.8703
-12.1578
-10.1176
-7.26132
-1.95684
-3.99702
-11.3417
-18.6864
-23.1748
-23.5828
-24.8069
-26.4391
-28.8873
-25.2149
-15.8301
-15.4221
-23.1748
-27.6632
-19.9105
-9.70954
-9.3015
-15.4221
-18.2783
-12.9738
-6.44525
-11.3417
-19.5024
-22.3587
-14.1979
-8.07739
-3.18095
4.97979
11.9164
11.5084
2.53156
-3.58899
-1.5488
4.97979
10.2843
13.5486
6.61193
-7.26132
-17.0542
-14.1979
-2.77291
2.53156
0.0833437
-4.8131
-6.03721
-3.58899
0.491381
-0.324693
0.899417
8.65212
23.3414
28.2379
25.3816
23.7495
27.4218
29.054
20.4852
9.46819
5.79586
15.1807
25.7897
28.6459
26.1977
23.7495
21.7093
15.9968
8.24408
1.71549
-1.5488
-0.73273
-7.26132
-17.8703
-26.8471
-26.031
-15.014
-1.5488
5.79586
3.75568
2.12353
6.2039
9.06015
-2.36488
-10.1176
-2.36488
10.2843
9.06015
-5.62917
-10.5256
-5.22114
-2.36488
-9.3015
-16.2381
-14.606
-11.7497
-10.9337
-6.03721
4.57175
11.9164
10.6923
5.79586
2.12353
2.53156
4.57175
4.16371
-0.324693
2.12353
9.46819
11.5084
6.2039
4.97979
15.1807
22.5254
18.445
11.1003
8.65212
6.61193
4.97979
5.79586
9.06015
8.24408
7.83604
4.97979
-5.22114
-19.5024
-21.5426
-10.9337
-1.5488
-0.324693
-2.36488
-3.99702
-6.44525
-6.03721
-6.44525
-9.3015
-17.0542
-20.7265
-19.5024
-13.3819
-8.48543
-4.8131
1.71549
6.2039
5.79586
1.71549
-1.95684
-12.5658
-21.5426
-18.2783
-3.99702
2.9396
-1.95684
-6.44525
-6.85328
-5.62917
-11.3417
-17.0542
-16.6462
-9.3015
-1.5488
-2.77291
-3.58899
4.16371
6.61193
-4.40506
-15.4221
-13.3819
-6.44525
-4.8131
-1.5488
-0.73273
-1.5488
-3.58899
0.899417
1.71549
-4.8131
-10.9337
-12.1578
-11.7497
-18.6864
-19.5024
-13.3819
-9.3015
-11.3417
-9.70954
-1.5488
4.57175
0.0833437
-5.62917
-6.03721
-5.22114
-2.36488
0.0833437
4.16371
6.2039
7.42801
2.9396
-3.99702
-7.26132
-2.77291
0.899417
-0.324693
-8.89347
-15.014
-11.3417
-0.73273
2.9396
-1.14077
-0.73273
1.30745
-3.18095
-8.07739
-3.18095
0.899417
-6.03721
-12.9738
-9.3015
-7.26132
-11.7497
-15.014
-4.8131
7.42801
9.87623
2.12353
-0.73273
6.2039
12.3244
11.5084
5.79586
3.75568
10.2843
19.6691
29.462
31.9102
27.0138
20.4852
15.5887
13.5486
7.01997
1.30745
-1.14077
1.71549
0.899417
-5.22114
-9.3015
-5.62917
-0.73273
-2.77291
-7.66936
-7.66936
0.0833437
6.2039
10.6923
11.5084
9.46819
0.0833437
-6.85328
-7.66936
-3.58899
-1.95684
-9.70954
-14.606
-15.4221
-14.1979
-14.1979
-12.1578
-4.8131
-1.95684
-2.77291
-0.73273
5.38782
8.24408
4.97979
5.38782
13.9566
24.1575
27.0138
21.7093
15.5887
8.24408
-0.73273
-8.89347
-8.48543
0.491381
2.53156
4.97979
14.3646
18.853
4.97979
-14.606
-12.9738
-7.66936
-22.3587
-37.8641
-31.7435
-14.606
-14.606
-23.9908
-21.9506
-16.6462
-15.014
-14.1979
-11.3417
-9.70954
-11.3417
-9.70954
-7.66936
-11.7497
-16.6462
-20.7265
-18.2783
-9.3015
-1.14077
4.97979
2.9396
-2.36488
-10.9337
-20.3185
-18.2783
-7.26132
2.53156
4.97979
5.79586
11.9164
17.6289
21.3013
25.7897
32.3183
37.2147
37.6227
35.9906
32.7263
31.5022
30.2781
29.054
25.7897
17.2209
9.46819
0.491381
-7.66936
-18.2783
-25.2149
-26.4391
-28.4792
-26.8471
-25.2149
-27.2551
-29.7033
-30.9275
-25.623
-25.2149
-29.2953
-32.5596
-31.7435
-21.1346
-6.03721
9.46819
20.4852
22.9334
13.1405
-1.95684
-4.8131
4.16371
13.1405
13.5486
12.7325
15.1807
15.5887
17.2209
16.4048
8.65212
-3.99702
-12.1578
-13.7899
-17.0542
-18.6864
-16.6462
-13.3819
-12.5658
-9.70954
-1.14077
9.46819
14.3646
13.1405
9.87623
7.01997
9.46819
11.5084
9.46819
0.899417
-7.26132
-7.26132
-5.62917
-5.22114
-3.99702
-1.95684
-2.77291
-6.85328
-5.22114
-1.14077
-1.5488
-3.18095
1.71549
10.6923
10.2843
6.2039
2.53156
2.53156
7.01997
7.42801
3.34764
-9.3015
-14.606
-8.89347
-1.5488
1.30745
-0.73273
-1.5488
-5.22114
-11.3417
-17.0542
-20.3185
-21.1346
-17.8703
-13.3819
-16.2381
-24.3989
-27.6632
-20.7265
-8.48543
-0.324693
0.0833437
-6.44525
-10.9337
-8.89347
-6.85328
-9.70954
-18.6864
-21.9506
-19.9105
-16.2381
-15.8301
-18.2783
-14.1979
-10.5256
-10.9337
-19.5024
-24.3989
-21.5426
-16.2381
-8.89347
-10.5256
-15.4221
-17.0542
-8.89347
2.12353
4.16371
1.71549
2.53156
4.57175
-3.18095
-11.7497
-6.85328
6.61193
12.7325
10.2843
10.2843
18.445
24.9736
25.7897
22.1173
17.2209
13.1405
8.65212
10.2843
19.2611
23.3414
20.8932
15.9968
18.853
27.8298
32.7263
32.7263
29.054
29.054
33.1343
33.9504
32.3183
33.1343
46.5995
68.2255
84.1389
87.4032
85.363
85.7711
84.955
78.4264
71.0818
69.0416
67.4094
59.6567
48.2317
40.479
33.9504
25.3816
15.9968
18.445
28.2379
38.4388
35.5825
26.6057
19.2611
5.79586
-11.7497
-32.5596
-54.5936
-90.0928
-140.281
-183.941
-211.688
-224.337
-230.049
-237.802
-242.291
-237.394
-219.032
-192.102
-166.396
-146.402
-133.345
-119.471
-98.2535
-77.8517
-60.7141
-43.1686
-25.623
-12.1578
-4.40506
4.57175
15.9968
22.1173
18.445
0.899417
-21.5426
-37.8641
-46.4329
-50.9213
-59.082
-63.5704
-59.082
-49.2891
-38.2721
-34.1918
-27.2551
-9.3015
20.0771
52.3121
73.938
85.363
100.46
132.287
171.867
200.837
212.262
225.728
245.313
264.899
278.773
293.462
311.415
324.473
327.329
331.001
343.242
357.524
355.483
335.898
313.456
293.054
279.589
258.779
230.216
197.165
165.338
144.12
135.144
130.655
113.518
67.8175
-5.62917
-98.6616
-210.056
-330.018
-446.309
-547.094
-624.213
-677.258
-699.7
-686.643
-643.391
-583.817
-516.899
-436.108
-340.219
-247.187
-172.516
-113.351
-57.8579
-0.324693
53.1281
103.725
157.178
206.958
237.153
246.538
245.313
233.888
193.085
124.127
40.479
-58.2659
-179.453
-312.881
-427.539
-511.187
-568.72
-600.955
-593.202
-546.686
-474.463
-385.919
-295.335
-208.423
-128.04
-43.1686
53.9442
161.258
278.364
388.534
479.119
550.117
613.363
667.632
687.217
662.735
602.346
519.922
418.321
306.927
204.918
121.27
53.1281
4.16371
-26.8471
-39.9043
-34.1918
-0.73273
56.3924
120.046
180.028
235.113
286.117
333.857
391.391
458.717
524.411
587.248
650.086
700.275
719.044
711.292
691.298
645.598
542.364
364.052
111.885
-199.447
-541.382
-873.932
-1156.29
-1377.45
-1532.09
-1612.89
-1596.56
-1473.34
-1264.42
-1015.11
-756.009
-498.13
-243.515
-6.03721
202.062
379.966
521.554
623.972
688.033
729.245
755.36
757.4
713.332
613.771
461.573
264.083
27.8298
-233.722
-503.026
-762.946
-990.63
-1158.74
-1239.12
-1213.42
-1086.11
-882.908
-622.581
-321.858
2.53156
308.559
557.462
736.998
846.76
888.788
861.857
781.474
673.344
556.238
431.786
296.318
168.603
70.6737
-1.14077
-70.099
-145.586
-201.895
-216.992
-188.022
-127.632
-59.8981
7.83604
78.0184
151.873
221.647
273.468
306.519
315.904
302.847
292.238
315.496
376.701
455.044
531.755
608.058
688.85
761.48
810.444
820.645
792.491
736.59
662.735
584.8
501.969
409.752
279.997
71.4898
-226.377
-587.898
-969.412
-1339.5
-1660.63
-1885.05
-1993.58
-1995.22
-1887.09
-1643.08
-1258.71
-798.445
-349.604
47.4156
400.367
707.211
940.608
1082.61
1145.03
1142.18
1069.55
938.568
789.227
637.845
450.556
201.246
-83.9722
-368.374
-651.551
-937.585
-1197.5
-1381.12
-1466.81
-1451.71
-1332.16
-1097.54
-750.704
-336.955
92.7077
510.537
891.644
1185.43
1346.2
1373.54
1298.46
1134.83
894.908
609.69
317.128
42.5192
-211.28
-418.97
-561.783
-631.966
-649.103
-622.581
-534.445
-386.328
-200.671
2.53156
215.935
429.338
608.874
726.797
770.049
743.526
663.143
547.261
420.769
301.215
204.51
147.385
146.977
207.366
315.904
457.901
607.65
729.245
801.06
819.421
799.836
752.911
680.689
597.857
520.33
472.59
455.452
415.465
260.411
-87.2365
-610.34
-1208.93
-1766.31
-2197.6
-2453.03
-2522.81
-2427.74
-2163.74
-1699.39
-1045.72
-333.283
290.606
765.968
1116.47
1348.65
1447.8
1425.36
1307.43
1104.64
823.91
539.1
315.088
127.799
-119.879
-460.998
-837.616
-1183.22
-1472.52
-1689.19
-1809.15
-1807.11
-1650.43
-1307.27
-772.738
-130.488
499.112
1029.97
1442.9
1728.94
1855.02
1801.97
1575.11
1211.95
784.33
380.374
33.9504
-285.542
-591.978
-829.456
-936.769
-938.809
-887.397
-799.669
-665.017
-492.417
-279.83
13.9566
397.103
788.002
1079.34
1226.23
1248.68
1174.82
1003.45
739.446
410.568
74.7541
-201.079
-368.374
-400.201
-301.864
-121.512
87.8113
300.806
501.561
674.16
767.601
758.624
668.04
561.542
497.072
466.469
422.81
368.541
372.213
476.262
623.156
646.414
422.401
-90.5008
-811.094
-1582.69
-2238.81
-2632.16
-2711.73
-2519.95
-2122.52
-1530.46
-740.504
142.08
895.316
1364.15
1544.09
1509.82
1332.32
1064.24
775.353
497.072
209.814
-56.6338
-225.969
-293.295
-364.702
-557.295
-879.236
-1245.25
-1555.35
-1716.12
-1684.7
-1479.05
-1119.98
-589.938
105.357
853.696
1458.82
1810.13
1921.12
1839.11
1584.9
1186.65
715.372
227.768
-228.417
-575.249
-742.136
-751.929
-700.924
-648.287
-586.674
-484.664
-346.748
-206.383
-87.2365
19.6691
160.442
376.701
661.511
956.114
1145.44
1153.2
968.355
651.718
284.485
-72.9552
-378.167
-598.915
-691.947
-611.564
-347.972
40.071
433.01
735.366
923.879
1017.73
1026.3
932.039
762.704
565.622
399.143
317.536
338.346
434.235
535.836
602.346
634.581
555.83
183.292
-575.657
-1577.8
-2547.29
-3240.55
-3463.74
-3118.13
-2279.62
-1228.52
-173.332
850.024
1768.11
2365.06
2442.59
2093.72
1543.69
902.253
268.572
-182.717
-380.207
-463.855
-573.208
-625.845
-575.657
-609.932
-887.397
-1308.49
-1670.01
-1882.19
-1860.16
-1466.4
-705.82
194.717
1045.07
1812.99
2415.25
2639.27
2380.98
1793.41
1071.18
275.916
-500.578
-1043.67
-1268.1
-1303.59
-1257.08
-1055.92
-686.643
-372.862
-262.692
-255.348
-186.798
-61.5302
78.0184
297.95
626.012
943.056
1131.16
1220.11
1233.17
1095.66
734.958
216.751
-322.674
-775.595
-1057.96
-1099.17
-894.333
-525.06
-86.0124
384.454
835.743
1148.71
1212.36
1074.44
858.593
652.942
481.975
380.782
377.925
427.706
506.049
622.748
773.721
877.771
853.288
700.683
399.143
-159.867
-1017.15
-2031.53
-2892.49
-3377.24
-3420.49
-2968.38
-2067.03
-942.482
122.086
1015.69
1776.68
2271.22
2283.87
1886.03
1345.79
851.656
408.12
37.6227
-143.954
-196.59
-293.703
-460.182
-631.966
-849.857
-1239.94
-1714.08
-1995.22
-1967.06
-1678.99
-1106.1
-211.688
844.312
1751.38
2355.27
2663.75
2605.4
2102.29
1293.56
466.877
-261.06
-891.477
-1317.88
-1394.99
-1209.34
-1001.24
-836.8
-670.729
-536.893
-503.842
-504.25
-389.184
-126.816
218.383
628.052
1062.61
1406.99
1540.83
1446.57
1189.92
768.825
185.332
-422.643
-887.805
-1109.37
-1093.86
-855.978
-416.522
94.3399
530.123
822.686
955.706
942.24
809.628
648.862
537.468
479.935
468.51
518.29
625.604
743.526
824.318
853.288
862.673
835.335
737.406
468.918
-126
-1062.04
-2132.73
-2975.32
-3371.93
-3308.69
-2809.66
-1934.42
-897.598
53.1281
844.72
1543.28
2044.76
2090.46
1704.05
1210.73
838.191
539.916
245.313
24.9736
-122.328
-338.587
-661.752
-978.797
-1262.79
-1594.52
-1937.28
-2060.09
-1800.18
-1247.29
-495.681
419.953
1360.48
2079.85
2454.83
2523.38
2251.63
1584.49
708.435
-54.5936
-593.202
-974.717
-1189.34
-1177.1
-1003.28
-835.576
-698.476
-551.582
-452.838
-444.677
-421.827
-199.039
221.647
682.321
1086.28
1385.37
1529.41
1455.96
1176.05
754.951
224.096
-360.213
-862.507
-1126.91
-1096.72
-822.927
-400.201
63.7371
458.717
721.492
858.185
866.346
743.934
546.445
388.942
343.242
381.19
472.998
611.323
782.29
917.758
953.257
909.597
839.823
759.032
650.902
399.143
-169.252
-1092.23
-2142.52
-2938.6
-3289.1
-3215.65
-2726.42
-1863.01
-833.536
98.4202
829.214
1448.61
1883.17
1924.39
1596.73
1150.75
781.882
464.021
156.769
-76.6276
-262.284
-524.652
-838.024
-1096.31
-1310.53
-1581.06
-1830.78
-1808.74
-1438.25
-865.363
-159.867
691.706
1531.45
2114.53
2343.03
2285.09
1927.24
1237.25
420.361
-253.308
-709.493
-996.343
-1087.74
-963.7
-764.986
-625.845
-481.808
-271.669
-142.73
-171.7
-169.66
87.8113
521.554
899.397
1154.01
1284.99
1226.23
931.223
483.607
16.8129
-445.085
-887.805
-1178.74
-1205.26
-975.533
-591.57
-130.488
333.449
667.632
804.324
805.548
736.59
591.737
385.678
237.153
246.946
372.621
549.301
733.326
892.868
985.084
986.308
940.608
889.196
809.22
672.12
368.541
-250.043
-1202.4
-2269.01
-3052.03
-3350.72
-3182.2
-2590.54
-1629.62
-520.164
439.539
1176.05
1779.94
2164.72
2085.15
1597.14
1045.47
632.948
298.358
-16.6462
-254.532
-448.349
-725.406
-1039.59
-1252.18
-1400.3
-1603.91
-1772.43
-1650.43
-1168.13
-485.889
271.02
1074.44
1777.08
2179.41
2219.4
1967.64
1455.14
701.499
-89.6848
-669.505
-1003.69
-1171.39
-1168.13
-970.636
-713.981
-540.157
-388.368
-190.47
-33.7837
22.9334
144.12
491.768
935.712
1234.39
1316
1221.75
960.602
526.859
47.0076
-372.046
-728.262
-1006.54
-1087.33
-899.638
-542.606
-144.362
268.572
657.023
878.179
872.058
754.543
625.196
490.544
346.507
286.525
356.708
490.136
642.333
790.451
913.27
943.873
876.546
786.37
713.332
647.638
523.187
157.994
-591.57
-1659.81
-2696.22
-3326.64
-3424.98
-3023.88
-2197.19
-1088.56
35.1745
958.562
1643.66
2116.57
2245.51
1919.49
1296.82
692.114
281.221
5.38782
-241.474
-499.354
-794.772
-1106.92
-1345.62
-1481.09
-1596.16
-1708.37
-1639.82
-1230.56
-570.352
164.522
918.982
1622.85
2074.95
2152.89
1920.71
1463.3
776.169
-46.4329
-716.837
-1061.63
-1137.93
-1062.44
-856.794
-596.875
-436.516
-365.518
-225.561
3.34764
171.051
279.181
519.106
942.24
1329.47
1469.42
1342.12
1000.18
512.986
-14.606
-451.613
-769.474
-989.814
-1027.76
-804.157
-384.287
54.7603
427.706
708.843
823.094
732.509
549.709
420.769
350.995
308.559
318.352
438.723
634.173
830.03
977.74
1019.36
957.338
850.84
769.641
712.924
641.109
545.629
253.066
-446.717
-1546.78
-2695
-3449.05
-3648.17
-3316.85
-2512.61
-1355.01
-147.626
845.536
1591.02
2143.5
2354.46
2061.89
1445.76
833.295
356.708
-23.5828
-305.944
-494.865
-735.607
-1106.51
-1420.7
-1541.07
-1593.71
-1692.86
-1636.55
-1183.22
-420.603
400.367
1173.19
1845.63
2226.33
2194.51
1826.86
1236.03
447.7
-403.057
-1008.58
-1221.17
-1192.61
-1066.52
-812.318
-459.366
-231.682
-204.343
-177.005
-32.1516
122.902
238.377
508.497
997.325
1430.25
1537.16
1307.43
857.777
269.796
-355.317
-827.823
-1059.59
-1137.12
-1060.4
-744.176
-212.096
315.496
654.982
827.582
847.984
697.418
464.021
308.559
271.836
283.261
339.162
490.136
705.987
894.092
1008.34
1049.96
1019.36
938.16
814.117
690.482
614.179
586.84
426.89
-165.58
-1229.74
-2456.3
-3390.29
-3756.71
-3490.67
-2654.2
-1419.07
-138.241
899.397
1645.29
2149.21
2347.11
2070.87
1423.32
734.142
224.912
-106.822
-332.467
-506.698
-722.55
-1064.89
-1417.03
-1615.33
-1694.09
-1761
-1675.32
-1188.53
-327.162
618.667
1425.36
2039.45
2336.91
2212.05
1739.95
1077.71
279.589
-578.513
-1236.68
-1465.99
-1345.21
-1065.71
-715.613
-370.006
-201.895
-238.21
-256.572
-100.702
120.046
299.174
553.789
1011.61
1492.27
1681.2
1453.1
883.075
151.057
-568.312
-1048.16
-1204.85
-1124.06
-879.236
-455.286
77.2023
532.163
793.715
890.828
854.921
671.712
432.602
296.318
302.031
363.644
416.689
515.842
701.499
902.253
1023.85
1045.88
999.366
904.701
782.29
675.792
634.989
642.741
484.831
-135.385
-1268.5
-2585.65
-3567.79
-3910.13
-3560.04
-2604.01
-1294.62
7.01997
1025.07
1731.38
2202.67
2342.62
2029.66
1395.16
736.998
246.946
-90.0928
-317.369
-503.026
-795.18
-1265.24
-1728.36
-1963.39
-2012.76
-1953.6
-1661.44
-953.907
41.7031
1021.81
1834.62
2389.14
2540.52
2228.78
1595.92
796.163
-90.5008
-906.983
-1408.46
-1500.68
-1330.12
-1007.36
-595.65
-259.428
-188.022
-308.393
-306.76
-75.4035
237.561
542.364
947.137
1446.57
1774.64
1724.45
1304.58
626.828
-176.597
-880.868
-1253.81
-1266.87
-1064.08
-729.895
-275.75
196.757
522.779
633.765
610.914
504.417
310.599
152.281
155.953
304.071
470.142
607.242
750.463
876.138
960.194
1016.91
1038.95
989.165
885.931
818.605
808.812
817.789
758.624
406.896
-466.711
-1816.09
-3182.6
-4028.87
-4118.64
-3464.97
-2218
-703.78
630.092
1516.35
2037
2297.74
2189.61
1671.81
1009.57
518.29
239.601
56.3924
-101.518
-343.892
-823.335
-1497
-2062.13
-2328.99
-2390.2
-2250.24
-1696.13
-636.454
631.316
1728.53
2477.27
2788.2
2578.47
1951.72
1151.97
313.456
-531.997
-1210.97
-1465.58
-1310.94
-1000.01
-705.412
-443.453
-323.082
-458.958
-658.488
-583.817
-180.677
308.559
774.537
1298.46
1783.2
1939.48
1637.94
977.74
149.833
-658.488
-1195.06
-1283.19
-1034.7
-665.425
-264.325
172.683
561.542
748.423
730.061
614.179
438.723
236.337
124.943
217.159
444.435
652.942
785.962
865.938
905.517
910.414
932.856
979.372
998.549
957.338
904.701
901.845
919.798
781.882
174.723
-1024.91
-2542.8
-3811.8
-4370.81
-4083.55
-3014.49
-1451.71
90.6675
1170.74
1740.36
2019.05
2073.32
1771.78
1206.65
703.947
431.378
306.927
226.136
107.397
-268.813
-1059.59
-1985.02
-2584.83
-2770.89
-2686.84
-2255.14
-1274.62
72.3059
1327.84
2243.88
2780.85
2775.96
2167.98
1266.22
442.395
-250.043
-880.46
-1251.37
-1193.42
-891.069
-639.718
-480.584
-388.368
-485.072
-740.504
-787.836
-372.862
287.341
882.259
1389.86
1855.43
2063.12
1799.12
1123
287.341
-513.227
-1115.49
-1310.53
-1057.14
-568.72
-107.638
250.21
497.888
581.128
506.049
392.207
314.68
232.256
183.292
280.405
475.854
623.972
648.862
647.638
663.143
691.706
777.394
921.022
1062.61
1097.7
1058.12
1025.89
1005.08
923.471
508.089
-483.44
-1951.96
-3422.12
-4321.43
-4374.48
-3569.42
-2096.82
-436.516
843.495
1522.06
1773
1841.55
1715.06
1344.97
933.264
679.057
592.145
557.462
457.493
129.839
-614.42
-1661.44
-2549.33
-2965.12
-2950.02
-2543.21
-1652.87
-349.604
972.027
1969.68
2569.08
2677.21
2214.5
1398.43
613.363
-6.85328
-539.749
-912.287
-956.763
-758.049
-587.898
-533.629
-543.422
-662.977
-900.046
-1002.87
-654.816
88.2193
883.483
1531.04
1991.3
2127.59
1773.82
1036.09
197.165
-540.973
-1080.4
-1245.25
-951.459
-417.338
52.7201
348.139
515.434
531.347
379.966
231.44
215.935
275.916
336.306
447.292
632.948
738.63
676.2
567.255
527.675
548.893
615.811
765.152
990.389
1176.45
1229.5
1181.76
1085.46
940.608
535.836
-388.368
-1794.87
-3284.61
-4273.29
-4402.63
-3608.19
-2119.26
-469.159
765.152
1353.54
1516.35
1542.05
1468.2
1247.86
1021.4
950.809
992.429
977.74
783.514
302.031
-579.329
-1722.65
-2703.16
-3169.95
-3098.96
-2559.12
-1566.78
-272.077
974.067
1883.99
2380.57
2396.89
1892.56
1102.6
430.562
20.8932
-265.141
-476.912
-507.106
-430.804
-476.912
-682.562
-910.247
-1108.55
-1288.5
-1254.63
-744.584
149.425
1060.16
1739.54
2165.13
2258.16
1855.83
1065.47
206.142
-489.969
-943.298
-1061.63
-782.939
-307.576
74.346
255.514
294.686
245.722
144.528
89.8514
182.476
368.949
544.404
681.505
791.267
805.956
666.816
491.768
419.137
464.837
577.047
761.072
1002.22
1196.86
1266.63
1224.19
1103.41
907.965
450.148
-527.916
-1983.79
-3475.57
-4368.77
-4347.96
-3457.21
-1960.13
-374.903
749.647
1203.79
1236.84
1207.46
1200.94
1140.55
1100.97
1174.82
1291.93
1280.91
997.733
375.477
-625.029
-1833.63
-2813.74
-3227.9
-3057.74
-2405.7
-1359.9
-101.518
1016.91
1745.66
2070.05
2006.81
1554.7
940.608
488.503
292.646
160.034
-16.2381
-159.051
-290.847
-535.669
-904.126
-1243.2
-1468.44
-1519.04
-1275.44
-608.3
344.466
1242.15
1861.55
2151.66
2077.81
1613.05
914.902
224.504
-301.048
-613.604
-655.632
-449.165
-195.366
-47.2489
-11.3417
-15.8301
-46.4329
-61.9383
84.1389
406.488
732.917
891.644
889.604
801.06
629.684
424.85
305.295
340.386
498.704
715.78
942.24
1119.33
1190.33
1160.54
1060.98
929.999
728.429
170.643
-966.148
-2507.3
-3857.5
-4444.66
-4098.65
-2926.36
-1287.27
191.453
990.389
1131.16
1058.53
1083.01
1136.47
1149.93
1235.62
1408.63
1511.45
1380.06
929.591
83.3229
-1162.82
-2429.37
-3167.1
-3176.48
-2661.13
-1812.01
-734.791
344.874
1136.06
1559.6
1702.41
1536.34
1094.44
685.993
557.054
586.024
486.055
231.848
-31.3355
-358.173
-841.697
-1334.2
-1606.77
-1648.39
-1509.65
-1064.89
-234.946
708.027
1398.02
1750.97
1813.4
1578.78
1105.86
602.754
234.296
-30.9275
-212.912
-229.641
-109.271
-43.1686
-124.368
-234.946
-248.819
-187.206
-63.1624
209.406
602.346
910.822
1001
934.488
812.485
654.574
504.417
463.205
554.605
721.492
915.718
1067.51
1127.9
1088.73
1003.85
912.454
809.628
520.738
-310.025
-1738.56
-3336.03
-4386.72
-4475.26
-3608.59
-2074.78
-458.55
609.282
910.005
810.853
792.899
971.619
1172.37
1371.09
1627.74
1829.72
1774.23
1359.25
586.432
-578.513
-1981.75
-3081.41
-3363.36
-2869.23
-1993.58
-998.383
-13.7899
767.193
1184.61
1327.84
1327.84
1137.69
844.72
725.573
845.128
909.189
676.2
264.491
-179.453
-734.791
-1359.09
-1776.51
-1834.04
-1664.71
-1337.87
-713.165
200.429
1023.85
1460.45
1582.86
1530.22
1368.64
1118.1
878.179
670.488
425.258
172.683
-26.031
-174.964
-336.955
-489.561
-535.261
-451.613
-294.519
-48.8811
333.041
710.067
892.052
878.995
850.84
866.754
835.743
802.284
867.978
1007.53
1098.93
1100.15
1068.73
1008.34
894.5
759.032
654.166
537.468
69.0416
-1037.96
-2596.26
-3984.8
-4553.61
-4097.01
-2786.81
-1125.69
199.205
752.911
692.114
527.675
612.547
911.23
1281.73
1702.82
2057.81
2119.02
1741.99
946.729
-186.389
-1563.51
-2814.96
-3383.36
-3093.24
-2264.11
-1297.88
-388.776
344.466
762.704
898.988
926.327
919.39
890.828
978.964
1231.13
1389.45
1161.36
613.771
12.3244
-583.817
-1215.46
-1676.95
-1754.88
-1565.96
-1330.52
-977.165
-365.11
287.341
658.655
787.594
926.735
1121.78
1269.08
1327.43
1306.21
1135.24
773.721
331.817
-55.4097
-345.932
-519.348
-523.02
-374.903
-184.757
-9.3015
200.429
412.201
497.888
472.59
512.578
688.033
881.443
1005.08
1112.8
1218.07
1227.05
1129.12
1040.58
1043.43
1059.75
973.251
811.669
632.132
221.239
-778.451
-2326.95
-3849.74
-4619.3
-4318.17
-3083.86
-1374.59
82.0987
697.01
507.681
126.983
101.276
475.038
1060.16
1761.17
2407.5
2660.08
2307.53
1408.63
118.006
-1425.6
-2835.77
-3484.96
-3154.86
-2251.46
-1292.58
-506.29
35.9906
256.33
277.548
378.333
637.437
953.665
1360.07
1870.93
2158.6
1836.66
981.82
52.7201
-690.315
-1253.81
-1556.99
-1497.82
-1262.79
-1122.02
-1037.15
-779.675
-415.706
-188.022
-33.3757
312.64
902.661
1495.95
1870.12
1952.95
1705.68
1156.46
499.928
-3.58899
-247.187
-296.559
-258.204
-152.93
-43.1686
-10.5256
-39.0882
-43.9846
23.3414
186.556
472.182
851.656
1167.07
1282.14
1254.39
1162.17
1068.32
1025.48
1077.3
1209.1
1271.53
1167.88
930.815
635.805
95.564
-1032.25
-2660.32
-4174.95
-4838.01
-4350.41
-2900.24
-1078.36
247.762
516.25
-8.89347
-501.394
-375.311
322.84
1273.16
2257.75
3030.57
3221.53
2629.47
1389.86
-195.366
-1823.03
-3057.34
-3367.04
-2715.4
-1705.1
-951.459
-627.477
-584.633
-676.034
-679.706
-336.139
382.822
1245.82
2057.81
2661.71
2752.7
2112.9
969.579
-99.8857
-754.377
-1004.1
-945.746
-749.48
-727.446
-1046.53
-1431.72
-1545.97
-1392.95
-1150.17
-731.527
23.3414
954.89
1710.57
2084.34
2095.35
1753.42
1125.86
523.187
268.98
348.547
448.516
369.357
144.528
-152.93
-471.199
-686.235
-664.609
-387.96
66.1853
590.105
1047.92
1301.72
1325.39
1184.21
1022.22
996.509
1183.39
1506.96
1754.64
1761.17
1495.95
1074.04
628.868
-33.3757
-1244.43
-2917.38
-4404.27
-4941.24
-4293.69
-2765.18
-1049.8
11.1003
22.5254
-583.409
-913.511
-485.48
511.762
1687.72
2806.56
3545.92
3483.9
2545.42
1104.64
-434.476
-1852.81
-2782.32
-2785.99
-2047.45
-1364.8
-1244.02
-1491.7
-1731.62
-1785.49
-1479.87
-598.915
680.689
1897.45
2764.53
3150.54
2886.54
1930.1
745.567
-13.7899
-149.666
75.5702
270.204
122.086
-545.87
-1567.19
-2402.03
-2669.7
-2382.44
-1692.45
-708.677
388.534
1239.29
1635.49
1693.44
1578.37
1371.9
1155.24
1155.24
1410.67
1571.43
1325.8
723.125
17.2209
-684.602
-1224.03
-1330.93
-950.234
-358.173
149.017
499.112
691.298
732.917
713.74
762.704
963.458
1296.42
1657.94
1911.74
1959.07
1779.53
1461.67
1100.97
805.14
421.585
-527.916
-2135.99
-3874.63
-4877.18
-4667.86
-3423.75
-1712.04
-443.861
-240.25
-835.984
-1327.67
-1010.62
78.8345
1486.15
2809.42
3674.46
3725.87
2907.35
1560.01
136.368
-1091.01
-1874.85
-1951.96
-1488.44
-1170.98
-1461.1
-2129.46
-2662.77
-2784.77
-2366.53
-1310.12
177.171
1545.32
2429.13
2800.85
2649.87
1999.46
1190.33
816.157
1053.23
1483.71
1594.28
1107.09
11.9164
-1407.24
-2601.97
-3073.66
-2809.25
-2126.6
-1302.78
-510.371
109.029
421.993
518.698
657.023
980.596
1427.8
1891.74
2276.52
2373.23
1995.38
1293.97
578.68
-39.0882
-556.071
-828.639
-752.337
-510.779
-325.53
-232.498
-172.516
-100.294
64.1451
398.735
833.295
1229.09
1518.8
1702.82
1785.24
1771.37
1671.4
1538.79
1407.4
1240.52
651.718
-769.474
-2757.02
-4458.13
-5000
-4221.06
-2633.39
-1115.08
-561.375
-1117.12
-1995.22
-2162.1
-1195.87
477.078
2214.09
3526.75
4027
3561.02
2377.71
1029.56
-68.0588
-758.457
-895.966
-554.031
-307.576
-810.278
-2006.64
-3162.2
-3698.36
-3485.78
-2563.61
-1126.1
308.151
1210.73
1540.83
1557.97
1362.11
1082.61
1137.69
1796.67
2692.72
3093.82
2644.57
1456.77
-152.93
-1647.16
-2468.13
-2426.51
-1924.22
-1460.28
-1203.63
-1116.71
-1132.63
-1127.73
-840.881
-106.006
916.534
1889.7
2570.31
2831.86
2606.21
1999.87
1360.48
915.718
622.748
382.414
189.82
-17.4622
-336.139
-669.505
-834.352
-770.29
-518.123
-89.2767
422.401
846.76
1107.5
1271.93
1407.81
1512.68
1613.46
1722.81
1803.61
1786.47
1611.42
987.941
-449.981
-2441.2
-4122.31
-4646.64
-3914.21
-2516.28
-1294.62
-1064.08
-1910.75
-2957.78
-3079.78
-1878.52
71.4898
1977.84
3308.04
3723.42
3176.65
2098.62
1143.81
641.925
517.882
679.057
935.712
739.854
-341.852
-1989.1
-3345
-3869.74
-3577.58
-2655.83
-1467.22
-561.375
-274.117
-304.72
-172.516
153.913
570.927
1278.87
2386.28
3404.74
3668.33
3040.37
1875.83
559.094
-474.463
-854.346
-664.201
-454.878
-671.137
-1252.59
-1925.44
-2439.16
-2579.12
-2190.67
-1243.61
-5.22114
1101.37
1761.17
1959.07
1861.96
1637.13
1542.46
1684.46
1859.1
1775.86
1394.35
841.047
217.975
-322.674
-632.782
-713.165
-623.805
-392.448
-84.7883
181.66
368.949
538.692
715.372
917.758
1181.76
1425.36
1544.91
1561.64
1568.58
1526.96
938.976
-522.612
-2406.11
-3804.04
-4023.57
-3210.35
-1980.12
-1168.13
-1474.56
-2637.06
-3571.87
-3311.14
-1849.96
53.5362
1742.4
2780.85
2928.56
2350.78
1613.05
1256.84
1316
1569.39
1911.33
2034.96
1398.43
-109.271
-1827.51
-2892.08
-3131.19
-2801.91
-2173.12
-1635.74
-1551.68
-1823.84
-1863.42
-1361.94
-610.748
226.136
1310.7
2520.53
3306.41
3302.33
2729.44
1968.86
1295.6
1006.3
1151.16
1305.39
915.31
-61.1222
-1165.27
-2063.36
-2619.11
-2735.8
-2335.52
-1521.89
-673.177
-65.6106
238.377
313.048
359.564
608.058
1230.72
1986.41
2380.57
2272.03
1846.45
1329.88
824.318
454.228
275.916
133.511
-14.1979
-69.2829
-37.456
3.75568
21.7093
93.9318
242.049
433.01
639.069
774.945
828.806
877.363
998.141
1225.42
1209.91
375.069
-1219.13
-2772.93
-3418.04
-2965.53
-1893.62
-938.809
-960.027
-2098.45
-3405.39
-3749.78
-2791.3
-1131.4
508.905
1694.66
2112.08
1786.47
1194.41
934.08
1192.78
1691.8
2211.23
2520.93
2163.09
947.545
-598.915
-1667.56
-2007.46
-1947.48
-1731.62
-1559.84
-1738.15
-2232.29
-2518.73
-2144.56
-1359.09
-599.731
184.108
1120.14
1898.68
2146.77
2008.44
1896.64
1932.55
2037
2215.72
2319.77
1972.94
1035.68
-86.0124
-891.477
-1326.04
-1540.66
-1572.08
-1418.25
-1236.68
-1222.4
-1288.09
-1239.94
-1015.11
-577.697
148.201
1078.93
1736.28
1787.28
1469.83
1200.53
1112.8
1092.4
1111.17
1107.09
945.097
642.333
356.708
226.952
235.113
266.531
258.371
214.303
163.298
105.765
78.4264
200.429
485.239
812.077
1094.03
1054.45
229.4
-1298.7
-2684.8
-3069.17
-2392.64
-1302.37
-555.255
-796.405
-2062.95
-3424.57
-3758.75
-2680.72
-863.731
765.56
1698.33
1775.45
1216.44
606.426
554.197
1180.53
2011.3
2611.93
2774.73
2238.98
964.274
-502.618
-1371.33
-1443.55
-1197.5
-1013.48
-1028.58
-1410.5
-2074.38
-2493.02
-2206.17
-1478.23
-835.984
-278.198
405.672
1033.64
1355.99
1493.09
1709.76
1929.69
2040.68
2198.18
2365.06
2164.72
1416.79
535.428
41.2951
-133.345
-343.076
-671.953
-1006.95
-1326.04
-1651.24
-1739.79
-1419.88
-943.298
-585.45
-272.893
124.943
444.843
539.508
651.31
981.004
1368.64
1592.24
1631.41
1517.16
1174.01
728.429
485.647
544.404
679.873
654.166
471.774
247.354
24.1575
-119.063
-59.49
228.992
607.242
878.995
978.148
924.287
523.595
-487.113
-1843.43
-2810.07
-2865.15
-2203.32
-1412.95
-1053.47
-1527.2
-2673.37
-3562.49
-3312.36
-1928.3
-273.709
892.868
1366.19
1196.86
688.033
406.08
796.979
1673.44
2413.21
2620.5
2273.66
1365.37
121.678
-853.53
-1066.93
-701.74
-414.074
-549.95
-1054.69
-1811.6
-2518.32
-2679.49
-2090.7
-1197.91
-575.657
-204.343
177.171
526.451
707.211
864.305
1241.74
1753.83
2132.89
2335.69
2358.54
2074.95
1498.39
953.257
690.482
504.417
85.363
-475.688
-926.976
-1226.48
-1381.94
-1327.26
-1101.21
-988.998
-1061.22
-1022.46
-721.734
-329.202
32.3183
466.877
938.568
1180.13
1100.15
947.545
904.293
919.39
934.08
992.429
1060.98
965.09
691.706
442.395
344.874
363.236
466.877
721.492
1022.22
1130.35
954.481
666.407
460.349
332.225
-45.6168
-938.809
-2094.78
-2863.93
-2838.22
-2242.49
-1615.33
-1477.01
-2042.55
-2943.9
-3293.59
-2544.03
-1024.91
375.885
1096.48
1187.88
926.735
657.839
749.239
1343.34
2097.39
2505.02
2389.96
1863.59
976.515
-35.0078
-627.885
-513.635
-112.943
-72.1392
-531.181
-1226.07
-1930.34
-2353.88
-2127.01
-1350.93
-691.947
-584.225
-676.034
-512.819
-168.436
176.355
657.023
1329.88
1857.06
1983.55
1888.48
1767.29
1535.12
1240.52
1169.11
1320.49
1242.15
664.775
-74.1794
-569.944
-844.961
-980.429
-880.46
-646.247
-667.057
-1049.8
-1344.81
-1280.34
-1037.55
-722.142
-221.481
328.553
525.635
338.346
162.89
226.952
411.793
645.598
963.458
1241.74
1267.04
1099.74
1045.47
1196.45
1376.8
1459.22
1527.77
1537.57
1306.21
863.081
491.768
353.443
291.422
-55.4097
-949.01
-2215.96
-3236.87
-3383.77
-2655.83
-1674.5
-1232.19
-1717.34
-2719.89
-3280.53
-2753.76
-1356.64
119.23
1019.36
1174.41
810.853
419.953
487.279
1122.18
1945.6
2462.18
2444.63
1936.63
1080.97
224.912
-146.402
101.276
521.962
546.037
-3.99702
-912.287
-1819.76
-2294.72
-2033.16
-1285.23
-729.895
-746.216
-1036.74
-1120.79
-906.166
-487.521
106.989
756.992
1162.58
1227.05
1197.26
1278.05
1384.55
1456.37
1613.05
1801.16
1737.5
1303.35
765.968
381.19
108.621
-112.127
-225.561
-305.128
-602.587
-1137.93
-1545.56
-1612.89
-1490.88
-1330.12
-1079.17
-807.83
-728.262
-804.157
-733.975
-389.184
78.0184
560.318
1020.58
1355.99
1464.53
1469.42
1574.29
1759.54
1855.83
1831.76
1805.24
1778.31
1630.19
1336
1018.54
738.222
493.808
249.802
-242.699
-1180.78
-2302.47
-2919.42
-2702.75
-2076.82
-1681.03
-1907.49
-2677.45
-3462.52
-3544.53
-2619.11
-1164.05
-7.66936
408.528
229.808
-80.2999
-69.2829
504.825
1499.21
2414.44
2811.05
2628.25
2099.43
1493.09
1098.52
1129.53
1436.78
1532.26
1080.56
224.504
-688.275
-1366.84
-1590.44
-1368.88
-1117.53
-1326.04
-1908.3
-2317.57
-2247.38
-1830.37
-1260.34
-636.454
-164.764
9.87623
83.7309
381.598
945.097
1560.01
2114.53
2509.51
2518.49
2090.86
1551.85
1316
1336.4
1320.08
1116.88
692.114
24.1575
-743.36
-1244.84
-1310.94
-1243.61
-1351.74
-1550.05
-1648.79
-1655.32
-1624.72
-1392.95
-937.993
-503.434
-244.739
2.53156
339.162
648.454
919.39
1293.56
1717.92
1957.44
2002.32
2039.86
2124.32
2149.62
2112.08
2071.69
1974.57
1722.41
1406.18
965.498
162.074
-986.142
-1928.71
-2167.82
-1931.97
-1770.8
-2034.8
-2759.88
-3673.06
-4178.62
-3802.41
-2738.66
-1729.58
-1242.8
-1166.49
-1170.98
-974.309
-369.19
677.833
1805.24
2487.48
2601.73
2438.92
2254.89
2197.77
2411.58
2854.71
3066.89
2616.01
1651.41
659.471
-70.9151
-489.561
-602.179
-660.528
-1106.1
-2020.52
-2873.72
-3124.66
-2823.53
-2337.97
-1875.25
-1549.64
-1445.59
-1403.16
-1058.36
-283.91
591.329
1268.67
1730.16
1981.1
1957.44
1782.39
1799.53
2068.42
2266.73
2132.89
1753.83
1241.74
626.42
115.15
-75.4035
-98.6616
-347.972
-838.432
-1254.22
-1500.68
-1710.82
-1799.77
-1632.88
-1388.47
-1307.67
-1315.43
-1176.29
-920.04
-621.357
-205.159
333.041
796.979
1060.98
1270.71
1637.54
2108
2508.69
2756.78
2842.88
2767.8
2573.16
2425.45
2378.94
2109.63
1238.88
-49.2891
-1158.74
-1659.81
-1698.17
-1650.02
-1869.54
-2620.33
-3714.28
-4469.96
-4319.8
-3437.22
-2482
-1892.39
-1683.88
-1721.42
-1699.39
-1199.54
-97.0294
1171.56
2023.95
2345.89
2356.5
2230.41
2169.62
2471.56
3102.39
3509.2
3227.65
2427.09
1559.19
875.322
465.245
375.885
346.507
-119.063
-1102.43
-2059.69
-2487.31
-2459.56
-2285.74
-2111.92
-2051.93
-2267.79
-2570.96
-2495.88
-1876.48
-1069.38
-417.338
63.7371
350.995
386.494
391.391
807.996
1631.01
2363.43
2655.18
2594.79
2336.09
1937.85
1652.22
1699.15
1801.57
1495.95
829.214
184.516
-299.824
-724.998
-1015.11
-1127.73
-1300.33
-1683.07
-2056.83
-2127.42
-1925.85
-1610.85
-1215.87
-745.808
-358.989
-142.73
125.351
688.441
1444.53
2089.64
2528.69
2782.08
2830.63
2703.74
2618.05
2487.48
1920.71
927.959
62.513
-218.216
-192.918
-310.025
-768.25
-1631.25
-2750.9
-3578.4
-3581.66
-2933.7
-2384.89
-2332.26
-2586.05
-2871.27
-2951.66
-2548.11
-1556.58
-397.753
331.001
543.996
581.128
702.723
1028.74
1679.15
2569.08
3217.86
3228.06
2789.42
2378.12
2222.66
2254.89
2356.5
2287.54
1712.21
674.16
-276.974
-702.556
-764.578
-881.276
-1221.99
-1756.11
-2426.92
-3005.92
-3158.94
-2841.49
-2367.35
-1998.07
-1729.18
-1560.25
-1477.42
-1258.71
-628.293
297.542
1075.67
1520.84
1734.65
1841.15
1910.1
2082.7
2401.79
2587.44
2376.9
1922.34
1532.26
1268.26
1018.54
737.814
428.93
-21.5426
-605.443
-1060.4
-1202.81
-1162.82
-1117.12
-1078.77
-1031.84
-1051.02
-1086.11
-902.902
-445.085
72.3059
446.068
654.982
767.193
847.576
1007.93
1368.23
1770.15
1758.72
1193.18
469.326
149.425
327.737
650.494
760.256
364.46
-560.559
-1575.35
-2067.44
-1883.41
-1452.53
-1276.66
-1519.45
-2110.28
-2742.33
-2952.06
-2510.98
-1688.37
-1016.34
-751.112
-778.043
-851.49
-690.315
-65.2025
939.384
1834.62
2167.98
1984.77
1681.6
1578.37
1803.2
2287.95
2694.76
2553.58
1759.13
811.669
279.589
244.905
353.443
263.675
-169.66
-929.425
-1745.91
-2200.05
-2107.02
-1741.42
-1489.66
-1471.71
-1601.05
-1781.41
-1821.39
-1468.44
-735.199
-17.4622
311.415
310.191
241.233
309.783
650.494
1242.15
1808.5
1962.33
1678.75
1300.5
1099.33
1112.39
1253.98
1382.1
1301.72
935.304
447.7
95.564
-39.9043
-59.8981
-76.6276
-159.051
-337.363
-584.225
-748.664
-690.723
-463.038
-251.675
-145.178
-103.558
-26.4391
141.264
440.355
802.284
1128.31
1211.14
856.145
274.692
-112.127
37.6227
487.687
785.146
591.329
-185.981
-1202.4
-1821.8
-1692.05
-1141.2
-842.921
-1119.57
-1751.62
-2342.05
-2447.73
-1951.15
-1145.28
-584.225
-550.358
-801.301
-955.947
-779.267
-230.457
583.984
1328.24
1606.52
1368.64
1013.65
910.822
1153.6
1600.4
2008.44
2043.53
1498.39
682.321
185.332
234.705
481.159
495.44
153.505
-454.062
-1134.67
-1538.22
-1418.25
-1000.83
-787.02
-953.499
-1264.83
-1473.34
-1483.13
-1196.28
-639.31
-128.448
36.3986
-41.9445
-51.3293
94.3399
340.386
705.579
1136.87
1364.97
1241.33
1027.11
1037.72
1218.89
1326.61
1280.5
1107.09
794.123
438.723
268.98
318.76
349.771
196.349
-48.473
-287.991
-513.635
-631.558
-512.819
-223.521
-8.48543
36.3986
10.2843
27.8298
117.598
338.754
707.211
1094.03
1213.58
805.548
99.6443
-409.994
-352.46
124.535
527.675
484.423
-173.332
-1139.16
-1762.64
-1637.37
-1055.1
-669.097
-817.622
-1325.63
-1894.02
-2185.77
-1949.92
-1315.43
-745.4
-629.517
-857.202
-1057.96
-970.228
-536.893
180.844
920.206
1303.76
1171.97
833.703
738.222
1014.05
1495.54
1896.64
1936.22
1435.56
654.166
181.66
318.352
714.148
818.197
467.286
-163.947
-818.439
-1205.26
-1102.84
-691.131
-470.791
-664.609
-1004.5
-1229.33
-1304.41
-1164.45
-716.837
-205.159
-69.691
-296.967
-457.734
-303.088
68.2255
532.979
952.033
1021.4
647.23
272.244
413.833
959.786
1395.16
1438.01
1167.07
730.061
346.915
342.426
740.67
1090.36
974.883
494.624
-3.18095
-326.754
-396.936
-140.281
260.411
399.959
134.327
-241.066
-396.12
-314.513
-47.657
358.34
726.389
823.094
713.332
550.933
247.762
-151.706
-315.737
23.7495
466.469
508.497
85.7711
-598.099
-1259.53
-1565.96
-1324
-875.564
-819.663
-1298.29
-1856.48
-2098.86
-1948.7
-1535.36
-1037.55
-732.751
-808.646
-1024.91
-983.693
-588.714
-73.3633
424.034
843.904
1023.85
874.506
688.85
807.588
1172.37
1518.39
1671.4
1551.85
1090.77
521.962
316.72
593.369
921.839
852.472
388.942
-178.229
-601.363
-697.66
-452.021
-160.275
-199.039
-571.576
-906.166
-964.924
-815.582
-582.593
-367.966
-366.334
-699.292
-1099.58
-1154.25
-791.508
-264.325
171.459
362.42
208.59
-101.518
-111.311
376.293
1048.74
1458.41
1460.86
1156.05
750.055
574.191
830.438
1279.69
1435.15
1096.48
528.491
74.7541
-120.288
-41.9445
195.125
355.075
246.946
-49.6971
-252.899
-241.474
-81.116
149.425
364.46
462.797
420.361
428.93
598.265
596.225
227.768
-245.963
-406.729
-240.658
-79.0758
-91.7249
-390.816
-989.814
-1573.31
-1683.88
-1316.65
-957.171
-991.446
-1290.13
-1588.81
-1726.73
-1539.85
-1048.57
-531.181
-332.875
-436.516
-548.318
-487.929
-242.291
153.913
604.386
863.489
770.865
499.928
395.063
550.933
853.696
1172.37
1338.44
1131.16
589.289
191.045
294.686
713.332
988.349
914.902
561.542
80.8746
-281.054
-287.175
-32.5596
75.9782
-182.309
-618.092
-965.74
-1122.02
-1055.51
-783.755
-516.899
-529.548
-785.388
-982.877
-916.775
-643.391
-239.434
201.654
449.332
352.219
144.936
231.032
626.42
1012.42
1157.68
1085.46
866.346
646.822
630.5
836.967
1010.38
926.327
645.598
352.219
160.442
104.133
195.941
346.915
371.397
223.279
48.6397
13.5486
125.351
269.388
391.391
443.619
364.052
208.59
153.505
329.777
481.159
248.578
-261.468
-660.528
-663.793
-405.097
-128.04
-94.1732
-524.244
-1231.78
-1653.69
-1434.57
-849.857
-475.688
-578.921
-984.51
-1406.42
-1547.6
-1286.46
-800.485
-465.895
-492.825
-710.717
-856.386
-807.422
-551.582
-108.454
369.765
592.553
466.469
264.899
314.68
654.982
1129.53
1506.56
1550.22
1166.66
641.517
462.797
740.67
1101.37
1138.51
792.899
251.842
-231.682
-396.936
-177.821
95.972
33.9504
-341.852
-703.372
-850.673
-797.629
-565.456
-235.762
-81.116
-259.428
-600.139
-846.593
-837.616
-589.938
-133.345
291.83
318.352
-51.3293
-426.315
-370.822
107.805
661.103
971.211
887.563
498.704
178.395
260.003
693.338
1069.14
1109.13
873.69
524.003
250.21
233.888
475.854
702.315
630.092
320.392
30.6861
-93.7651
-32.9676
148.609
329.369
348.139
161.666
-34.1918
-32.1516
222.871
589.697
705.987
380.374
-196.59
-543.83
-368.782
99.2363
415.873
202.878
-540.973
-1359.5
-1668.79
-1304.41
-711.941
-520.164
-898.006
-1559.84
-2044.59
-2007.05
-1483.95
-854.754
-551.582
-647.879
-857.202
-925.752
-749.072
-334.915
186.556
581.944
632.132
426.89
260.003
324.065
645.598
1106.27
1446.57
1375.98
887.563
417.505
390.575
758.624
1132.39
1207.06
927.551
430.562
-8.07739
-88.0526
168.195
370.581
246.13
-103.15
-432.844
-634.822
-667.465
-536.485
-383.063
-423.459
-655.224
-904.534
-1046.94
-998.791
-737.647
-307.984
7.42801
-16.6462
-266.365
-414.074
-202.711
300.806
832.478
1106.27
954.89
545.629
305.295
475.854
886.747
1127.9
1012.83
631.724
184.924
-69.2829
-10.1176
231.44
379.15
315.088
160.442
35.1745
-0.324693
113.11
345.691
548.893
581.536
491.36
447.292
532.979
755.768
1016.5
1030.78
580.72
-130.08
-580.145
-435.7
65.7773
447.7
295.502
-487.521
-1474.15
-1959.72
-1583.51
-780.899
-362.661
-694.395
-1489.66
-2195.56
-2310.63
-1735.3
-882.092
-421.011
-646.655
-1167.72
-1448.04
-1262.79
-709.085
-23.9908
472.182
534.204
282.037
142.488
342.834
751.687
1199.3
1557.97
1640.8
1308.25
830.03
682.729
971.619
1365.78
1504.11
1254.39
681.505
34.3584
-284.318
-114.575
229.808
310.599
1.30745
-488.745
-905.758
-1060.4
-871.891
-507.923
-301.864
-408.362
-657.672
-814.358
-796.813
-604.627
-273.709
11.5084
50.2719
-92.133
-187.614
-142.73
-26.031
131.879
317.944
406.488
347.731
298.358
383.638
528.491
586.84
552.565
446.476
277.14
151.465
191.045
360.38
486.463
468.102
345.691
216.343
136.368
156.769
276.732
444.435
546.037
524.819
474.222
515.842
677.424
877.771
1058.12
1094.44
819.421
288.157
-181.085
-267.181
1.30745
314.68
338.754
-139.057
-987.366
-1704.69
-1811.19
-1323.18
-778.451
-727.854
-1246.88
-1978.9
-2406.11
-2191.07
-1466.81
-753.153
-566.68
-931.057
-1397.03
-1506.39
-1095.09
-346.748
366.908
695.786
574.191
309.783
244.497
455.452
827.99
1226.64
1489.83
1437.6
1088.73
751.279
704.763
938.568
1227.46
1328.65
1133.61
690.074
224.912
15.9968
119.638
323.657
375.069
203.694
-94.5812
-395.712
-561.783
-517.715
-366.742
-315.737
-435.7
-614.828
-720.918
-752.745
-707.044
-551.582
-387.96
-293.295
-278.198
-248.003
-211.28
-207.607
-132.529
51.904
238.785
300.806
237.969
140.448
67.0014
55.5764
154.321
271.428
312.232
230.624
90.2595
30.2781
125.759
353.035
563.174
652.534
621.931
542.772
517.066
605.202
751.687
887.563
996.509
1067.1
1055.67
955.298
906.741
991.613
1081.38
925.103
479.935
-1.5488
-221.073
-121.104
95.972
145.344
-208.832
-953.907
-1717.34
-2005.83
-1707.55
-1217.09
-1025.72
-1275.03
-1818.54
-2319.2
-2416.72
-2028.27
-1441.92
-1099.98
-1120.79
-1299.51
-1355.82
-1136.3
-678.482
-132.937
290.606
484.831
530.939
592.961
734.958
934.896
1176.05
1435.15
1595.92
1570.21
1426.17
1278.87
1177.68
1114.02
1093.21
1065.88
931.223
686.401
444.435
282.853
204.51
210.63
254.698
190.637
-50.5132
-321.042
-433.252
-373.678
-248.819
-155.787
-177.413
-364.702
-666.241
-910.247
-954.315
-870.259
-764.17
-687.459
-646.655
-682.97
-803.749
-852.714
-753.969
-551.174
-313.289
-92.133
26.6057
1.30745
-57.4498
3.34764
177.579
379.966
549.709
612.955
558.686
487.279
533.796
699.867
868.386
972.843
1008.75
1007.93
1025.89
1074.85
1138.91
1181.35
1179.72
1162.17
1154.42
1172.78
1193.59
1204.61
1172.78
933.672
426.482
-172.108
-556.479
-623.805
-527.916
-451.205
-601.363
-1124.47
-1887.9
-2446.1
-2449.77
-2016.84
-1568.41
-1423.15
-1671.24
-2140.48
-2443.24
-2268.19
-1671.64
-1052.65
-736.015
-747.848
-891.477
-920.04
-718.878
-317.369
146.161
503.193
679.057
751.279
827.99
949.585
1088.32
1233.17
1382.1
1491.87
1579.59
1667.32
1697.11
1601.63
1428.62
1317.23
1294.38
1276.83
1210.73
1051.19
765.56
415.057
141.264
26.6057
-20.3185
-112.127
-285.134
-514.859
-752.337
-940.85
-1032.25
-1035.11
-1031.43
-1080.4
-1178.74
-1295.03
-1389.69
-1386.43
-1228.52
-986.142
-800.893
-741.728
-740.504
-713.981
-600.955
-350.42
-7.26132
294.686
446.476
481.975
524.003
617.035
753.727
925.103
1122.59
1298.86
1380.47
1356.4
1274.38
1200.12
1180.53
1213.58
1236.84
1190.33
1083.42
965.907
865.121
757.4
634.173
528.491
462.389
422.401
399.551
399.959
357.524
127.391
-303.088
-743.768
-962.476
-916.367
-728.262
-570.76
-639.718
-1037.55
-1645.12
-2131.09
-2234.33
-1957.27
-1543.93
-1294.21
-1383.98
-1746.72
-2071.52
-2086.21
-1748.35
-1260.75
-859.242
-640.943
-539.341
-424.275
-246.371
-30.5194
190.637
430.562
714.148
1032.82
1319.67
1497.58
1542.46
1487.38
1400.87
1369.86
1487.38
1715.47
1878.28
1809.32
1519.61
1157.68
876.138
747.607
752.911
776.577
678.241
419.137
71.4898
-264.733
-524.652
-694.803
-791.1
-858.018
-931.465
-996.343
-1062.04
-1157.11
-1295.84
-1415.4
-1412.54
-1301.96
-1164.05
-1050.61
-946.562
-829.047
-699.292
-532.405
-317.777
-109.679
49.8638
179.212
332.225
517.474
701.091
850.84
945.913
980.596
994.469
1031.19
1089.54
1128.31
1111.17
1042.21
957.746
890.828
840.231
795.755
764.744
735.774
688.033
608.058
513.802
422.81
357.932
321.208
277.548
227.768
195.533
180.844
146.161
107.805
36.8067
-150.482
-489.561
-824.559
-945.746
-834.76
-614.828
-478.952
-594.018
-992.67
-1470.07
-1735.71
-1691.64
-1484.35
-1281.15
-1183.22
-1246.47
-1421.52
-1589.22
-1601.05
-1443.96
-1204.85
-952.275
-698.884
-418.562
-135.385
100.868
270.612
384.454
490.544
677.016
976.515
1316
1545.73
1592.65
1496.35
1351.5
1279.28
1340.08
1458.82
1493.5
1379.25
1183.8
977.74
790.451
637.845
496.256
313.048
93.9318
-92.9491
-211.28
-304.312
-426.315
-585.45
-771.922
-938.401
-1035.51
-1032.25
-956.355
-877.604
-846.593
-845.369
-834.352
-802.117
-748.664
-641.351
-471.607
-312.473
-191.694
-86.0124
35.1745
133.919
204.51
267.347
335.898
426.482
553.789
685.177
732.101
677.833
593.369
532.571
494.216
469.734
453.82
419.953
348.139
275.1
246.13
271.02
333.041
384.046
403.632
429.338
492.992
556.238
558.686
507.681
459.533
439.947
440.355
461.165
485.647
487.279
433.826
298.766
90.6675
-149.666
-390
-587.49
-697.252
-689.907
-590.346
-535.669
-652.368
-971.452
-1363.58
-1607.58
-1601.87
-1411.32
-1211.38
-1129.77
-1165.68
-1239.12
-1257.89
-1190.57
-1066.12
-919.632
-759.273
-564.64
-316.145
-28.0712
242.049
428.93
513.394
566.438
664.775
834.111
1046.7
1231.95
1318.45
1272.75
1159.32
1072.4
1033.64
983.044
883.891
750.871
614.179
504.009
437.091
387.718
286.117
108.621
-66.0186
-162.723
-183.941
-175.372
-175.372
-187.614
-234.538
-306.76
-364.702
-366.334
-314.921
-262.284
-254.532
-288.807
-325.122
-329.202
-314.513
-312.881
-331.651
-349.604
-343.076
-314.105
-271.669
-236.986
-207.607
-176.597
-132.121
-61.5302
18.037
80.4666
101.685
93.5238
86.1791
113.518
192.677
281.629
318.76
284.485
244.905
261.227
311.007
361.604
412.609
481.975
531.347
529.715
496.256
469.326
473.814
503.601
537.06
535.428
483.199
405.672
333.857
265.307
214.303
208.998
255.106
261.635
147.793
-81.116
-341.852
-531.589
-597.691
-536.485
-408.77
-336.955
-403.465
-573.616
-739.687
-819.663
-843.329
-849.449
-853.938
-852.714
-823.335
-761.721
-688.275
-624.213
-590.754
-596.875
-653.592
-694.803
-618.092
-414.89
-184.349
-47.657
-18.6864
-12.1578
53.9442
193.901
364.052
515.026
606.018
619.483
604.794
643.149
736.182
819.421
833.295
769.233
647.23
517.474
468.51
524.003
599.081
583.576
459.941
302.439
201.654
189.412
226.136
233.888
165.338
47.4156
-70.9151
-143.954
-156.195
-137.017
-141.913
-222.297
-345.932
-447.125
-486.705
-480.584
-471.199
-464.263
-463.446
-479.768
-509.555
-503.434
-444.677
-393.672
-376.535
-328.794
-207.199
-87.2365
-45.6168
-63.5704
-86.0124
-91.3169
-57.4498
37.2147
143.304
186.148
155.953
116.782
118.822
151.465
172.275
160.442
131.879
138.408
220.423
354.667
477.486
533.796
525.635
508.497
526.859
582.76
650.902
697.418
697.826
657.431
626.42
647.638
716.188
763.52
722.717
557.054
293.87
44.5594
-96.2133
-102.334
-42.7605
-12.1578
-73.3633
-244.739
-479.36
-699.292
-836.8
-901.678
-945.338
-1016.34
-1099.17
-1148.54
-1142.42
-1088.15
-1050.2
-1068.57
-1125.28
-1156.29
-1094.27
-928.608
-700.924
-487.929
-341.035
-224.745
-80.7079
93.5238
267.756
415.057
524.411
583.984
599.489
622.748
695.786
799.019
878.587
890.42
841.863
763.52
686.401
642.333
621.523
594.185
546.037
491.768
441.579
378.742
313.456
261.227
212.671
133.103
39.6629
-19.5024
-34.5998
-36.64
-74.5874
-147.626
-237.394
-307.168
-343.076
-363.477
-405.505
-476.912
-540.973
-566.272
-564.232
-561.375
-563.416
-577.697
-602.995
-618.5
-595.242
-516.899
-394.08
-269.629
-178.637
-132.529
-89.6848
-43.9846
-13.7899
19.6691
89.0354
195.125
286.933
358.748
433.418
505.233
554.605
586.024
622.748
662.735
687.217
709.659
758.624
813.709
827.99
798.203
754.135
695.786
592.553
466.877
368.949
327.737
330.593
352.219
358.748
315.904
223.279
103.725
-28.4792
-170.476
-301.864
-408.77
-474.872
-490.785
-461.406
-440.188
-475.28
-565.864
-680.114
-777.635
-848.225
-890.661
-930.241
-973.493
-977.573
-906.166
-770.29
-652.368
-613.604
-655.632
-707.861
-708.269
-635.23
-500.986
-336.955
-196.998
-101.926
-14.606
100.868
234.296
342.018
402
399.551
359.564
342.018
388.126
482.791
583.576
640.293
621.931
564.806
540.324
556.238
546.853
493.4
428.522
382.414
350.587
337.122
355.483
380.374
356.299
255.106
108.621
-20.7265
-88.0526
-102.742
-93.7651
-90.5008
-107.638
-159.459
-230.866
-285.95
-294.519
-267.181
-216.992
-163.539
-136.201
-145.994
-169.252
-182.309
-177.821
-146.402
-105.598
-84.7883
-94.1732
-99.0696
-89.6848
-85.6044
-90.0928
-92.133
-96.2133
-106.006
-83.5642
-15.4221
66.1853
106.989
98.4202
65.7773
13.5486
-25.2149
-15.014
67.4094
183.292
277.548
312.64
287.341
249.802
248.17
283.669
324.473
348.955
350.587
337.122
326.105
350.587
406.896
467.286
500.745
507.681
513.394
522.37
516.658
463.205
355.891
223.279
104.541
20.4852
-32.5596
-72.5472
-118.655
-178.637
-265.141
-370.006
-492.825
-625.029
-744.992
-839.248
-893.109
-915.143
-900.862
-869.443
-837.208
-816.398
-806.605
-806.605
-810.686
-789.06
-740.095
-675.218
-610.34
-543.83
-474.872
-382.655
-267.997
-161.907
-82.3401
-8.48543
80.0586
159.218
232.664
337.938
479.119
615.811
704.355
755.768
803.1
859.817
899.805
883.891
818.197
752.095
711.292
701.091
697.826
677.424
626.012
546.445
472.998
404.04
334.266
259.187
182.068
101.685
13.1405
-67.6508
-120.288
-156.195
-208.015
-288.399
-363.477
-412.85
-456.918
-528.732
-613.604
-681.746
-714.389
-702.964
-654
-600.139
-582.185
-585.041
-582.185
-554.031
-499.354
-421.827
-334.507
-249.635
-167.62
-97.0294
-47.657
-6.03721
69.0416
175.131
266.531
315.088
342.834
379.966
433.01
478.303
507.273
512.578
512.17
517.474
535.836
573.783
616.219
636.213
632.54
639.069
653.35
632.54
580.312
557.87
561.95
542.364
493.4
459.125
420.769
327.329
174.723
14.3646
-121.92
-250.451
-370.006
-480.176
-569.944
-644.207
-714.797
-778.859
-833.944
-868.627
-895.966
-926.976
-962.068
-975.125
-947.378
-891.885
-831.088
-769.066
-682.562
-585.858
-495.681
-405.505
-306.352
-206.791
-121.512
-37.048
65.7773
180.436
299.99
422.401
515.434
574.191
601.53
623.564
626.42
608.874
606.018
623.972
631.724
594.593
524.411
441.171
359.156
301.215
273.06
229.808
151.057
60.4728
12.7325
5.38782
3.34764
-13.7899
-58.674
-99.4776
-111.719
-93.3571
-77.0356
-90.5008
-129.264
-175.372
-221.481
-256.98
-281.462
-301.456
-307.984
-286.767
-261.876
-273.301
-312.881
-335.731
-314.105
-297.376
-292.887
-273.301
-210.464
-113.759
-32.5596
13.1405
28.6459
49.8638
93.1157
141.264
179.212
219.199
275.508
337.122
385.678
407.304
408.936
396.695
373.437
344.466
307.335
276.732
257.147
251.434
251.434
231.848
182.068
111.885
54.3522
24.9736
14.3646
-6.03721
-51.7373
-117.431
-163.947
-160.275
-128.448
-97.0294
-80.2999
-65.6106
-44.3927
-19.0944
19.6691
67.4094
110.253
130.655
110.661
70.2657
33.1343
34.7665
64.5532
90.6675
91.8916
76.3862
56.8005
24.5656
-11.7497
-33.7837
-40.3123
-71.3231
-143.138
-214.544
-256.98
-272.485
-282.278
-300.232
-320.226
-330.018
-314.921
-289.623
-280.238
-281.87
-287.175
-297.376
-307.168
-299.824
-257.388
-198.631
-144.362
-110.495
-99.8857
-94.5812
-78.6678
-51.7373
-38.2721
-46.4329
-49.6971
-26.031
2.12353
1.71549
-11.7497
-11.3417
0.0833437
15.9968
38.4388
65.3692
83.7309
90.6675
91.0756
74.7541
54.3522
67.0014
120.046
180.844
216.751
232.256
242.049
249.394
252.25
272.244
324.065
381.598
405.672
375.477
319.576
260.819
203.694
151.465
95.1559
36.8067
-20.7265
-71.3231
-109.271
-129.264
-121.104
-100.702
-112.943
-183.125
-268.813
-317.369
-305.128
-271.669
-251.675
-264.733
-293.295
-281.87
-225.153
-170.068
-172.924
-196.998
-177.005
-109.679
-51.7373
-38.6802
-33.7837
3.75568
73.53
154.729
229.4
273.468
282.037
293.054
353.035
428.114
476.67
492.992
500.745
498.296
486.871
482.791
497.072
521.554
541.14
529.307
485.239
450.556
435.459
413.425
337.53
225.728
117.19
32.7263
-25.623
-83.9722
-154.563
-234.946
-306.76
-368.782
-429.987
-478.136
-503.434
-525.468
-566.272
-624.621
-673.994
-715.205
-741.728
-746.624
-732.343
-711.533
-709.085
-706.636
-691.539
-645.023
-567.904
-483.032
-402.241
-333.283
-265.549
-189.246
-88.4606
37.2147
157.586
234.705
271.836
293.462
318.352
358.748
413.833
465.653
477.486
466.469
444.027
428.522
420.769
419.137
404.04
345.691
273.06
228.992
224.912
220.423
182.476
126.983
87.4032
66.5933
47.0076
23.3414
0.899417
-30.9275
-83.5642
-158.643
-238.618
-299.824
-304.312
-261.468
-222.297
-208.423
-219.032
-220.257
-225.969
-245.147
-256.98
-236.17
-180.269
-126.816
-93.3571
-62.7543
-47.657
-54.5936
-55.8177
-22.7667
43.3352
113.518
172.275
197.165
200.429
217.567
264.083
323.657
363.644
366.908
341.61
325.697
347.323
393.023
422.81
415.873
383.23
328.961
262.859
205.734
181.66
178.803
151.057
87.4032
34.3584
13.9566
1.30745
-31.3355
-72.5472
-86.0124
-80.7079
-83.9722
-97.8455
-111.719
-121.92
-141.505
-157.011
-141.505
-101.518
-77.0356
-89.2767
-121.92
-137.833
-129.264
-114.983
-103.558
-99.0696
-103.15
-124.776
-134.161
-113.351
-81.9321
-76.6276
-93.3571
-103.966
-107.638
-106.414
-93.7651
-70.9151
-59.49
-68.8749
-80.7079
-86.4205
-109.271
-157.419
-205.159
-231.274
-222.705
-189.246
-155.379
-146.81
-158.643
-160.683
-148.85
-125.184
-99.0696
-91.3169
-105.19
-117.839
-93.3571
-45.6168
-19.9105
-17.8703
-25.623
-16.6462
-6.44525
-0.73273
11.1003
24.9736
29.054
5.38782
-15.4221
1.30745
40.887
60.0648
55.9844
65.3692
97.1961
132.695
146.977
149.425
163.706
195.125
213.895
192.269
151.873
119.23
95.1559
71.8978
64.5532
74.7541
82.5068
70.2657
51.0879
40.071
41.2951
48.6397
48.2317
37.6227
23.3414
19.6691
26.1977
23.3414
20.0771
24.5656
32.3183
29.462
15.9968
15.5887
30.6861
47.4156
52.7201
46.1915
43.7433
49.4558
57.2085
61.6969
53.1281
42.5192
27.4218
11.5084
11.1003
29.87
73.938
109.029
122.902
122.494
108.213
90.6675
71.0818
64.1451
60.8808
53.1281
34.7665
12.3244
-10.9337
-30.9275
-36.64
-30.9275
-26.031
-45.2087
-78.2597
-99.4776
-89.6848
-59.8981
-31.7435
-13.3819
-7.66936
-15.8301
-30.5194
-46.0248
-55.0016
-66.0186
-75.8115
-88.8687
-113.759
-140.281
-159.867
-163.539
-163.947
-153.747
-137.425
-135.385
-141.505
-145.178
-140.689
-132.121
-115.799
-83.1562
-43.5766
-2.77291
26.1977
32.3183
13.1405
-13.7899
-30.9275
-17.8703
22.9334
60.4728
61.2889
40.479
36.3986
48.6397
57.2085
48.2317
42.9272
39.2549
26.6057
11.5084
1.71549
-5.22114
-16.2381
-40.3123
-68.0588
-99.0696
-117.023
-117.431
-122.328
-143.954
-163.131
-161.091
-147.626
-145.178
-144.77
-128.448
-103.15
-81.116
-59.8981
-11.3417
55.9844
103.317
113.11
117.598
144.936
179.212
190.229
185.332
180.436
190.637
209.814
216.751
202.062
182.884
180.436
184.516
168.603
144.12
140.448
150.649
146.569
115.15
93.1157
90.2595
85.7711
67.0014
56.3924
57.6165
44.9674
14.3646
-9.3015
-12.5658
-17.4622
-37.8641
-66.8347
-92.541
-103.966
-100.294
-84.7883
-69.2829
-54.5936
-32.1516
-10.5256
-0.324693
5.79586
8.65212
9.87623
2.53156
4.97979
12.3244
7.83604
0.491381
14.7727
39.2549
31.0941
-17.0542
-52.1454
-52.9614
-37.456
-21.1346
-0.324693
23.3414
25.3816
10.2843
-4.8131
-11.7497
-10.5256
-10.9337
-28.4792
-48.8811
-47.2489
-24.3989
-15.8301
-48.065
-91.7249
-114.575
-114.983
-121.104
-134.161
-132.121
-126.408
-146.402
-188.022
-206.791
-191.694
-166.804
-158.235
-167.62
-173.332
-166.396
-153.339
-158.235
-175.781
-184.349
-178.229
-159.867
-132.937
-108.046
-103.966
-112.535
-108.862
-85.6044
-47.2489
-8.89347
22.9334
42.1111
54.7603
75.5702
99.6443
130.655
168.603
189.412
174.315
137.592
121.27
126.167
125.759
123.31
133.511
136.368
113.11
93.5238
102.501
108.621
78.4264
51.0879
65.3692
91.0756
88.6273
62.1049
47.4156
49.0478
58.0246
83.3229
116.782
135.96
126.575
100.868
86.1791
81.2827
76.3862
69.4496
64.9612
61.6969
55.5764
57.2085
69.0416
75.5702
64.5532
52.3121
53.1281
71.0818
92.7077
121.27
141.264
140.04
129.839
123.719
125.759
124.127
127.799
130.655
124.535
103.317
92.2997
95.1559
103.725
90.6675
42.5192
-15.4221
-48.065
-43.9846
-43.1686
-56.6338
-68.4668
-74.5874
-108.862
-161.907
-183.533
-159.459
-132.937
-148.034
-185.165
-216.992
-249.635
-285.134
-306.352
-301.048
-279.014
-258.204
-239.434
-227.601
-211.28
-181.493
-150.074
-139.057
-147.626
-151.298
-137.833
-117.023
-91.3169
-65.6106
-48.8811
-37.048
-26.031
-11.3417
-5.62917
-8.89347
-4.40506
6.2039
7.01997
-10.5256
-26.8471
-6.44525
28.6459
40.887
22.1173
5.38782
15.1807
38.4388
55.5764
67.8175
73.1219
69.0416
57.2085
43.7433
33.5424
21.3013
17.6289
30.6861
51.0879
51.904
27.8298
-0.73273
-8.89347
5.79586
27.4218
42.5192
42.5192
38.8468
43.3352
55.1683
60.8808
60.0648
60.0648
50.2719
38.0308
39.2549
59.2487
76.3862
86.1791
104.541
131.471
158.402
188.596
214.711
217.159
205.734
198.389
201.246
195.941
186.148
183.7
185.332
184.516
175.539
160.85
132.695
97.1961
63.7371
40.887
29.462
22.9334
21.7093
19.2611
13.5486
-0.73273
-18.2783
-35.8239
-59.082
-92.9491
-133.753
-159.459
-167.212
-168.844
-165.172
-161.499
-168.028
-193.734
-213.32
-203.935
-185.573
-176.597
-181.085
-172.924
-159.051
-146.81
-146.81
-151.706
-150.074
-145.586
-133.753
-130.488
-134.161
-138.241
-128.04
-95.8053
-56.2257
-25.623
-14.1979
-20.3185
-18.2783
-6.03721
3.34764
14.7727
29.462
48.2317
53.1281
51.496
56.3924
61.2889
78.4264
100.052
113.926
108.621
98.4202
93.1157
79.6505
53.1281
23.7495
-1.5488
-26.031
-47.2489
-70.099
-87.6446
-86.8285
-67.6508
-59.49
-72.1392
-86.4205
-89.6848
-88.0526
-83.9722
-74.1794
-70.9151
-73.7713
-60.3061
-21.5426
21.3013
35.9906
34.7665
34.3584
40.887
47.0076
44.5594
44.1513
56.8005
94.3399
140.856
164.114
151.057
119.638
100.46
102.909
121.678
142.488
148.201
144.936
151.057
165.338
160.442
133.511
118.822
123.719
132.287
129.839
122.902
119.23
115.15
107.397
87.8113
67.4094
74.346
98.4202
100.868
68.2255
29.054
8.24408
-2.77291
-13.7899
-18.6864
-18.2783
-24.8069
-43.9846
-72.1392
-94.1732
-108.046
-123.144
-140.689
-154.563
-160.275
-174.148
-194.55
-190.878
-163.539
-138.649
-145.178
-163.539
-168.436
-160.683
-141.097
-120.288
-104.782
-97.8455
-90.9089
-81.524
-72.1392
-70.507
-78.6678
-98.2535
-107.638
-97.0294
-74.9954
-59.8981
-52.5534
-39.0882
-15.8301
5.79586
12.7325
4.57175
-6.85328
2.9396
33.5424
67.4094
73.1219
47.4156
18.037
7.01997
28.6459
55.5764
55.9844
32.3183
19.2611
32.7263
35.5825
12.7325
-6.85328
4.97979
31.0941
38.4388
25.7897
14.7727
11.9164
14.7727
10.6923
-1.14077
-13.7899
-24.8069
-37.048
-51.7373
-54.1856
-40.7203
-28.0712
-23.9908
-17.4622
-13.7899
-23.9908
-49.2891
-57.8579
-41.9445
-27.2551
-15.014
4.57175
33.5424
54.3522
67.0014
89.4434
111.069
128.207
142.08
151.057
159.626
169.827
172.683
148.201
120.046
123.31
149.017
153.505
127.391
100.052
90.6675
111.069
149.425
186.148
199.205
186.964
159.218
124.943
105.357
96.7881
88.2193
57.6165
24.5656
-2.36488
-32.5596
-63.9784
-91.3169
-97.0294
-98.6616
-107.638
-122.328
-139.057
-151.298
-161.907
-171.7
-186.798
-198.631
-190.47
-170.068
-157.419
-159.051
-162.723
-161.499
-154.971
-139.465
-126.408
-118.247
-115.391
-106.822
-94.1732
-80.7079
-66.4267
-50.5132
-30.1114
-5.62917
22.9334
50.2719
66.1853
62.1049
53.1281
60.4728
77.2023
85.363
78.8345
67.4094
45.3754
11.5084
-21.1346
-28.8873
-16.2381
-12.9738
-20.3185
-27.2551
-21.5426
-32.9676
-59.49
-69.691
-57.0418
-46.4329
-55.0016
-69.2829
-72.9552
-68.0588
-64.3865
-63.9784
-62.7543
-56.6338
-63.5704
-75.8115
-77.4437
-57.8579
-42.7605
-46.4329
-49.6971
-45.2087
-27.2551
-4.40506
21.3013
36.8067
36.3986
35.5825
44.5594
74.7541
106.989
118.822
110.661
112.702
134.735
154.321
159.218
168.603
191.861
207.366
203.286
187.372
173.907
158.402
139.632
129.839
135.552
137.592
125.351
104.541
78.4264
59.2487
63.3291
80.4666
83.3229
61.6969
26.1977
-7.26132
-23.5828
-25.2149
-23.5828
-37.456
-60.7141
-70.099
-67.6508
-61.5302
-73.3633
-100.294
-128.04
-157.011
-161.499
-120.288
-72.1392
-76.2195
-116.615
-128.04
-91.3169
-54.5936
-44.3927
-52.5534
-58.674
-42.3525
-1.5488
40.887
58.0246
50.2719
42.9272
46.1915
36.8067
12.3244
-3.18095
3.34764
6.2039
-10.9337
-25.2149
-23.5828
-26.031
-42.3525
-60.3061
-68.0588
-70.9151
-72.5472
-71.3231
-74.1794
-79.8919
-101.926
-117.839
-113.759
-92.9491
-89.6848
-115.391
-134.977
-130.488
-113.759
-103.558
-96.2133
-84.3803
-77.8517
-88.4606
-101.518
-99.0696
-81.524
-57.0418
-27.6632
-4.40506
3.34764
0.899417
10.2843
28.2379
35.5825
38.0308
53.1281
78.4264
99.6443
106.173
115.558
126.575
127.799
122.902
116.374
108.621
94.7479
89.8514
106.173
125.759
125.759
112.293
109.437
110.661
98.0122
70.2657
52.3121
49.4558
49.8638
45.7835
38.0308
33.5424
29.054
27.0138
20.4852
-7.66936
-42.3525
-66.4267
-67.2427
-60.3061
-46.8409
-34.5998
-43.1686
-73.3633
-99.0696
-90.5008
-57.0418
-25.623
-19.0944
-26.031
-28.4792
-12.1578
16.4048
