5.49912
1.97246
-9.78306
-16.4445
-18.4038
-19.1875
-10.9586
5.49912
15.6872
15.2954
12.5524
7.85022
3.14801
4.71542
17.2546
25.8753
19.9976
8.63392
0.79691
-4.29715
-8.6075
-8.21565
-0.770493
3.93171
2.36431
0.405059
4.32356
7.85022
3.14801
-5.4727
-1.55419
3.14801
2.75616
-3.9053
-2.33789
1.97246
-4.29715
-7.43195
-3.51345
3.14801
-1.94604
-6.2564
-6.2564
4.71542
9.80947
13.728
14.1198
14.9035
12.9443
3.93171
-5.86455
-12.1342
-7.43195
2.75616
9.41762
9.41762
5.89097
3.14801
8.24207
21.565
32.145
30.9694
25.0916
22.7405
27.8346
21.565
7.45837
-10.5668
-27.0245
-37.2126
-43.0904
-38.78
-29.3756
-12.526
-1.55419
0.79691
-5.4727
-2.72975
5.10727
13.3361
14.1198
14.1198
15.2954
16.0791
13.728
4.71542
-1.55419
-6.2564
-2.72975
-2.72975
-7.43195
-16.4445
-21.5386
-17.6201
-6.2564
4.32356
15.2954
24.3079
29.402
25.0916
7.85022
-9.78306
-22.3223
-21.9304
-15.6608
-1.16234
10.2013
10.985
-2.72975
-15.6608
-14.8771
-9.39121
-8.6075
-11.7423
-7.0401
5.49912
16.8628
16.8628
7.06652
-4.689
-11.7423
-10.9586
-10.1749
-14.8771
-19.5793
-19.1875
-10.9586
-9.39121
-18.0119
-29.3756
-32.9022
-21.5386
-2.33789
16.0791
18.4302
2.36431
-12.1342
-10.5668
-5.08085
-4.29715
-7.43195
-5.08085
-2.72975
-5.4727
-6.2564
-0.770493
6.67467
5.49912
-3.9053
-5.4727
6.28282
18.822
17.2546
9.80947
8.24207
8.24207
3.53986
-6.64825
-12.9179
-19.9712
-18.0119
-3.9053
16.0791
27.4427
19.2139
4.71542
-2.33789
1.97246
12.1606
24.6998
38.4146
45.076
32.9287
6.28282
-10.9586
-12.1342
-3.9053
9.02577
17.2546
11.3769
-2.72975
-1.55419
11.3769
15.2954
1.18876
-11.3505
-7.43195
3.14801
3.14801
-13.7016
-23.8897
-16.4445
-6.2564
-14.4853
-28.9837
-23.8897
-5.86455
5.89097
11.3769
15.6872
14.1198
0.79691
-11.7423
-6.64825
4.71542
9.02577
1.18876
1.18876
12.9443
19.9976
12.9443
0.0132084
-9.78306
-12.526
-9.39121
-6.2564
-1.94604
-2.72975
-2.72975
1.18876
9.41762
18.4302
18.4302
14.1198
9.80947
5.10727
1.97246
2.75616
9.80947
16.4709
14.5117
8.63392
4.71542
8.24207
11.7687
5.89097
-3.51345
-8.99935
-10.9586
-11.3505
-5.4727
4.71542
8.24207
4.71542
-1.94604
-8.21565
-9.39121
-3.51345
2.75616
-3.1216
-18.7956
-29.7674
-31.7267
-31.7267
-25.8489
-10.1749
8.24207
16.0791
12.9443
18.0383
29.402
30.1857
10.2013
-9.78306
-12.1342
-9.78306
-12.1342
-18.7956
-11.7423
4.71542
18.822
25.0916
24.3079
18.822
7.85022
-4.29715
-18.7956
-30.5511
-32.5104
-19.9712
-8.21565
-11.7423
-13.3097
0.79691
18.822
27.8346
23.9161
10.985
-8.21565
-18.4038
-14.8771
-8.6075
-5.86455
1.18876
12.9443
19.6057
18.4302
15.2954
14.9035
16.0791
8.24207
-5.86455
-18.4038
-18.0119
-0.770493
14.1198
16.8628
9.41762
7.85022
7.06652
-3.51345
-12.1342
-5.86455
7.85022
10.985
3.14801
-1.16234
-1.55419
3.14801
15.6872
29.7939
25.0916
1.97246
-10.1749
-3.9053
12.5524
22.7405
28.2264
29.7939
19.6057
5.10727
-8.99935
-10.5668
-13.3097
-21.1467
-29.3756
-27.0245
-12.1342
-1.16234
3.93171
-0.378642
-8.6075
-16.8364
-18.7956
-10.5668
-1.55419
-3.1216
-15.269
-31.7267
-26.6326
-1.94604
14.5117
1.97246
-22.3223
-25.4571
-6.2564
10.985
15.6872
4.71542
-13.7016
-16.4445
-1.94604
18.0383
18.822
5.10727
-0.770493
1.18876
-0.770493
-13.7016
-21.5386
-16.8364
-12.526
-15.269
-13.7016
-4.29715
7.45837
11.7687
11.3769
9.41762
3.14801
3.53986
9.80947
17.2546
20.7813
21.9568
25.0916
25.4835
16.8628
5.89097
4.32356
11.3769
17.2546
14.1198
9.02577
6.28282
2.75616
0.405059
1.97246
6.67467
9.02577
6.67467
3.14801
-6.2564
-12.9179
-10.5668
-1.55419
1.58061
-2.33789
-10.5668
-17.2282
-16.8364
-12.9179
-10.9586
-12.9179
-10.1749
-5.08085
-3.9053
-0.378642
5.89097
6.28282
0.79691
-0.378642
9.80947
19.6057
18.822
11.7687
7.45837
4.32356
-0.378642
-7.8238
-9.39121
-7.0401
-9.39121
-12.9179
-15.6608
-14.0934
-5.08085
4.71542
13.728
10.985
3.14801
-3.51345
-2.72975
5.89097
15.6872
14.9035
3.14801
-3.9053
6.67467
21.1731
18.0383
1.97246
-7.43195
-8.6075
-17.6201
-30.1593
-24.2815
-2.33789
6.67467
-8.99935
-18.7956
-10.9586
0.79691
1.18876
-0.378642
3.93171
0.0132084
-7.0401
-7.8238
-0.770493
1.58061
-1.16234
1.97246
2.75616
-0.378642
-2.72975
-1.94604
-4.29715
-11.7423
-14.0934
-8.21565
-0.378642
3.93171
3.93171
0.79691
1.18876
1.97246
5.10727
10.5932
19.9976
23.9161
18.4302
12.9443
11.7687
10.2013
4.32356
9.02577
24.6998
32.5368
21.9568
9.41762
9.41762
15.2954
20.7813
20.7813
14.5117
2.75616
-6.64825
-11.7423
-17.2282
-17.2282
-8.99935
-6.2564
-12.526
-20.363
-22.3223
-18.0119
-18.7956
-23.8897
-29.3756
-31.7267
-34.4696
-41.1311
-46.2252
-44.6578
-38.78
-32.5104
-28.9837
-29.7674
-36.8207
-40.3474
-37.9963
-34.4696
-33.6859
-32.5104
-31.3348
-30.943
-31.7267
-28.2
-20.363
-9.39121
2.36431
10.2013
14.5117
17.2546
20.3894
19.6057
18.0383
18.4302
21.565
29.0102
39.1983
52.913
63.1011
64.6686
60.3582
57.6152
64.6686
81.5181
99.1514
108.948
106.597
106.205
110.515
116.001
111.691
105.029
110.123
119.919
120.311
110.515
108.948
118.744
129.324
132.851
134.81
132.067
117.96
106.988
110.907
118.352
103.462
61.5337
9.02577
-42.3067
-92.8554
-146.931
-206.492
-266.445
-313.467
-344.815
-366.367
-384
-388.703
-376.163
-357.355
-347.558
-338.546
-312.684
-277.417
-248.028
-222.95
-195.128
-161.821
-121.852
-69.7362
-5.4727
59.9663
123.838
185.359
245.704
301.346
339.356
344.842
318.588
277.835
222.584
148.916
65.8441
-4.29715
-60.7236
-116.758
-161.037
-183.373
-185.724
-178.279
-167.307
-158.686
-154.768
-147.323
-133.216
-118.718
-107.746
-88.545
-52.1029
-2.33789
50.9538
116.001
197.506
288.415
369.528
438.886
509.419
575.642
631.284
673.604
706.912
730.423
737.084
724.937
688.887
629.717
559.968
493.745
430.265
355.814
278.619
204.167
141.471
92.8818
62.3174
44.2923
10.2013
-60.7236
-177.495
-327.966
-505.866
-702.575
-902.419
-1077.97
-1221.78
-1342.47
-1434.16
-1469.82
-1422.8
-1303.67
-1142.62
-960.413
-760.961
-546.226
-328.749
-126.946
45.076
181.048
289.983
388.729
486.3
592.491
699.466
797.037
875.407
946.724
1015.3
1051.35
1024.31
923.605
761.379
548.212
300.954
36.4553
-244.502
-539.173
-809.942
-1017.23
-1148.11
-1213.16
-1220.21
-1179.46
-1113.63
-1028.99
-911.039
-752.732
-570.913
-383.608
-191.21
16.8628
236.299
455.735
667.335
869.921
1059.19
1212.01
1311.93
1361.69
1375.41
1350.72
1270.39
1137.56
979.64
818.589
657.147
487.083
317.412
160.672
25.4835
-94.8146
-199.047
-280.552
-336.978
-367.151
-362.057
-306.806
-206.492
-86.9776
39.1983
190.061
373.447
574.858
775.094
974.154
1152.84
1258.25
1226.11
1039.2
721.41
310.359
-172.401
-697.089
-1213.16
-1677.5
-2055.24
-2311.91
-2400.86
-2328.75
-2153.21
-1927.89
-1659.87
-1346.78
-1019.58
-728.437
-491.759
-293.483
-108.529
77.9915
273.917
504.325
775.485
1068.59
1348.76
1596.8
1788.42
1886.38
1859.74
1699.86
1416.16
1020
536.848
2.36431
-536.822
-1024.28
-1418.09
-1678.67
-1791.92
-1764.88
-1616.37
-1380.48
-1102.26
-836.196
-605.396
-405.552
-230.787
-88.9369
32.9287
168.509
354.638
590.14
851.504
1111.3
1354.25
1554.09
1675.57
1698.29
1627.37
1485.13
1273.14
999.624
697.507
404.795
157.929
-31.3348
-168.091
-277.809
-387.527
-478.436
-529.769
-537.606
-522.324
-508.217
-487.841
-425.928
-284.862
-64.6421
196.33
472.585
763.338
1060.75
1341.71
1581.91
1775.49
1906.76
1917.73
1729.25
1302.92
683.009
-42.3067
-802.497
-1539.96
-2200.23
-2729.62
-3093.26
-3270.37
-3228.05
-2970.21
-2558.77
-2086.98
-1605.01
-1108.92
-603.829
-132.432
255.5
565.062
835.439
1092.88
1358.17
1638.34
1914.6
2125.8
2217.89
2185.36
2033.33
1749.63
1308.01
718.667
44.2923
-652.418
-1322.48
-1917.31
-2370.29
-2625.78
-2684.56
-2556.81
-2242.16
-1753.52
-1157.12
-550.537
0.405059
462.005
818.197
1077.99
1258.64
1381.29
1453.78
1486.3
1489.44
1479.25
1468.28
1435.75
1338.97
1156.76
907.539
613.651
291.55
-24.6734
-295.442
-513.311
-675.537
-751.948
-717.465
-595.208
-445.129
-300.144
-157.903
-21.1467
102.678
211.221
316.237
427.522
553.698
703.385
869.53
1048.21
1233.56
1407.93
1539.2
1617.18
1654.01
1661.46
1620.71
1476.51
1161.07
626.19
-114.407
-985.491
-1880.48
-2701.01
-3369.51
-3814.26
-3983.93
-3860.5
-3461.2
-2816.61
-1983.14
-1074.44
-213.937
525.485
1134.03
1610.13
1925.96
2079.96
2105.03
2031.76
1868.75
1656.37
1467.1
1309.58
1097.98
751.974
291.55
-213.153
-747.246
-1325.23
-1911.04
-2398.11
-2713.94
-2838.94
-2740.98
-2371.07
-1742.94
-969.033
-151.241
664.592
1438.1
2070.94
2459.66
2581.52
2475.73
2183.01
1739.83
1201.04
650.485
150.484
-280.552
-614.017
-807.983
-843.249
-765.663
-660.255
-567.386
-467.465
-318.953
-103.435
153.227
404.795
620.705
785.282
897.351
958.48
972.978
921.646
762.163
502.757
229.638
36.4553
-47.7926
-37.2126
63.1011
253.932
509.027
774.702
987.477
1114.83
1152.84
1112.48
1001.98
842.492
677.915
560.36
514.121
483.557
352.679
23.9161
-505.474
-1150.07
-1805.63
-2398.5
-2873.82
-3184.56
-3302.5
-3208.85
-2871.08
-2251.95
-1409.47
-496.853
350.719
1091.71
1717.1
2170.08
2393.83
2397.75
2222.59
1871.1
1367.18
821.332
358.556
-26.6326
-431.022
-876.557
-1275.85
-1564.25
-1766.06
-1905.16
-1958.85
-1893.41
-1721.78
-1452.58
-1064.25
-543.484
48.9945
623.839
1148.53
1635.6
2061.15
2324.86
2344.06
2122.28
1712.79
1181.05
590.924
12.1606
-519.972
-981.181
-1331.5
-1510.96
-1483.53
-1276.24
-948.265
-575.615
-210.019
133.634
475.328
827.993
1136.38
1306.44
1303.31
1179.48
996.881
774.31
506.284
210.045
-85.0184
-342.856
-510.176
-523.891
-361.665
-57.9807
313.102
681.049
1017.26
1303.7
1512.95
1601.9
1560.36
1432.62
1272.35
1110.52
962.79
825.25
599.936
127.756
-646.54
-1590.9
-2501.56
-3219.82
-3680.64
-3825.23
-3626.96
-3146.55
-2441.61
-1526.64
-412.997
730.031
1630.5
2179.09
2464.75
2576.82
2481.6
2143.44
1664.2
1166.94
649.701
86.6122
-407.511
-721.776
-960.413
-1325.23
-1792.7
-2127.74
-2223.35
-2186.12
-2061.51
-1733.53
-1148.89
-414.173
360.124
1179.88
1982.39
2553.31
2754.33
2660.29
2411.07
2000.41
1359.34
535.281
-306.022
-1027.81
-1566.61
-1868.33
-1920.84
-1800.93
-1617.15
-1366.76
-969.033
-426.32
128.54
593.275
964.749
1265.3
1481.99
1603.07
1651.27
1580.35
1281.76
746.097
139.12
-355.003
-716.681
-1003.12
-1186.9
-1168.09
-907.905
-453.358
135.202
770.783
1327.99
1681.05
1804.88
1775.49
1662.64
1477.29
1221.8
954.953
768.04
695.94
725.329
791.943
728.855
320.547
-533.295
-1701.79
-2922.02
-3930.64
-4529.39
-4573.67
-4028.6
-3019.2
-1731.97
-290.348
1220.63
2576.04
3436.54
3642.66
3349.55
2782.54
2017.26
1081.13
137.161
-605.396
-1125.77
-1495.29
-1666.53
-1571.7
-1380.87
-1393.41
-1646.15
-1873.03
-1871.47
-1668.49
-1314.25
-717.073
171.252
1210.05
2192.42
2994.54
3506.29
3542.34
3020.79
2112.09
1070.55
-0.770493
-1073.66
-1996.86
-2574.05
-2740.59
-2545.45
-2009.4
-1222.56
-447.088
94.4492
431.049
729.639
1016.87
1181.83
1222.59
1255.89
1316.63
1307.62
1176.35
994.138
779.404
397.35
-217.464
-887.528
-1342.86
-1469.82
-1349.91
-1063.86
-604.612
34.1042
750.015
1380.11
1819.77
2024.31
1970.63
1707.31
1358.56
1030.58
757.852
570.939
524.701
647.742
884.42
1127.37
1190.46
810.36
-148.498
-1540.74
-2993.73
-4153.6
-4816.22
-4855.8
-4210.81
-3007.05
-1510.18
61.9256
1610.13
2951.43
3719.07
3706.14
3102.69
2264.52
1374.23
484.341
-280.16
-768.406
-996.463
-1108.14
-1147.33
-1119.5
-1167.31
-1489.02
-2034.47
-2468.25
-2518.02
-2154.77
-1451.4
-440.819
795.078
2053.7
3128.16
3863.27
4092.89
3644.62
2562.32
1177.92
-158.686
-1304.46
-2199.84
-2702.97
-2705.32
-2301.33
-1675.93
-927.497
-175.928
356.989
520.391
444.372
424.779
581.128
822.508
1061.14
1299.78
1492.18
1513.34
1295.47
889.122
329.56
-387.135
-1141.84
-1686.51
-1805.63
-1479.61
-851.87
-110.097
597.193
1184.97
1597.59
1795.47
1741.4
1454.56
1019.61
605.03
361.299
331.519
468.275
694.764
965.141
1230.03
1431.84
1410.28
886.771
-279.376
-1884.4
-3477.66
-4607.37
-5000
-4559.56
-3402.03
-1858.93
-284.078
1156.76
2445.55
3423.22
3723.77
3192.42
2170.87
1159.89
373.447
-210.019
-564.643
-639.879
-583.452
-642.23
-834.237
-1029.38
-1290.74
-1826.79
-2531.34
-2913.79
-2621.47
-1757.44
-579.142
780.971
2161.46
3260.99
3853.47
3916.56
3441.64
2360.91
817.805
-702.183
-1746.86
-2235.1
-2312.3
-2045.45
-1478.44
-804.848
-249.204
158.713
461.613
511.77
206.127
-175.536
-189.251
253.932
832.304
1271.18
1547.82
1626.19
1364.05
731.99
-79.9243
-850.694
-1509
-1976.48
-2021.94
-1506.65
-594.424
362.475
1094.84
1521.18
1628.54
1459.66
1137.95
773.526
437.318
194.371
148.916
372.663
791.943
1246.1
1597.98
1783.72
1782.15
1601.11
1186.93
348.368
-1018.01
-2678.29
-4124.21
-4874.22
-4752.74
-3852.27
-2422.8
-849.519
518.823
1550.96
2327.61
2857.78
2895.79
2328.78
1458.48
730.031
303.697
70.9382
-63.4666
-170.834
-409.862
-881.651
-1413.78
-1787.22
-2061.9
-2400.46
-2651.25
-2406.34
-1512.92
-223.342
1129.72
2324.47
3130.9
3346.42
3018.05
2353.86
1443.98
244.528
-1045.05
-1929.07
-2119.11
-1812.3
-1367.55
-898.5
-414.957
-81.0999
-22.7141
-65.4258
0.405059
104.637
109.34
175.17
562.319
1190.06
1671.65
1782.54
1582.31
1158.72
511.77
-265.27
-934.159
-1330.32
-1458.85
-1337.37
-902.81
-197.479
544.294
1053.31
1228.07
1101.9
761.379
373.447
109.731
49.7782
163.807
415.375
779.012
1168.12
1469.45
1605.03
1576.04
1449.08
1289.99
1121.88
869.53
303.697
-761.352
-2201.4
-3570.53
-4394.2
-4483.15
-3890.67
-2758.22
-1336.98
9.02577
1049.39
1856.6
2538.81
2888.74
2632.86
1935.36
1261.77
812.711
443.98
54.0886
-322.872
-747.638
-1339.33
-1977.26
-2367.55
-2445.13
-2419.66
-2331.11
-1898.89
-940.428
320.155
1488.26
2380.51
2913.81
2954.96
2494.53
1749.23
917.335
-37.2126
-1064.64
-1785.26
-1891.06
-1548.97
-1158.69
-836.588
-505.866
-231.179
-125.771
-78.7488
130.891
469.45
751.583
952.602
1206.52
1494.53
1565.06
1257.07
692.805
83.0855
-466.289
-887.528
-1074.05
-988.626
-750.381
-461.979
-111.272
299.387
661.457
846.802
828.777
657.93
411.064
201.816
141.471
261.769
487.475
724.153
945.157
1155.58
1313.89
1345.24
1262.16
1159.5
1097.59
1069.77
971.411
538.808
-464.33
-1932.59
-3391.45
-4336.6
-4537.22
-4018.81
-2916.53
-1496.86
-115.975
995.314
1869.92
2578.39
2925.57
2677.14
1991.4
1318.2
864.827
504.717
117.177
-281.335
-732.747
-1365.98
-2066.61
-2522.72
-2650.07
-2615.2
-2411.04
-1775.07
-642.23
659.106
1808.4
2684.97
3126.98
2946.73
2256.68
1420.86
590.14
-335.019
-1266.06
-1803.28
-1737.84
-1338.94
-949.441
-650.459
-408.295
-300.144
-324.439
-224.125
167.333
666.159
1027.05
1304.48
1614.44
1784.89
1554.09
918.511
105.421
-695.13
-1357.75
-1710.41
-1645.37
-1262.14
-778.202
-310.332
184.183
698.291
1049.39
1121.88
971.411
721.41
469.842
289.983
258.635
360.908
500.406
644.216
813.887
1007.85
1144.61
1155.97
1081.91
1016.87
1018.82
1087.01
1202.6
1205.74
741.394
-410.254
-2018.41
-3534.48
-4472.96
-4638.32
-4000
-2696.31
-1112.84
298.211
1347.2
2140.3
2697.12
2785.29
2271.57
1462.79
796.254
391.08
116.393
-118.326
-358.138
-740.976
-1374.99
-2058.38
-2489.02
-2617.55
-2536.04
-2165.74
-1320.13
-92.4635
1168.12
2206.52
2926.75
3176.75
2826.82
2039.99
1130.89
203.776
-784.472
-1632.44
-1957.28
-1700.23
-1228.05
-858.531
-604.612
-440.427
-386.743
-341.289
-81.0999
419.293
925.172
1302.52
1601.51
1794.69
1708.87
1233.56
473.761
-345.599
-1024.28
-1399.68
-1390.27
-1108.53
-773.108
-478.828
-123.42
354.246
757.852
885.204
797.429
671.253
578.776
496.096
467.491
553.306
671.645
721.41
727.68
800.564
954.953
1091.32
1142.65
1128.15
1113.65
1139.51
1197.9
1132.07
577.209
-679.064
-2359.71
-3853.84
-4654.39
-4580.33
-3659.87
-2108.93
-434.157
857.774
1661.85
2207.31
2570.16
2495.32
1896.18
1149.7
675.564
483.949
364.826
193.979
-139.094
-809.55
-1789.96
-2698.66
-3165.75
-3182.21
-2870.29
-2161.04
-979.221
456.127
1739.83
2640.69
3090.15
2977.29
2314.28
1415.77
617.178
-80.3162
-791.133
-1351.09
-1456.89
-1171.23
-884.394
-787.998
-777.81
-771.541
-771.149
-597.559
-0.770493
900.878
1670.86
2058.4
2134.82
1918.51
1334.66
440.845
-520.364
-1273.89
-1657.91
-1601.87
-1164.57
-556.806
-39.1718
244.528
346.017
416.159
467.883
466.315
485.124
605.422
751.191
804.482
792.727
764.906
670.861
483.557
364.434
456.519
726.504
1045.86
1304.88
1451.82
1480.03
1420.86
1327.21
1081.52
338.964
-1069.74
-2822.09
-4251.96
-4832.68
-4473.35
-3324.06
-1717.86
-175.536
866.787
1387.95
1693.98
1916.55
1876.98
1534.5
1205.35
1132.46
1175.56
1080.74
747.664
97.584
-963.155
-2249.99
-3228.44
-3527.03
-3233.93
-2543.49
-1488.63
-167.699
1098.37
2011.77
2523.92
2622.28
2235.91
1513.73
853.072
489.043
240.218
-115.583
-481.571
-672.794
-769.581
-977.654
-1259
-1436.12
-1444.74
-1257.44
-738.625
172.036
1199.86
1928.31
2198.69
2085.05
1635.99
885.204
-43.8741
-908.688
-1455.71
-1536.82
-1147.33
-484.706
156.753
522.742
529.011
321.723
142.647
134.418
300.563
572.115
847.194
1012.95
1014.91
880.893
652.444
364.434
113.65
59.5745
290.766
736.3
1226.11
1601.51
1787.24
1775.49
1616.4
1363.26
846.019
-228.436
-1838.94
-3503.52
-4594.04
-4745.3
-3956.11
-2475.7
-831.886
384.419
943.198
1109.34
1262.56
1430.27
1427.13
1297.82
1300.17
1450.64
1501.19
1266.47
694.764
-279.768
-1628.52
-2951.41
-3659.48
-3550.15
-2856.58
-1834.63
-606.571
634.027
1564.67
2042.73
2154.41
1970.63
1507.85
985.909
711.222
678.698
576.034
227.678
-200.614
-574.44
-983.532
-1439.25
-1728.05
-1689.25
-1387.92
-850.694
15.6872
1084.26
1909.11
2156.37
1938.89
1496.1
887.947
134.81
-602.653
-1107.36
-1274.28
-1114.41
-686.509
-159.47
222.192
328.776
210.045
79.167
99.9351
313.886
672.821
1020.39
1184.19
1090.14
829.169
531.363
253.149
33.3205
-23.106
166.158
566.237
1046.25
1445.94
1657.54
1669.3
1531.37
1311.93
1022.74
440.845
-702.575
-2304.07
-3814.65
-4613.64
-4449.84
-3440.43
-1916.53
-408.687
579.168
949.859
1050.96
1217.49
1405.97
1462.01
1501.98
1664.59
1782.54
1587.01
1046.25
211.613
-952.576
-2298.19
-3325.23
-3564.65
-3061.52
-2169.66
-1133.61
-74.8302
840.141
1427.52
1664.59
1657.93
1431.44
1068.98
851.113
922.038
993.354
666.159
-2.33789
-654.377
-1142.23
-1552.89
-1807.99
-1699.83
-1260.96
-693.17
-43.4822
768.04
1583.48
2001.59
1886.38
1501.58
1085.44
608.557
37.239
-514.095
-889.488
-1015.66
-891.055
-561.509
-183.373
60.3582
114.042
62.7093
72.5056
258.243
608.557
1029.01
1317.02
1286.07
958.48
546.253
210.045
-27.0245
-141.837
-25.0652
349.544
824.467
1221.02
1476.51
1590.53
1563.5
1391.87
1154.4
861.301
212.004
-1041.53
-2666.92
-4019.98
-4529.78
-4067
-2832.67
-1256.26
30.5776
604.639
616.786
594.451
846.802
1223.76
1534.11
1816.63
2073.69
2082.7
1700.64
980.423
-23.4978
-1315.82
-2640.67
-3414.57
-3311.91
-2592.08
-1678.28
-753.907
96.4084
682.617
920.078
997.665
1082.3
1125.02
1112.87
1209.66
1392.26
1326.82
775.877
-62.6829
-842.074
-1449.83
-1847.17
-1881.26
-1496.07
-936.901
-417.699
149.308
856.99
1456.52
1623.84
1431.05
1188.89
1014.91
777.445
401.268
-24.6734
-416.916
-731.18
-898.108
-807.591
-519.972
-239.407
-76.3977
38.0227
205.735
405.187
591.708
749.231
826.818
775.877
625.799
438.886
276.66
160.672
132.067
214.747
415.375
720.235
1070.55
1371.49
1528.62
1516.87
1377.37
1185.36
843.276
30.1857
-1371.07
-2978.44
-4151.25
-4436.52
-3772.33
-2393.41
-802.497
353.854
744.529
613.259
499.231
693.981
1097.59
1563.11
2045.47
2379.33
2300.96
1742.96
841.316
-325.615
-1686.9
-2884.79
-3367.55
-2982.36
-2125.78
-1233.14
-476.869
94.0573
395.39
465.924
523.526
702.209
960.047
1270.39
1632.85
1819.77
1497.27
621.88
-432.59
-1283.69
-1811.51
-1975.7
-1725.7
-1185.73
-654.769
-239.016
175.562
634.419
949.467
1018.82
1050.96
1203.39
1338.57
1230.82
868.354
365.61
-179.846
-655.945
-893.014
-796.619
-526.634
-287.997
-141.445
-4.689
182.224
328.776
438.494
586.614
769.216
906.755
947.508
905.972
752.366
484.732
256.675
222.584
384.027
668.51
1000.41
1300.96
1449.47
1409.5
1229.25
906.364
205.343
-1081.1
-2687.69
-3984.72
-4418.1
-3872.65
-2583.46
-1010.57
189.277
549.78
247.663
-57.5888
119.919
700.642
1408.32
2142.65
2754.33
2864.05
2246.49
1133.25
-126.946
-1392.23
-2460.81
-2897.33
-2501.95
-1697.48
-1048.19
-682.982
-448.264
-317.386
-301.712
-173.968
282.537
936.928
1514.12
1912.64
2060.36
1726.11
842.492
-234.705
-1038.39
-1407.91
-1426.32
-1170.44
-778.202
-523.107
-513.703
-535.647
-353.828
-27.0245
300.954
685.36
1174
1559.97
1600.33
1268.83
676.347
-33.2941
-645.757
-900.068
-706.885
-286.43
29.402
79.9507
-43.0904
-181.022
-248.028
-139.094
219.45
706.52
1077.6
1226.11
1191.24
995.705
675.564
390.296
313.102
466.315
764.122
1109.34
1389.91
1489.83
1371.1
1092.88
756.285
228.07
-795.052
-2265.67
-3642.24
-4273.51
-3916.53
-2778.6
-1315.04
-153.984
247.271
4.71542
-288.389
-119.109
547.82
1423.21
2257.07
2866.79
2950.26
2287.24
1072.51
-262.527
-1429.07
-2281.34
-2540.75
-2072.09
-1322.48
-896.933
-885.961
-958.845
-914.958
-753.515
-371.069
333.086
1157.54
1791.55
2111.3
2087.79
1598.76
631.676
-441.211
-1091.68
-1143.41
-849.127
-557.59
-461.979
-606.963
-911.039
-1117.15
-973.735
-474.126
166.942
797.429
1383.64
1762.17
1697.9
1201.04
507.46
-150.457
-576.399
-596.775
-230.395
197.114
366.002
199.857
-184.548
-562.684
-702.967
-499.988
-1.16234
614.435
1114.44
1315.85
1184.58
849.545
469.842
220.233
260.986
592.491
1032.15
1377.37
1534.5
1474.94
1231.21
919.295
687.319
431.833
-263.702
-1578.36
-3092.86
-4079.93
-4114.03
-3275.47
-1939.65
-708.844
-158.686
-315.426
-589.33
-365.192
410.281
1407.54
2359.35
3078
3253.16
2650.49
1474.16
197.506
-882.826
-1661.83
-1963.55
-1708.06
-1268.02
-1183.38
-1480.79
-1731.97
-1630.48
-1209.24
-521.54
423.996
1359.73
1908.72
1993.75
1800.57
1379.33
672.037
-72.4791
-392.621
-202.965
85.0448
64.2767
-353.044
-1030.16
-1703.36
-2003.91
-1657.51
-781.729
238.258
1063.1
1555.27
1687.71
1465.53
993.746
509.811
251.973
238.65
310.359
286.848
102.286
-216.288
-576.791
-803.672
-819.738
-662.606
-383.217
3.93171
456.911
828.385
990.611
928.307
723.369
546.645
540.767
702.601
923.997
1080.74
1114.83
1037.63
914.984
830.736
802.915
780.58
750.799
526.269
-278.593
-1715.12
-3242.16
-4092.47
-3899.68
-2854.23
-1445.92
-375.38
-159.078
-630.082
-1061.12
-795.835
171.644
1407.54
2520.79
3228.08
3250.81
2490.22
1251.19
46.2516
-815.82
-1244.11
-1212.37
-903.986
-787.606
-1185.33
-1841.68
-2198.66
-2005.48
-1391.06
-521.932
444.764
1217.1
1551.35
1530.97
1371.1
1095.24
693.197
419.685
523.134
816.238
851.504
414.983
-360.097
-1221.39
-1868.72
-1991.76
-1488.63
-642.23
116.393
544.294
638.73
492.961
235.124
61.5337
138.728
501.19
986.301
1284.5
1191.63
764.514
226.895
-237.84
-509.001
-499.596
-279.376
-37.2126
109.34
169.293
166.942
124.23
124.23
260.986
551.739
921.254
1239.44
1400.49
1401.27
1311.93
1204.95
1125.02
1107.77
1127.37
1083.09
733.166
-265.27
-1864.41
-3481.97
-4351.88
-4101.49
-2985.1
-1603.05
-699.44
-680.631
-1202.58
-1477.66
-932.199
331.519
1790.77
2981.6
3581.14
3395.79
2507.07
1327.6
319.763
-345.207
-693.17
-759.393
-750.381
-1068.96
-1848.74
-2651.64
-2902.03
-2480.01
-1631.26
-578.358
449.466
1098.76
1220.24
1116.79
1143.04
1266.47
1325.25
1391.47
1561.54
1615.22
1245.31
464.748
-470.991
-1318.56
-1855.4
-1882.05
-1440.82
-905.162
-597.951
-472.167
-316.994
-78.7488
110.123
243.744
462.005
762.163
1015.69
1144.61
1217.49
1204.95
945.549
484.341
49.7782
-225.301
-385.176
-436.116
-302.495
-56.0214
85.4366
53.3049
-21.1467
19.9976
208.478
493.745
845.627
1190.06
1410.68
1460.44
1407.93
1365.61
1340.93
1303.7
1270.39
1183.79
635.987
-719.424
-2517.23
-3890.67
-4218.26
-3584.24
-2432.6
-1357.75
-965.898
-1362.84
-1932.2
-1844.43
-829.534
684.968
2135.21
3164.99
3518.44
3063.5
2043.51
1036.46
425.563
170.076
101.111
68.1952
-242.15
-1108.92
-2275.07
-3061.91
-3069.74
-2463.55
-1556.03
-590.506
115.609
317.02
235.515
358.165
815.454
1348.76
1791.55
2193.98
2421.65
2176.35
1449.08
586.614
-139.877
-694.738
-1036.04
-1088.94
-990.585
-1039.57
-1267.62
-1443.96
-1428.67
-1272.33
-974.127
-440.427
277.052
913.809
1268.43
1362.87
1338.57
1273.14
1181.83
1128.93
1088.18
909.89
521.566
103.07
-152.417
-300.144
-444.737
-523.499
-416.524
-169.658
100.327
374.23
684.968
976.897
1189.28
1378.15
1594.45
1778.23
1811.15
1730.43
1584.27
1066.24
-170.05
-1884.4
-3300.15
-3802.5
-3425.15
-2583.46
-1819.35
-1683.38
-2237.06
-2840.9
-2676.33
-1503.13
186.534
1778.62
2867.58
3222.98
2869.93
2177.92
1654.41
1457.7
1380.89
1245.31
940.455
269.215
-871.071
-2131.65
-2913
-2981.97
-2581.5
-2016.06
-1467.47
-1134.79
-1083.85
-1013.7
-523.499
350.328
1224.15
1896.57
2394.61
2665.77
2541.16
2092.89
1585.44
1137.95
699.466
258.243
-126.163
-541.916
-1098.74
-1644.58
-1922.01
-1871.07
-1709.24
-1605.01
-1450.23
-1113.63
-626.164
-51.3192
612.476
1268.83
1659.11
1728.47
1677.92
1592.1
1405.97
1164.59
991.787
839.357
558.4
123.838
-348.734
-713.939
-828.359
-646.148
-248.812
191.628
485.124
573.291
619.529
828.385
1183.79
1519.61
1746.49
1857.78
1724.55
1039.2
-286.43
-1825.62
-2914.57
-3141.06
-2631.26
-1893.8
-1559.16
-2003.13
-2893.41
-3431.03
-3010.97
-1664.57
69.7626
1585.05
2425.18
2455.74
1974.94
1525.49
1454.56
1690.06
1945.94
1996.49
1642.65
725.72
-572.872
-1705.71
-2210.81
-2116.76
-1785.26
-1507.04
-1452.18
-1695.92
-2059.55
-2076.01
-1421.62
-326.398
695.156
1389.91
1795.47
1972.2
1953
1890.3
1925.96
1967.1
1836.22
1499.63
1003.93
348.76
-427.496
-1089.72
-1418.88
-1507.44
-1613.63
-1787.61
-1875.78
-1775.85
-1483.14
-958.061
-193.169
586.222
1131.29
1437.71
1637.16
1759.42
1750.02
1683.8
1642.65
1522.74
1171.25
626.19
97.1921
-250.379
-343.64
-217.072
14.5117
206.127
282.146
280.578
318.196
468.666
706.128
949.075
1163.42
1281.76
1001.19
80.7344
-1200.62
-2203.36
-2472.17
-2077.19
-1442
-1103.83
-1483.53
-2407.12
-3137.93
-2992.55
-1914.57
-439.643
856.99
1606.21
1698.29
1337.01
982.383
1028.23
1441.24
1875.8
2052.92
1803.31
1037.24
-70.9117
-1018.8
-1385.96
-1252.34
-1001.16
-922.011
-1123.42
-1612.84
-2157.52
-2309.16
-1790.74
-847.951
16.0791
534.889
784.106
921.646
1055.66
1293.9
1653.23
1969.85
2037.64
1817.42
1403.23
887.163
376.973
30.5776
-99.9087
-164.564
-419.267
-990.585
-1666.92
-2128.91
-2239.41
-1965.9
-1309.16
-492.543
89.3551
309.575
436.535
626.19
865.219
1222.59
1704.56
2059.19
2006.29
1568.2
991.395
508.243
286.848
326.425
464.748
540.375
454.56
231.597
14.9035
-15.269
175.954
457.695
730.815
902.053
903.229
642.648
-15.6608
-975.695
-1835.41
-2173.58
-1928.68
-1440.04
-1115.59
-1283.69
-1974.52
-2690.43
-2761.75
-1945.52
-639.095
519.999
1172.82
1257.46
958.088
651.661
730.815
1264.12
1863.26
2096.02
1833.09
1154.8
244.92
-557.198
-876.948
-674.753
-389.486
-442.778
-884.785
-1525.46
-2116.37
-2335.81
-1925.15
-1071.31
-340.113
-67.7769
-62.291
-15.6608
222.192
680.658
1318.59
1888.73
2066.63
1831.52
1427.52
1063.89
775.877
640.689
705.344
767.257
506.676
-169.266
-1012.92
-1683.38
-2023.5
-1991.76
-1606.97
-1079.93
-739.017
-657.512
-563.86
-275.066
112.474
572.507
1171.25
1700.25
1844.06
1612.09
1302.92
1087.79
978.072
1015.69
1159.89
1200.64
987.085
628.542
358.556
268.431
296.252
379.716
440.453
389.905
214.747
42.3331
-183.373
-741.76
-1579.93
-2216.29
-2291.53
-1934.16
-1517.23
-1325.23
-1543.88
-2086.98
-2445.13
-2114.02
-1074.44
132.459
949.467
1235.52
1136.77
893.824
820.548
1145.78
1720.24
2068.2
1920.86
1405.19
693.197
-37.2126
-501.556
-526.634
-368.718
-470.599
-931.024
-1521.15
-2026.64
-2259.79
-2029.38
-1351.48
-651.634
-365.975
-425.928
-416.524
-94.4228
490.218
1204.56
1839.36
2098.76
1899.31
1534.89
1306.44
1218.67
1188.1
1212.01
1189.28
907.931
331.127
-320.912
-944.347
-1514.88
-1891.06
-1892.23
-1575.62
-1229.61
-1036.04
-953.359
-843.249
-620.286
-257.824
268.431
895.392
1366
1500.02
1415.77
1331.91
1313.89
1344.06
1447.9
1523.92
1395
1090.14
806.05
650.093
568.588
509.027
445.547
320.155
127.756
-51.3192
-111.272
-90.1124
-290.74
-936.51
-1799.76
-2381.26
-2423.19
-2059.55
-1564.65
-1242.94
-1360.1
-1831.5
-2133.22
-1820.52
-941.996
67.0197
790.376
1082.3
963.182
678.698
607.773
948.683
1502.76
1856.99
1819.77
1433.01
787.633
102.678
-295.05
-300.928
-187.683
-313.467
-737.058
-1299.36
-1804.85
-2019.19
-1777.03
-1221.39
-742.152
-602.261
-653.202
-594.816
-287.213
248.838
874.624
1379.33
1571.33
1489.44
1369.14
1368.36
1441.24
1523.53
1570.94
1491.4
1175.96
632.068
9.41762
-546.226
-955.318
-1201.79
-1335.81
-1422.4
-1519.19
-1610.49
-1548.58
-1264.1
-898.892
-599.126
-305.63
95.2329
498.839
813.495
1107.77
1382.46
1543.51
1575.25
1581.91
1589.36
1560.75
1515.3
1462.79
1338.18
1094.45
782.931
521.958
412.24
409.497
377.365
243.352
1.58061
-512.527
-1399.68
-2336.59
-2778.99
-2550.93
-1986.67
-1520.76
-1443.17
-1800.15
-2273.11
-2327.19
-1706.1
-676.321
248.446
756.285
848.37
697.507
589.356
809.576
1378.94
1966.32
2198.69
1967.49
1411.07
744.921
228.07
48.2108
85.0448
11.7687
-371.069
-970.601
-1557.98
-1942.39
-1984.71
-1668.49
-1215.9
-947.09
-982.748
-1135.18
-1093.25
-700.224
-6.2564
759.811
1278.62
1413.42
1309.97
1270.78
1453.39
1759.81
2029.41
2114.44
1925.57
1478.86
928.307
487.083
193.587
-94.4228
-503.515
-1014.49
-1539.96
-1967.08
-2123.82
-1940.04
-1614.02
-1422.8
-1376.56
-1277.03
-993.328
-527.81
90.5307
753.15
1240.22
1459.66
1541.55
1652.84
1804.09
1918.51
1957.31
1884.81
1666.95
1360.52
1107.38
992.179
960.047
905.188
737.476
424.387
21.1731
-315.818
-577.575
-996.071
-1631.65
-2193.17
-2349.52
-2154.77
-1889.88
-1763.71
-1896.54
-2224.91
-2422.02
-2121.47
-1339.72
-470.207
145.39
445.939
542.334
597.977
815.454
1308.4
1904.41
2258.25
2196.73
1818.98
1315.85
837.398
555.265
531.363
552.131
300.563
-282.511
-945.522
-1439.65
-1655.95
-1588.16
-1348.74
-1218.64
-1395.37
-1711.59
-1790.35
-1426.32
-749.989
-21.9304
513.729
722.978
699.466
735.517
1032.54
1505.11
1940.07
2195.16
2202.61
1938.11
1524.31
1175.17
963.182
724.937
311.143
-252.339
-866.76
-1424.76
-1797.41
-1860.1
-1690.43
-1551.32
-1573.66
-1631.26
-1505.87
-1114.41
-521.54
170.076
772.351
1108.95
1185.36
1203.39
1325.64
1526.27
1734.34
1887.56
1876.98
1661.46
1387.95
1246.1
1235.52
1223.76
1151.27
999.624
730.031
401.268
130.499
-193.561
-813.86
-1646.15
-2270.76
-2445.92
-2349.13
-2221.39
-2228.05
-2516.06
-2980.4
-3186.12
-2769.98
-1892.23
-991.761
-354.612
-32.5104
83.4774
228.07
647.35
1341.32
2019.22
2369.14
2330.35
2039.6
1701.04
1483.56
1472.98
1547.04
1416.94
929.875
212.004
-481.571
-979.613
-1222.17
-1245.68
-1240.59
-1440.04
-1860.89
-2225.31
-2239.8
-1847.95
-1227.26
-624.205
-260.959
-178.671
-147.323
149.308
783.322
1527.45
2116.01
2417.73
2400.88
2152.84
1896.18
1802.92
1793.91
1628.15
1151.27
413.024
-441.211
-1168.49
-1485.1
-1368.33
-1141.45
-1206.89
-1576.01
-1946.31
-2038.79
-1735.49
-1121.85
-479.22
-93.2472
24.6998
83.0855
237.475
493.353
847.586
1231.21
1487.09
1523.14
1449.86
1478.47
1709.66
2056.84
2327.21
2338.58
2048.61
1603.47
1228.07
1067.41
1010.6
683.401
-135.567
-1211.98
-2049.76
-2376.56
-2344.04
-2230.79
-2305.24
-2695.53
-3227.27
-3475.7
-3139.49
-2335.42
-1459.63
-822.481
-514.487
-424.753
-249.204
296.644
1188.89
2047.43
2511.38
2553.7
2337.79
2061.93
1933.8
2061.54
2272.35
2206.92
1692.81
883.244
58.0071
-567.778
-875.381
-927.105
-992.544
-1343.64
-1974.13
-2551.33
-2726.09
-2420.06
-1855.4
-1371.46
-1184.16
-1230.4
-1188.08
-759.393
33.3205
871.097
1458.09
1719.06
1731.6
1641.48
1648.92
1874.23
2172.04
2227.68
1886.38
1279.01
591.316
34.8879
-208.059
-184.157
-215.505
-574.44
-1148.89
-1655.16
-1896.15
-1769.58
-1375.38
-1038
-1021.54
-1237.84
-1365.98
-1193.96
-725.694
-78.7488
536.065
917.335
1015.69
1009.42
1175.56
1606.6
2166.95
2613.66
2773.92
2614.44
2247.28
1916.16
1771.57
1745.71
1543.9
878.934
-183.373
-1216.29
-1789.18
-1871.47
-1783.3
-1853.05
-2282.91
-3012.93
-3648.51
-3730.01
-3144.59
-2278.6
-1602.26
-1325.62
-1339.33
-1317
-923.579
-55.2377
1024.31
1865.61
2203.78
2129.72
1934.58
1911.46
2202.61
2665.38
2914.21
2648.14
1958.09
1202.6
655.579
393.823
315.453
184.575
-266.053
-1064.25
-1902.03
-2391.45
-2382.83
-2072.09
-1786.83
-1762.53
-2018.02
-2300.54
-2253.52
-1708.06
-853.829
-76.7895
392.647
554.874
595.234
782.539
1274.7
1933.4
2411.07
2497.67
2210.05
1741.79
1336.22
1195.16
1304.48
1348.37
1021.57
309.967
-491.367
-1045.84
-1226.48
-1127.34
-981.181
-1043.48
-1369.5
-1735.1
-1853.44
-1619.9
-1145.37
-615.192
-208.059
-26.2408
47.4271
253.541
690.846
1260.99
1791.55
2145
2258.64
2196.73
2151.66
2240.22
2368.36
2339.75
1947.51
1156.36
203.776
-507.041
-768.798
-767.622
-837.763
-1228.05
-1976.87
-2832.28
-3348.74
-3261.75
-2765.67
-2311.12
-2145.37
-2231.18
-2339.73
-2184.95
-1602.66
-693.562
173.603
693.197
879.326
974.154
1230.82
1720.24
2322.51
2792.34
2895.4
2614.83
2174.78
1853.86
1757.46
1771.96
1681.44
1282.93
519.607
-406.728
-1145.37
-1472.56
-1487.06
-1484.71
-1697.48
-2150.46
-2648.9
-2871.86
-2597.96
-1958.46
-1338.16
-999.989
-897.325
-819.346
-568.562
-7.8238
796.645
1533.32
1897.35
1881.29
1687.71
1505.11
1473.76
1634.03
1859.74
1867.96
1539.59
1016.47
511.77
182.616
54.4804
39.5901
-70.9117
-424.361
-914.958
-1275.07
-1349.91
-1216.29
-1050.54
-971.776
-986.275
-1006.65
-873.814
-481.571
67.0197
554.09
853.072
992.571
1089.75
1259.42
1544.3
1891.48
2173.22
2268.83
2054.88
1486.3
774.702
275.484
152.443
201.424
100.719
-320.912
-1043.48
-1854.62
-2415.75
-2490.59
-2210.81
-1991.37
-2088.55
-2413.39
-2673.19
-2615.59
-2161.83
-1456.5
-823.657
-498.421
-403.201
-265.27
121.487
764.122
1501.19
2087.01
2318.2
2190.85
1933.8
1816.63
1914.2
2067.42
2041.95
1720.63
1145
492.961
-15.6608
-250.379
-297.01
-387.919
-709.236
-1244.11
-1794.27
-2112.45
-2070.53
-1780.16
-1466.29
-1330.32
-1356.18
-1378.13
-1215.12
-804.064
-264.094
230.421
538.808
670.47
748.84
907.147
1165.38
1453.39
1648.53
1640.3
1423.21
1163.42
1064.67
1121.1
1154.4
991.395
598.369
99.1514
-295.834
-433.374
-369.502
-307.981
-394.972
-642.622
-928.673
-1066.6
-954.927
-669.268
-376.555
-196.304
-136.351
-109.705
6.67467
284.497
647.35
983.166
1235.52
1389.91
1462.79
1443.98
1317.81
1078.78
784.89
528.228
335.829
160.672
-75.2221
-448.656
-952.967
-1423.19
-1670.45
-1686.51
-1657.12
-1732.36
-1920.05
-2116.76
-2179.46
-2005.87
-1626.56
-1195.13
-865.193
-666.133
-523.107
-326.79
-1.94604
464.748
983.166
1357.78
1497.67
1487.87
1495.71
1586.22
1703.39
1787.64
1757.85
1541.95
1133.25
660.673
302.914
126.581
34.4961
-133.216
-454.925
-883.218
-1265.27
-1453.75
-1410.26
-1237.06
-1086.59
-1052.5
-1099.13
-1101.09
-943.171
-636.352
-287.997
14.5117
231.597
361.691
443.98
554.09
718.275
880.893
921.254
819.373
701.426
683.401
778.62
878.542
909.107
811.536
559.968
290.374
163.023
187.318
193.979
84.6529
-121.069
-350.301
-514.095
-529.377
-427.104
-325.615
-270.756
-246.069
-203.749
-114.015
49.7782
267.255
489.435
677.131
802.131
892.257
1018.43
1209.26
1349.15
1228.46
822.116
340.923
67.8034
83.4774
209.261
199.857
-123.42
-740.193
-1393.8
-1764.1
-1740.98
-1541.53
-1474.52
-1661.43
-1988.24
-2207.67
-2103.44
-1677.5
-1155.95
-777.418
-609.706
-536.038
-407.511
-106.57
394.215
956.912
1337.79
1387.95
1232.38
1132.07
1227.68
1444.77
1614.05
1585.83
1289.99
809.968
382.459
228.07
320.155
405.187
238.65
-207.668
-749.205
-1124.21
-1153.59
-887.136
-593.64
-544.267
-767.622
-1072.48
-1246.46
-1177.11
-869.111
-470.599
-186.116
-84.6265
-39.1718
101.894
367.569
665.375
884.42
918.511
762.554
585.046
589.748
807.225
1025.88
1040.38
826.034
516.08
288.415
236.691
311.534
353.071
228.854
-41.523
-332.276
-534.079
-600.302
-552.496
-469.424
-437.684
-470.599
-481.571
-398.499
-212.37
41.1575
306.048
521.174
664.984
801.348
996.881
1246.1
1466.71
1575.25
1508.64
1211.62
749.623
327.208
151.659
197.898
237.083
43.5086
-441.211
-1086.98
-1622.64
-1802.89
-1651.64
-1431.42
-1424.76
-1669.27
-1994.51
-2171.62
-2013.71
-1544.66
-990.193
-639.095
-577.966
-645.365
-606.963
-315.035
199.073
749.623
1094.45
1155.97
1099.94
1127.37
1281.76
1469.84
1597.98
1601.9
1426.35
1112.48
810.752
644.607
590.532
516.472
279.403
-148.498
-645.757
-981.181
-1026.64
-880.083
-764.095
-842.074
-1077.97
-1294.27
-1291.92
-1023.89
-626.164
-309.157
-183.765
-186.116
-165.348
20.7813
368.745
741.394
951.035
913.417
704.169
532.93
567.805
757.852
907.147
867.57
656.363
362.083
126.973
71.33
136.377
128.932
-43.0904
-282.511
-478.436
-586.195
-561.509
-436.508
-360.881
-411.822
-496.07
-493.719
-389.486
-207.668
34.8879
269.998
433.008
540.375
652.053
798.605
972.978
1143.04
1275.49
1356.21
1402.05
1371.88
1169.69
803.699
423.604
191.628
102.286
22.3487
-177.103
-559.941
-1061.9
-1494.9
-1697.09
-1695.52
-1678.28
-1765.67
-1907.91
-2007.44
-1979.22
-1791.53
-1460.02
-1092.86
-817.779
-647.716
-498.813
-267.621
58.7908
442.804
792.727
994.53
1015.3
973.762
1030.19
1193.98
1380.11
1514.12
1519.61
1336.22
1010.99
719.059
576.817
549.78
535.673
433.792
174.779
-177.103
-440.819
-496.461
-436.116
-426.32
-509.001
-660.255
-831.102
-930.632
-846.776
-606.18
-390.662
-305.238
-287.213
-227.26
-96.382
84.2611
287.24
437.318
452.209
342.491
246.879
288.023
440.845
576.034
593.275
456.519
179.481
-117.934
-258.608
-180.238
-27.8082
5.89097
-140.269
-383.608
-570.521
-571.697
-408.687
-224.517
-124.203
-97.9494
-83.0591
-18.7956
163.023
426.738
651.661
770
835.047
889.122
931.05
971.019
1042.34
1100.33
1068.98
957.696
844.059
772.351
648.526
395.39
69.7626
-180.63
-286.821
-319.737
-363.232
-509.001
-811.117
-1182.59
-1441.21
-1478.83
-1390.27
-1353.44
-1456.1
-1669.27
-1836.2
-1793.09
-1518.41
-1150.85
-868.328
-739.409
-711.979
-661.822
-457.276
-71.3036
372.663
688.495
797.037
782.931
787.241
899.31
1119.14
1369.53
1493.75
1391.87
1117.96
847.586
719.843
744.137
819.373
801.739
591.316
241.785
-61.5073
-182.589
-158.294
-138.31
-206.884
-349.126
-486.665
-527.81
-420.834
-245.285
-159.47
-244.502
-420.442
-544.267
-534.471
-391.054
-186.116
-32.1185
-37.6044
-201.006
-405.944
-487.449
-376.555
-146.931
44.6842
78.7752
-35.6452
-185.724
-212.37
-48.5763
219.058
435.359
495.704
423.604
304.089
238.258
291.158
419.293
503.933
455.344
289.983
106.205
14.1198
62.7093
202.208
310.359
303.306
232.381
213.18
300.954
454.168
606.598
703.385
685.36
580.344
505.109
558.4
700.25
799.388
705.736
392.647
0.79691
-234.313
-219.031
-83.8428
-39.5637
-249.204
-690.819
-1157.91
-1384.79
-1289.57
-1076.4
-1020.37
-1219.82
-1549.36
-1760.57
-1690.82
-1358.14
-980.397
-811.901
-896.149
-1041.92
-1020.37
-764.095
-357.746
59.5745
342.491
411.064
355.814
389.121
650.093
1096.8
1529.41
1746.88
1676.74
1431.84
1233.56
1221.41
1364.05
1499.23
1461.22
1173.21
712.398
302.522
127.756
148.916
150.092
-37.2126
-387.135
-759.001
-1009.79
-1078.75
-1010.96
-934.55
-970.992
-1128.12
-1269.19
-1242.94
-1011.74
-695.913
-433.374
-292.699
-261.351
-266.053
-194.737
22.7405
324.074
538.024
556.833
450.25
356.989
401.66
589.748
808.009
889.122
762.163
545.077
369.92
294.293
313.494
367.961
346.409
191.628
-22.3223
-171.225
-217.856
-175.536
-88.9369
-35.6452
-63.4666
-127.338
-130.865
-21.9304
173.603
371.879
489.826
514.121
505.892
525.093
602.288
737.084
892.257
1005.89
1008.64
835.439
501.19
139.512
-49.7518
-30.1593
23.1324
-88.545
-429.063
-902.027
-1352.65
-1594.43
-1548.58
-1369.5
-1327.97
-1524.68
-1804.85
-1943.96
-1846.78
-1565.04
-1224.52
-974.911
-862.058
-817.779
-702.967
-439.643
-70.9117
305.265
580.736
737.868
844.843
1006.68
1259.81
1523.53
1694.38
1744.92
1690.46
1554.88
1388.34
1277.05
1249.62
1222.98
1071.33
740.219
295.86
-108.921
-354.22
-448.264
-510.176
-666.133
-934.55
-1224.13
-1378.52
-1332.67
-1168.09
-1033.69
-1016.45
-1056.81
-1053.67
-939.644
-714.722
-433.765
-164.564
16.8628
104.637
164.982
281.362
476.112
678.698
820.156
854.247
769.216
634.811
568.98
646.958
778.62
810.36
700.642
498.055
292.334
157.929
144.214
190.061
160.28
23.1324
-144.58
-265.27
-304.063
-264.094
-185.332
-138.31
-154.376
-180.238
-174.752
-100.692
32.145
185.359
318.588
419.685
503.541
585.438
681.049
766.473
800.956
771.567
722.194
702.993
715.14
668.902
465.924
119.528
-209.235
-375.771
-408.687
-419.267
-539.173
-806.023
-1125.77
-1333.85
-1336.59
-1219.43
-1116.76
-1108.92
-1201.79
-1274.68
-1181.42
-894.19
-577.575
-403.985
-390.27
-431.022
-403.593
-230.787
77.2078
413.807
634.027
670.078
586.614
511.378
536.457
661.849
835.83
962.398
953.777
799.388
597.977
483.949
517.256
614.043
632.068
485.124
213.18
-82.6673
-287.213
-315.818
-210.019
-130.473
-230.395
-456.493
-648.499
-681.023
-547.794
-337.37
-182.981
-182.197
-282.119
-342.072
-290.74
-146.539
21.565
135.202
138.336
59.9663
3.93171
40.3738
159.888
297.036
344.45
247.663
64.2767
-85.0184
-112.056
-39.5637
71.33
156.362
169.685
100.327
-21.5386
-114.407
-110.881
-32.9022
39.5901
60.3582
32.9287
-33.2941
-109.313
-131.649
-88.9369
-45.4415
-59.5481
-102.652
-110.489
-43.4822
87.004
215.923
289.983
312.318
330.735
369.92
448.29
584.262
739.043
841.316
843.276
789.984
770.783
797.037
771.175
593.667
311.143
74.4648
-35.6452
-57.197
-71.6954
-196.696
-499.204
-884.785
-1143.8
-1155.16
-1017.23
-914.174
-961.588
-1156.73
-1361.67
-1419.66
-1268.02
-999.206
-788.782
-738.625
-803.28
-821.697
-681.023
-403.201
-89.3287
159.105
300.954
369.528
447.507
571.331
720.235
882.069
1049.39
1158.32
1146.18
1047.04
962.398
949.859
983.166
1008.64
950.251
775.485
517.256
266.863
111.691
72.5056
82.3018
18.822
-171.617
-415.74
-568.17
-575.223
-492.935
-434.941
-455.709
-542.7
-642.622
-661.431
-548.186
-347.166
-187.683
-152.809
-210.019
-273.498
-277.809
-205.316
-73.2628
60.3582
122.662
87.7877
10.985
-32.9022
-13.7016
58.0071
149.308
189.277
134.81
36.8472
-14.0934
13.3361
77.5996
138.728
161.456
130.108
70.1545
39.982
56.0478
92.0981
115.609
107.38
57.6152
-10.1749
-48.5763
-19.1875
80.7344
200.641
279.795
297.036
289.591
305.657
364.826
465.14
573.682
630.501
613.651
568.588
561.535
600.72
616.394
530.971
320.155
59.1826
-123.028
-159.078
-88.9369
-37.2126
-139.877
-436.508
-808.375
-1043.88
-1046.62
-902.027
-778.202
-792.309
-959.629
-1175.54
-1269.97
-1154.77
-891.447
-657.12
-571.305
-617.151
-668.484
-612.449
-417.308
-133.216
145.39
345.234
447.115
494.92
546.253
636.77
755.501
882.853
984.342
1025.09
978.072
876.975
793.119
766.081
768.04
742.57
661.457
514.121
329.56
164.199
77.9915
56.4397
34.4961
-41.9148
-164.172
-302.104
-419.659
-476.085
-474.126
-457.276
-469.816
-512.919
-541.132
-511.352
-411.822
-298.577
-233.922
-227.26
-250.379
-278.984
-290.348
-253.122
-181.022
-132.04
-138.702
-159.47
-140.661
-76.7895
-0.378642
66.6278
115.609
149.308
164.982
179.873
201.816
208.086
173.211
105.421
54.4804
47.4271
80.3426
112.474
126.189
132.459
138.728
138.336
128.932
144.214
192.02
238.258
266.863
298.603
351.111
417.334
483.949
539.591
564.278
557.617
546.645
554.09
566.237
570.939
576.034
580.736
556.049
452.209
253.149
17.6465
-153.592
-202.182
-163.78
-151.633
-257.824
-486.665
-749.989
-934.159
-978.83
-903.594
-793.876
-765.663
-869.503
-1050.54
-1198.66
-1202.58
-1041.13
-799.754
-628.123
-601.869
-644.973
-632.825
-514.878
-315.426
-92.4635
98.7596
224.152
292.726
360.908
460.438
573.291
677.915
779.796
879.326
941.238
927.915
863.652
790.376
731.99
679.09
619.137
545.077
450.25
327.208
193.587
93.2736
56.4397
45.8597
7.06652
-70.5199
-162.997
-249.596
-338.154
-422.01
-485.49
-505.866
-493.327
-494.11
-528.593
-560.333
-549.361
-503.123
-447.088
-378.123
-293.091
-215.505
-159.078
-108.138
-59.5481
-27.4163
-18.0119
20.7813
109.34
201.033
231.989
217.098
205.735
198.681
177.522
162.631
188.101
222.584
234.732
221.017
195.547
153.227
110.515
98.7596
120.703
153.227
179.481
181.44
157.929
143.822
169.685
216.315
242.569
244.136
240.218
242.569
259.026
293.901
337.005
383.243
431.833
466.707
471.018
465.924
490.218
541.159
556.833
490.218
338.964
170.468
50.1701
6.28282
29.0102
64.2767
34.1042
-143.404
-441.602
-725.694
-872.638
-864.409
-788.39
-759.393
-851.086
-1043.48
-1227.65
-1303.67
-1258.22
-1148.89
-1041.92
-974.127
-929.456
-864.409
-744.111
-571.697
-372.637
-188.859
-40.3474
89.3551
240.609
408.321
547.428
629.717
681.049
753.934
865.611
999.232
1100.33
1116.79
1040.38
923.213
839.357
804.482
788.808
758.244
693.981
583.871
436.535
282.146
141.863
29.402
-66.6014
-163.388
-270.364
-362.84
-421.618
-485.098
-576.007
-651.634
-653.985
-592.073
-520.756
-471.383
-429.455
-384.784
-340.505
-298.969
-240.975
-155.943
-65.4258
-4.689
30.5776
63.8849
96.4084
107.38
92.4899
62.3174
19.9976
-20.363
-45.0496
-41.523
-22.7141
-1.16234
-6.2564
-56.0214
-114.799
-121.852
-75.2221
-21.5386
23.1324
78.7752
137.161
184.183
239.042
304.089
356.205
392.647
432.616
483.949
527.444
563.886
587.397
585.83
579.952
594.059
631.676
665.375
682.225
674.78
646.175
589.748
515.297
432.224
342.099
216.315
23.1324
-217.464
-428.671
-551.321
-592.857
-611.666
-679.456
-833.061
-1059.55
-1285.65
-1419.66
-1413.39
-1297.8
-1155.55
-1068.96
-1047.8
-1040.74
-987.842
-875.773
-731.572
-577.966
-429.455
-287.213
-149.674
-13.3097
114.825
217.49
306.048
403.227
519.999
641.081
743.746
830.345
889.906
913.417
900.878
877.758
868.746
862.868
846.802
805.658
744.137
664.984
584.262
527.052
478.855
406.362
296.252
174.779
70.5463
-19.1875
-105.786
-199.439
-303.671
-395.756
-442.386
-448.656
-460.411
-499.596
-552.496
-599.91
-637.92
-656.728
-641.838
-605.396
-565.035
-541.132
-532.12
-512.527
-472.95
-428.671
-403.985
-380.866
-310.332
-172.793
-12.1342
116.393
190.061
237.083
280.97
343.666
443.588
563.102
642.256
638.73
587.789
552.131
547.037
546.645
534.889
512.554
465.14
381.676
283.713
207.302
155.97
108.164
55.656
9.41762
-23.4978
-35.6452
-18.0119
11.3769
16.8628
-13.3097
-41.1311
-17.6201
58.3989
143.822
188.885
192.412
200.641
251.189
317.804
329.951
259.026
137.945
23.1324
-57.5888
-81.4917
-51.3192
-9.78306
-38.78
-175.536
-373.812
-547.794
-637.136
-655.161
-636.352
-606.571
-598.343
-642.23
-722.167
-770.365
-737.058
-659.079
-579.534
-505.082
-423.185
-330.317
-242.934
-173.185
-132.432
-103.435
-45.0496
69.3708
237.083
411.064
541.159
603.855
609.341
603.071
609.341
637.946
664.984
658.714
616.394
541.551
451.425
351.111
253.932
177.522
126.581
90.1388
53.3049
0.405059
-67.7769
-141.053
-220.207
-290.348
-331.884
-326.398
-285.646
-247.636
-237.448
-246.461
-255.473
-265.661
-274.674
-264.094
-227.26
-191.602
-183.765
-180.63
-149.674
-110.489
-99.9087
-121.46
-123.812
-69.3443
23.1324
96.4084
102.286
43.9005
-31.3348
-70.9117
-51.3192
10.2013
83.8692
134.418
140.296
117.568
97.1921
99.9351
117.568
151.659
194.763
224.935
228.462
218.666
220.625
230.421
246.879
260.202
267.647
285.28
336.221
393.431
413.807
394.607
378.149
373.839
349.152
315.453
314.277
350.328
371.096
344.45
286.848
240.218
220.625
212.004
175.17
78.3833
-41.1311
-120.285
-131.649
-103.827
-88.9369
-120.677
-223.342
-379.69
-540.349
-665.741
-733.139
-745.287
-737.45
-753.124
-791.133
-823.657
-837.763
-845.208
-840.506
-806.023
-738.233
-643.014
-532.904
-422.01
-324.439
-248.42
-189.251
-125.771
-39.9555
78.7752
211.613
333.87
425.171
471.018
483.165
484.732
510.594
567.805
635.595
699.466
741.003
748.84
706.912
643.04
591.316
542.726
480.03
393.039
309.183
227.287
137.553
36.4553
-70.5199
-175.928
-262.527
-313.467
-335.019
-353.436
-390.662
-443.562
-500.38
-537.606
-536.822
-509.393
-467.465
-404.377
-322.088
-238.624
-181.022
-148.106
-122.636
-92.4635
-46.2252
15.2954
78.7752
116.785
112.082
79.9507
55.2641
58.0071
76.4241
82.3018
74.8567
65.0604
54.8723
51.7375
68.1952
114.042
164.199
200.249
234.34
266.08
288.023
289.591
282.929
282.146
289.591
300.954
320.155
356.205
400.484
427.914
429.873
413.024
400.484
415.375
443.588
451.033
429.09
411.456
414.591
400.484
360.124
305.265
237.475
130.499
-23.4978
-188.859
-326.398
-408.687
-432.59
-431.022
-463.546
-554.847
-696.305
-826.4
-897.716
-894.582
-844.425
-789.958
-736.274
-697.873
-684.55
-673.97
-632.042
-563.076
-510.176
-464.33
-373.812
-237.448
-111.664
-17.2282
58.0071
117.177
147.349
172.819
236.299
333.87
436.535
515.297
568.98
592.099
592.099
592.491
609.733
632.852
641.473
632.46
613.259
575.642
512.162
427.13
324.857
215.139
111.691
38.4146
-7.8238
-50.5355
-98.7331
-155.16
-216.68
-284.47
-343.64
-377.731
-379.298
-356.963
-340.505
-355.395
-397.323
-427.104
-426.32
-411.822
-395.756
-371.461
-334.627
-313.859
-314.251
-310.332
-281.727
-221.774
-141.053
-61.5073
-13.7016
12.1606
51.3456
109.731
166.55
214.355
259.418
283.321
278.227
262.553
259.418
251.973
229.246
211.221
209.261
212.004
213.18
229.638
251.973
255.892
234.732
210.045
191.236
186.534
201.033
233.948
277.443
324.074
353.854
352.679
337.005
335.437
362.083
384.81
376.582
342.882
309.967
290.766
266.863
227.287
170.86
83.8692
-48.5763
-200.614
-323.264
-384.392
-392.229
-387.135
-399.674
-451.007
-522.715
-598.734
-660.255
-691.603
-686.901
-651.634
-610.098
-577.575
-561.901
-541.132
-506.258
-472.167
-449.439
-419.659
-354.612
-259
-142.229
-14.8771
96.0166
159.496
182.224
193.979
222.976
270.782
331.127
385.202
418.51
443.588
459.262
453.776
426.738
385.986
338.572
284.105
239.826
224.935
231.989
243.744
247.663
237.475
213.964
175.17
129.324
97.9758
96.4084
118.352
130.891
114.042
66.236
16.8628
-24.6734
-65.8177
-108.138
-153.984
-204.925
-265.27
-314.251
-334.627
-345.207
-376.555
-428.671
-477.261
-497.245
-490.192
-465.505
-431.806
-392.621
-342.464
-293.875
-264.878
-253.122
-233.53
-184.94
-117.542
-47.0089
19.2139
73.2893
124.622
177.522
237.475
297.428
340.531
369.136
402.052
461.221
523.134
549.388
559.968
582.303
590.924
547.428
481.206
449.074
438.886
413.416
376.973
340.923
296.644
236.691
193.979
173.995
154.01
117.177
83.4774
67.0197
50.5619
27.0509
15.6872
24.6998
22.7405
-10.5668
-77.1814
-152.025
-206.492
-231.179
-231.57
-248.028
-295.442
-365.583
-448.264
-527.026
-595.6
-638.703
-641.446
-600.694
-534.079
-474.91
-443.562
-426.712
-408.295
-384
-368.326
-364.8
-347.558
-298.969
-216.68
-124.203
-30.5511
61.9256
134.81
179.481
197.506
211.221
233.948
275.092
327.6
379.716
419.293
445.939
465.924
463.572
429.481
390.296
384.419
397.742
378.933
311.143
239.434
188.885
144.214
83.0855
16.4709
-37.2126
-75.2221
-119.893
-176.711
-225.693
-243.326
-228.044
-211.586
-216.68
-242.934
-280.552
-305.63
-307.198
-293.091
-271.931
-265.27
-266.053
-263.702
-259.784
-259.784
-269.188
-264.486
-228.436
-168.874
-110.097
-67.7769
-19.1875
50.5619
121.879
168.901
191.628
198.29
190.061
182.224
205.735
258.243
306.048
320.155
311.534
310.751
322.898
338.964
335.829
322.114
309.967
299.779
286.456
270.782
258.635
251.581
236.299
202.208
159.496
129.324
123.054
126.189
126.581
118.744
105.421
95.6247
94.841
92.0981
76.8159
58.3989
48.2108
44.6842
39.1983
24.6998
0.0132084
-40.3474
-99.9087
-167.699
-224.517
-250.771
-246.853
-222.95
-195.52
-182.589
-191.21
-221.774
-265.27
-309.157
-345.991
-365.975
-362.057
-338.938
-319.737
-316.994
-326.79
-349.126
-377.339
-393.797
-377.731
-347.166
-322.088
-296.226
-251.163
-181.414
-105.003
-39.1718
15.6872
66.6278
112.082
146.173
168.117
196.33
239.434
288.807
325.641
339.748
333.478
317.804
297.82
286.064
289.983
294.685
274.7
227.678
179.481
143.822
109.34
74.8567
35.2798
-12.526
-58.3725
-94.8146
-124.595
-158.294
-177.887
-179.846
-189.642
-226.085
-262.919
-273.498
-269.972
-268.796
-264.094
-245.677
-227.26
-226.085
-228.828
-213.153
-176.711
-143.404
-121.46
-92.4635
-54.8459
-23.8897
-7.0401
19.9976
59.9663
94.0573
112.082
124.23
147.741
184.575
221.017
240.609
249.23
261.769
281.754
286.848
281.362
288.023
311.534
337.397
344.45
344.058
341.707
339.356
329.951
313.886
302.13
295.86
284.105
253.932
210.045
171.252
154.01
154.01
164.982
172.427
172.427
166.942
152.051
128.932
101.503
69.7626
41.5494
16.8628
-5.08085
-32.1185
-72.0873
-117.15
-163.78
-204.141
-226.868
-232.746
-236.665
-246.461
-263.31
-284.862
-313.075
-345.599
-381.649
-412.997
-427.888
-427.888
-414.173
-388.311
-355.395
-325.223
-318.953
-330.317
-348.342
-351.869
-327.966
-287.213
-242.542
-204.533
-168.874
-126.163
-76.7895
-25.4571
20.3894
56.4397
75.2485
80.7344
100.719
160.672
245.312
306.832
331.127
340.923
342.099
314.669
270.782
242.569
234.732
225.719
204.167
173.995
135.985
94.4492
55.2641
25.4835
-1.94604
-37.2126
-81.8836
-127.338
-158.686
-169.266
-163.388
-157.119
-150.066
-147.714
-150.066
-163.388
-179.062
-184.157
-179.454
-176.711
-169.266
-145.363
-111.272
-81.0999
-50.9274
-3.1216
33.7124
30.1857
1.97246
2.75616
50.5619
113.258
159.496
186.926
209.261
220.233
216.315
211.613
218.274
225.719
206.127
173.995
162.631
175.562
186.534
174.779
155.578
141.863
145.39
156.362
152.443
140.688
146.173
184.183
218.274
209.261
173.211
144.606
141.471
140.296
140.296
141.079
128.932
84.6529
23.1324
-3.1216
2.75616
5.10727
-21.1467
-50.9274
-52.1029
-40.3474
-35.2533
-52.1029
-83.8428
-127.73
-175.928
-209.627
-216.288
-200.222
-189.642
-195.52
-207.668
-215.505
-237.056
-273.107
-292.307
-280.944
-266.837
-269.58
-275.85
-266.053
-242.15
-207.668
-163.388
-130.081
-121.069
-126.555
-128.514
-125.771
-122.244
-113.232
-91.288
-56.8051
-16.4445
12.9443
30.5776
59.1826
97.1921
126.581
124.622
108.556
110.907
130.108
150.484
161.456
166.55
173.211
178.305
184.575
178.305
146.173
94.0573
54.4804
47.4271
49.7782
38.0227
16.8628
8.24207
3.53986
-10.5668
-45.8333
-84.6265
-105.003
-104.219
-90.5043
-88.9369
-100.692
-117.542
-114.015
-83.451
-45.4415
-22.7141
-26.6326
-36.037
-27.4163
9.02577
50.9538
67.4115
61.1419
58.3989
75.2485
89.3551
92.0981
106.205
135.202
141.471
114.825
115.217
177.13
226.895
204.167
145.782
122.271
140.296
168.117
190.061
184.575
145.39
100.327
77.9915
66.6278
53.6967
40.7657
28.6183
9.41762
-4.29715
-6.2564
-3.51345
-7.43195
-14.8771
-23.8897
-37.6044
-41.1311
-39.1718
-36.4289
-42.6985
-50.5355
-52.4948
-52.1029
-45.4415
-36.8207
-26.6326
-17.6201
-10.9586
-12.526
-22.7141
-28.5919
-16.4445
7.45837
23.1324
21.1731
-5.4727
-49.36
-78.3569
-73.6547
-45.8333
-32.5104
-41.1311
-62.291
-85.0184
-94.4228
-89.7206
-91.288
-110.881
-139.486
-155.16
-160.254
-163.78
-167.307
-175.928
-185.724
-193.169
-193.953
-192.777
-190.818
-174.36
-143.796
-115.191
-98.7331
-88.545
-68.9525
-52.1029
-49.36
-58.3725
-57.5888
-27.4163
25.4835
78.7752
94.841
65.8441
23.5242
7.85022
24.3079
50.9538
56.4397
41.1575
13.728
-9.39121
-5.08085
29.7939
79.9507
103.462
91.3144
72.5056
68.5871
81.5181
104.245
129.716
132.067
102.286
68.5871
56.8315
62.7093
76.4241
101.894
132.459
143.822
134.026
120.703
121.487
136.377
156.753
172.819
166.942
148.525
137.945
136.769
125.797
100.719
81.5181
70.5463
52.1293
19.2139
-10.9586
-31.7267
-50.5355
-66.2095
-60.3318
-39.5637
-36.8207
-63.0747
-91.6798
-94.4228
-82.6673
-76.3977
-77.9651
-74.8302
-62.6829
-43.8741
-22.7141
-11.7423
-16.4445
-27.0245
-23.4978
-3.9053
9.80947
14.9035
15.6872
27.4427
52.913
82.3018
105.029
115.217
122.662
129.324
132.459
130.891
132.067
132.851
121.487
96.4084
67.4115
44.6842
10.985
-28.5919
-48.1844
-43.4822
-39.9555
-57.5888
-64.6421
-57.9807
-54.0622
-68.9525
-95.5983
-122.244
-159.862
-199.439
-232.746
-255.865
-271.539
-280.944
-280.16
-273.498
-267.621
-264.878
-259.784
-246.461
-227.26
-217.856
-222.95
-218.248
-181.414
-128.514
-92.4635
-74.4384
-56.0214
-35.6452
-21.9304
-16.8364
-13.7016
-9.78306
15.2954
59.9663
90.1388
89.3551
81.91
99.1514
127.756
159.888
190.844
204.167
186.142
157.145
157.537
170.468
163.807
137.161
125.405
140.688
159.888
164.982
153.227
133.242
121.095
119.528
121.879
119.528
125.797
138.728
122.271
78.7752
36.4553
28.6183
37.239
39.5901
35.2798
27.4427
23.9161
32.145
36.0635
19.2139
-7.8238
-11.7423
-0.378642
-12.9179
-25.0652
-10.1749
19.6057
19.2139
7.06652
19.9976
40.7657
40.3738
21.9568
-9.39121
-51.3192
-86.1939
-84.2347
-52.8866
-32.1185
-23.8897
-10.1749
12.1606
32.5368
42.7249
39.5901
21.9568
-1.94604
-16.4445
-17.6201
-8.21565
3.53986
2.75616
-12.9179
-21.9304
-9.39121
7.45837
10.2013
6.67467
20.7813
55.2641
87.7877
90.5307
58.3989
13.728
-14.0934
2.36431
38.0227
38.8064
-18.0119
-90.8961
-119.501
-110.489
-107.354
-129.689
-148.106
-150.066
-146.931
-151.241
-163.388
-164.956
-157.119
-150.457
-153.984
-159.078
-154.376
-151.241
-163.78
-164.172
-141.053
-96.7739
-61.1155
-45.4415
-48.9681
-59.9399
-56.4133
-37.9963
-11.7423
7.45837
19.2139
31.3613
47.0353
65.8441
79.167
80.7344
83.0855
93.2736
103.462
100.327
83.4774
62.3174
44.2923
38.0227
44.6842
55.2641
60.3582
65.0604
70.9382
84.2611
107.772
136.377
152.835
153.227
163.023
181.048
187.318
180.656
186.926
204.167
202.992
181.44
164.59
158.713
146.173
121.095
95.6247
67.0197
34.8879
7.45837
-7.0401
-24.2815
-65.4258
-103.435
-120.285
-116.366
-109.313
-109.705
-121.852
-151.633
-180.238
-186.116
-173.185
-144.58
-114.799
-100.301
-102.652
-104.219
-84.2347
-57.9807
-40.7393
-30.1593
-10.5668
24.3079
63.493
87.3959
90.9225
85.0448
82.3018
96.0166
114.042
116.393
99.1514
74.4648
61.1419
58.0071
71.7219
83.0855
68.1952
28.2264
-3.9053
-7.8238
-10.5668
-32.1185
-65.8177
-81.8836
-79.5325
-61.8992
-45.8333
-55.6296
-88.545
-105.395
-92.0717
-93.2472
-128.514
-168.874
-187.291
-194.737
-194.737
-173.185
-142.229
-126.946
-136.351
-156.335
-165.348
-162.213
-155.16
-146.147
-140.661
-134.392
-128.514
-111.664
-90.8961
-79.9243
-64.6421
-34.0778
-5.4727
7.85022
9.80947
14.5117
19.6057
27.4427
48.2108
71.33
90.9225
114.434
141.863
164.59
169.685
172.427
179.089
183.007
187.318
189.669
188.101
183.007
190.453
210.437
225.719
214.747
190.061
184.575
193.979
186.926
149.308
120.703
118.352
120.703
106.988
87.3959
73.6811
54.8723
30.1857
13.3361
13.3361
14.1198
0.79691
-25.0652
-45.4415
-54.0622
-59.5481
-59.1562
-43.4822
-24.2815
-27.4163
-57.197
-84.6265
-83.8428
-66.6014
-61.5073
-75.614
-77.9651
-54.454
-27.8082
-25.8489
-35.6452
-31.3348
-4.689
33.7124
66.6278
79.9507
63.1011
27.4427
0.405059
-0.770493
12.9443
17.6465
24.6998
53.3049
87.004
88.9633
50.9538
8.63392
-18.0119
-29.7674
-51.3192
-83.451
-108.921
-115.975
-108.138
-110.097
-121.069
-133.216
-141.053
-142.62
-150.066
-171.225
-186.9
-185.332
-170.834
-161.821
-160.254
-148.89
-135.175
-127.73
-128.906
-126.555
-115.975
-105.395
-104.219
-102.652
-92.0717
-76.3977
-58.3725
-44.6578
-26.6326
-3.9053
13.728
19.9976
18.0383
14.9035
9.02577
0.79691
-7.43195
-9.78306
-0.378642
29.402
73.6811
103.854
116.001
112.866
103.462
91.7062
79.5589
66.236
47.0353
39.982
53.6967
85.0448
112.082
133.634
143.039
131.283
119.919
114.042
117.96
117.568
114.042
110.123
101.894
97.9758
96.0166
86.2203
75.6404
75.2485
79.167
75.2485
72.1137
75.2485
73.2893
62.3174
43.5086
25.0916
16.4709
24.3079
43.9005
59.9663
66.6278
59.5745
40.7657
29.0102
25.8753
14.1198
-0.770493
0.0132084
15.2954
20.7813
15.6872
13.3361
19.9976
34.8879
52.5212
63.493
62.7093
58.7908
66.6278
77.9915
72.5056
45.076
12.5524
-6.2564
-14.8771
-23.8897
-32.1185
-39.1718
-45.4415
-56.0214
-72.871
-87.3695
-97.5576
-100.301
-106.178
-112.448
-119.893
-126.163
-127.338
-117.15
-103.435
-100.301
-99.5168
-96.7739
-102.652
-128.906
-152.025
-154.376
-139.877
-124.987
-119.893
-123.812
-133.608
-135.175
-127.338
-113.623
-96.382
-84.6265
-86.5858
-102.652
-112.448
-105.395
-85.4102
-53.6703
-6.64825
36.0635
51.3456
45.8597
38.4146
42.7249
48.2108
48.6027
38.0227
28.6183
35.2798
54.0886
66.6278
63.493
63.1011
71.33
83.0855
82.3018
73.6811
74.073
72.5056
61.1419
41.1575
34.8879
45.076
62.3174
76.4241
77.5996
67.4115
59.5745
65.0604
78.3833
94.0573
105.029
104.245
90.9225
83.4774
87.7877
88.9633
85.8285
65.4523
26.659
-8.99935
-10.5668
10.2013
13.728
3.14801
-3.1216
-12.9179
-41.1311
-58.7644
-43.8741
-12.526
3.93171
14.5117
28.6183
33.7124
15.2954
0.0132084
9.02577
23.1324
18.4302
15.2954
43.5086
62.7093
50.1701
30.1857
47.0353
86.6122
120.703
141.471
144.606
131.675
112.474
101.503
94.4492
77.2078
52.5212
33.3205
18.4302
0.0132084
-33.2941
-64.2503
-89.3287
-115.583
-137.918
-147.714
-132.432
-117.15
-126.555
-162.997
-196.696
-211.194
-219.423
-238.232
-242.934
-221.382
-190.426
-179.846
-186.116
-183.373
-171.617
-156.335
-142.229
-125.379
-103.435
-79.1406
-56.4133
-39.9555
-28.5919
-19.1875
-1.16234
14.9035
21.565
27.0509
36.0635
43.9005
40.3738
48.6027
77.5996
105.029
108.948
91.7062
68.9789
56.4397
63.1011
85.4366
109.34
118.352
112.866
95.2329
72.8974
62.7093
67.8034
79.5589
83.4774
85.4366
81.91
73.2893
63.493
67.0197
94.4492
122.271
123.446
87.004
45.076
30.9694
38.8064
39.1983
24.6998
12.9443
21.9568
40.3738
51.7375
50.9538
40.3738
27.0509
21.565
27.8346
27.4427
12.1606
2.75616
18.4302
38.4146
34.4961
9.02577
-12.9179
-17.6201
-5.4727
13.3361
19.6057
4.32356
-12.1342
0.0132084
19.9976
34.8879
45.076
61.9256
74.073
66.6278
53.3049
44.6842
43.9005
50.5619
60.3582
58.3989
40.3738
11.7687
-3.9053
6.28282
32.145
41.9412
20.7813
-3.1216
-15.6608
-21.9304
-36.037
-48.1844
-52.8866
-61.8992
-81.8836
-104.611
-115.191
-120.285
-119.109
-110.097
-98.3413
-101.868
-123.42
-151.633
-179.062
-193.953
-201.398
-208.059
-212.37
-201.006
-178.671
-161.821
-142.62
-106.962
-67.7769
-44.2659
-30.1593
-18.4038
-14.0934
-9.39121
4.32356
18.4302
16.0791
8.24207
21.1731
48.9945
68.1952
67.8034
57.2234
51.7375
52.1293
49.3864
47.819
56.8315
70.1545
76.0322
69.7626
65.4523
59.5745
46.6434
37.239
38.8064
43.9005
43.9005
41.1575
38.0227
41.1575
50.9538
56.4397
45.076
30.9694
32.9287
50.9538
61.9256
59.5745
48.2108
39.982
37.6309
32.9287
29.402
24.6998
16.8628
6.67467
-1.16234
-5.86455
-10.9586
-13.3097
-11.3505
-14.8771
-26.2408
-34.8615
-23.106
7.06652
36.0635
50.5619
48.2108
41.9412
39.982
42.3331
44.6842
45.076
48.2108
54.0886
52.913
36.0635
9.02577
-8.99935
-4.29715
22.3487
52.913
66.6278
57.6152
35.6716
16.4709
7.06652
11.3769
33.3205
53.6967
57.2234
37.239
14.9035
12.1606
25.8753
43.5086
47.0353
43.5086
28.2264
5.89097
-19.1875
-35.6452
-37.6044
-37.9963
-44.2659
-55.6296
-67.7769
-84.6265
-101.868
-109.313
-105.395
-105.003
-105.395
-97.5576
-82.2754
-74.4384
-74.0465
-77.1814
-85.4102
-105.395
-124.595
-123.028
-106.962
-101.084
-111.664
-115.191
-94.0309
-55.2377
-20.363
1.18876
6.67467
5.10727
9.80947
25.4835
38.4146
42.7249
39.1983
34.4961
30.1857
35.6716
52.1293
57.2234
48.6027
48.9945
69.7626
88.5714
81.91
61.5337
47.4271
38.4146
30.9694
23.9161
21.565
19.2139
20.3894
27.8346
34.1042
28.6183
16.8628
12.9443
10.985
9.02577
15.2954
32.5368
48.2108
39.5901
23.5242
14.5117
12.5524
4.32356
-10.1749
-19.5793
-18.4038
-7.8238
1.58061
-4.29715
-24.2815
-27.8082
-8.21565
12.1606
18.4302
27.0509
46.6434
62.7093
63.8849
61.5337
63.8849
63.1011
51.3456
25.4835
5.49912
