5.79676 2.87227 2.15836 3.19849 2.21591 0.437969 0.684146 0.400982 -0.495913 -0.409991 0.00707489 0.0439529 
3.64685 3.07418 2.59826 2.40643 2.30674 1.54953 0.748302 0.223673 0.0574194 -0.0331688 0.0646731 -0.0186007 
2.99585 2.58738 2.41603 2.1494 1.70911 1.18899 0.705309 0.404023 0.135161 -0.0388887 -0.11726 -0.0461781 
4.06732 3.60252 3.01255 2.38051 1.80642 1.34611 0.999678 0.454482 -0.145846 -0.29731 -0.0437392 -0.0592845 
3.78697 3.3941 2.8944 2.26535 1.59285 0.908321 0.262385 -0.195359 -0.387556 -0.29515 -0.0213976 -0.065399 
3.36212 2.82454 2.32286 1.74006 1.0808 0.450518 -0.0177019 -0.272655 -0.345824 -0.24065 -0.0180163 -0.0612129 
3.81661 3.42822 2.86753 2.09678 1.2684 0.446504 -0.336649 -0.855027 -0.961335 -0.561987 0.0106551 -0.0738341 
3.70786 3.39455 2.94683 2.20723 1.21415 0.20559 -0.537731 -0.858776 -0.827608 -0.496437 -0.0497591 -0.0801909 
3.96079 3.55178 2.98584 2.28546 1.36643 0.259936 -0.607521 -0.964842 -0.918726 -0.577736 -0.032234 -0.0737982 
3.81865 3.30284 2.54253 1.67555 0.974223 0.491442 -0.00334252 -0.529856 -0.805829 -0.550369 0.0426255 -0.0560873 
3.99279 3.36835 2.40043 1.47144 0.888327 0.619569 0.349165 -0.14136 -0.629634 -0.591875 0.0145271 -0.0580752 
3.40709 2.71931 1.9942 1.40326 1.0963 0.864472 0.491977 0.00582731 -0.367656 -0.38041 -0.0804194 -0.0788654 
3.75803 2.83333 1.75813 1.19369 1.25572 1.32148 1.01165 0.255083 -0.482113 -0.625834 -0.108047 -0.0724496 
4.31394 3.35373 1.92864 0.782699 0.450658 0.696669 0.861834 0.290459 -0.572093 -0.749117 -0.0204226 -0.0587712 
3.51044 2.65314 1.68586 1.00723 0.727831 0.56674 0.296323 -0.0495736 -0.309349 -0.288986 0.0514393 -0.069059 
3.62507 2.8765 1.80421 0.825402 0.408322 0.406595 0.346649 -0.0504166 -0.440054 -0.351393 0.100597 -0.0639121 
3.51686 2.8071 1.8219 0.855073 0.291298 0.147711 0.0884306 -0.124499 -0.296659 -0.186488 0.120395 -0.0661314 
3.81265 2.86499 1.55807 0.488639 0.0392091 0.19116 0.289041 0.067755 -0.267265 -0.257655 0.130225 -0.057552 
3.99573 2.86599 1.30622 0.133848 -0.195129 -0.0188192 0.197956 0.183405 0.000158443 -0.0511658 0.162311 -0.0496492 
4.54743 3.02894 0.953147 -0.322542 -0.608475 -0.265417 0.364302 0.598353 0.0483521 -0.35303 0.167678 -0.0324175 
4.10452 2.77959 1.02674 -0.127149 -0.398531 -0.0895207 0.372105 0.459326 0.0379457 -0.210097 0.1742 -0.0579799 
4.14225 2.76603 0.85628 -0.284766 -0.409536 -0.02103 0.583541 0.778833 0.239406 -0.254258 0.060149 -0.0982206 
4.65444 2.8233 0.429384 -0.528322 -0.522412 -0.207862 0.617165 1.26569 0.60789 -0.406425 -0.0340304 -0.118065 
5.01764 2.59195 -0.0707232 -0.74787 -0.298348 -0.0245308 0.740531 1.415 0.740703 -0.372857 -0.134512 -0.128445 
5.06613 2.32744 -0.467539 -0.816403 -0.145072 -0.00224495 0.742704 1.79609 0.988058 -0.574 -0.223474 -0.144162 
4.95389 2.22443 -0.565849 -0.951359 -0.110265 0.250336 1.05162 1.68218 0.781148 -0.625094 -0.236244 -0.144533 
4.56223 2.38408 -0.292495 -1.09885 -0.460269 0.435352 1.49514 1.79176 0.498812 -0.709359 -0.23482 -0.16796 
4.26656 1.99544 -0.414105 -0.958996 -0.0259461 0.911171 1.65547 1.58183 0.345734 -0.660943 -0.252064 -0.168943 
5.82717 2.07309 -1.58882 -1.35554 0.241131 0.840701 1.60163 1.90941 0.557351 -0.511498 -0.463512 -0.164545 
5.16895 1.83187 -1.04456 -1.33445 -0.0882192 1.22049 2.13645 1.87629 0.34963 -0.675074 -0.39838 -0.152883 
4.45529 2.22137 -0.48056 -1.33183 -0.387873 1.00175 2.13066 1.81969 0.180665 -0.759185 -0.301556 -0.163112 
4.33775 1.95781 -0.529877 -0.94385 0.171522 1.18907 1.8343 1.60726 0.224257 -0.790428 -0.30142 -0.149554 
4.57309 1.98187 -0.571113 -0.782789 0.258243 1.03528 1.74451 1.76752 0.329225 -0.860508 -0.345347 -0.140287 
4.64095 1.94513 -0.449749 -0.421757 0.526332 1.10357 1.76369 1.84411 0.435306 -0.821094 -0.390214 -0.137844 
4.41936 2.19661 -0.23884 -0.627855 0.293532 1.1254 1.81286 1.71382 0.301381 -0.763252 -0.346467 -0.151451 
5.98603 1.53425 -1.42813 -0.381447 0.710359 0.812651 1.64843 2.28213 0.449568 -0.631658 -0.547948 -0.124339 
3.72373 1.64337 -0.260589 -0.509214 0.63636 1.89126 2.19032 1.3344 0.0449814 -0.576733 -0.359158 -0.153202 
5.00052 2.13494 -0.747604 -0.735884 0.66594 1.54534 2.01366 1.7511 0.231398 -0.652828 -0.412516 -0.128323 
4.10065 2.00866 -0.174124 -0.534157 0.384671 1.50308 2.12806 1.61945 0.113028 -0.725352 -0.275536 -0.123736 
3.99187 1.86551 -0.273964 -0.777507 0.396165 2.00081 2.61304 1.64807 0.00267197 -0.681448 -0.317981 -0.128345 
3.39033 1.46413 0.0469247 0.132875 1.13528 2.01077 2.26525 1.51035 0.1327 -0.634232 -0.391178 -0.12493 
4.62894 2.20298 -0.123116 -0.434761 0.650495 1.88723 2.45735 1.7599 0.197554 -0.626396 -0.387609 -0.116749 
3.52503 1.98581 0.315648 -0.160474 0.844176 2.13556 2.48349 1.59836 0.190005 -0.586301 -0.380538 -0.122607 
3.29951 1.58477 0.208123 0.0807267 0.964458 2.08533 2.5036 1.65298 0.196454 -0.550965 -0.375627 -0.121312 
3.38822 1.78248 0.234417 -0.200134 0.78458 2.19904 2.58213 1.55954 0.200646 -0.416395 -0.37921 -0.123863 
3.27492 1.24174 -0.122831 0.0351926 1.22336 2.3514 2.53406 1.56955 0.236728 -0.407972 -0.329163 -0.110518 
3.60552 1.75201 -0.0550356 -0.206194 1.04675 2.14875 2.30557 1.37026 0.0871057 -0.501416 -0.407031 -0.126859 
3.33866 1.92333 0.603819 0.337321 1.01064 1.7787 1.93051 1.29677 0.194659 -0.510509 -0.470996 -0.134268 
4.51849 2.19045 -0.0328677 -0.0966898 0.989867 1.82847 1.94894 1.35306 0.282917 -0.375995 -0.410816 -0.148897 
7.69841 1.01603 -0.468075 0.067665 1.79592 1.47347 2.38034 1.85095 -0.0785474 -0.562758 -0.360785 -0.100228 
3.66373 2.17964 0.645425 0.125832 0.620975 1.49234 1.83724 1.21146 0.211946 -0.286677 -0.215373 -0.11188 
4.33874 1.97694 -0.025383 -0.0652087 0.70284 1.28251 1.82939 1.6435 0.567982 -0.275712 -0.273896 -0.140567 
5.81899 2.19086 -0.588877 0.0234293 1.21962 1.2132 2.122 1.52177 0.164936 -0.280244 -0.350034 -0.111098 
4.12582 2.05601 0.111794 -0.159688 0.651255 1.5905 2.00417 1.29154 0.218494 -0.391365 -0.347053 -0.143062 
4.14892 2.01494 0.161068 -0.16718 0.641667 1.44866 1.93923 1.3634 0.185397 -0.389273 -0.406126 -0.160562 
4.14148 2.4795 0.5063 -0.238798 0.456831 1.52236 1.95382 1.1965 0.112214 -0.440652 -0.303218 -0.125912 
5.49691 2.32199 0.00988759 0.381386 1.15769 1.18787 1.87068 1.52888 0.26824 -0.289184 -0.383285 -0.131316 
3.49494 1.89735 0.459249 0.120614 0.752382 1.61083 1.76879 1.15279 0.331252 -0.207846 -0.293132 -0.140468 
3.68095 2.07365 0.652038 0.307347 0.727033 1.42981 1.80436 1.28318 0.35582 -0.299312 -0.350984 -0.144558 
4.68 1.74112 0.100527 0.864149 0.836106 0.681232 1.77625 1.92721 0.395835 -0.505899 -0.440345 -0.137492 
5.27993 1.69526 -0.0273091 1.27052 0.993791 0.659789 1.85648 1.89749 0.306649 -0.443027 -0.483264 -0.147134 
4.26758 1.61914 0.0297345 0.639317 1.08339 0.869283 1.38361 1.60329 0.559321 -0.332355 -0.399444 -0.155547 
4.0053 1.70401 0.24953 0.669158 1.09693 1.07898 1.47625 1.28511 0.311055 -0.255381 -0.243858 -0.111646 
4.93573 1.51298 -0.759644 0.48475 1.76947 1.22291 1.30069 1.04384 0.248434 -0.0751394 -0.228097 -0.113248 
5.00794 1.58941 -0.520883 1.01957 2.09268 1.29449 1.39464 1.04966 0.0801401 -0.0897493 -0.296774 -0.106151 