3.67314 2.14695 0.782255 0.122945 -0.26269 -0.211494 0.380197 0.7744 0.583878 0.213445 0.0411477 -0.0161188 
3.14836 2.45454 1.94685 1.66245 1.52885 1.35956 1.22847 1.00889 0.733811 0.4665 0.22513 0.041436 
2.65987 2.0058 1.56228 1.16322 0.810908 0.483324 0.182524 -0.0256443 -0.113002 -0.12008 -0.0865194 -0.0669756 
5.09409 4.00461 3.20934 2.4533 1.61171 0.815512 0.144204 -0.321901 -0.504788 -0.442238 -0.168273 -0.0768838 
3.20336 2.83692 2.52123 2.01496 1.3789 0.735516 0.181077 -0.18295 -0.307092 -0.235597 -0.0825672 -0.0932673 
3.17806 2.74313 2.41177 1.94731 1.33778 0.752773 0.290856 -0.0297405 -0.209026 -0.218178 -0.0944957 -0.0935733 
3.55559 3.11124 2.64001 2.0026 1.25588 0.496217 -0.10195 -0.417393 -0.442827 -0.263462 -0.0248012 -0.084655 
3.33801 2.9539 2.58598 2.03402 1.32946 0.59238 -0.00783595 -0.326076 -0.373253 -0.247627 -0.054811 -0.0957001 
2.96489 2.45328 2.06351 1.61125 1.12415 0.62909 0.179704 -0.111466 -0.204681 -0.154375 -0.0613952 -0.103617 
3.37902 2.9603 2.50844 1.88014 1.17096 0.48431 -0.10749 -0.449568 -0.449699 -0.244237 -0.0134021 -0.0906017 
5.2986 4.02654 3.27163 2.51877 1.44933 0.241575 -0.569483 -0.817019 -0.815779 -0.718046 -0.282483 -0.107887 
3.2766 2.84831 2.43501 1.85447 1.16151 0.489223 -0.0547547 -0.37949 -0.426478 -0.263152 -0.0393031 -0.0992043 
3.12835 2.67664 2.26581 1.70523 1.0662 0.425083 -0.110556 -0.406065 -0.419072 -0.237727 -0.0341304 -0.102946 
3.17308 2.67622 2.19309 1.6019 0.995836 0.442426 -0.0521381 -0.380068 -0.407662 -0.218558 -0.0143916 -0.0986493 
3.38334 2.97029 2.52219 1.85585 1.10185 0.376603 -0.219976 -0.587066 -0.592277 -0.319564 -0.0334549 -0.100691 
3.32418 2.9229 2.59512 2.05095 1.22025 0.325308 -0.300702 -0.565198 -0.547419 -0.343152 -0.0733426 -0.110743 
3.09607 2.61152 2.21575 1.68704 0.997011 0.291331 -0.204736 -0.411988 -0.408771 -0.265765 -0.0665298 -0.111224 
3.06823 2.55016 2.13472 1.6095 0.948969 0.281825 -0.172903 -0.368901 -0.374166 -0.250782 -0.0682962 -0.111298 
3.05429 2.49859 2.03888 1.4866 0.858508 0.261655 -0.178787 -0.369482 -0.35836 -0.211467 -0.0345222 -0.110804 
3.16681 2.77156 2.46422 1.941 1.16014 0.321608 -0.330376 -0.600482 -0.539785 -0.316921 -0.078069 -0.120688 
3.00067 2.46424 2.00602 1.45221 0.853108 0.290313 -0.144082 -0.369435 -0.381066 -0.250698 -0.07577 -0.118156 
2.99063 2.45781 2.0088 1.44728 0.854597 0.309883 -0.130646 -0.379132 -0.402246 -0.251686 -0.0720824 -0.11816 
3.06265 2.54844 2.0959 1.50202 0.834874 0.238103 -0.173524 -0.392129 -0.40463 -0.251407 -0.0539581 -0.114597 
3.10711 2.64471 2.21324 1.61018 0.954909 0.348546 -0.143976 -0.435115 -0.447427 -0.270205 -0.0701025 -0.116214 
3.0332 2.53445 2.12228 1.60228 1.00293 0.383563 -0.130551 -0.39412 -0.398536 -0.251855 -0.0840905 -0.11801 
2.94667 2.38753 1.93986 1.41143 0.829616 0.283117 -0.0934451 -0.270223 -0.29944 -0.211966 -0.0681258 -0.118282 
3.2013 2.72629 2.29121 1.7137 0.999434 0.273371 -0.26527 -0.518066 -0.486114 -0.28485 -0.0441212 -0.110278 
3.22432 2.77635 2.35839 1.76135 1.02399 0.281343 -0.306523 -0.58074 -0.543031 -0.299102 -0.0404463 -0.110472 
3.1374 2.67965 2.25529 1.63849 0.902421 0.216799 -0.293655 -0.530463 -0.49229 -0.272782 -0.0319159 -0.10823 
3.26713 2.84064 2.40592 1.74988 0.943242 0.186505 -0.369317 -0.650739 -0.612138 -0.328119 -0.00893635 -0.102876 
3.63227 3.19132 2.71968 2.02946 1.05603 0.0194342 -0.67606 -0.860737 -0.748074 -0.441556 -0.0159501 -0.0906716 
3.68164 3.39974 3.04642 2.35049 1.23894 -0.00375601 -0.889366 -1.22307 -1.10259 -0.63813 -0.0446309 -0.118332 
3.36851 2.91862 2.43664 1.75735 0.900166 0.0400226 -0.547686 -0.786141 -0.734475 -0.418651 -0.0044123 -0.0935452 
3.55635 3.23416 2.81569 2.08604 1.10252 0.0339657 -0.822522 -1.1788 -1.0171 -0.53624 -0.0247532 -0.103042 
4.10558 3.68262 3.15702 2.34469 1.25474 0.0921457 -0.816069 -1.26007 -1.22485 -0.775133 -0.0910862 -0.103139 
3.49325 3.09923 2.67873 1.99145 1.02479 0.0169729 -0.666348 -0.912285 -0.81523 -0.450324 0.0136462 -0.0887038 
3.49599 3.11467 2.66501 1.95582 1.03468 0.0985445 -0.611991 -0.921559 -0.815889 -0.429271 0.0154253 -0.0886803 
3.65854 3.33693 2.91455 2.20398 1.23163 0.194513 -0.632469 -1.00717 -0.89741 -0.496031 -0.0284396 -0.0988729 
4.06143 3.83087 3.66249 3.05779 1.73225 0.173209 -0.881213 -1.26283 -1.25472 -0.872538 -0.203894 -0.158944 
3.41893 3.02592 2.59651 1.89852 1.01756 0.177869 -0.441675 -0.751118 -0.711794 -0.392757 -0.00731211 -0.083998 
3.46323 3.06374 2.65274 2.01319 1.13292 0.183066 -0.506851 -0.765555 -0.682944 -0.396751 -0.0261774 -0.0830434 
4.37974 3.94933 3.56842 3.15627 2.03866 0.319422 -0.892141 -1.16561 -1.0879 -0.860948 -0.235655 -0.144575 
3.94439 3.79171 3.67448 3.18259 1.95092 0.333603 -0.81903 -1.16078 -1.09508 -0.77389 -0.173332 -0.154386 
3.61983 3.21144 2.8339 2.28792 1.42769 0.382758 -0.399681 -0.675238 -0.609751 -0.379866 -0.0525512 -0.08442 
3.33464 2.88288 2.51066 2.00079 1.27838 0.485013 -0.0800408 -0.305934 -0.319028 -0.223555 -0.0357957 -0.0704714 
3.8064 3.27492 3.09706 3.03857 2.08821 0.384736 -0.613603 -0.507626 -0.266066 -0.328875 -0.111649 -0.0945694 
3.58588 3.15839 2.82477 2.45648 1.69709 0.545319 -0.348487 -0.573278 -0.435914 -0.274511 -0.0405968 -0.0838791 
3.77289 3.43085 3.06771 2.67278 1.88837 0.603555 -0.542565 -0.885999 -0.681874 -0.380093 -0.0609138 -0.0969994 
3.41324 2.92241 2.53893 2.06227 1.27938 0.296404 -0.425278 -0.635735 -0.535437 -0.317249 -0.0401992 -0.0694839 
4.16673 3.62008 3.20507 2.92437 1.89693 0.127834 -1.06145 -1.0443 -0.717439 -0.554951 -0.181039 -0.10081 
3.86964 3.49093 3.11868 2.61233 1.63141 0.266625 -0.786476 -1.0749 -0.883413 -0.555588 -0.127745 -0.0967435 
3.81687 3.43663 3.14255 2.66329 1.55347 0.0283977 -0.921315 -1.02101 -0.837771 -0.624927 -0.157154 -0.10417 
3.45819 3.05218 2.64568 1.98987 1.04093 0.0670233 -0.595208 -0.857966 -0.817145 -0.540193 -0.112754 -0.0875942 
4.13195 3.70007 3.13286 2.52511 1.64873 0.392856 -0.727798 -1.14767 -1.01027 -0.650372 -0.172064 -0.11752 
6.5017 3.73316 2.9759 4.103 3.15917 -0.221971 -1.65658 -0.923978 -0.445562 -0.696017 -0.633535 -0.211684 
3.32926 2.87888 2.47555 1.9319 1.23739 0.517501 -0.0357902 -0.331515 -0.386435 -0.258023 -0.0718553 -0.0951758 
3.08001 2.61571 2.22157 1.6936 1.08035 0.500492 0.029545 -0.265674 -0.332525 -0.226958 -0.0648781 -0.0976038 
3.62709 3.29371 2.92788 2.31211 1.43483 0.496943 -0.227173 -0.589514 -0.609747 -0.378854 -0.0575818 -0.0994457 
3.78522 3.40598 2.9284 2.29844 1.57578 0.72097 -0.0755293 -0.554426 -0.610063 -0.365262 -0.059234 -0.0936417 
3.04184 2.5148 2.12193 1.66803 1.12972 0.569402 0.135537 -0.0889988 -0.147497 -0.112968 -0.038131 -0.093034 
3.06048 2.53149 2.15146 1.7451 1.24741 0.6955 0.257357 0.0308999 -0.0640901 -0.102491 -0.0820546 -0.0915487 
3.12726 2.65605 2.2752 1.81906 1.27659 0.699075 0.238731 -0.0235354 -0.13862 -0.149102 -0.0727836 -0.0922709 
3.66563 3.19319 2.6866 2.0981 1.36742 0.554793 -0.083032 -0.377573 -0.375343 -0.220557 -0.0224638 -0.0768149 
2.95835 2.42818 2.01628 1.54053 1.03302 0.562095 0.188817 -0.0308583 -0.0931687 -0.0479043 0.0169039 -0.0894254 
4.44834 3.44013 2.55428 2.04307 1.3814 0.377258 -0.440525 -0.615154 -0.446773 -0.227159 -0.0191892 -0.0448982 
3.11008 2.6337 2.17068 1.57637 0.913656 0.289024 -0.139264 -0.2951 -0.230419 -0.0301143 0.147284 -0.0665811 
5.6812 3.98157 2.60868 2.16002 1.36369 -0.202959 -1.07464 -0.74985 -0.344163 -0.229829 -0.0545126 -0.0110956 
3.7225 3.23189 2.55274 1.72969 0.887943 0.0728361 -0.454994 -0.522539 -0.265533 0.0153416 0.175747 0.000119116 
3.55001 3.0258 2.35493 1.59216 0.840659 0.111649 -0.412503 -0.524595 -0.274525 0.0540571 0.239139 -0.00544441 
5.19833 4.09787 2.26745 1.00339 0.692566 0.428853 -0.0593299 -0.56095 -0.540246 -0.0868327 0.0633209 0.0329385 
5.09305 4.27223 2.40658 0.767997 0.308209 0.466539 0.246076 -0.457662 -0.57135 -0.0773835 0.0237997 0.0283298 
4.5486 3.72537 2.32806 1.0432 0.488322 0.347604 0.0473177 -0.405181 -0.51157 -0.131447 0.0821745 0.0111727 
3.35506 2.75602 2.00121 1.17963 0.552233 0.210416 0.021814 -0.101743 -0.105878 0.0428126 0.2007 -0.0126117 
4.43666 3.6443 2.23556 0.9306 0.244704 0.210286 0.269401 0.0919076 -0.0205977 0.101989 0.150367 0.0138433 
3.67363 3.09525 2.22121 1.19869 0.451038 0.0847793 -0.0571465 -0.0817929 -0.0283081 0.130202 0.227334 -0.00236472 
4.04697 3.43092 2.31277 1.10352 0.306663 -0.0418209 -0.0155878 0.105671 0.254193 0.285666 0.150861 0.0071879 
6.49537 3.98825 2.12126 1.06792 0.319583 -0.303157 -0.086084 0.272787 0.278951 0.249166 0.149749 0.0333625 
4.19278 3.42119 2.16252 0.933549 0.129636 -0.0412055 0.28438 0.592385 0.563697 0.352017 0.182885 0.00611229 
3.59245 3.02515 2.13259 1.02586 0.210921 0.0154018 0.222275 0.377713 0.365141 0.274107 0.189333 -0.00157489 
4.56737 3.71543 2.22352 0.699389 -0.137422 -0.262269 0.232503 0.538561 0.400449 0.202828 0.213583 0.0159434 
6.73198 4.05953 1.45735 0.342249 -0.165269 -0.571382 -0.116215 0.605977 0.702386 0.150656 0.0725314 -0.00224943 
3.61406 2.9241 2.10308 1.26131 0.483112 -0.0541892 -0.114725 0.0330138 0.117462 0.134049 0.0850169 -0.0342249 
3.83231 3.14018 2.32613 1.64651 1.16323 0.611426 0.324372 0.144778 0.0284351 -0.141782 -0.0761375 -0.061496 
3.56573 2.92659 2.1387 1.2459 0.620486 0.436748 0.543013 0.323464 0.112439 -0.0413924 -0.0128376 -0.0578158 
6.02046 3.72898 1.75373 1.46504 1.08047 -0.064074 0.0011503 0.629082 0.674154 0.373421 -0.02179 -0.0675924 