3.30229 2.79841 2.22501 1.66783 1.16069 0.913532 0.842859 0.634554 0.340541 0.0648024 0.0152462 -0.0097498 
2.72645 2.2653 2.07133 1.86705 1.58484 1.2647 0.972921 0.672765 0.35871 0.117543 0.00635898 -0.00319356 
3.6716 3.25927 2.78752 2.18877 1.58861 1.0182 0.471799 0.0139414 -0.181984 -0.176583 -0.107791 -0.0608211 
3.16455 2.83725 2.61462 2.27021 1.83198 1.3048 0.748144 0.253954 -0.0627535 -0.209688 -0.218013 -0.0758839 
3.06106 2.63154 2.3699 2.0178 1.54325 1.03616 0.600401 0.248178 -0.0382009 -0.211225 -0.223526 -0.0835278 
3.39211 3.02178 2.6901 2.24829 1.71082 1.09367 0.493288 0.0597255 -0.162028 -0.226284 -0.177669 -0.0907788 
3.558 3.19779 2.85714 2.35722 1.71736 1.05454 0.489589 0.07367 -0.179466 -0.250766 -0.175617 -0.0935519 
3.56309 3.15891 2.80304 2.38822 1.84005 1.12854 0.439752 -0.00778235 -0.201334 -0.255094 -0.200568 -0.100335 
3.10891 2.66052 2.33747 1.88438 1.33015 0.794881 0.350692 0.0093205 -0.20588 -0.254382 -0.175046 -0.101539 
2.97018 2.45317 2.09653 1.71479 1.27938 0.799551 0.346336 0.0227483 -0.149278 -0.211032 -0.18154 -0.106484 
3.09939 2.64879 2.31989 1.89885 1.38052 0.801308 0.290616 -0.0548681 -0.219241 -0.243489 -0.172554 -0.105733 
3.22761 2.77709 2.40001 1.86564 1.21864 0.593086 0.107205 -0.186026 -0.287203 -0.238853 -0.111243 -0.101792 
3.53995 3.11541 2.7328 2.20796 1.50983 0.748807 0.151815 -0.202669 -0.344483 -0.312047 -0.137371 -0.102903 
2.93577 2.38682 1.98252 1.54399 1.05659 0.54398 0.130594 -0.0945373 -0.157636 -0.142238 -0.0875753 -0.107761 
3.08207 2.56629 2.15695 1.69672 1.15713 0.559802 0.0706056 -0.172377 -0.215974 -0.166585 -0.0731092 -0.100717 
3.35448 2.90341 2.52926 2.03458 1.36613 0.624527 0.0684821 -0.203119 -0.281983 -0.239516 -0.0895155 -0.0960734 
3.36692 2.9532 2.57573 2.09243 1.46636 0.707164 0.0315535 -0.305741 -0.33145 -0.226226 -0.0843912 -0.0974239 
3.06784 2.56004 2.12641 1.60786 1.06604 0.524864 0.0593793 -0.207287 -0.239356 -0.133709 -0.0188269 -0.0953029 
3.24875 2.82938 2.42436 1.86422 1.2279 0.587723 0.0414905 -0.285232 -0.338715 -0.202074 -0.0261213 -0.090586 
3.59384 3.36483 3.00317 2.32872 1.53051 0.711341 -0.0230717 -0.520385 -0.61939 -0.377771 -0.0421678 -0.100581 
3.32692 2.89042 2.47973 1.93762 1.27933 0.562949 -0.0656662 -0.400506 -0.393886 -0.197462 -0.00354141 -0.0840908 
3.25311 2.80971 2.37967 1.79709 1.14428 0.518695 -0.0355598 -0.380268 -0.401311 -0.194708 0.0217876 -0.0820745 
4.01228 3.69532 3.30449 2.71711 1.79155 0.59576 -0.440516 -1.02103 -1.05155 -0.650417 -0.087153 -0.12241 
3.72996 3.48119 3.14639 2.62404 1.78805 0.624231 -0.487221 -1.07213 -1.02784 -0.571309 -0.0288555 -0.125433 
3.66798 3.28308 2.91111 2.36001 1.45241 0.287086 -0.589982 -0.892454 -0.772378 -0.454149 -0.0431232 -0.0963528 
3.54373 3.12201 2.69003 2.08272 1.22171 0.201431 -0.585683 -0.857973 -0.729106 -0.427876 -0.0568495 -0.086459 
4.12731 3.60121 3.13279 2.71759 1.79779 0.283421 -0.931305 -1.22511 -1.01715 -0.705239 -0.145764 -0.11517 
3.85973 3.58553 3.36098 2.96776 1.92073 0.298295 -0.964122 -1.32043 -1.11723 -0.735998 -0.157258 -0.149231 
3.87778 3.63005 3.32467 2.78461 1.80522 0.457769 -0.734438 -1.30405 -1.23918 -0.749815 -0.110963 -0.140381 
3.99632 3.59769 3.03964 2.39501 1.59935 0.532296 -0.513553 -1.09275 -1.07824 -0.653672 -0.0753245 -0.0988577 
3.70586 3.32371 2.91202 2.31639 1.45627 0.443482 -0.376199 -0.764147 -0.74871 -0.453546 -0.0443797 -0.0846621 
3.46633 3.01201 2.70503 2.29924 1.53869 0.546978 -0.188946 -0.455555 -0.44498 -0.301957 -0.0312596 -0.078094 
3.73143 3.28414 2.84207 2.50429 1.8743 0.733754 -0.342543 -0.753597 -0.640589 -0.361271 -0.0121515 -0.0823664 
3.41624 2.9536 2.47348 1.86247 1.13373 0.35167 -0.310324 -0.644299 -0.620107 -0.357017 -0.039698 -0.0665206 
4.0376 3.53117 3.08045 2.77456 1.96656 0.448312 -0.835482 -1.17826 -0.924495 -0.55977 -0.100159 -0.10456 
4.26128 2.73567 2.0629 2.15229 1.70176 0.143517 -0.692651 -0.921449 -0.834432 -0.531965 -0.0582507 -0.0601292 
5.70304 1.73704 0.888645 3.02681 2.25767 -0.703175 -0.700501 -0.270362 -0.47882 -0.615691 -0.220596 -0.00922484 
4.15412 2.04056 1.27097 2.19011 1.72539 -0.100494 -0.550505 -0.125704 -0.271716 -0.506779 -0.120995 -0.0546044 
4.38852 1.8655 1.03049 2.25734 1.81785 -0.151109 -0.525935 -0.0196432 -0.219468 -0.471384 -0.0870645 -0.0408399 
3.47845 1.92335 1.62084 2.08979 1.66543 0.549068 0.213775 0.234036 -0.116065 -0.401563 -0.141557 -0.0822206 
3.97515 3.08826 2.3325 1.88016 1.27721 0.674058 0.186854 -0.388665 -0.676296 -0.418959 -0.0160005 -0.0707218 
5.18 3.0077 1.6815 2.23254 1.82013 0.43803 -0.276039 -0.558293 -0.727633 -0.39655 -0.0855249 -0.0482162 
3.52145 2.78822 2.17966 1.55883 0.852357 0.440668 0.0956121 -0.321365 -0.46684 -0.198782 0.0458308 -0.0723211 
3.35467 2.16864 1.57351 1.59994 1.33283 0.618876 0.186991 -0.0444321 -0.210151 -0.258091 -0.0277327 -0.0845771 
3.78226 2.17357 1.33782 1.63321 1.39664 0.415228 0.157922 0.0754667 -0.342054 -0.353912 0.0268755 -0.0525018 
4.27192 2.04668 0.95285 1.81853 1.71106 0.436912 0.155452 0.175947 -0.376039 -0.608183 -0.0459071 -0.0236358 
3.57662 2.03445 1.12925 1.64921 1.51637 0.532943 -0.218979 -0.10481 -0.319048 -0.453832 0.141005 -0.0327788 
4.47808 2.36547 1.37123 2.37794 2.13587 0.325212 -0.519318 -0.322628 -0.149187 -0.107914 0.0293887 -0.0344182 
3.50684 2.39934 1.79888 1.94332 1.46146 0.337375 -0.429963 -0.524582 -0.31343 -0.135281 0.126524 -0.0583266 
3.63574 2.67595 1.89106 1.58114 1.04476 0.271725 -0.0509019 -0.238622 -0.287839 -0.204031 0.0446622 -0.0505363 
3.91466 2.53969 1.56626 1.47335 1.14363 0.424424 -0.0406615 -0.250872 -0.375516 -0.230508 0.0314055 -0.0492171 
3.77327 2.4033 1.24895 1.09608 1.038 0.393137 -0.202597 -0.288909 -0.167821 -0.0747931 -0.0376052 -0.07787 
4.61507 2.45753 0.97464 1.67756 1.64776 0.390306 0.226099 0.253666 -0.184983 -0.311984 -0.121632 -0.0486022 
4.32187 2.54339 1.44234 1.52789 1.23331 0.155732 -0.108546 -0.0732925 -0.0749797 -0.149893 -0.0229484 -0.0463454 
4.22058 2.6357 1.5499 1.61565 0.919057 -0.245973 -0.261251 -0.221726 -0.0935961 -0.0503943 0.0573658 -0.0296329 
4.02552 2.65544 1.68638 1.45376 0.88657 -0.107462 -0.283821 0.00929531 -0.125593 -0.0321423 0.128882 -0.0141673 
4.34552 2.69999 1.41321 1.28543 1.0281 0.205908 -0.211081 -0.0137757 0.0996611 0.222799 0.0974287 -0.0120404 
4.05259 2.62869 1.54006 1.2777 1.11581 0.371481 0.00722779 -0.100667 -0.0715693 0.0322108 0.0580261 -0.0312954 
4.69968 2.70767 1.16086 1.44961 1.34177 0.343707 0.0422674 0.103803 0.226236 0.0274892 0.0138275 -0.0331945 
5.88352 2.41738 0.823052 1.35177 0.996005 0.02289 0.31321 0.438921 -0.198358 0.14335 0.0812162 -0.0032204 
3.90835 2.29973 1.09853 0.844262 0.385629 -0.0270399 0.16656 0.441085 0.0916956 -0.0918018 0.119684 -0.0451125 
5.35026 1.53568 0.0680487 1.73509 1.32686 -0.108597 0.675215 0.461776 -0.0727272 0.0125458 0.0365718 -0.0188194 
4.67395 1.59741 0.288623 1.69795 1.45674 0.135696 0.49258 0.534044 0.216554 0.0237455 -0.00656155 -0.0208441 
4.47246 1.34367 0.176867 1.48346 1.7822 0.24993 0.51879 0.69568 -0.0437772 -0.152292 -0.00297786 -0.00440687 
4.44685 1.6076 -0.0670394 1.59804 1.67281 0.237591 0.630158 0.904546 0.322814 -0.0808377 0.00374139 0.0135524 