5.55792 -0.529673 -0.866074 1.56987 0.748522 -1.54535 0.812163 0.797879 0.450737 0.342814 0.134813 -0.00664429 
3.25581 1.19585 0.526246 1.2686 1.10567 0.0990438 0.212099 0.504866 0.525471 0.327973 0.10547 0.016378 
3.68177 2.04276 1.71127 2.32964 1.89647 0.821597 0.592165 0.683243 0.903719 0.696488 0.236563 0.0412043 
2.64498 2.01757 1.654 1.32512 0.975964 0.621366 0.347904 0.164273 0.0486378 -0.0213782 -0.0430214 -0.0420346 
2.77321 2.20792 1.85038 1.49391 1.11442 0.754886 0.448543 0.212491 0.058474 -0.0161836 -0.0313261 -0.065759 
3.17713 2.75698 2.45453 2.05612 1.5581 1.03905 0.585595 0.24373 0.0350893 -0.0503842 -0.0510044 -0.057332 
5.2134 4.16484 3.46689 2.73935 2.00797 1.24595 0.514038 -0.102691 -0.417787 -0.391884 -0.150292 -0.0758573 
3.15852 2.74268 2.42866 2.01018 1.50016 0.940047 0.438082 0.0947206 -0.059024 -0.0782145 -0.0276275 -0.0677992 
3.02221 2.57888 2.26362 1.85982 1.37638 0.880008 0.436923 0.109204 -0.0606489 -0.0859302 -0.0338744 -0.0754481 
3.37328 3.08865 2.82299 2.32916 1.66263 0.947687 0.330201 -0.0914497 -0.253878 -0.189231 -0.0163017 -0.0774512 
5.33895 4.34846 3.6583 3.06992 2.15058 0.916664 -0.133436 -0.683324 -0.869456 -0.832224 -0.312482 -0.13345 
3.42385 3.13791 2.85049 2.32999 1.60075 0.776585 0.0689451 -0.34745 -0.428421 -0.254335 0.000732481 -0.0847505 
3.3168 2.9766 2.65335 2.0984 1.36843 0.624691 0.0279154 -0.328828 -0.402482 -0.239923 0.00624214 -0.0812648 
3.72672 3.44816 3.07672 2.39024 1.47924 0.549086 -0.214859 -0.687337 -0.769776 -0.468523 -0.00645976 -0.0898983 
4.02919 3.76702 3.35201 2.59255 1.59314 0.561166 -0.328794 -0.906565 -1.02014 -0.659434 -0.0692015 -0.105857 
3.53511 3.27182 2.92838 2.26524 1.37531 0.439053 -0.34816 -0.805175 -0.826927 -0.475172 -0.0267368 -0.0978927 
3.7104 3.53475 3.23722 2.53582 1.51702 0.432831 -0.46857 -0.989847 -1.01495 -0.612183 -0.0602478 -0.116117 
3.93455 3.71166 3.36164 2.64232 1.59594 0.457787 -0.487718 -1.03153 -1.09408 -0.706588 -0.0892464 -0.118362 
4.06985 3.8391 3.43203 2.65932 1.61964 0.510376 -0.44691 -1.0522 -1.16326 -0.775681 -0.109919 -0.121245 
3.39823 3.03732 2.64184 1.98738 1.14067 0.278992 -0.397266 -0.748568 -0.730064 -0.427215 -0.0530222 -0.0885387 
3.87923 3.61936 3.20934 2.46732 1.4769 0.412653 -0.475943 -1.00357 -1.05736 -0.665708 -0.0769234 -0.108388 
4.03434 3.79036 3.36472 2.59058 1.56707 0.470781 -0.477793 -1.05417 -1.12887 -0.734339 -0.10906 -0.116554 
3.72351 3.51996 3.18776 2.48923 1.51013 0.433299 -0.497286 -1.02988 -1.04077 -0.620006 -0.0632237 -0.114988 
3.6316 3.37064 3.00268 2.3091 1.36857 0.360965 -0.463727 -0.911885 -0.909805 -0.541998 -0.0585265 -0.102595 
3.88734 3.62465 3.22717 2.50731 1.51563 0.439327 -0.451237 -0.963393 -1.01607 -0.650548 -0.071676 -0.107369 
3.98727 3.7396 3.34324 2.62259 1.63776 0.526601 -0.458692 -1.04007 -1.09333 -0.696172 -0.0935198 -0.116259 
3.63555 3.36949 3.01893 2.37061 1.45018 0.421232 -0.434568 -0.883259 -0.880526 -0.528103 -0.0514347 -0.102776 
3.64279 3.36916 3.04639 2.41327 1.45688 0.395851 -0.444592 -0.874114 -0.881658 -0.543442 -0.0546409 -0.103727 
3.80191 3.56226 3.20441 2.47468 1.46568 0.432942 -0.401206 -0.904321 -0.981909 -0.625842 -0.0668852 -0.106544 
6.40712 4.03877 3.22633 2.71878 2.04073 0.571248 -0.654514 -0.857057 -0.570747 -1.09191 -0.482118 -0.130764 
3.92168 3.73092 3.37968 2.6538 1.65535 0.568635 -0.389339 -0.999194 -1.09497 -0.698048 -0.087607 -0.120499 
3.5083 3.19317 2.82182 2.15637 1.28004 0.391691 -0.309293 -0.696804 -0.721688 -0.444173 -0.0598445 -0.0896752 
3.5225 3.17145 2.79332 2.16748 1.32996 0.453302 -0.246396 -0.61938 -0.646071 -0.400925 -0.0499129 -0.0840199 
3.88948 3.58578 3.16649 2.48673 1.6056 0.635025 -0.242955 -0.786951 -0.856979 -0.530052 -0.0518896 -0.0926851 
3.67645 3.35521 2.96902 2.31416 1.45572 0.568296 -0.170503 -0.61811 -0.699515 -0.442438 -0.0450878 -0.0847686 
3.43578 3.07474 2.70246 2.1117 1.35504 0.563014 -0.101396 -0.509737 -0.595086 -0.385502 -0.0710388 -0.0829035 
3.36848 2.98431 2.61057 2.05396 1.33919 0.565757 -0.100791 -0.498415 -0.554815 -0.35939 -0.0909236 -0.0805858 
3.42683 3.05373 2.6837 2.11333 1.37037 0.572017 -0.0798795 -0.435805 -0.488327 -0.327837 -0.0717397 -0.0755401 
3.58996 3.26869 2.9432 2.4007 1.59923 0.708447 0.0295887 -0.318457 -0.418744 -0.308778 -0.0273423 -0.0724864 
3.5731 3.2668 2.98215 2.47442 1.68569 0.781048 0.0915154 -0.24353 -0.327303 -0.241437 -0.0246425 -0.0695055 
3.63964 3.345 3.07831 2.62247 1.86655 0.899171 0.0727623 -0.361902 -0.424042 -0.261473 -0.00566421 -0.0729454 
4.01529 3.74018 3.38695 2.82517 2.01698 1.06141 0.155704 -0.443644 -0.626877 -0.410574 -0.00941301 -0.0767982 
4.35763 3.97001 3.58483 3.20581 2.3992 1.12734 -0.0144802 -0.538406 -0.665845 -0.532199 -0.0834311 -0.0959009 
3.66899 3.29052 2.9144 2.39781 1.68434 0.861032 0.156124 -0.243731 -0.332885 -0.220825 -0.0213451 -0.0557167 
3.30673 2.93465 2.62567 2.11874 1.4221 0.699687 0.156711 -0.165713 -0.287205 -0.222706 -0.0566091 -0.0607559 
4.70882 4.07323 3.61368 3.29827 2.33777 0.767778 -0.346392 -0.617045 -0.657413 -0.652548 -0.187621 -0.1045 
3.75351 3.45694 3.08297 2.44262 1.54628 0.548045 -0.277325 -0.700433 -0.74267 -0.468389 -0.0597941 -0.0825719 
5.26761 4.3546 3.64902 3.16539 2.0865 0.479154 -0.569428 -0.691693 -0.76581 -0.862186 -0.311816 -0.119398 
3.56766 3.26553 2.91852 2.28024 1.37617 0.409947 -0.326268 -0.710859 -0.750871 -0.49522 -0.0997428 -0.0943313 
4.25007 4.03899 3.64523 3.02063 2.04967 0.792542 -0.410252 -1.06195 -1.0805 -0.719556 -0.204596 -0.140929 
3.47512 3.12226 2.75408 2.14826 1.35731 0.535515 -0.151728 -0.572839 -0.641787 -0.411732 -0.0869638 -0.0929841 
5.13536 4.63478 3.81624 2.98308 2.17346 1.08585 -0.0778723 -0.646014 -0.723283 -0.537444 -0.306078 -0.129988 
3.38229 3.07961 2.81675 2.3565 1.74222 1.05702 0.434459 -0.00431301 -0.200323 -0.200661 -0.0947599 -0.0810003 
3.09801 2.67991 2.3829 1.97021 1.46516 0.945846 0.486487 0.143208 -0.076556 -0.161337 -0.138021 -0.08145 
3.32657 2.96641 2.68815 2.24121 1.65487 1.02882 0.478518 0.0680427 -0.146271 -0.178043 -0.100286 -0.0814793 
3.24293 2.84943 2.51124 2.01261 1.38515 0.732474 0.189776 -0.13216 -0.231078 -0.172381 -0.0467763 -0.087263 
3.28059 2.9185 2.59809 2.11147 1.47507 0.777226 0.20388 -0.149473 -0.256094 -0.186029 -0.0357021 -0.0858947 
3.16129 2.71856 2.33755 1.84649 1.30445 0.762539 0.263509 -0.0819563 -0.201108 -0.126075 -0.0106807 -0.0805136 
3.53153 3.1581 2.73969 2.16517 1.47395 0.760169 0.147168 -0.248421 -0.367036 -0.229599 0.000286544 -0.0755158 
3.14382 2.71021 2.32962 1.82506 1.27379 0.754698 0.321728 0.00486167 -0.135948 -0.0975437 0.0136723 -0.0712878 
3.45753 3.00282 2.5264 1.93958 1.29975 0.623522 0.0767505 -0.202731 -0.203274 -0.0752474 0.0396001 -0.0528761 
4.86391 4.1457 3.06879 1.99908 1.06731 0.221093 -0.245467 -0.474643 -0.489636 -0.250445 -0.0558603 -0.0260347 
3.42793 3.0653 2.56102 1.7865 0.935465 0.201126 -0.277038 -0.449762 -0.332079 -0.0366586 0.192032 -0.018265 
5.97813 4.86529 3.17677 1.80447 0.807228 0.032781 -0.431167 -0.887212 -0.76743 0.1389 -0.00619834 0.0274509 
3.2909 2.78908 2.2414 1.54636 0.833127 0.299612 -0.0321428 -0.140291 -0.0896912 0.0337316 0.114543 -0.04308 
4.30951 3.78646 2.76848 1.7157 0.943043 0.338381 -0.207358 -0.548223 -0.48559 -0.134793 0.0981145 0.00900498 
4.11581 3.41344 2.40292 1.39876 0.766405 0.419736 0.160925 -0.0559802 -0.172888 -0.0808008 0.0648463 -0.0198522 
4.37897 3.67679 2.65048 1.58139 0.736785 0.182068 -0.125939 -0.292013 -0.346061 -0.163882 -0.0174833 -0.0355481 
3.29904 2.82069 2.24255 1.51122 0.865051 0.398152 0.0448713 -0.192243 -0.238302 -0.101381 0.0281319 -0.0706444 
3.99862 3.46645 2.57117 1.51699 0.563865 -0.000130137 -0.25304 -0.356866 -0.249002 -0.0150163 -0.0111481 -0.0411626 
4.50991 3.42983 2.52521 2.03173 1.60962 0.860715 0.113683 -0.212773 -0.228236 -0.00110943 -0.141232 -0.0765099 
3.5632 3.02791 2.49808 2.05481 1.58202 1.08432 0.781055 0.568216 0.234251 -0.133278 -0.180907 -0.0685548 
2.99126 2.47914 2.13836 1.73859 1.26827 0.742928 0.314733 0.122785 0.0961721 0.0561482 -0.0241464 -0.0487183 
4.21723 3.36941 2.4419 1.74695 1.20978 0.787905 0.651314 0.451667 0.193494 0.0299896 0.0645034 -0.00884584 
5.69665 3.55184 1.81925 1.76429 1.35379 0.530439 0.476278 0.781433 0.404349 0.0661334 0.0314861 0.00526991 
3.30692 2.60973 2.07558 1.73356 1.24782 0.602302 0.370337 0.391124 0.284512 0.115189 0.015549 -0.0190354 
4.04585 3.04518 2.28452 1.81908 1.22546 1.0748 1.02812 0.697446 0.328015 0.13746 -0.05576 -0.026199 