2
7
8
-3
-9
-8
4
12
16
11
6
12
13
6
-2
-3
-1
5
-5
-21
-36
-37
-30
-24
-10
4
7
-3
-14
-15
-6
1
1
0
6
12
9
-1
-3
2
-1
-15
-25
-25
-18
-11
0
7
7
8
10
11
5
12
25
24
18
14
11
5
4
11
9
2
-1
-2
-4
-5
2
12
12
6
7
24
29
20
11
17
23
12
1
1
7
6
8
16
25
18
4
-1
0
1
-2
-3
-9
-13
-20
-22
-17
-6
0
-3
4
13
13
-1
-7
-1
1
-3
-7
-12
-17
-12
4
13
6
-16
-33
-37
-26
-5
11
17
13
2
-4
-10
-4
5
5
6
10
17
10
-4
-9
-9
-12
-13
0
15
16
4
-8
-14
-16
-14
-9
-10
-17
-15
-5
5
2
-4
-15
-23
-23
-13
3
9
-1
-17
-20
-5
5
-5
-27
-35
-24
-11
-11
-12
-8
-1
-2
-3
-4
-6
-10
-12
-5
3
6
-5
-19
-18
-7
-5
-9
1
15
12
-6
-15
-5
7
14
26
39
41
28
14
18
23
22
12
4
1
6
8
-2
-11
-9
9
15
11
6
14
15
9
2
10
27
24
14
11
18
19
21
29
37
30
19
16
20
17
-2
-24
-33
-22
-2
12
12
2
1
9
4
-10
-12
5
16
8
-2
-6
-9
-17
-21
-17
-9
-1
6
11
9
4
-4
-9
-8
-2
1
-2
-6
-6
-11
-13
-13
-18
-25
-27
-22
-16
-12
-6
-8
-10
-5
2
0
-13
-19
-11
10
21
14
-5
-11
-1
9
8
-2
-12
-12
-15
-16
-10
0
0
-13
-16
-9
0
5
1
-1
4
10
2
-4
0
15
19
12
9
7
5
-6
-18
-24
-16
1
12
15
12
5
-6
-13
-7
5
8
2
-4
-4
1
-2
-4
-4
2
4
3
2
3
0
1
8
15
13
2
-2
1
3
4
10
21
32
32
29
25
19
8
2
4
12
18
10
2
4
10
8
2
5
12
12
2
-8
-11
-7
-5
-4
-4
0
2
0
-5
-9
-14
-14
-8
-7
-15
-23
-18
-10
-6
-6
-5
-7
-16
-16
-9
-3
-8
-17
-16
-12
-12
-24
-37
-31
-18
-8
-5
7
19
12
-2
-8
0
5
3
0
-2
-10
-21
-26
-19
-5
12
24
22
11
6
14
15
0
-19
-26
-22
-16
-14
-17
-18
-13
-4
-1
-2
-1
2
9
16
18
14
16
23
22
12
10
18
24
26
24
6
-17
-17
7
23
14
-1
-8
-3
13
25
21
9
4
7
4
-2
0
5
2
-7
-5
5
11
11
14
9
0
-2
6
7
-5
-14
-13
-10
-8
-11
-14
-14
-3
8
10
2
-5
-4
1
5
8
16
18
13
-1
-13
-18
-13
-14
-24
-32
-23
-11
-8
-10
-11
-6
-3
10
19
21
11
2
-1
-3
-9
-16
-10
0
1
-6
-3
6
6
7
14
9
-6
-12
3
12
5
-4
2
15
16
4
-9
-10
-6
8
24
28
22
11
12
12
8
1
-6
5
22
24
12
-1
0
3
2
7
4
-8
-13
-3
5
-5
-22
-25
-20
-22
-20
-8
6
3
-3
-7
-4
-3
-4
2
5
3
-11
-15
-6
11
14
-1
-11
-14
-8
-1
12
25
24
10
-7
-4
14
21
18
14
12
3
-6
-6
-4
-9
-11
-6
3
4
9
15
9
-7
-15
-6
0
0
-3
-5
-1
-3
-8
-7
9
19
12
4
9
16
7
-7
-17
-22
-27
-25
-18
-12
-13
-18
-27
-38
-35
-19
-3
2
2
8
6
4
7
7
2
-7
-7
-2
1
0
0
-3
-4
-6
-9
-10
-9
1
12
11
2
-6
-1
5
-9
-30
-31
-6
21
22
0
-10
-5
-1
-9
-5
9
19
20
17
18
12
-1
-17
-23
-2
27
40
32
18
12
16
16
10
9
10
19
26
36
42
41
33
25
15
8
3
-3
-1
1
3
-6
-21
-29
-20
0
7
-5
-11
-4
-6
-18
-34
-39
-37
-24
-7
1
-4
-13
-17
-15
-12
-6
-5
-16
-26
-28
-25
-22
-13
2
8
4
-6
-16
-21
-23
-12
5
11
11
4
5
5
0
1
6
7
-1
-4
2
4
-1
-2
9
15
16
12
12
15
12
8
1
4
11
14
5
-4
-6
-4
0
-4
-6
-2
11
18
14
7
-2
-4
-11
-20
-26
-19
-5
-1
-4
-11
-13
-7
5
18
16
12
12
10
3
-1
5
11
5
1
6
10
17
24
21
0
-20
-4
19
17
4
1
14
10
5
0
-13
-17
-7
12
12
-1
-2
9
18
18
5
-3
0
10
11
4
0
-5
-18
-27
-16
4
17
12
5
0
1
2
5
12
12
8
0
-4
-4
-10
-7
2
9
7
-3
-9
-10
-6
0
3
2
-5
-15
-16
-1
20
21
7
-3
-3
2
5
2
-6
-11
-5
3
-3
-15
-25
-29
-26
-22
-22
-27
-28
-18
-5
2
0
-6
-8
-19
-27
-28
-12
0
2
4
9
14
16
14
8
3
4
10
7
-3
-17
-22
-18
-11
-3
3
10
6
-5
-5
0
1
-5
3
21
26
21
15
12
15
15
7
-10
-16
-12
-5
-2
0
-2
-4
5
18
18
5
-4
-1
3
1
4
16
25
21
5
-2
-6
-4
-1
3
9
9
14
7
-5
-13
-18
-19
-17
-11
-6
-11
-13
1
14
24
26
26
25
18
13
6
5
8
5
-7
-17
-11
-2
-2
-7
-2
8
8
9
9
6
-2
-5
-4
-11
-12
2
19
23
18
21
28
26
14
8
12
13
3
-8
-6
1
7
11
11
6
0
0
-3
-6
-11
-13
-5
3
2
-6
-12
-2
10
22
28
19
3
-11
-2
9
3
-12
-20
-16
-6
0
-4
-30
-67
-86
-78
-66
-64
-69
-64
-52
-43
-40
-42
-40
-35
-28
-21
-19
-22
-22
-10
-3
-4
-12
-9
-4
-7
-13
-14
-6
4
6
2
-3
1
10
23
41
52
44
27
18
25
34
29
20
8
6
12
20
25
30
42
48
38
19
4
8
23
42
58
63
60
49
46
49
55
57
59
62
57
49
48
57
61
55
51
61
68
70
64
55
48
43
35
22
11
14
14
17
17
17
14
7
-13
-40
-58
-55
-51
-65
-85
-100
-105
-105
-108
-124
-138
-147
-151
-162
-176
-190
-203
-201
-186
-179
-182
-183
-179
-179
-183
-181
-175
-158
-134
-112
-105
-89
-63
-41
-30
-20
3
12
12
19
42
71
88
107
124
144
162
178
188
197
201
203
211
235
262
271
270
274
288
305
320
328
321
308
306
316
322
314
307
307
302
287
270
265
258
239
223
226
227
205
173
157
150
142
131
115
77
6
-78
-145
-189
-228
-269
-322
-384
-462
-539
-594
-635
-675
-716
-751
-783
-819
-843
-855
-861
-866
-856
-821
-781
-743
-699
-648
-593
-536
-468
-405
-347
-270
-169
-64
19
88
152
218
286
355
413
463
514
567
606
608
601
602
612
620
620
621
617
596
560
530
514
494
461
429
399
370
335
300
270
241
219
200
172
139
115
104
102
91
82
76
76
80
81
76
79
101
133
160
174
186
202
223
247
267
287
302
315
323
328
325
328
339
344
332
307
281
252
217
164
93
5
-69
-121
-178
-264
-378
-496
-597
-684
-767
-846
-919
-982
-1046
-1108
-1153
-1180
-1192
-1201
-1199
-1176
-1139
-1099
-1065
-1023
-957
-873
-795
-717
-628
-515
-391
-266
-138
-27
63
142
234
334
426
511
593
670
725
756
778
808
838
860
867
863
847
812
774
749
730
703
670
627
568
506
457
423
374
308
250
210
174
131
81
38
10
-8
-24
-47
-70
-83
-84
-85
-84
-71
-51
-41
-48
-39
-9
36
85
126
164
198
231
264
290
320
358
393
420
434
448
454
449
434
409
370
303
211
122
63
11
-69
-195
-335
-467
-585
-690
-772
-840
-915
-999
-1075
-1132
-1179
-1218
-1232
-1219
-1186
-1149
-1113
-1071
-1019
-946
-858
-761
-660
-561
-451
-325
-194
-67
44
141
226
306
396
497
589
660
718
773
818
846
858
870
887
902
902
880
841
794
750
702
653
604
553
499
445
396
343
279
211
153
102
44
-15
-68
-104
-143
-186
-218
-223
-213
-207
-201
-189
-173
-157
-131
-103
-81
-69
-40
15
82
138
175
212
250
287
326
381
432
461
479
507
544
565
561
535
485
416
331
246
175
113
36
-82
-230
-385
-517
-619
-692
-765
-849
-952
-1042
-1117
-1182
-1245
-1287
-1296
-1285
-1256
-1221
-1177
-1138
-1079
-1001
-914
-829
-743
-634
-498
-346
-214
-114
-30
65
176
286
390
492
583
663
719
756
778
796
809
824
836
849
841
809
775
750
728
698
665
631
596
559
518
465
407
345
297
258
212
162
117
91
77
58
26
-14
-46
-54
-42
-24
-18
-23
-20
-4
13
27
44
72
110
158
204
237
262
287
309
329
352
385
417
446
476
498
494
465
422
366
283
189
114
60
9
-73
-193
-350
-514
-654
-757
-835
-922
-1021
-1109
-1179
-1238
-1293
-1332
-1354
-1356
-1337
-1292
-1235
-1177
-1114
-1041
-957
-863
-760
-651
-535
-403
-256
-112
3
95
190
298
407
507
601
691
765
823
855
868
873
881
894
914
931
934
910
872
825
772
723
684
646
596
532
475
432
383
324
254
192
135
91
57
24
-18
-74
-131
-184
-223
-243
-236
-220
-200
-178
-155
-131
-108
-84
-57
-23
22
77
132
176
209
235
265
300
338
384
443
498
534
545
555
570
570
528
440
345
266
208
158
81
-36
-201
-374
-521
-642
-748
-852
-948
-1043
-1138
-1222
-1299
-1363
-1408
-1424
-1409
-1369
-1311
-1254
-1202
-1131
-1039
-939
-846
-747
-619
-467
-305
-158
-36
62
158
270
393
517
635
741
831
894
936
962
977
987
994
1006
1017
1018
994
939
875
811
754
698
646
599
552
501
447
378
301
228
151
72
13
-17
-40
-82
-131
-191
-257
-306
-320
-311
-310
-311
-304
-281
-260
-251
-246
-227
-172
-89
-6
60
113
167
231
292
350
399
449
506
567
615
655
688
713
714
688
642
572
483
394
325
250
142
-4
-176
-356
-529
-668
-781
-893
-1012
-1127
-1231
-1328
-1416
-1487
-1539
-1555
-1531
-1487
-1440
-1388
-1312
-1212
-1114
-1018
-904
-752
-574
-395
-227
-82
39
134
233
347
472
594
707
820
920
984
1010
1016
1014
1011
1015
1041
1065
1064
1032
976
908
828
746
676
620
563
504
442
370
291
211
135
65
-4
-62
-107
-142
-184
-237
-293
-337
-357
-364
-356
-336
-309
-291
-270
-235
-197
-159
-119
-66
7
92
175
237
291
350
406
453
509
580
650
704
749
785
809
834
852
843
780
678
570
467
362
257
139
-22
-233
-465
-674
-839
-966
-1076
-1194
-1324
-1457
-1569
-1654
-1717
-1759
-1763
-1736
-1694
-1640
-1568
-1480
-1394
-1293
-1170
-1034
-893
-720
-513
-305
-118
49
203
330
441
568
717
871
999
1103
1173
1208
1219
1221
1233
1249
1263
1259
1243
1216
1184
1113
1004
888
807
765
722
657
575
490
403
304
206
112
19
-61
-116
-157
-208
-271
-336
-397
-450
-490
-516
-525
-509
-467
-422
-388
-360
-321
-264
-193
-107
-14
83
176
262
351
436
507
569
636
713
780
823
847
869
888
884
845
776
679
555
427
332
252
142
-30
-239
-457
-658
-829
-978
-1119
-1259
-1379
-1498
-1622
-1741
-1825
-1870
-1879
-1854
-1805
-1739
-1658
-1558
-1449
-1336
-1208
-1065
-913
-742
-531
-297
-82
91
240
378
500
618
737
869
997
1113
1205
1265
1296
1304
1303
1301
1302
1309
1313
1304
1275
1231
1166
1071
951
840
762
700
626
524
407
289
176
70
-35
-135
-225
-289
-340
-397
-466
-538
-590
-618
-619
-606
-579
-532
-468
-403
-361
-331
-282
-211
-122
-29
65
159
250
344
427
492
558
637
730
828
921
1003
1063
1112
1138
1120
1051
931
779
635
524
424
288
92
-146
-407
-661
-880
-1050
-1181
-1310
-1442
-1573
-1692
-1802
-1908
-2001
-2051
-2032
-1956
-1864
-1770
-1664
-1544
-1430
-1324
-1194
-1028
-827
-606
-372
-146
51
212
344
463
586
721
864
1012
1157
1282
1363
1401
1413
1419
1421
1411
1402
1403
1412
1394
1333
1235
1122
1009
897
797
709
621
519
411
298
176
47
-87
-209
-304
-361
-391
-423
-469
-530
-596
-654
-697
-720
-718
-679
-601
-506
-427
-367
-306
-239
-156
-47
77
198
310
431
543
615
668
740
835
918
988
1064
1141
1188
1191
1156
1082
961
802
640
507
402
274
89
-156
-431
-702
-952
-1174
-1352
-1491
-1619
-1758
-1900
-2017
-2117
-2198
-2231
-2200
-2120
-2019
-1910
-1777
-1622
-1463
-1323
-1200
-1050
-845
-601
-354
-121
96
286
445
579
704
827
957
1105
1265
1411
1521
1584
1596
1575
1539
1504
1480
1477
1487
1487
1446
1362
1243
1094
942
810
707
617
523
424
317
192
46
-112
-252
-359
-431
-482
-524
-556
-594
-640
-697
-742
-770
-769
-717
-616
-503
-412
-331
-249
-170
-99
-11
110
247
383
517
649
754
833
897
962
1038
1128
1227
1308
1350
1336
1258
1125
955
786
636
500
346
150
-92
-368
-656
-934
-1195
-1428
-1617
-1753
-1851
-1943
-2045
-2151
-2242
-2307
-2325
-2290
-2201
-2072
-1915
-1746
-1571
-1390
-1222
-1067
-897
-679
-435
-190
48
280
486
661
815
949
1063
1171
1292
1429
1557
1643
1686
1692
1687
1660
1603
1540
1493
1477
1461
1416
1330
1204
1051
884
728
582
450
336
236
125
-10
-172
-340
-499
-632
-720
-770
-790
-806
-830
-856
-879
-890
-890
-869
-816
-731
-616
-492
-370
-257
-148
-34
86
214
366
541
714
853
957
1051
1150
1239
1307
1371
1439
1493
1496
1429
1293
1117
929
760
601
433
218
-47
-345
-632
-884
-1122
-1362
-1595
-1783
-1922
-2041
-2150
-2245
-2328
-2396
-2418
-2380
-2292
-2181
-2035
-1855
-1663
-1473
-1285
-1099
-919
-719
-477
-212
42
288
524
738
908
1036
1145
1250
1361
1469
1572
1653
1699
1715
1708
1679
1625
1547
1467
1400
1356
1318
1241
1117
972
832
683
521
381
278
195
102
-17
-162
-323
-470
-590
-686
-762
-813
-839
-837
-817
-789
-770
-755
-727
-673
-580
-462
-331
-199
-57
90
212
314
422
562
717
856
975
1088
1191
1272
1344
1415
1489
1535
1531
1467
1342
1173
986
818
664
496
277
-12
-350
-689
-981
-1236
-1467
-1684
-1872
-2030
-2160
-2268
-2356
-2423
-2473
-2493
-2474
-2397
-2263
-2087
-1881
-1670
-1464
-1283
-1118
-940
-732
-490
-223
43
284
504
706
888
1027
1128
1210
1297
1403
1514
1607
1665
1699
1715
1714
1680
1602
1501
1408
1344
1293
1228
1136
1021
886
721
540
375
233
101
-24
-133
-234
-347
-466
-569
-656
-735
-802
-835
-833
-807
-765
-709
-655
-623
-599
-551
-461
-331
-179
-24
131
282
425
565
699
828
948
1065
1189
1306
1413
1509
1594
1639
1600
1470
1287
1097
939
815
699
529
279
-38
-400
-766
-1099
-1371
-1610
-1817
-1980
-2094
-2193
-2304
-2422
-2522
-2574
-2568
-2520
-2433
-2289
-2075
-1812
-1546
-1319
-1146
-992
-806
-574
-325
-79
165
411
650
877
1072
1211
1287
1326
1360
1406
1459
1516
1559
1588
1615
1635
1612
1534
1436
1346
1262
1180
1102
1030
957
879
788
669
500
295
98
-53
-158
-242
-307
-360
-411
-472
-532
-596
-665
-717
-729
-701
-648
-576
-485
-382
-278
-172
-79
3
85
208
370
541
707
859
993
1095
1180
1280
1390
1495
1573
1589
1492
1281
1015
784
631
526
394
171
-159
-568
-989
-1350
-1636
-1893
-2134
-2322
-2423
-2465
-2498
-2549
-2598
-2616
-2593
-2541
-2456
-2305
-2066
-1748
-1394
-1043
-750
-534
-377
-223
-52
145
371
630
898
1149
1369
1536
1610
1598
1541
1492
1451
1420
1407
1407
1401
1367
1327
1250
1117
927
709
482
275
124
37
-7
-20
-8
-9
-48
-132
-230
-298
-295
-197
-24
181
362
485
535
525
470
421
420
493
637
823
1004
1133
1221
1297
1373
1448
1531
1640
1779
1912
2016
2057
2058
2002
1786
1278
422
-677
-1834
-2826
-3465
-3703
-3713
-3723
-3851
-4078
-4344
-4550
-4504
-4061
-3223
-2150
-1051
-112
518
805
869
871
941
1118
1402
1778
2168
2423
2385
2003
1354
582
-162
-663
-745
-484
-161
-8
-82
-355
-767
-1146
-1280
-1069
-532
232
1053
1658
1813
1546
1060
606
336
335
574
864
1002
896
546
-36
-784
-1499
-1925
-1931
-1563
-993
-438
-104
-68
-242
-439
-506
-348
45
623
1240
1700
1832
1629
1274
1008
1010
1341
1935
2584
3074
3290
3233
2957
2563
2230
2080
2127
2232
2232
2045
1681
1236
728
-40
-1317
-3087
-4935
-6288
-6798
-6469
-5603
-4654
-4006
-3747
-3665
-3455
-2892
-1832
-234
1653
3232
3889
3489
2367
1043
-28
-589
-619
-366
-123
-19
-131
-567
-1284
-1920
-1957
-1237
-63
1155
2099
2560
2423
1796
1017
431
264
601
1311
2036
2398
2264
1761
1029
209
-480
-788
-631
-181
257
367
-41
-905
-1917
-2682
-2904
-2553
-1793
-882
-92
362
406
133
-241
-462
-312
240
975
1575
1833
1726
1340
850
498
500
927
1663
2482
3143
3480
3489
3300
3074
2912
2842
2855
2883
2894
2842
2727
2428
1469
-568
-3526
-6511
-8442
-8779
-7669
-5733
-3759
-2387
-1889
-2077
-2472
-2550
-1941
-465
1659
3591
4304
3376
1344
-862
-2639
-3723
-3863
-2968
-1427
49
820
727
10
-791
-1008
-322
1009
2348
3290
3739
3565
2594
1009
-493
-1217
-947
101
1481
2643
3174
2970
2245
1241
176
-570
-646
-53
738
1186
1060
369
-748
-1994
-2952
-3298
-3012
-2202
-1070
44
717
689
107
-606
-1061
-1102
-776
-150
617
1234
1431
1146
636
252
318
914
1866
2907
3762
4259
4323
4049
3607
3127
2765
2609
2651
2752
2693
2021
176
-2845
-6165
-8470
-9013
-7939
-5839
-3372
-1218
5
172
-274
-828
-1182
-955
245
2073
3322
2976
1213
-1006
-2960
-4408
-5085
-4684
-3301
-1432
346
1542
1787
1153
312
-24
260
814
1406
1958
2230
1903
991
-112
-1008
-1437
-1116
73
1710
3073
3757
3879
3545
2633
1254
-35
-656
-586
-270
-105
-224
-627
-1200
-1766
-2104
-2085
-1657
-834
183
1069
1539
1498
1035
383
-219
-595
-747
-738
-571
-177
376
860
1115
1245
1501
1942
2440
2878
3266
3632
3905
3983
3863
3612
3323
2955
1910
-586
-4394
-8099
-10036
-9731
-7904
-5304
-2409
135
1570
1751
1329
848
459
588
1725
3322
3842
2431
-121
-2564
-4453
-5818
-6297
-5463
-3566
-1329
639
1884
2047
1334
648
629
919
916
760
892
1020
450
-712
-1612
-1782
-1428
-664
658
2272
3514
4062
4126
3852
3093
1903
816
276
188
190
91
-75
-272
-535
-963
-1568
-2138
-2155
-1354
-161
740
1049
960
656
168
-394
-789
-820
-427
225
827
1152
1167
1055
1017
1177
1543
2042
2545
2926
3156
3267
3215
2958
2613
2410
2402
2413
1965
253
-2945
-6614
-9119
-9644
-8634
-6646
-3824
-672
1678
2486
2144
1506
878
398
553
1461
2242
1871
387
-1423
-3091
-4536
-5290
-4746
-3059
-963
976
2473
3066
2511
1429
716
471
133
-374
-561
-373
-438
-1057
-1657
-1630
-1055
-268
722
1930
3031
3690
3882
3655
2924
1771
610
-239
-836
-1301
-1559
-1509
-1279
-1045
-804
-525
-297
-118
213
786
1296
1381
1068
633
267
-49
-325
-457
-340
36
552
1059
1521
1999
2512
2962
3260
3438
3566
3662
3704
3665
3588
3507
3388
2821
786
-3062
-7521
-10630
-11405
-10449
-8333
-5059
-1151
1926
3098
2790
2067
1327
655
624
1482
2404
2263
980
-830
-2878
-4935
-6158
-5748
-4090
-1978
320
2618
4044
3859
2696
1751
1259
604
-228
-620
-539
-688
-1301
-1780
-1692
-1224
-555
463
1771
2983
3840
4347
4339
3553
2181
829
-178
-989
-1564
-1571
-1036
-446
-241
-350
-592
-896
-1121
-1057
-586
105
669
880
698
209
-419
-1024
-1337
-1110
-293
829
1762
2253
2384
2375
2347
2374
2549
2925
3459
3995
4366
4437
4205
3805
3354
2773
1235
-2007
-6193
-9444
-10479
-9814
-8291
-5782
-2271
1070
2791
2831
2247
1693
1127
816
1108
1564
1271
71
-1528
-3335
-5253
-6462
-5966
-4145
-2142
-326
1626
3310
3706
2784
1646
1021
515
-229
-894
-1223
-1549
-2061
-2371
-2142
-1508
-566
861
2557
3870
4469
4622
4447
3722
2507
1308
407
-393
-1102
-1346
-1089
-830
-838
-878
-671
-388
-229
-29
392
939
1288
1216
804
251
-313
-754
-1017
-1028
-746
-185
541
1216
1778
2258
2699
3075
3419
3759
4056
4266
4344
4329
4175
3810
2465
-735
-5217
-9080
-10754
-10580
-9464
-7183
-3325
966
3687
4168
3579
2963
2240
1418
1019
1126
1043
398
-677
-2232
-4376
-6163
-6199
-4531
-2380
-361
1857
3926
4625
3596
1908
532
-564
-1520
-2004
-2008
-2132
-2590
-2913
-2811
-2519
-2063
-1004
710
2504
3876
4689
4754
3877
2353
864
-267
-1187
-1864
-1981
-1454
-622
186
926
1548
1881
1875
1693
1552
1566
1750
1928
1828
1359
696
-6
-773
-1401
-1478
-843
192
1220
2093
2778
3208
3385
3387
3326
3319
3436
3674
3924
3644
1632
-2563
-7519
-10932
-11820
-11035
-9134
-5601
-685
3588
5303
4750
3586
2591
1663
1079
1175
1464
1276
634
-387
-2325
-5016
-6645
-5812
-3433
-1180
740
2877
4643
4859
3597
1959
526
-763
-1706
-2049
-2214
-2708
-3131
-2815
-2006
-1426
-960
-48
1253
2392
3172
3609
3434
2516
1257
25
-1297
-2664
-3428
-3128
-2176
-1191
-307
606
1375
1691
1632
1549
1631
1840
2089
2312
2375
2160
1752
1299
868
649
777
1135
1513
1865
2235
2523
2641
2756
2995
3309
3559
3698
3729
3569
2603
-275
-4906
-9411
-11704
-11605
-10306
-8017
-4149
606
4074
4914
4018
2921
2029
1265
904
978
915
465
-134
-1174
-3260
-5593
-6168
-4398
-1874
132
1985
4062
5437
5167
3678
1957
365
-1007
-1851
-2201
-2659
-3350
-3570
-2927
-1988
-1200
-227
1135
2453
3325
3839
3930
3284
2045
769
-406
-1807
-3300
-4244
-4349
-3810
-2863
-1594
-238
913
1805
2420
2626
2418
2117
2050
2135
2126
2004
1917
1836
1711
1696
1888
2167
2393
2661
3071
3507
3861
4079
4163
4162
4113
4020
3160
298
-4431
-9108
-11709
-12200
-11698
-10028
-6290
-1226
2804
4313
4080
3486
2875
2171
1651
1339
876
283
-263
-1278
-3446
-5825
-6392
-4704
-2270
-183
1865
4016
5362
5274
4232
2886
1410
112
-561
-916
-1754
-3034
-3855
-3751
-3094
-2143
-765
905
2426
3638
4487
4557
3607
2203
1135
270
-1088
-2862
-4289
-4816
-4520
-3650
-2382
-943
446
1634
2420
2596
2275
1893
1769
1796
1758
1704
1705
1705
1713
1890
2289
2752
3206
3788
4481
5056
5259
5154
5111
5360
5116
2468
-2798
-8327
-11509
-12334
-12445
-11552
-8052
-2521
2048
3695
3436
2953
2470
1825
1525
1552
1211
591
277
-431
-2868
-6114
-7325
-5737
-3394
-1633
270
2649
4216
4238
3502
2658
1508
445
363
866
563
-722
-1773
-1977
-1865
-1651
-949
130
1171
2276
3506
4034
3245
1958
1215
722
-270
-1296
-1453
-1046
-952
-1395
-1972
-2475
-2941
-3033
-2432
-1307
-12
1181
2052
2249
1717
985
470
227
393
1190
2388
3435
4038
4288
4350
4404
4576
4762
4766
4691
4807
5182
4504
997
-4693
-9656
-11695
-11725
-11342
-9668
-5431
-78
3352
3873
3160
2649
2225
1812
1762
1658
972
146
-382
-1600
-4366
-7038
-7225
-5172
-2862
-903
1285
3300
4009
3449
2472
1241
-235
-1021
-558
75
-302
-1255
-1718
-1657
-1432
-806
363
1544
2602
3948
5177
5083
3535
1820
714
-281
-1489
-2266
-2292
-2043
-2008
-2184
-2238
-2202
-1976
-1252
-25
1364
2462
3090
3072
2332
1321
512
-98
-468
-209
754
1947
2880
3467
3923
4357
4787
5130
5340
5470
5569
4773
1531
-3870
-8998
-11520
-11801
-11409
-9869
-5994
-864
2716
3547
3072
2729
2528
2376
2538
2566
1938
1129
572
-720
-3568
-6371
-6732
-4876
-2801
-1145
753
2615
3343
2901
2077
989
-444
-1328
-1025
-487
-824
-1723
-2226
-2248
-2075
-1521
-523
554
1715
3307
4813
5103
4079
2800
1801
618
-845
-1858
-2103
-2148
-2350
-2542
-2544
-2523
-2428
-1679
-179
1587
3052
3903
4086
3656
2916
2092
1161
364
198
740
1554
2195
2630
3066
3577
4182
4846
5527
6094
6324
5031
926
-5092
-10284
-12607
-12770
-12001
-9577
-4900
182
2973
3108
2435
2077
1830
1841
2454
2940
2613
1889
1047
-915
-4306
-6898
-6528
-4122
-1776
170
2214
3749
3873
2964
1781
335
-1034
-1311
-536
-134
-806
-1669
-1973
-2003
-1857
-1172
-167
597
1410
2768
3889
3739
2784
2174
1849
904
-516
-1472
-1771
-1972
-2347
-2614
-2645
-2661
-2575
-2061
-1097
93
1376
2512
3036
2887
2592
2436
2217
1971
2049
2522
3058
3319
3303
3306
3558
4043
4562
5056
5467
5659
4526
610
-5288
-10426
-12611
-12480
-11452
-8951
-4367
593
3273
3183
2099
1353
969
1061
1855
2505
2254
1530
678
-1190
-4421
-6953
-6603
-4132
-1543
678
2868
4429
4562
3585
2163
387
-1294
-1812
-1198
-812
-1235
-1679
-1602
-1408
-1147
-247
1061
2044
2834
3956
4805
4403
3171
2162
1345
6
-1584
-2555
-3148
-3903
-4358
-3826
-2566
-1453
-500
683
1760
2237
2147
1840
1435
949
753
998
1301
1432
1690
2284
2956
3385
3717
4177
4829
5551
6224
6654
6557
4719
16
-6281
-11335
-13293
-13164
-12109
-9216
-4060
1149
3608
3263
2257
1716
1415
1527
2303
2869
2594
1899
819
-1738
-5651
-8205
-7338
-4393
-1460
1122
3526
4912
4676
3446
1739
-459
-2244
-2295
-1113
-558
-1196
-1993
-2288
-2317
-1979
-931
421
1648
3226
5180
6186
5342
3643
2402
1451
165
-1092
-1724
-2073
-2414
-2663
-2665
-2603
-2531
-1721
-160
1388
2326
2735
2898
2510
1643
922
589
529
767
1429
2303
2942
3238
3477
3816
4253
4795
5535
6449
7058
5411
253
-6611
-11790
-13576
-13534
-12576
-9341
-3673
1650
3814
3212
2080
1336
899
1234
2277
2861
2705
2493
1734
-1214
-5732
-8280
-7056
-4085
-1369
1223
3847
5351
5136
3891
2064
-254
-1915
-1854
-1148
-1412
-2420
-3013
-3062
-2993
-2375
-911
592
1767
3294
5093
5772
4823
3437
2483
1440
10
-1170
-1850
-2624
-3491
-3583
-2760
-1824
-1127
-106
1412
2612
3049
2943
2510
1953
1543
1390
1213
966
1109
1771
2465
2785
2853
3074
3606
4341
5118
5843
6442
6709
4962
-120
-6919
-12088
-13741
-13377
-12111
-8871
-3610
1086
2797
2197
1461
1184
1092
1721
3034
3675
3154
2174
609
-2664
-6794
-8599
-6885
-3842
-1144
1460
3926
5050
4487
3253
1824
139
-883
-461
199
-378
-1802
-2872
-3423
-3748
-3280
-1766
-45
1560
3498
5306
5651
4516
3341
2718
1805
346
-881
-1776
-2652
-3406
-3662
-3276
-2742
-1774
-105
1631
2738
3104
3318
3317
2697
1974
1652
1615
1676
1891
2354
2858
3312
3812
4290
4750
5309
6100
6898
7107
4943
-496
-7244
-12174
-13764
-13436
-11954
-8342
-2997
1300
2422
1363
354
-30
15
962
2616
3629
3538
2817
1089
-2586
-6891
-8561
-6709
-3627
-798
2013
4468
5225
4053
2208
414
-1060
-1372
-288
686
239
-1112
-2349
-3369
-4014
-3399
-1501
492
2187
4061
5540
5270
3453
1786
993
393
-289
-706
-1246
-2400
-3504
-3695
-3074
-2255
-927
1286
3364
4157
3732
2915
2113
1256
735
831
1222
1702
2301
2917
3211
3169
3280
3874
4776
5731
6659
7560
7737
4971
-1246
-8276
-12666
-13496
-12685
-10686
-6672
-1688
1495
1702
590
-75
-316
-41
1415
3295
4058
3562
2309
-191
-4279
-7807
-8122
-5871
-3243
-583
2369
4426
4350
2854
1326
-63
-1118
-872
306
715
-128
-1263
-2282
-3520
-4291
-3385
-1263
713
2550
4582
5819
5222
3503
2098
1069
-76
-1146
-2073
-2945
-3595
-3442
-2315
-1006
259
1714
3027
3453
2903
2387
2293
2078
1707
1606
1780
1860
1696
1539
1723
2361
3334
4458
5460
6359
7184
7855
6692
1723
-5567
-11437
-13401
-12860
-11402
-8185
-3241
827
1836
858
134
-41
-60
949
3073
4552
4295
2877
533
-3142
-6955
-8178
-6356
-3679
-1071
1979
4582
4907
3104
1218
99
-710
-808
126
846
220
-1347
-3152
-5058
-6301
-5447
-2688
132
2384
4585
6167
5801
3740
1719
497
-421
-1144
-1360
-1362
-1614
-1973
-1990
-1776
-1374
-225
1604
3092
3625
3838
4168
3960
2891
1759
1312
1397
1596
1867
2339
3002
3683
4275
4681
4920
5375
6215
6870
5045
-355
-7017
-11567
-12743
-12284
-10784
-7356
-2911
-145
-28
-652
-401
150
654
2154
4368
5463
4576
2341
-808
-4554
-7257
-7066
-4834
-2520
-154
2584
4333
3693
1793
636
419
559
1279
2293
2338
980
-1094
-3417
-5720
-6768
-5413
-2592
-71
1989
3900
4759
3801
2027
910
365
-377
-1352
-2031
-2426
-2752
-2786
-2356
-1459
-207
1424
2933
3600
3701
3901
4045
3589
2758
2198
1968
1737
1587
1850
2701
3877
4985
5883
6632
7282
7711
6684
2262
-4712
-10785
-13017
-12138
-10410
-7684
-3794
-774
-638
-2292
-2934
-2000
-741
1081
4001
6479
6609
4247
485
-3790
-7334
-8232
-6269
-3509
-1016
1580
3655
3647
1588
-191
-258
673
1890
3203
3842
3007
849
-1935
-4668
-6342
-5749
-3160
-335
1844
3649
4659
4013
2156
688
233
50
-268
-657
-1253
-2338
-3501
-3935
-3411
-2154
-507
1166
2291
2769
3236
3840
4011
3591
3217
3232
3194
2803
2441
2508
3001
3694
4468
5312
6083
6721
7067
5285
-22
-6964
-11753
-12340
-10519
-7909
-4453
-1268
-400
-1908
-3410
-3338
-2617
-1496
1352
5137
7022
5754
2571
-1135
-4704
-6815
-6200
-3972
-1970
-131
1641
2094
518
-1418
-1644
-464
1053
2828
4330
4200
2170
-573
-2929
-4488
-4616
-2859
-331
1495
2489
2875
2285
840
-214
-116
227
-82
-571
-759
-1108
-1932
-2457
-1935
-674
622
1720
2449
2576
2428
2507
2819
2996
3039
3227
3477
3508
3333
3274
3566
4157
4874
5826
7021
7707
5513
-625
-7923
-12271
-12148
-9769
-6807
-3301
-541
-486
-2615
-4094
-3545
-2249
-676
2261
5599
6580
4219
103
-3902
-6687
-7146
-4935
-1788
560
2222
3004
1727
-1334
-3694
-3502
-1651
627
3123
4859
4304
1614
-1483
-3703
-4697
-3971
-1417
1574
3511
4132
3537
1744
-278
-1027
-407
197
186
219
212
-739
-2440
-3453
-3034
-1857
-548
852
1985
2310
2056
1965
2266
2735
3316
4033
4559
4648
4480
4275
4038
3882
4160
5024
6023
6765
6137
2250
-4266
-10157
-12196
-10667
-7810
-4277
-899
125
-1874
-4303
-4494
-3022
-1606
654
4309
6801
5707
1825
-2273
-5186
-6374
-5216
-2404
27
1363
1949
1312
-820
-3075
-3461
-2095
-334
1510
3093
3032
864
-1887
-3646
-4165
-3554
-1480
1393
3400
3900
3317
2055
534
-385
-193
289
89
-532
-980
-1498
-2211
-2383
-1359
324
1625
2424
2859
2647
1820
1139
1290
2012
2712
3347
4070
4662
4849
4734
4716
4972
5555
6402
7146
5798
683
-6334
-11363
-11936
-9467
-6190
-2972
-968
-1420
-3442
-4428
-3187
-1100
781
3449
6303
6739
3660
-1037
-4636
-6117
-5458
-3019
-315
1013
990
230
-1144
-2636
-2989
-1465
794
2418
3137
2526
201
-2854
-4862
-5145
-4324
-2702
-284
1902
2537
1775
644
-153
-263
543
2015
2904
2377
803
-1097
-2819
-3733
-3186
-1391
606
2003
2717
2608
1830
1280
1651
2653
3406
3764
4007
3988
3574
3208
3450
4353
5343
6141
6824
7295
6579
2642
-3968
-9895
-11807
-9703
-6259
-3110
-1287
-1972
-4743
-6649
-5455
-2293
465
3005
6018
7317
4873
28
-3812
-5060
-4380
-2308
295
1834
1605
354
-1120
-2418
-2807
-1653
473
2168
2949
2580
547
-2322
-4203
-4214
-3297
-2276
-788
806
1300
434
-673
-1105
-784
88
1136
1564
742
-715
-1867
-2371
-2260
-1533
-319
759
1452
1984
2256
1972
1581
1924
2803
3406
3515
3666
3996
4248
4458
4833
5327
5778
6305
7191
7021
3131
-3774
-9694
-10978
-8334
-4808
-1815
-686
-2471
-5823
-7200
-5044
-1659
759
3189
5951
6369
3168
-1370
-3873
-3842
-2576
-570
1099
1086
-535
-2212
-2828
-2621
-1787
-194
1565
2510
2410
1205
-803
-2402
-2625
-1983
-1914
-2186
-1568
-463
5
-175
-7
570
729
612
802
895
202
-752
-959
-524
-419
-772
-1003
-1077
-1002
-608
207
1177
2028
2907
3510
3476
3010
2763
3180
4060
5052
5732
5834
5417
5012
5097
5469
4151
-398
-6279
-9938
-9345
-6279
-3191
-1375
-1989
-4605
-6664
-5542
-1983
978
2572
4235
5305
3604
-209
-2888
-2705
-1398
-379
496
637
-568
-2196
-2354
-902
557
1363
1790
1721
730
-906
-2231
-2369
-1235
100
269
-926
-2111
-2460
-2451
-2178
-1091
693
1788
1515
610
-424
-1727
-2850
-2504
-707
835
1043
580
327
83
-146
146
952
1719
2249
2775
3129
3102
3039
3410
4169
4852
5266
5637
6159
6751
7150
6252
2162
-4318
-9465
-10072
-6959
-3615
-1892
-2650
-5721
-8750
-8343
-3942
956
3618
4921
5799
4680
1205
-1786
-1731
308
1645
1746
831
-1294
-3810
-4846
-3379
-892
917
1894
2196
1684
452
-711
-1057
-514
209
90
-1140
-2505
-2845
-2321
-1540
-492
763
1489
1052
178
-246
-580
-1153
-1374
-746
-227
-773
-1565
-1482
-830
-419
53
1047
1933
1976
1688
1887
2321
2449
2543
3248
4430
5272
5533
5633
5818
5946
6049
5783
3101
-2375
-7669
-9168
-6736
-3733
-2257
-3083
-5987
-8902
-8643
-4336
639
3129
3639
3836
2928
396
-1508
-704
1786
3170
2793
1246
-1301
-3715
-4152
-2058
558
1677
1554
956
14
-1091
-1569
-861
479
1365
982
-523
-2112
-2726
-2271
-1256
73
1246
1631
996
-90
-1025
-1942
-2602
-2195
-748
256
-249
-1201
-1221
-670
-417
-96
864
1837
2185
2413
3104
3765
3820
3645
3739
3899
3870
4118
5143
6447
7301
6224
1674
-4882
-9555
-9252
-5554
-2309
-1527
-3628
-7182
-9284
-7290
-2266
1823
3153
3336
3378
2085
101
-54
2125
3973
3465
1695
-426
-2893
-4480
-3520
-581
1407
1088
-26
-674
-949
-975
-342
942
1861
1430
-212
-1947
-2586
-1916
-830
-32
314
72
-634
-1126
-590
533
967
627
276
0
-822
-1801
-1608
-319
648
687
478
286
-225
-527
315
1913
2923
3188
3513
4024
4168
3924
4068
4810
5573
6146
6155
3818
-1360
-6583
-8161
-5831
-3010
-2191
-3940
-7333
-9947
-9030
-4274
765
2932
2762
2337
1789
675
420
2101
4340
4827
3282
898
-1684
-3516
-3204
-874
1222
1101
-552
-1839
-2148
-1722
-723
544
1401
1105
-272
-1845
-2540
-1820
-303
915
1318
919
72
-507
-275
456
682
129
-329
-294
-450
-1121
-1376
-566
420
732
769
911
722
283
585
1761
2708
2911
3136
3785
4321
4547
4899
5537
5997
5950
4364
223
-4877
-7549
-6159
-3202
-2060
-3795
-7517
-10789
-10806
-6453
-625
2487
2165
865
337
179
685
2726
5259
6091
4613
2269
91
-1593
-1754
13
1900
1642
-508
-2298
-2525
-1778
-702
421
1033
587
-816
-2234
-2719
-2057
-871
-149
-275
-859
-1327
-1202
-197
1321
2237
1793
619
-31
104
406
685
1094
1147
340
-721
-995
-616
-295
164
1160
2156
2488
2596
3195
4004
4374
4475
4750
5120
5240
5195
4234
1124
-3302
-6152
-5624
-3375
-2272
-3573
-6865
-10123
-10648
-7246
-2190
765
702
-454
-1011
-944
-147
1917
4309
5315
4489
2809
1152
-157
-387
695
1810
1515
41
-1094
-1063
-324
370
611
242
-586
-1490
-2017
-1830
-984
-84
140
-415
-1222
-1722
-1539
-617
529
987
463
-210
-207
287
630
848
1216
1342
856
333
404
749
853
1032
1538
1884
1889
2096
2844
3635
4161
4705
5512
6275
6551
5372
1827
-2865
-5719
-4964
-2401
-1262
-3089
-7141
-10868
-11376
-7872
-2932
-314
-716
-1968
-2271
-1512
-34
2209
4190
4522
3428
2234
1618
1358
1612
2425
2516
852
-1466
-2336
-1321
173
984
883
20
-1235
-2119
-2017
-1109
-80
491
365
-342
-1171
-1552
-1078
87
1189
1360
484
-531
-810
-431
13
367
793
1031
865
750
1016
1130
633
180
426
936
1302
1967
3151
4054
4091
3887
4168
4814
5468
6051
5461
2423
-2028
-4796
-4287
-2396
-1741
-3395
-6773
-9894
-10228
-7016
-2851
-1180
-2185
-3378
-3124
-1783
6
2117
3629
3571
2538
1858
1897
2150
2524
2933
2401
468
-1624
-2136
-940
530
1121
580
-647
-1839
-2354
-2000
-1140
-309
113
2
-405
-789
-935
-567
248
963
923
239
-183
94
553
546
306
440
836
1095
1294
1562
1544
1093
837
1138
1559
1865
2378
3077
3400
3300
3430
4165
5209
5841
4638
1290
-2243
-3262
-1585
4
-844
-4402
-8763
-10923
-8992
-4464
-1426
-2130
-4536
-5445
-4009
-1427
1197
3124
3393
2169
1096
1318
2269
3137
3886
4144
2793
81
-1858
-1578
-93
689
231
-924
-2103
-2722
-2451
-1648
-1152
-1221
-1320
-1026
-452
58
473
895
1075
778
223
-15
391
1084
1450
1229
698
341
397
867
1578
1958
1561
800
490
814
1212
1497
1772
1872
1754
1923
2672
3584
4213
4728
4978
3565
383
-2523
-2845
-1149
-81
-1215
-4392
-7970
-9526
-7539
-3601
-1418
-2650
-4927
-5312
-3380
-708
1579
2894
2663
1430
790
1577
2874
3726
4099
3915
2614
615
-600
-236
666
711
-238
-1465
-2318
-2577
-2256
-1823
-1900
-2509
-2952
-2649
-1730
-846
-280
57
164
33
-60
349
1198
1918
2053
1694
1341
1317
1528
1793
1990
1947
1685
1652
2169
2749
2850
2627
2486
2500
2636
3079
3777
4421
4807
3910
1018
-2542
-4100
-2601
-468
-459
-3410
-7751
-10384
-9022
-4642
-1287
-1907
-4886
-6499
-5165
-2177
588
2277
2370
1306
691
1564
3108
3993
4171
4085
3336
1873
896
1299
2193
1996
586
-1035
-2067
-2294
-1945
-1621
-2019
-3037
-3607
-3091
-1976
-1227
-1090
-1036
-791
-517
-288
101
715
1271
1457
1269
956
879
1183
1774
2400
2644
2323
1839
1846
2337
2683
2734
2858
3081
3193
3266
3494
3625
3460
3406
3518
2512
-12
-2482
-2859
-1509
-786
-2054
-5052
-8115
-9189
-7262
-3965
-2478
-3925
-5947
-5948
-3815
-1359
233
842
646
442
1172
2780
4065
4320
4060
3712
2964
2031
1754
2369
2789
2019
457
-881
-1475
-1557
-1603
-1958
-2717
-3459
-3500
-2810
-2086
-1984
-2256
-2206
-1699
-1008
-336
270
663
698
626
828
1420
2134
2583
2656
2487
2223
2056
2246
2738
3001
2867
2846
3308
3908
4255
4358
4369
4425
4675
4290
2135
-927
-2662
-2002
-928
-1594
-4349
-7849
-9849
-8595
-4916
-2376
-3547
-6596
-7649
-5586
-2349
-198
415
-241
-1160
-773
1348
3508
4058
3553
3403
3527
3220
2951
3302
3572
2741
1287
402
237
125
-302
-1092
-2254
-3483
-3887
-3109
-2120
-2018
-2641
-2864
-2273
-1455
-887
-529
-235
67
506
1097
1548
1639
1544
1559
1840
2252
2550
2682
2778
2838
2660
2319
2170
2259
2438
2785
3349
3761
3805
3797
4070
3700
1849
-478
-1475
-683
-60
-1266
-4235
-7445
-8892
-7432
-4283
-2547
-3994
-6545
-6989
-4813
-1977
-360
-87
-619
-1023
-273
1560
2994
2970
2227
2171
2705
3019
3176
3524
3589
2601
1103
330
426
534
120
-725
-1814
-2902
-3296
-2728
-2045
-2239
-2997
-3156
-2466
-1662
-1176
-841
-573
-432
-127
629
1469
1935
2066
2151
2262
2354
2574
2991
3379
3455
3204
3005
3092
3293
3433
3568
3787
4010
4217
4356
3368
1098
-961
-1148
27
225
-1631
-4929
-7902
-8670
-6667
-4037
-3866
-6569
-8840
-8001
-4821
-1918
-832
-1185
-1907
-1630
372
2971
4115
3427
2457
2515
3031
3357
3655
3845
3346
2152
1296
1295
1443
1018
101
-967
-1921
-2445
-2250
-1915
-2409
-3599
-4272
-3686
-2506
-1714
-1491
-1523
-1471
-1074
-279
569
1082
1388
1877
2560
3123
3274
3029
2710
2667
2982
3347
3487
3398
3176
3051
3164
3404
3521
3502
3636
3795
2794
644
-1031
-844
320
176
-1968
-5118
-7421
-7316
-4915
-2743
-3494
-6687
-8561
-7037
-3803
-1704
-1618
-2455
-2966
-2111
294
2773
3440
2455
1762
2468
3495
3870
3865
3766
3163
2109
1568
1872
2061
1345
82
-1097
-1916
-2225
-1871
-1529
-2131
-3418
-4031
-3352
-2414
-2186
-2402
-2343
-1881
-1221
-413
333
716
947
1483
2226
2680
2759
2870
3188
3507
3706
3761
3747
3640
3553
3618
3727
3677
3521
3518
3771
3430
1871
80
-638
-117
-17
-1389
-3866
-6148
-6870
-5632
-3827
-3716
-5870
-8028
-7680
-5242
-2880
-2131
-2638
-3215
-2730
-731
1746
2901
2373
1639
2084
3272
4002
4143
3990
3555
2846
2393
2454
2342
1476
206
-773
-1270
-1440
-1335
-1284
-1856
-2971
-3626
-3235
-2536
-2443
-2796
-2932
-2693
-2161
-1338
-430
124
343
748
1508
2252
2731
3050
3355
3585
3733
3821
3797
3655
3590
3758
4101
4389
4522
4476
4345
3937
2463
510
-563
-76
517
-528
-3101
-5803
-7071
-6130
-3892
-2913
-4807
-7949
-8736
-6438
-3582
-2533
-3146
-3903
-3676
-1983
558
2143
1839
1045
1645
3413
4471
4267
3761
3477
3160
2914
3131
3298
2464
940
-124
-407
-507
-789
-1137
-1819
-2974
-3740
-3236
-2072
-1658
-2235
-2798
-2770
-2324
-1576
-690
-205
-313
-247
603
1677
2174
2178
2272
2697
3295
3830
4021
3697
3194
3039
3303
3600
3581
3346
3236
3442
3909
3808
2395
520
-350
210
650
-414
-2754
-5067
-6018
-5225
-3817
-3730
-5631
-7593
-7191
-4894
-3039
-2892
-3665
-4105
-3512
-1667
635
1764
1328
784
1463
2826
3470
3373
3295
3367
3313
3233
3302
2946
1816
645
181
140
-188
-768
-1295
-1964
-2834
-3263
-2860
-2347
-2508
-3001
-3034
-2548
-1941
-1360
-869
-641
-496
34
965
1803
2252
2481
2650
2773
2941
3213
3472
3613
3667
3677
3655
3655
3723
3803
3854
4043
4075
2983
1225
262
746
1245
172
-2153
-4496
-5618
-4952
-3340
-2940
-5021
-7905
-8340
-5973
-3489
-3052
-4181
-5202
-4967
-3028
-170
1478
926
-137
430
2362
3577
3421
2922
2783
2964
3448
4088
4049
2763
1236
686
897
872
389
-92
-669
-1645
-2431
-2379
-2041
-2375
-3151
-3342
-2830
-2186
-1601
-1099
-1056
-1400
-1204
31
1466
2113
2025
1811
1822
2159
2773
3313
3392
3073
2825
2878
3066
3105
2994
2910
3046
3475
3999
4027
2849
1107
121
478
1089
531
-1327
-3516
-4712
-4311
-3096
-2853
-4466
-6610
-6915
-5153
-3326
-3056
-3937
-4579
-4093
-2435
-532
160
-603
-1180
-98
1973
3140
2833
2060
1767
2150
2947
3623
3457
2353
1234
899
1088
1000
484
-88
-581
-1084
-1416
-1449
-1591
-2169
-2713
-2559
-1961
-1592
-1631
-1793
-1849
-1553
-635
555
1189
1054
797
1065
1773
2457
2809
2753
2524
2536
2967
3436
3503
3212
3063
3249
3662
4055
4221
3668
2200
935
878
1662
1662
92
-2311
-4217
-4571
-3394
-2238
-2923
-5439
-7418
-6807
-4613
-3284
-3698
-4696
-4976
-4080
-2251
-713
-745
-1680
-1477
442
2244
2371
1523
1180
1689
2597
3456
3769
3086
1917
1434
1815
2079
1555
754
272
-63
-512
-807
-808
-901
-1324
-1622
-1540
-1506
-1793
-2018
-1844
-1459
-1045
-522
-60
-2
-131
77
679
1220
1509
1727
1922
2055
2230
2479
2642
2603
2593
2815
3170
3420
3521
3579
3676
3802
3372
2294
1334
1215
1514
1053
-393
-2153
-3342
-3356
-2484
-2117
-3322
-5388
-6151
-4917
-3391
-3281
-4365
-5204
-4921
-3621
-2028
-1390
-2115
-2886
-2195
-249
1203
1278
774
746
1412
2362
3035
3003
2247
1627
1879
2534
2558
1717
788
365
242
175
195
104
-375
-1092
-1413
-1283
-1203
-1294
-1374
-1482
-1713
-1706
-1162
-555
-417
-510
-332
144
671
1152
1462
1484
1526
2060
2836
3206
2992
2783
3002
3501
3979
4222
4146
3894
3704
3259
2562
1990
1919
1813
965
-492
-1949
-2702
-2498
-1955
-2242
-3834
-5705
-6169
-5172
-4180
-4336
-5196
-5674
-5250
-4093
-2885
-2582
-3074
-3096
-1774
96
967
686
341
718
1695
2750
3387
3220
2449
2032
2401
2922
2743
2025
1510
1361
1169
797
431
-3
-602
-1035
-942
-759
-982
-1488
-1869
-2053
-2071
-1780
-1297
-1072
-1104
-919
-355
191
429
588
785
988
1314
1909
2497
2686
2575
2584
2836
3189
3588
3927
4032
3919
3962
4125
3692
2726
2098
2229
2346
1592
135
-1395
-2367
-2396
-1975
-2317
-3964
-5815
-6128
-5045
-4286
-4846
-6015
-6578
-6030
-4539
-2942
-2466
-3095
-3242
-1890
31
929
759
605
1053
1940
2885
3436
3227
2558
2350
2816
3134
2729
1990
1578
1455
1250
933
606
109
-577
-1103
-1212
-1264
-1596
-1971
-2157
-2273
-2387
-2190
-1609
-1090
-907
-831
-572
-122
409
955
1337
1492
1627
2010
2508
2798
2809
2777
2945
3365
3891
4249
4298
4247
4410
4590
4108
3112
2451
2461
2399
1411
-392
-2267
-3268
-2987
-2255
-2638
-4592
-6696
-7038
-5729
-4659
-5041
-6213
-6784
-6065
-4371
-2824
-2615
-3388
-3368
-1693
434
1338
1014
702
1194
2296
3384
3833
3428
2691
2550
3080
3336
2791
2005
1661
1599
1350
941
622
252
-297
-794
-982
-1140
-1530
-1872
-1931
-1956
-2096
-1993
-1522
-1181
-1218
-1242
-917
-421
-13
327
581
743
1019
1593
2202
2464
2437
2515
2843
3234
3619
3984
4184
4172
4138
4191
4176
3782
2977
2268
2077
2183
1755
382
-1442
-2808
-3155
-2732
-2551
-3442
-5127
-6331
-6056
-4995
-4568
-5226
-6017
-5913
-4807
-3307
-2316
-2388
-2872
-2470
-874
738
1232
924
885
1532
2513
3235
3308
2739
2098
2119
2639
2845
2333
1591
1180
1053
923
721
427
-33
-554
-841
-919
-1168
-1645
-1996
-2032
-1941
-1836
-1640
-1446
-1454
-1500
-1267
-747
-202
297
804
1231
1498
1796
2231
2595
2739
2852
3141
3456
3631
3715
3781
3741
3636
3594
3669
3710
3321
2515
1811
1592
1503
764
-745
-2391
-3326
-3174
-2584
-2779
-4216
-5998
-6587
-5650
-4505
-4410
-5213
-5693
-5089
-3668
-2326
-2016
-2668
-2905
-1710
232
1285
964
417
714
1809
2940
3444
3159
2456
2146
2578
2995
2606
1673
1109
1192
1338
1117
621
68
-442
-753
-759
-801
-1230
-1767
-1962
-1886
-1855
-1771
-1458
-1175
-1158
-1115
-702
-54
478
824
1061
1191
1328
1709
2274
2619
2553
2423
2553
2828
2979
2955
2892
2877
2978
3188
3317
3175
2951
2766
2318
1626
1127
1021
676
-345
-1697
-2781
-3232
-3065
-2807
-3222
-4412
-5442
-5288
-4355
-3878
-4327
-4900
-4785
-3944
-2828
-2065
-2145
-2564
-2176
-746
618
905
544
526
1149
2013
2677
2837
2435
1908
1925
2368
2424
1814
1111
855
826
650
307
-70
-479
-815
-843
-648
-709
-1106
-1404
-1352
-1202
-1174
-1111
-986
-916
-799
-399
147
482
595
742
1003
1297
1630
1972
2142
2114
2120
2331
2556
2583
2464
2362
2349
2396
2513
2650
2676
2578
2477
2401
2041
1418
1020
1088
1090
359
-989
-2293
-2963
-2854
-2390
-2460
-3529
-4948
-5415
-4616
-3683
-3673
-4299
-4593
-4124
-3107
-2072
-1654
-1983
-2172
-1381
-20
703
491
211
515
1213
1858
2215
2129
1684
1423
1694
2015
1825
1280
952
905
832
655
489
238
-190
-526
-524
-389
-480
-694
-782
-771
-751
-611
-325
-162
-256
-362
-236
108
492
816
1020
1090
1194
1451
1756
1869
1764
1651
1656
1693
1683
1655
1631
1637
1738
1971
2189
2220
2191
2250
2424
2417
1958
1320
975
1021
889
93
-1170
-2241
-2569
-2160
-1801
-2321
-3710
-4883
-4835
-3954
-3436
-3799
-4456
-4660
-4176
-3268
-2560
-2603
-2992
-2721
-1541
-342
39
-176
-200
321
1203
2008
2314
2028
1598
1663
2135
2348
2040
1563
1324
1282
1262
1232
1097
763
326
58
52
65
-33
-129
-226
-425
-627
-567
-318
-172
-163
-92
56
174
290
442
520
478
547
851
1154
1236
1178
1189
1286
1396
1517
1584
1557
1566
1766
2054
2185
2154
2187
2347
2550
2713
2549
1899
1178
1007
1223
966
-170
-1690
-2767
-2944
-2479
-2308
-3150
-4684
-5607
-5138
-4078
-3745
-4376
-5022
-4848
-3829
-2567
-1908
-2184
-2598
-2096
-701
488
704
362
335
944
1870
2571
2691
2253
1811
1896
2311
2421
2044
1554
1228
1020
841
763
691
437
59
-154
-88
23
-33
-228
-476
-665
-621
-332
-82
-140
-346
-319
-27
290
494
613
712
831
1057
1373
1539
1435
1215
1150
1324
1490
1489
1332
1185
1183
1286
1415
1460
1427
1404
1434
1527
1647
1746
1593
1000
268
-67
79
94
-585
-1889
-3092
-3467
-2879
-2190
-2414
-3581
-4626
-4511
-3548
-2865
-3068
-3687
-3859
-3206
-2069
-1261
-1367
-1905
-1789
-705
500
917
633
393
650
1355
2085
2317
1925
1402
1366
1739
1926
1710
1359
1086
938
919
1016
1049
882
646
454
339
317
410
492
376
131
46
248
499
519
300
96
86
302
597
760
647
407
374
582
721
561
252
74
109
242
282
132
-83
-169
-15
269
484
502
417
470
758
1123
1380
1501
1605
1650
1438
1066
862
969
963
438
-567
-1611
-2117
-1873
-1383
-1545
-2643
-3918
-4314
-3722
-2962
-2850
-3420
-3976
-3851
-2949
-1966
-1730
-2164
-2365
-1719
-623
110
257
193
336
883
1719
2439
2661
2477
2402
2627
2885
2917
2776
2548
2243
1975
1897
1942
1786
1357
884
571
414
329
270
84
-324
-738
-859
-701
-634
-870
-1253
-1504
-1457
-1138
-785
-675
-839
-948
-747
-329
39
189
131
-11
-55
116
406
587
585
549
643
849
1050
1200
1297
1376
1543
1818
2033
2061
2029
2113
2067
1611
1022
772
877
753
54
-1031
-1989
-2328
-2015
-1655
-2057
-3295
-4374
-4384
-3579
-2955
-3091
-3653
-3942
-3441
-2263
-1243
-1063
-1347
-1141
-170
916
1482
1573
1551
1685
2127
2755
3128
2939
2455
2163
2115
2049
1890
1700
1426
981
480
172
116
115
-73
-512
-1017
-1284
-1153
-828
-696
-934
-1253
-1277
-950
-570
-446
-568
-691
-528
-84
341
419
225
100
281
622
811
732
493
302
277
376
493
477
333
159
64
87
202
358
477
533
595
773
1041
1301
1484
1663
1890
2012
1848
1519
1307
1361
1423
1150
411
-542
-1130
-1022
-560
-558
-1451
-2700
-3305
-2923
-2201
-1987
-2503
-3257
-3524
-2969
-2008
-1459
-1618
-1939
-1779
-1107
-366
114
327
384
478
769
1199
1511
1586
1547
1459
1282
1127
1200
1412
1431
1128
756
553
491
468
414
225
-142
-443
-394
-140
-93
-374
-688
-782
-658
-450
-357
-512
-810
-899
-613
-192
35
13
-124
-239
-225
-26
230
336
283
237
280
336
377
465
563
589
587
708
968
1223
1418
1598
1780
1951
2131
2341
2502
2567
2617
2620
2407
1952
1528
1351
1184
651
-301
-1333
-2020
-2129
-1861
-1865
-2653
-3862
-4528
-4234
-3472
-2969
-3026
-3483
-3812
-3424
-2373
-1450
-1236
-1387
-1281
-826
-231
380
903
1151
1181
1305
1546
1688
1691
1718
1759
1612
1357
1251
1261
1132
758
325
-34
-277
-315
-210
-255
-588
-912
-907
-647
-415
-316
-316
-335
-292
-104
190
417
496
543
678
849
968
1081
1246
1342
1262
1068
901
798
734
690
583
333
23
-144
-115
-93
-215
-361
-351
-162
87
295
402
436
549
871
1295
1613
1773
1938
2123
2116
1825
1477
1350
1372
1253
767
-58
-921
-1368
-1219
-950
-1239
-2221
-3248
-3673
-3429
-2921
-2669
-2942
-3517
-3792
-3431
-2752
-2297
-2159
-2095
-1939
-1670
-1279
-742
-186
241
522
687
747
810
1046
1424
1648
1538
1284
1171
1280
1479
1595
1499
1244
1073
1158
1378
1436
1259
1026
925
951
987
955
865
748
628
485
315
149
95
179
240
81
-253
-491
-520
-453
-456
-584
-810
-1017
-1037
-855
-684
-662
-728
-760
-731
-633
-421
-157
59
234
455
723
966
1189
1477
1820
2120
2318
2450
2582
2756
2974
3060
2833
2296
1754
1449
1251
877
152
-818
-1768
-2381
-2555
-2585
-2932
-3652
-4366
-4743
-4714
-4405
-4007
-3784
-3796
-3736
-3383
-2854
-2319
-1736
-1119
-655
-375
-68
354
822
1350
1917
2272
2222
1988
1952
2162
2436
2620
2621
2365
1976
1753
1803
1883
1739
1415
1057
746
530
442
403
307
178
81
-26
-192
-349
-400
-351
-323
-415
-602
-758
-785
-716
-661
-675
-737
-794
-804
-761
-688
-635
-578
-466
-288
-122
-48
-53
-65
16
202
408
513
525
559
691
844
970
1074
1213
1395
1558
1672
1717
1764
1871
2022
2131
2059
1782
1385
1005
697
373
-29
-512
-982
-1369
-1674
-1927
-2187
-2469
-2723
-2867
-2888
-2891
-2946
-2980
-2894
-2676
-2378
-2077
-1827
-1623
-1418
-1186
-939
-696
-423
-127
161
431
685
912
1064
1166
1275
1415
1527
1589
1623
1652
1655
1620
1559
1469
1344
1199
1086
987
886
771
631
464
293
186
149
115
60
-8
-76
-165
-296
-415
-484
-509
-543
-610
-688
-777
-855
-883
-837
-770
-722
-683
-615
-536
-478
-423
-350
-271
-211
-157
-84
26
163
320
481
633
763
894
1087
1330
1565
1742
1875
1982
2092
2211
2297
2330
2303
2281
2258
2156
1878
1372
798
339
42
-231
-609
-1082
-1611
-2187
-2725
-3121
-3347
-3455
-3509
-3569
-3672
-3752
-3686
-3455
-3157
-2872
-2587
-2237
-1798
-1314
-859
-463
-87
345
810
1231
1571
1846
2100
2330
2503
2583
2528
2358
2199
2147
2149
2048
1775
1402
1036
741
509
251
-74
-373
-544
-610
-713
-872
-976
-961
-889
-849
-848
-845
-819
-746
-610
-449
-343
-293
-228
-128
-34
26
86
170
286
421
527
559
545
541
571
575
531
457
406
379
350
321
316
328
342
371
424
483
543
621
698
754
768
761
755
778
843
928
988
960
817
579
296
6
-230
-356
-390
-427
-581
-876
-1229
-1497
-1599
-1579
-1532
-1507
-1500
-1505
-1513
-1501
-1457
-1391
-1341
-1302
-1242
-1142
-1000
-847
-705
-577
-474
-369
-258
-124
41
222
376
450
446
410
397
425
496
572
602
574
559
599
688
753
775
777
787
849
998
1163
1229
1155
1053
1059
1152
1221
1167
1011
846
727
627
466
227
-50
-303
-498
-619
-710
-840
-990
-1101
-1134
-1143
-1174
-1200
-1173
-1066
-914
-781
-686
-600
-475
-331
-170
16
206
364
497
671
865
1025
1117
1171
1219
1279
1355
1443
1497
1481
1432
1404
1424
1401
1268
1000
642
298
71
-13
-61
-198
-473
-843
-1228
-1528
-1700
-1776
-1816
-1874
-1950
-2038
-2095
-2100
-2054
-1969
-1887
-1812
-1720
-1581
-1410
-1251
-1083
-891
-679
-472
-274
-46
219
477
686
825
914
975
1031
1123
1237
1340
1394
1382
1333
1291
1285
1273
1194
1096
1041
1031
1017
991
983
965
908
831
748
666
580
503
429
348
244
109
-83
-329
-561
-733
-830
-904
-1010
-1123
-1217
-1274
-1324
-1375
-1388
-1334
-1222
-1100
-1000
-937
-879
-817
-725
-594
-432
-241
-36
181
388
568
732
898
1064
1233
1409
1580
1720
1827
1911
1953
1958
1967
2007
2047
2024
1912
1685
1341
930
535
235
31
-171
-468
-903
-1392
-1811
-2080
-2191
-2246
-2349
-2510
-2618
-2601
-2515
-2435
-2337
-2191
-1971
-1704
-1425
-1183
-977
-741
-458
-176
66
301
556
823
1056
1221
1282
1255
1210
1216
1263
1305
1315
1295
1228
1082
888
705
573
483
410
366
348
323
259
182
129
93
61
41
43
46
24
-10
-45
-71
-102
-170
-271
-369
-435
-497
-577
-653
-710
-750
-769
-773
-781
-795
-793
-738
-642
-512
-386
-297
-245
-208
-138
-33
105
238
334
404
487
618
753
850
929
1040
1199
1329
1400
1422
1425
1416
1401
1397
1395
1399
1407
1417
1382
1254
1011
700
403
210
140
126
45
-201
-571
-944
-1186
-1306
-1374
-1450
-1545
-1660
-1777
-1838
-1860
-1909
-1990
-2012
-1918
-1757
-1594
-1465
-1365
-1272
-1169
-1052
-915
-754
-544
-294
-34
184
287
295
299
399
576
742
862
936
981
996
1008
1039
1071
1084
1071
1080
1104
1110
1077
997
903
816
757
707
638
553
458
363
264
145
-10
-187
-347
-482
-589
-655
-700
-753
-840
-953
-1038
-1065
-1034
-997
-983
-948
-863
-750
-651
-575
-488
-362
-222
-93
18
145
312
485
636
747
830
906
995
1126
1281
1423
1547
1623
1652
1657
1664
1651
1601
1572
1591
1614
1596
1540
1414
1151
755
343
16
-212
-393
-567
-782
-1090
-1516
-1956
-2261
-2385
-2402
-2413
-2444
-2491
-2511
-2470
-2359
-2210
-2058
-1906
-1715
-1443
-1129
-869
-681
-501
-293
-91
87
259
444
621
780
899
958
953
924
922
941
973
1009
1046
1048
1008
942
889
856
809
745
704
721
783
859
908
885
787
691
647
638
635
624
593
524
440
346
200
-16
-250
-417
-521
-607
-728
-868
-1020
-1173
-1301
-1378
-1424
-1477
-1520
-1519
-1467
-1413
-1371
-1320
-1215
-1049
-833
-581
-303
-13
247
464
667
885
1099
1290
1472
1667
1852
1975
2017
1992
1959
1952
1938
1890
1806
1697
1586
1467
1336
1176
986
757
471
125
-237
-576
-849
-1036
-1173
-1316
-1521
-1808
-2126
-2381
-2478
-2409
-2281
-2190
-2157
-2107
-1989
-1831
-1662
-1472
-1242
-988
-726
-451
-191
37
262
509
743
939
1127
1358
1592
1738
1773
1741
1697
1613
1490
1366
1253
1138
1007
863
688
476
238
7
-194
-326
-387
-444
-535
-630
-674
-708
-770
-848
-884
-858
-792
-725
-680
-633
-560
-492
-459
-458
-445
-392
-304
-177
-61
9
28
42
87
131
163
187
232
283
328
359
374
376
363
348
329
330
353
368
363
340
317
284
255
227
201
173
167
192
235
271
296
303
307
345
427
536
624
706
802
916
993
1008
1001
989
970
880
720
522
348
254
204
96
-139
-430
-668
-826
-958
-1048
-1084
-1107
-1179
-1283
-1352
-1397
-1443
-1474
-1433
-1336
-1241
-1175
-1119
-1049
-969
-862
-741
-623
-516
-405
-273
-128
26
147
202
210
214
250
339
478
609
665
656
630
609
578
542
535
570
617
639
639
610
554
481
428
394
371
362
336
296
261
261
242
162
51
-48
-120
-181
-215
-241
-280
-349
-429
-489
-530
-563
-592
-598
-587
-563
-531
-480
-420
-372
-340
-304
-226
-118
-3
101
198
264
293
326
383
467
558
655
741
789
835
884
934
965
980
991
995
1014
1044
1068
1058
994
912
851
843
861
847
748
545
295
67
-107
-231
-315
-401
-559
-800
-1059
-1275
-1440
-1545
-1589
-1593
-1588
-1600
-1602
-1588
-1552
-1506
-1425
-1299
-1139
-970
-825
-704
-597
-453
-282
-130
-34
33
128
269
415
522
591
626
638
643
659
685
712
760
799
776
704
632
565
481
401
358
333
305
272
221
120
-19
-139
-202
-206
-207
-238
-293
-318
-291
-263
-282
-331
-355
-337
-295
-248
-202
-171
-155
-147
-130
-128
-127
-99
-28
67
145
192
213
231
271
334
391
423
443
484
520
525
511
525
553
570
568
563
545
524
527
547
546
507
451
387
326
282
250
210
171
165
190
216
225
223
216
229
266
291
243
109
-63
-210
-311
-357
-368
-410
-545
-774
-995
-1130
-1181
-1197
-1206
-1220
-1237
-1250
-1255
-1230
-1175
-1096
-1039
-975
-869
-716
-542
-388
-249
-114
28
169
289
368
436
535
678
781
784
737
711
709
689
686
713
705
633
550
519
489
394
288
238
236
215
153
85
12
-64
-122
-155
-172
-179
-182
-191
-206
-212
-209
-236
-287
-299
-270
-249
-251
-235
-192
-164
-161
-166
-162
-167
-180
-184
-150
-79
-5
31
37
48
71
94
126
165
201
253
318
384
420
434
437
430
433
457
498
533
562
583
571
539
510
494
486
486
494
490
467
428
386
350
335
317
298
286
281
251
165
37
-98
-224
-320
-379
-425
-491
-589
-716
-835
-911
-931
-905
-878
-868
-877
-876
-850
-828
-819
-787
-705
-592
-464
-316
-177
-92
-52
1
72
101
94
85
119
179
209
199
136
72
18
-42
-117
-172
-207
-249
-301
-319
-289
-293
-336
-354
-311
-252
-207
-134
-34
56
123
190
250
270
282
317
369
418
465
501
498
469
448
434
408
369
333
315
326
353
352
307
230
170
151
141
111
81
94
137
155
154
175
199
181
153
170
223
257
274
296
314
315
318
338
354
340
328
346
361
328
258
185
137
108
97
104
99
88
76
87
103
115
110
88
58
32
-12
-95
-181
-216
-207
-217
-283
-409
-573
-715
-777
-765
-729
-744
-809
-884
-929
-950
-978
-988
-966
-920
-860
-784
-684
-602
-557
-525
-464
-381
-305
-235
-151
-46
67
188
273
294
294
320
375
428
471
513
536
549
555
541
478
402
370
392
423
442
442
416
382
353
339
305
239
160
99
72
71
76
58
-12
-106
-174
-202
-216
-254
-288
-297
-265
-224
-206
-206
-195
-166
-122
-70
-18
43
121
222
322
401
460
524
596
656
670
659
644
630
635
652
654
601
518
453
404
352
291
226
142
52
-9
-32
-48
-85
-121
-155
-181
-195
-172
-126
-94
-81
-64
-39
-44
-84
-143
-193
-240
-266
-255
-237
-270
-370
-487
-593
-679
-740
-752
-735
-730
-758
-791
-797
-784
-775
-774
-764
-743
-695
-622
-532
-460
-395
-312
-224
-157
-119
-71
5
89
162
215
248
262
267
285
311
324
308
299
316
348
345
297
237
187
159
140
149
177
214
230
238
258
274
272
270
297
342
379
410
433
429
413
424
448
457
430
387
369
375
387
366
328
310
312
310
286
237
169
119
110
107
73
16
-34
-78
-115
-120
-108
-115
-148
-164
-160
-183
-227
-245
-222
-215
-237
-244
-225
-211
-213
-215
-182
-126
-79
-48
-30
-3
31
68
92
99
100
116
143
170
188
175
116
32
-41
-101
-147
-163
-171
-225
-323
-433
-539
-636
-689
-698
-701
-716
-719
-697
-686
-694
-701
-689
-655
-592
-503
-404
-309
-210
-97
9
83
143
211
280
350
422
505
559
581
581
562
534
505
493
473
431
383
361
348
291
190
97
52
45
63
80
87
80
90
123
154
170
175
180
186
202
247
304
331
330
328
335
312
260
219
202
200
180
165
149
111
34
-56
-123
-155
-172
-197
-226
-244
-240
-253
-293
-338
-354
-348
-336
-313
-262
-193
-144
-127
-115
-88
-34
15
56
97
132
170
209
253
287
305
320
342
362
399
429
430
419
438
471
443
344
245
167
90
16
-49
-119
-228
-377
-547
-713
-821
-854
-858
-890
-944
-971
-961
-952
-963
-976
-978
-942
-848
-717
-613
-546
-468
-354
-245
-177
-119
-46
41
132
217
298
364
416
458
504
560
607
631
645
663
686
696
694
675
644
606
567
522
468
424
399
384
372
351
334
307
272
239
221
221
213
185
149
128
107
75
36
5
-36
-91
-135
-151
-143
-158
-196
-217
-207
-207
-256
-310
-312
-279
-247
-235
-225
-204
-173
-134
-105
-76
-51
-21
14
58
120
178
225
263
288
296
291
296
304
298
292
292
284
240
166
90
53
50
44
-8
-81
-119
-140
-176
-220
-230
-214
-212
-246
-284
-323
-373
-429
-475
-512
-566
-611
-638
-642
-648
-658
-670
-680
-661
-622
-579
-546
-492
-409
-340
-309
-271
-180
-59
49
146
243
308
347
402
494
570
597
587
600
639
661
636
573
528
516
495
436
365
323
296
240
167
109
75
52
15
-45
-116
-184
-226
-233
-204
-149
-96
-62
-52
-73
-87
-70
-2
84
150
204
234
226
189
171
190
218
233
232
210
187
177
164
150
144
148
116
65
55
87
122
129
121
104
80
59
58
91
143
194
235
264
268
224
143
41
-68
-160
-191
-167
-156
-223
-353
-485
-610
-726
-811
-844
-846
-847
-834
-804
-788
-799
-807
-791
-757
-679
-557
-424
-318
-224
-108
1
51
54
73
139
228
309
370
411
435
457
468
458
437
412
387
373
397
444
469
434
374
317
304
290
259
226
215
243
273
302
311
290
261
252
244
204
146
122
132
135
117
84
39
-14
-50
-69
-83
-115
-151
-162
-148
-135
-138
-148
-142
-134
-117
-90
-65
-60
-55
-38
-21
-20
-32
-29
-8
13
17
13
26
47
52
34
17
12
15
7
-4
-6
1
-2
-27
-52
-70
-86
-112
-139
-155
-154
-137
-126
-137
-166
-181
-179
-170
-170
-172
-181
-201
-204
-175
-140
-143
-159
-147
-119
-115
-130
-110
-67
-46
-44
-29
-5
9
16
45
71
90
121
158
189
213
247
272
269
259
262
259
244
235
237
231
218
214
213
196
167
153
147
118
56
2
-37
-63
-98
-143
-185
-232
-265
-285
-284
-281
-298
-326
-331
-291
-241
-222
-234
-245
-230
-185
-136
-86
-55
-10
44
92
125
147
161
166
173
205
236
231
215
206
218
228
235
230
199
157
134
136
132
114
75
31
-19
-45
-42
-47
-71
-105
-124
-112
-94
-82
-102
-129
-127
-104
-88
-95
-87
-62
-54
-60
-63
-57
-45
-29
-3
4
2
13
41
61
53
36
37
63
83
90
88
84
77
61
43
11
-22
-44
-50
-49
-47
-38
-30
-16
2
14
-13
-67
-117
-139
-137
-136
-144
-155
-153
-158
-194
-244
-280
-288
-270
-239
-225
-228
-217
-180
-151
-150
-154
-137
-95
-43
-1
41
87
126
152
183
225
270
308
344
385
433
476
501
513
529
552
564
565
570
595
620
619
595
576
573
558
518
470
421
371
326
287
255
218
190
169
133
23
-164
-362
-496
-530
-529
-537
-602
-710
-845
-967
-1049
-1086
-1086
-1067
-1022
-959
-907
-895
-899
-873
-820
-761
-680
-579
-474
-371
-248
-112
-6
60
97
130
168
237
332
415
454
449
439
443
449
420
371
331
320
336
359
365
329
280
252
247
248
238
221
213
230
265
281
285
285
259
207
159
162
189
206
229
255
242
171
101
71
51
15
-24
-60
-84
-105
-103
-98
-98
-110
-131
-144
-143
-128
-128
-131
-100
-21
61
94
86
85
102
130
160
195
227
245
264
272
263
227
194
184
176
168
148
112
50
-11
-57
-110
-169
-192
-179
-185
-229
-258
-250
-256
-299
-341
-346
-325
-311
-300
-280
-261
-243
-222
-185
-145
-124
-125
-119
-85
-42
-21
-29
-26
-8
17
9
-25
-39
-26
-14
-18
-4
29
43
25
-5
-18
-12
8
28
41
46
43
47
61
81
86
66
29
-5
-12
26
84
126
122
88
56
13
-46
-85
-67
-22
-8
-27
-55
-59
-52
-53
-61
-49
4
49
67
72
94
116
105
88
75
79
93
108
115
123
144
152
117
66
38
31
14
-7
-8
12
20
-4
-43
-75
-97
-111
-104
-79
-69
-88
-94
-72
-44
-40
-55
-75
-101
-111
-105
-98
-90
-74
-35
-11
-19
-38
-46
-38
-23
4
36
60
87
116
130
126
119
126
129
122
110
101
97
98
103
104
113
121
115
105
119
155
166
136
96
80
77
77
75
64
26
-21
-40
-36
-40
-67
-86
-77
-59
-69
-116
-187
-235
-245
-233
-236
-268
-301
-317
-319
-325
-344
-353
-331
-305
-296
-303
-294
-271
-242
-204
-160
-113
-66
-19
19
42
73
123
176
211
221
247
296
350
385
400
410
421
425
412
400
406
409
381
336
316
315
298
260
210
159
100
40
6
-5
-12
-26
-51
-78
-93
-89
-80
-83
-86
-74
-57
-54
-57
-51
-22
5
19
28
42
56
57
55
53
55
70
101
133
141
133
131
141
133
85
15
-52
-91
-113
-140
-160
-176
-208
-283
-377
-444
-481
-496
-474
-412
-366
-372
-407
-414
-401
-384
-362
-317
-251
-195
-154
-116
-74
-46
-59
-90
-90
-36
20
29
21
37
71
87
79
61
43
22
6
13
38
60
68
80
94
100
90
87
97
104
109
132
161
181
198
230
255
253
240
243
257
260
239
206
175
141
115
114
135
145
122
110
106
88
49
23
26
26
17
13
12
-12
-43
-68
-84
-97
-94
-76
-65
-54
-23
26
54
61
56
57
68
93
128
138
127
118
135
163
164
127
89
72
62
39
25
58
91
67
-9
-73
-100
-116
-141
-162
-175
-192
-211
-216
-211
-212
-225
-228
-234
-253
-257
-238
-210
-204
-206
-186
-161
-146
-135
-102
-51
-14
-4
6
28
39
46
73
102
89
47
39
78
118
130
110
86
66
54
47
28
1
-28
-49
-80
-110
-108
-62
-31
-52
-93
-92
-59
-46
-51
-44
-16
18
61
106
139
148
145
143
151
164
173
182
206
234
251
255
247
234
219
213
212
206
197
182
162
150
152
146
115
80
73
83
73
24
-43
-102
-145
-190
-237
-268
-279
-290
-316
-361
-414
-455
-474
-475
-474
-470
-454
-429
-404
-372
-340
-322
-314
-289
-238
-185
-141
-97
-48
-15
4
34
75
108
132
160
195
232
280
320
320
291
268
266
274
281
286
279
258
238
233
235
232
218
191
158
128
114
108
97
75
58
57
60
48
28
2
-27
-47
-48
-38
-39
-46
-50
-63
-87
-98
-84
-62
-60
-71
-77
-62
-43
-30
-12
26
75
106
114
111
104
99
108
123
132
136
139
136
119
108
107
116
125
118
107
109
120
110
69
23
-5
-19
-32
-47
-68
-99
-133
-149
-147
-163
-190
-214
-211
-187
-169
-169
-182
-186
-182
-190
-198
-184
-159
-150
-149
-132
-97
-55
-13
9
11
21
55
84
90
92
111
128
126
110
90
80
79
89
96
99
108
108
92
60
28
9
2
-3
-10
-8
-8
-23
-49
-64
-55
-50
-57
-71
-89
-117
-147
-166
-172
-173
-176
-191
-216
-235
-242
-253
-277
-284
-262
-224
-207
-196
-184
-171
-164
-163
-151
-140
-128
-109
-74
-44
-30
-12
31
80
96
81
71
94
134
177
202
205
197
190
196
212
251
302
337
340
326
328
326
320
316
332
365
387
384
359
327
311
302
292
265
236
218
194
155
106
81
86
78
32
-9
2
41
29
-25
-79
-111
-124
-146
-167
-190
-225
-253
-264
-265
-281
-313
-323
-312
-303
-299
-299
-291
-280
-256
-227
-215
-212
-204
-180
-146
-122
-104
-93
-89
-90
-88
-79
-70
-73
-78
-75
-56
-29
-10
-8
-7
0
1
8
27
43
30
-5
-26
-29
-17
-8
-2
6
13
20
24
28
42
64
78
61
41
54
81
86
74
76
91
99
100
108
117
111
96
105
136
151
144
137
150
163
161
153
147
156
164
172
173
178
181
166
133
104
106
119
112
92
81
79
49
2
-16
-3
1
-35
-81
-99
-95
-90
-108
-135
-154
-156
-147
-141
-149
-164
-168
-169
-172
-173
-173
-177
-190
-188
-149
-104
-74
-79
-92
-88
-80
-90
-120
-139
-118
-74
-41
-44
-62
-55
-39
-21
-7
20
53
71
77
71
68
70
81
98
103
92
88
112
148
159
152
139
122
96
73
66
54
44
42
44
30
-1
-26
-41
-60
-70
-50
-11
0
-19
-25
-13
-12
-30
-30
-4
20
18
2
-12
2
31
49
41
33
43
64
