6.17712 0.642181 -0.966083 1.45569 0.998857 -1.2891 0.517319 0.608124 0.349263 -0.059516 0.00788758 0.0394642 
4.69799 1.16711 -0.134034 0.785816 0.449508 -0.417669 0.302147 1.01702 0.256844 -0.0909521 0.0339062 0.0730025 
5.41538 0.768857 -0.710074 1.27121 0.629434 -1.25535 0.890766 0.671684 0.237437 -0.0997144 0.1013 0.0890259 
3.80148 1.24096 0.0377422 1.0083 0.987749 0.201988 0.38243 0.480523 0.0525724 -0.13424 -0.0483587 0.0488394 
3.3763 2.59485 2.03243 1.8556 1.62738 0.951401 0.206637 -0.245059 -0.446827 -0.324492 -0.155745 -0.0815731 
4.00131 3.36518 2.78177 2.19648 1.23635 0.175146 -0.389777 -0.573576 -0.700465 -0.605117 -0.179632 -0.0989944 
3.32122 2.68106 2.05326 1.4058 0.763138 0.194503 -0.156765 -0.381534 -0.535647 -0.467097 -0.209322 -0.104358 
4.18672 3.69188 2.79109 1.72538 0.787654 0.0353837 -0.534982 -1.067 -1.18458 -0.775984 -0.218526 -0.113852 
3.88256 3.26618 2.19676 0.978739 0.0911292 -0.490517 -0.953654 -1.17987 -0.962565 -0.490087 -0.112954 -0.0708223 
5.33418 3.81319 2.43957 1.41507 -0.076306 -1.41778 -1.51051 -1.08494 -1.0116 -0.634478 -0.228922 -0.0562054 
3.97548 3.29643 2.18943 0.824375 -0.468133 -1.37173 -1.64776 -1.42625 -1.03007 -0.558474 -0.152718 -0.0595691 
4.85856 3.64629 2.1855 0.816144 -0.866241 -2.04646 -1.7837 -1.16412 -1.0671 -0.738025 -0.197395 -0.050787 
3.99379 3.00034 1.81354 0.628176 -0.779554 -1.87174 -1.8813 -1.24349 -0.887444 -0.597159 -0.163152 -0.0571538 
4.51974 3.12402 1.40886 0.246008 -0.819312 -1.87991 -2.01587 -1.25552 -0.686708 -0.455562 -0.156806 -0.0495447 
4.69676 2.91517 1.22341 0.280134 -1.12151 -2.41311 -1.98089 -0.829579 -0.617977 -0.559566 -0.147473 -0.0373362 
5.20108 3.04369 0.790036 -0.0741752 -1.27037 -2.662 -2.18194 -0.762693 -0.565367 -0.592961 -0.141805 -0.0204243 
4.62767 2.9962 1.22277 -0.171722 -1.81939 -2.83578 -1.98774 -0.742117 -0.637397 -0.545237 -0.0397426 -0.0102271 
4.71143 2.66211 0.55589 -0.476775 -1.67328 -2.72167 -1.97618 -0.681458 -0.608776 -0.638524 -0.0569389 -0.0111361 
4.48308 2.5724 0.498589 -0.769949 -1.88316 -2.51043 -1.74931 -0.674368 -0.601324 -0.605694 -0.0256166 -0.0238949 
4.6203 2.50385 0.393446 -0.615667 -1.91194 -2.9193 -1.76457 -0.220947 -0.447895 -0.747308 -0.0529616 -0.0184982 
5.12282 2.45432 0.138491 -0.668858 -2.09793 -3.08853 -1.50325 0.0462489 -0.549491 -0.831851 -0.125258 -0.00695234 
4.21783 2.28298 0.119176 -1.0214 -1.71539 -2.12736 -1.42501 -0.452253 -0.443233 -0.535724 -0.0848033 -0.0698295 
4.7676 2.33192 0.0213976 -0.973729 -1.99666 -2.50782 -1.20151 0.0125157 -0.418807 -0.672215 -0.16738 -0.0693236 
4.77489 2.47909 0.149902 -0.982842 -2.14618 -2.64678 -1.23574 0.0481198 -0.330001 -0.554926 -0.179873 -0.0866474 
6.06724 2.20036 -0.660985 -0.755057 -1.92854 -3.06379 -0.863209 0.620642 -0.674771 -0.453816 -0.273441 -0.0642636 
4.07466 2.01236 -0.0352257 -0.979599 -1.7448 -2.13505 -1.07873 0.0752731 -0.124616 -0.491591 -0.229604 -0.137509 
5.33122 2.2894 -0.233313 -0.912612 -1.83892 -2.22767 -0.504709 0.498285 -0.382279 -0.458653 -0.311623 -0.128855 
4.56744 2.17394 -0.161913 -1.10518 -1.47185 -1.33366 -0.279659 0.305684 -0.262043 -0.484624 -0.303382 -0.153829 
5.73693 1.79376 -0.783609 -0.561206 -0.822162 -1.28403 0.315154 1.00548 -0.551216 -0.577471 -0.418126 -0.134326 
5.57133 2.06733 -0.589153 -0.440023 -0.848586 -1.23706 0.579535 1.25707 -0.465284 -0.587011 -0.509879 -0.172727 
7.89585 0.862315 -0.447383 -0.400998 -0.348456 -0.508086 1.11163 2.21388 -0.741576 -1.1915 -0.376647 -0.11141 
3.9605 2.02302 0.245159 -0.53607 -0.77643 -0.307175 0.76404 0.920156 -0.0987856 -0.700768 -0.548404 -0.238043 
5.06203 2.09096 -0.24202 -0.509893 -0.513595 -0.341776 0.803815 1.09042 -0.154311 -0.695427 -0.619505 -0.234725 
5.10891 2.19361 0.0515303 -0.305487 -0.816278 -0.542861 1.22345 1.43698 -0.326218 -0.784553 -0.600897 -0.225037 
5.74044 2.04357 -0.529418 0.0761612 -0.179637 -0.674804 1.27234 1.74019 -0.403306 -0.813521 -0.668079 -0.193614 
4.29638 2.14391 0.520605 0.219318 -0.161295 -0.0396889 1.2791 1.56774 -0.0414745 -0.992391 -0.630192 -0.213115 
4.54594 2.29254 0.641919 0.410868 -0.0598618 0.0375702 1.50549 1.73302 -0.00880539 -0.95092 -0.583727 -0.189989 
5.11229 1.89814 0.295511 0.538126 0.0278577 0.0790048 1.90755 2.01947 -0.144866 -0.872496 -0.537103 -0.152526 
4.29088 1.95198 0.39838 0.435947 0.362338 0.482283 1.69349 1.87076 0.108983 -0.912018 -0.486275 -0.144364 
6.80439 1.72149 -0.812692 0.948943 1.0883 0.114449 2.41432 2.99366 -0.474097 -1.01804 -0.557595 -0.0473336 
4.45956 2.03406 0.309469 0.539056 0.71599 0.789129 1.87424 1.94475 0.0570976 -0.998401 -0.477576 -0.118874 
5.6899 1.98824 0.136258 0.651759 0.306764 0.330826 2.25955 2.14159 -0.265457 -0.946365 -0.461905 -0.0836264 
3.70816 1.97856 0.434852 0.22507 0.97048 1.73374 1.96915 1.28306 -0.0347506 -0.755321 -0.477988 -0.130972 
5.09431 2.2722 0.283496 0.662651 0.760877 0.875123 2.13826 2.00136 -0.108089 -1.02208 -0.487513 -0.088766 
4.68908 2.27278 0.27158 0.415851 0.893126 1.22105 2.13894 1.87737 -0.0282011 -1.0049 -0.443376 -0.0952465 
4.12621 2.18863 0.71987 0.646472 1.14496 1.82474 2.39174 1.60538 -0.0397707 -0.84675 -0.474248 -0.107411 
4.02162 2.31252 0.657273 0.568025 1.3618 1.8796 2.12982 1.53778 0.0817895 -0.847567 -0.47345 -0.110214 
4.31224 2.17657 0.611389 1.01636 1.65068 1.93401 2.26387 1.64473 0.0119773 -0.770911 -0.480949 -0.0847971 
4.48528 2.23402 0.454054 0.763874 1.46299 1.8198 2.2453 1.59062 0.0261687 -0.742449 -0.422764 -0.083209 
3.66961 2.02644 0.916126 0.974636 1.58369 2.07922 2.1859 1.30253 -0.0104527 -0.602471 -0.421432 -0.0688149 
3.97881 2.41423 1.00148 0.91826 1.41497 1.75965 2.04436 1.56177 0.0880969 -0.764288 -0.351054 -0.0770901 
4.36025 2.32084 0.752155 1.18192 1.80586 2.07353 2.39309 1.71722 -0.0108463 -0.837764 -0.379839 -0.0427133 
6.44158 2.11525 -0.239732 1.66169 2.21493 1.4422 2.73688 2.2969 -0.131475 -0.809536 -0.440218 0.00890827 
3.9223 2.43353 0.886331 0.722035 1.50962 2.28326 2.51672 1.65299 0.0963143 -0.735743 -0.304226 -0.0440222 
3.96532 2.71059 0.989335 0.346186 1.06401 2.2237 2.58256 1.58788 0.023521 -0.664235 -0.271968 -0.0561145 
4.24513 2.30494 0.65142 0.926122 2.05797 2.68813 2.66315 1.66288 0.254767 -0.495789 -0.410164 -0.0475271 
6.89969 2.06676 -0.701139 1.33682 2.04607 2.01934 3.49079 2.47273 -0.127442 -0.591344 -0.296358 0.00776434 
3.35755 2.19671 0.995906 0.593628 1.23855 2.14335 2.31257 1.48634 0.30861 -0.368158 -0.321328 -0.050201 
4.61691 2.39047 0.355062 0.448232 1.59531 2.44402 2.56927 1.78265 0.406578 -0.335993 -0.289257 -0.0482103 
3.89186 2.1938 0.643928 0.594092 1.4428 2.30823 2.5712 1.76792 0.477384 -0.249461 -0.257409 -0.0461739 
4.27068 2.50942 0.858188 0.767991 1.5339 2.01331 1.94168 1.56068 0.686361 -0.105921 -0.166774 -0.0487575 
3.20612 2.0636 1.21652 1.05397 1.3908 1.70706 1.72515 1.19887 0.436262 0.0377561 -0.0292333 -0.0255065 
4.17706 2.5263 0.957755 0.71135 1.19767 1.75032 1.88968 1.36238 0.63121 0.177083 -0.000267405 -0.0239472 
4.00862 2.36026 1.03099 1.06713 1.49344 1.69823 1.83232 1.38853 0.527761 0.0754818 0.0650969 0.00646037 
3.69029 2.2 1.11527 1.32697 1.87121 1.84192 1.62615 1.09152 0.386764 0.0393079 0.171891 0.0349905 
3.76619 2.20651 1.13198 1.36541 1.60976 1.24625 1.41055 1.14745 0.452569 0.10302 0.294075 0.0437383 
3.47639 2.13898 1.25153 1.58339 1.96212 1.45976 1.01578 0.844096 0.505609 0.262906 0.214258 0.0299051 
4.38604 2.0294 1.07931 1.94763 2.08818 0.946885 0.704498 0.731981 0.493831 0.304838 0.267255 0.0628236 
4.57689 1.97888 0.806818 2.07602 2.24752 0.946004 0.633062 0.797387 0.499745 0.120492 0.194804 0.0674658 
5.33458 1.21617 -0.0731202 2.35725 2.42379 0.902803 1.15371 0.910967 0.712236 0.00299104 0.132105 0.102006 
3.6877 1.68153 0.736979 1.69679 2.14984 1.28436 1.1339 1.31459 0.667348 0.0161113 0.13499 0.0486474 
5.62391 1.20347 -0.186049 2.3035 2.73819 1.00049 1.46522 1.12043 0.52132 -0.0229887 0.0592225 0.0886476 
4.76427 1.3583 0.0750107 1.97951 2.50269 1.38266 1.48747 1.18813 0.518159 0.21809 0.156151 0.0685501 
5.22974 1.33743 0.140511 2.20921 2.29457 1.30173 1.66335 0.912929 0.38811 0.352003 0.243172 0.058897 
6.29286 0.821064 -0.31795 2.70949 2.25808 0.611778 2.10542 1.01383 0.425638 0.0397675 0.206143 0.0580907 
5.29928 1.1045 -0.0094565 2.14968 2.42061 0.916332 2.02125 1.3446 0.0891458 0.144275 0.171499 0.0742847 
4.07152 1.64407 0.550973 1.61502 1.85856 1.08336 1.37552 0.9408 0.233796 0.123101 0.16409 0.0504325 
5.73682 0.44215 -0.179547 2.35801 2.23365 0.604877 1.80556 1.17617 0.309053 0.114662 0.163736 0.0454253 
5.50006 0.686401 -0.0634124 2.57459 2.21108 0.428044 1.22455 1.20846 0.517389 0.328212 0.18484 0.0384745 
4.30024 1.24171 0.221328 2.15278 2.32026 0.808086 0.673604 1.06552 0.773735 0.310369 0.138683 0.0327709 
4.18066 1.42554 0.464346 1.95592 1.99703 0.809981 0.958715 1.10758 0.594059 0.0293835 0.085517 0.0408056 
5.29985 0.89539 -0.0203729 2.03877 2.05922 0.40381 1.21749 1.07956 0.732314 0.103815 0.00326677 0.0245064 
5.11349 0.894329 -0.421375 1.83256 1.80366 0.547464 1.10235 0.928891 0.33635 0.1232 -0.00106722 0.00751628 
4.34555 1.20406 -0.219824 1.25204 1.39028 0.55073 0.927037 0.850507 0.230939 0.172938 0.0239797 0.0175118 
5.55602 0.6456 -0.951028 2.14637 1.66365 0.0265443 1.2692 0.632071 0.181376 0.0757886 0.0116145 -0.0283671 