-22
-34
-47
-51
-55
-57
-55
-53
-57
-65
-64
-59
-53
-47
-23
14
33
25
5
-8
-12
1
24
31
16
10
28
48
52
52
51
28
-6
-14
5
20
29
49
67
65
45
27
26
41
65
72
69
72
74
64
54
59
63
51
42
43
41
30
23
23
19
17
13
9
3
0
-4
-20
-39
-56
-65
-60
-46
-46
-72
-92
-98
-102
-117
-121
-108
-99
-100
-104
-102
-104
-105
-89
-66
-61
-82
-102
-86
-49
-33
-45
-54
-29
12
44
68
86
105
119
123
122
124
130
122
91
66
69
86
94
85
76
87
110
126
113
83
62
61
68
64
52
50
68
97
104
91
69
58
60
65
64
52
45
52
59
47
22
12
16
17
11
-1
-13
-34
-61
-84
-96
-107
-126
-149
-162
-174
-192
-209
-218
-215
-207
-200
-193
-193
-192
-189
-181
-174
-162
-148
-140
-133
-123
-105
-88
-61
-21
18
48
66
74
79
93
110
115
106
96
101
113
123
125
129
125
110
93
86
87
86
86
78
62
48
44
38
24
9
-8
-31
-49
-45
-34
-17
6
24
19
1
-6
-5
-6
-12
-19
-28
-34
-24
7
32
22
10
15
36
45
37
39
42
43
40
51
67
71
65
56
50
49
46
33
17
14
27
41
49
49
33
15
17
41
50
29
-3
-14
-13
-22
-38
-55
-54
-43
-37
-44
-54
-58
-54
-45
-40
-43
-55
-69
-78
-78
-67
-58
-54
-55
-60
-54
-38
-11
-8
-17
-32
-45
-42
-27
-3
-12
-47
-63
-54
-44
-44
-32
-2
7
4
18
44
50
32
22
28
26
16
19
34
45
39
20
11
17
32
27
6
-5
0
17
21
12
12
18
17
5
-1
2
4
4
10
21
29
34
33
32
35
46
65
70
61
47
45
54
61
63
56
42
31
29
20
11
2
-3
-15
-33
-48
-67
-87
-98
-105
-117
-130
-125
-107
-103
-104
-115
-125
-135
-135
-128
-122
-117
-122
-124
-107
-75
-48
-44
-39
-22
-4
13
36
71
107
131
140
133
120
117
121
129
125
115
116
126
135
130
121
107
97
90
88
85
64
45
47
72
84
61
34
34
60
90
105
113
101
69
35
20
31
43
56
61
49
35
36
47
57
53
31
6
-9
-15
-32
-70
-109
-142
-167
-181
-187
-180
-172
-170
-180
-201
-215
-211
-208
-223
-247
-256
-243
-224
-205
-193
-185
-180
-167
-139
-105
-81
-64
-30
9
35
56
85
122
134
131
124
116
120
129
127
120
117
134
154
163
157
138
131
132
125
108
92
83
73
62
61
63
68
61
48
25
22
56
91
95
64
49
53
50
39
28
18
8
4
15
28
32
32
28
30
27
27
26
25
21
23
33
43
49
55
60
63
68
68
64
55
59
72
84
87
77
61
53
47
35
3
-38
-74
-99
-126
-157
-191
-215
-238
-261
-272
-270
-272
-288
-306
-305
-294
-289
-289
-298
-304
-301
-283
-263
-239
-207
-165
-119
-82
-53
-34
-12
14
44
71
95
113
126
140
148
155
161
163
158
148
151
172
193
194
174
160
148
133
122
121
121
103
95
106
114
99
81
83
94
102
105
105
96
81
70
68
63
46
24
17
26
39
34
13
19
71
131
119
64
41
83
123
119
94
83
94
100
92
74
87
117
122
89
63
63
54
30
-15
-73
-123
-141
-144
-166
-199
-218
-237
-265
-288
-298
-304
-308
-312
-321
-328
-320
-292
-275
-275
-270
-242
-203
-176
-159
-139
-98
-46
-3
23
56
104
140
154
159
160
159
158
163
166
156
144
144
165
177
161
131
118
121
112
88
78
87
85
63
38
27
25
20
13
9
26
49
58
52
55
61
48
25
24
36
44
41
39
41
31
16
13
26
34
30
29
46
74
87
86
75
76
87
98
113
112
111
115
129
144
143
147
158
159
143
126
121
105
72
29
-17
-77
-141
-181
-191
-209
-246
-273
-284
-301
-336
-362
-366
-357
-353
-360
-376
-374
-349
-318
-298
-283
-267
-254
-231
-198
-156
-113
-69
-20
23
85
135
147
140
147
159
147
122
108
103
115
162
193
182
167
193
219
197
149
103
80
94
126
126
80
45
45
61
66
68
77
86
87
91
95
95
84
71
66
53
42
31
26
31
33
35
40
59
77
69
40
22
36
54
57
54
69
96
115
127
142
150
140
118
108
111
110
104
95
91
91
76
40
-14
-69
-113
-150
-177
-206
-241
-277
-300
-302
-303
-309
-312
-311
-315
-327
-339
-344
-340
-324
-315
-321
-321
-296
-259
-225
-185
-131
-81
-36
14
76
120
138
143
167
198
198
166
134
138
155
158
158
167
175
171
165
170
175
158
131
113
105
99
85
75
70
72
68
64
64
65
55
47
72
117
125
77
21
17
44
55
50
49
43
22
8
17
30
31
36
54
72
78
78
77
75
73
82
88
85
85
97
122
146
152
141
130
137
150
145
144
132
106
66
40
25
-26
-95
-145
-166
-184
-208
-235
-268
-293
-305
-304
-306
-305
-300
-297
-317
-352
-375
-373
-344
-320
-304
-302
-290
-258
-209
-159
-129
-100
-48
33
105
141
147
152
156
146
136
132
139
147
152
153
152
164
189
206
200
174
138
116
109
119
134
139
121
92
65
55
57
67
77
85
93
95
78
48
28
25
26
28
33
37
28
20
15
14
7
-5
-12
-11
0
8
10
15
29
41
43
42
52
62
72
86
97
104
106
117
140
172
193
189
166
155
162
159
138
98
41
-29
-83
-113
-142
-185
-228
-269
-297
-299
-292
-308
-338
-349
-342
-345
-358
-355
-339
-329
-340
-359
-365
-363
-363
-350
-307
-237
-165
-116
-71
-14
46
87
107
119
126
125
128
151
187
212
218
208
181
151
143
170
198
198
185
173
165
162
162
155
138
122
102
82
71
69
66
71
82
84
66
54
67
89
94
69
38
33
40
44
35
41
57
53
35
22
28
37
46
49
38
17
25
70
120
135
114
96
101
130
156
159
150
149
162
180
196
211
225
221
185
132
91
59
9
-49
-109
-162
-213
-250
-270
-299
-335
-366
-376
-364
-357
-365
-384
-405
-422
-427
-406
-379
-379
-399
-400
-366
-328
-285
-227
-157
-81
-19
33
75
107
121
118
125
149
168
171
171
176
181
182
186
193
197
191
181
179
184
181
168
157
151
137
120
113
111
106
104
107
106
94
79
73
83
88
75
50
35
33
27
22
17
13
0
-12
-21
-34
-38
-22
5
16
16
25
34
42
40
53
76
101
121
128
133
131
133
139
145
158
176
204
217
201
184
193
208
173
93
22
-15
-38
-68
-114
-177
-249
-301
-316
-311
-314
-341
-368
-382
-389
-409
-444
-458
-454
-451
-455
-462
-455
-439
-406
-353
-278
-201
-140
-87
-25
45
106
141
162
174
173
169
176
193
205
206
216
226
229
233
242
242
225
211
211
212
202
189
179
162
137
119
109
108
108
113
109
100
105
102
82
50
49
67
71
61
35
25
21
31
35
23
-1
-17
-19
-6
10
16
5
-18
-27
-15
15
38
59
79
101
109
108
117
131
144
153
164
170
180
199
220
224
219
208
183
137
84
35
-18
-72
-118
-155
-188
-215
-241
-274
-320
-365
-394
-410
-435
-458
-464
-445
-442
-469
-504
-517
-507
-488
-463
-431
-387
-333
-269
-191
-102
-10
62
108
123
122
133
158
174
181
189
207
226
249
271
276
264
251
257
258
239
221
216
204
173
152
169
195
189
155
120
108
112
106
86
57
43
36
34
24
-1
-30
-40
-41
-41
-56
-56
-53
-57
-71
-69
-43
-18
-5
3
19
27
36
45
59
71
94
119
138
140
142
158
188
217
237
254
271
280
279
283
295
300
283
249
202
143
79
14
-43
-97
-151
-213
-280
-335
-370
-396
-423
-448
-462
-472
-493
-518
-538
-564
-590
-607
-598
-576
-547
-506
-467
-425
-361
-268
-166
-73
14
94
151
186
210
220
229
240
263
292
315
327
332
342
356
357
345
330
319
305
290
274
264
245
214
184
168
165
155
126
94
74
72
83
88
79
55
28
-9
-39
-58
-65
-75
-92
-96
-87
-75
-70
-69
-61
-58
-68
-81
-98
-90
-41
27
69
73
87
117
134
130
129
149
187
228
255
273
297
327
340
341
355
368
347
294
237
192
140
70
-6
-86
-167
-244
-309
-354
-396
-434
-468
-490
-510
-534
-562
-592
-617
-637
-652
-664
-675
-675
-661
-621
-558
-495
-430
-346
-226
-91
28
128
192
225
238
257
288
318
338
350
358
366
378
387
391
385
374
368
359
333
300
275
254
220
176
130
90
53
23
5
6
17
28
35
45
54
44
5
-37
-55
-54
-70
-115
-155
-155
-118
-76
-49
-34
-12
8
24
29
27
32
40
55
73
92
112
145
190
234
271
298
315
325
344
375
404
422
431
446
459
455
435
407
359
266
149
51
-29
-118
-227
-325
-389
-435
-486
-542
-585
-604
-612
-631
-668
-709
-739
-758
-772
-785
-791
-785
-771
-732
-658
-576
-497
-403
-264
-111
11
122
228
325
387
413
427
447
468
468
460
464
475
482
482
486
488
483
462
404
319
247
207
171
110
35
-33
-82
-112
-117
-108
-103
-99
-81
-49
-26
-15
-4
12
17
0
-31
-72
-111
-139
-149
-143
-118
-78
-32
13
56
84
95
85
73
81
114
159
194
216
232
258
294
331
370
414
471
525
563
587
600
596
578
545
485
392
269
129
-14
-150
-279
-406
-528
-622
-682
-722
-767
-820
-866
-907
-941
-974
-990
-989
-987
-993
-1007
-1003
-963
-873
-759
-648
-543
-413
-243
-57
109
238
350
468
576
646
687
713
736
744
744
747
747
748
747
743
735
727
716
674
571
439
319
216
100
-43
-180
-282
-347
-376
-384
-367
-330
-277
-217
-169
-138
-116
-79
-24
28
62
79
100
127
154
180
204
228
252
267
273
274
278
275
258
239
240
266
287
282
265
255
262
281
319
383
463
545
614
654
655
625
573
494
369
204
17
-175
-372
-575
-769
-925
-1045
-1145
-1238
-1310
-1352
-1385
-1417
-1443
-1447
-1439
-1428
-1411
-1373
-1315
-1242
-1137
-997
-823
-626
-401
-145
132
405
654
861
1028
1165
1270
1327
1338
1324
1286
1230
1166
1096
1011
918
840
782
718
642
560
454
310
131
-61
-258
-467
-674
-848
-973
-1053
-1099
-1092
-1010
-874
-709
-524
-318
-117
61
207
335
454
565
671
762
836
882
908
921
944
982
1018
1038
1031
1008
963
900
836
784
736
693
652
617
590
580
606
673
750
784
752
638
432
142
-188
-539
-925
-1336
-1735
-2075
-2332
-2511
-2628
-2702
-2712
-2656
-2546
-2423
-2296
-2154
-2000
-1856
-1725
-1573
-1396
-1212
-1005
-731
-388
-11
380
808
1267
1714
2107
2418
2640
2764
2780
2698
2527
2277
1959
1603
1247
907
595
310
75
-104
-237
-349
-452
-558
-694
-870
-1059
-1241
-1437
-1651
-1837
-1921
-1878
-1728
-1489
-1168
-754
-275
222
692
1115
1483
1785
2003
2131
2166
2127
2037
1913
1775
1641
1517
1392
1261
1137
1035
961
923
913
912
914
928
963
994
1014
1034
1062
1081
1048
918
674
333
-91
-601
-1186
-1807
-2414
-2979
-3460
-3811
-4022
-4099
-4060
-3903
-3632
-3290
-2922
-2559
-2205
-1864
-1548
-1241
-934
-638
-373
-95
261
690
1132
1552
1967
2379
2753
3049
3230
3261
3114
2792
2351
1860
1332
756
171
-342
-749
-1080
-1328
-1467
-1496
-1462
-1382
-1267
-1148
-1082
-1085
-1114
-1117
-1092
-1041
-929
-712
-384
30
493
971
1432
1858
2231
2515
2683
2722
2624
2416
2144
1852
1546
1223
904
635
458
375
362
387
461
597
785
995
1216
1447
1666
1848
2001
2120
2125
1901
1448
863
207
-550
-1419
-2310
-3129
-3862
-4501
-4965
-5209
-5258
-5168
-4934
-4538
-4032
-3502
-2973
-2423
-1876
-1391
-968
-525
-47
417
859
1337
1871
2407
2890
3313
3664
3891
3947
3825
3525
3025
2311
1484
669
-108
-870
-1574
-2116
-2448
-2595
-2575
-2392
-2077
-1690
-1285
-886
-510
-222
-65
19
122
257
382
518
732
1026
1349
1673
1992
2261
2418
2434
2356
2202
1933
1531
1058
613
237
-63
-290
-467
-586
-599
-475
-233
83
461
919
1442
1993
2527
3020
3462
3829
4070
4102
3853
3281
2414
1318
64
-1261
-2595
-3869
-5011
-5941
-6570
-6865
-6848
-6589
-6120
-5427
-4585
-3717
-2915
-2168
-1469
-839
-250
346
956
1521
2041
2571
3136
3668
4062
4267
4306
4159
3771
3120
2256
1232
74
-1128
-2215
-3064
-3672
-4040
-4107
-3824
-3261
-2525
-1663
-719
203
987
1624
2135
2476
2590
2525
2430
2357
2255
2114
1996
1933
1856
1723
1575
1370
1015
493
-61
-534
-980
-1463
-1896
-2157
-2234
-2186
-1995
-1632
-1149
-618
-40
635
1388
2137
2832
3487
4114
4684
5140
5459
5583
5389
4771
3720
2340
724
-1054
-2880
-4588
-6041
-7189
-7995
-8317
-8061
-7331
-6311
-5084
-3672
-2210
-894
203
1136
1897
2413
2708
2919
3129
3265
3278
3267
3281
3208
2896
2355
1677
847
-209
-1432
-2659
-3791
-4811
-5587
-5894
-5643
-4985
-4041
-2794
-1234
461
2027
3330
4343
5024
5297
5189
4803
4220
3446
2592
1854
1335
948
587
299
128
-12
-257
-590
-916
-1226
-1555
-1845
-1978
-1957
-1868
-1730
-1465
-1020
-490
4
459
946
1492
2064
2648
3245
3785
4195
4482
4689
4805
4721
4278
3355
1932
114
-1907
-3972
-5913
-7532
-8656
-9166
-9016
-8173
-6667
-4732
-2662
-637
1300
3026
4308
5009
5200
5012
4483
3721
2913
2217
1574
898
363
87
-146
-689
-1568
-2482
-3298
-4133
-5034
-5781
-6120
-6007
-5460
-4352
-2644
-643
1257
2936
4481
5800
6561
6610
6072
5155
3952
2518
1068
-191
-1192
-1911
-2232
-2070
-1578
-1037
-526
51
669
1121
1284
1283
1260
1191
1048
910
823
686
429
196
160
275
426
651
1065
1653
2258
2796
3244
3546
3638
3549
3376
2993
2061
404
-1749
-3977
-6047
-7880
-9258
-9913
-9756
-8840
-7185
-4774
-1943
704
2832
4549
5983
6871
6904
6207
5182
4019
2706
1421
446
-248
-975
-1734
-2205
-2354
-2627
-3343
-4215
-4784
-4988
-4983
-4700
-3950
-2765
-1326
362
2317
4198
5491
6017
6027
5719
4957
3591
1796
-80
-1806
-3237
-4192
-4559
-4426
-3910
-2979
-1625
-101
1218
2185
2932
3544
3911
3960
3776
3438
2924
2258
1623
1113
623
116
-204
-84
441
1138
1866
2631
3396
4001
4316
4348
4129
3669
2948
1839
173
-2083
-4668
-7155
-9204
-10592
-11132
-10715
-9421
-7431
-4813
-1673
1499
4087
5893
7169
7994
8040
7160
5750
4257
2726
1097
-376
-1444
-2331
-3379
-4409
-4984
-5154
-5427
-5904
-6018
-5326
-4030
-2497
-771
1144
2988
4505
5728
6641
6890
6166
4662
2894
1161
-594
-2388
-3976
-5071
-5545
-5384
-4620
-3448
-2163
-863
558
2064
3299
3976
4195
4199
4031
3599
2919
2087
1141
155
-638
-1035
-1082
-950
-601
210
1521
2995
4238
5128
5712
5965
5820
5316
4607
3724
2414
415
-2201
-5042
-7706
-9989
-11580
-12036
-11225
-9442
-7108
-4292
-1009
2234
4794
6469
7531
8105
7901
6835
5318
3794
2263
633
-861
-1949
-2860
-3970
-5118
-5861
-6131
-6245
-6197
-5511
-3928
-1748
639
3058
5297
6932
7697
7756
7225
5917
3745
1115
-1377
-3471
-5179
-6366
-6832
-6601
-5831
-4573
-2856
-980
639
1918
3053
4074
4651
4547
3958
3218
2384
1364
259
-696
-1404
-1879
-2017
-1667
-882
120
1224
2474
3820
5015
5797
6099
6044
5758
5269
4620
3838
2700
822
-1899
-5035
-7968
-10346
-11906
-12272
-11226
-9015
-6171
-2934
614
3962
6376
7590
7959
7734
6692
4791
2612
754
-797
-2238
-3346
-3822
-3990
-4424
-5020
-5226
-4955
-4624
-4285
-3349
-1496
864
3182
5263
6964
7911
7898
7164
5930
4036
1437
-1325
-3507
-4886
-5663
-5843
-5258
-4035
-2581
-1088
505
2011
2989
3331
3386
3380
3058
2197
1076
123
-634
-1412
-2161
-2587
-2577
-2279
-1715
-727
628
1982
3064
3973
4837
5499
5712
5487
5048
4563
4056
3489
2595
946
-1625
-4737
-7706
-10064
-11538
-11731
-10377
-7721
-4386
-791
2906
6167
8200
8766
8369
7446
5803
3345
721
-1255
-2514
-3471
-4189
-4432
-4385
-4591
-5038
-5201
-4889
-4434
-3929
-2860
-905
1516
3734
5431
6478
6643
5817
4282
2375
162
-2216
-4194
-5187
-5161
-4467
-3256
-1516
458
2166
3393
4262
4766
4711
4140
3445
2855
2179
1221
190
-564
-1069
-1618
-2263
-2705
-2672
-2183
-1341
-194
1179
2575
3797
4762
5420
5686
5502
4974
4298
3615
2880
1742
-238
-3138
-6460
-9414
-11471
-12369
-11791
-9623
-6257
-2464
1254
4703
7338
8496
8162
7042
5653
3824
1501
-678
-2013
-2556
-2791
-2857
-2672
-2520
-2846
-3451
-3745
-3546
-3094
-2345
-877
1309
3566
5253
6107
5976
4725
2559
74
-2323
-4599
-6514
-7399
-6805
-5107
-3021
-850
1355
3251
4366
4656
4446
3918
3033
2009
1313
1088
967
607
155
-107
-258
-549
-985
-1283
-1208
-723
151
1305
2522
3568
4353
4886
5141
5079
4763
4344
3934
3538
2909
1541
-900
-4175
-7492
-10091
-11632
-11832
-10420
-7511
-3816
-111
3317
6169
7762
7709
6490
4905
3116
895
-1413
-2989
-3561
-3632
-3584
-3290
-2791
-2604
-2845
-2917
-2380
-1493
-547
741
2646
4678
6066
6514
6038
4533
2018
-882
-3411
-5392
-6873
-7447
-6571
-4437
-1922
358
2319
3838
4550
4356
3664
2887
2039
1132
498
398
586
582
282
-81
-416
-819
-1264
-1520
-1388
-840
135
1456
2832
3929
4610
4990
5122
4963
4552
4029
3520
3046
2385
1068
-1241
-4403
-7635
-10083
-11273
-10940
-9008
-5793
-2090
1350
4337
6642
7669
7089
5440
3603
1783
-273
-2286
-3515
-3793
-3693
-3600
-3337
-2926
-2871
-3243
-3388
-2819
-1746
-493
1099
3125
5026
6090
6063
5031
3015
207
-2677
-4872
-6200
-6772
-6375
-4725
-2178
367
2375
3837
4694
4646
3703
2450
1427
720
285
286
780
1388
1619
1395
949
417
-218
-854
-1200
-1035
-365
663
1863
3003
3852
4328
4505
4460
4197
3779
3377
3064
2576
1359
-885
-3904
-7038
-9581
-11039
-10947
-9117
-5948
-2284
1147
4117
6378
7364
6818
5260
3496
1777
-63
-1799
-2827
-3004
-2832
-2739
-2684
-2615
-2802
-3241
-3400
-2864
-1746
-304
1489
3561
5341
6206
5963
4682
2398
-645
-3699
-5973
-7201
-7440
-6570
-4491
-1686
935
2814
3985
4483
4118
2916
1440
314
-280
-421
-115
625
1491
2022
2033
1674
1127
477
-135
-413
-146
639
1732
2884
3826
4361
4495
4373
4102
3699
3239
2882
2679
2259
968
-1457
-4580
-7572
-9826
-10959
-10519
-8310
-4862
-1148
2177
4937
6748
6996
5715
3772
1934
192
-1628
-3071
-3525
-3128
-2524
-2074
-1776
-1808
-2390
-3162
-3426
-2940
-1924
-457
1569
3845
5627
6387
6020
4511
1898
-1320
-4190
-6028
-6747
-6399
-4876
-2335
418
2497
3624
3966
3575
2399
734
-746
-1555
-1638
-1157
-264
778
1549
1748
1433
860
232
-313
-579
-344
492
1802
3243
4438
5170
5435
5316
4884
4243
3545
2984
2628
2109
780
-1638
-4728
-7650
-9740
-10578
-9782
-7313
-3752
-54
3167
5745
7293
7268
5761
3637
1661
-145
-1883
-3140
-3472
-3092
-2588
-2226
-1968
-2013
-2568
-3264
-3434
-2866
-1810
-385
1443
3350
4665
4984
4285
2590
-13
-2957
-5323
-6538
-6608
-5647
-3655
-914
1803
3736
4660
4686
3904
2441
722
-664
-1385
-1433
-875
106
1132
1739
1746
1281
494
-413
-1123
-1304
-828
213
1628
3149
4441
5249
5525
5378
4947
4343
3714
3236
2870
2138
472
-2201
-5323
-8141
-10142
-10894
-9946
-7275
-3583
149
3376
5929
7375
7224
5685
3647
1784
61
-1577
-2681
-2845
-2359
-1876
-1683
-1732
-2100
-2797
-3383
-3327
-2574
-1408
109
2005
3889
5043
5055
3958
1923
-779
-3526
-5520
-6387
-6222
-5113
-3039
-369
2013
3386
3692
3229
2175
671
-874
-1907
-2160
-1687
-668
670
1936
2662
2637
2015
1098
143
-607
-906
-592
320
1638
3038
4169
4834
5063
4998
4745
4379
4029
3819
3527
2549
421
-2650
-5897
-8602
-10306
-10523
-8916
-5814
-2225
991
3611
5469
6061
5171
3419
1709
297
-997
-1997
-2260
-1814
-1247
-944
-858
-1041
-1695
-2612
-3138
-2892
-2040
-805
776
2433
3587
3850
3253
1889
-205
-2568
-4335
-4958
-4599
-3575
-1875
402
2578
3870
4103
3577
2495
929
-748
-1903
-2223
-1893
-1213
-326
626
1297
1388
966
331
-224
-537
-505
-73
704
1717
2759
3569
3963
3980
3803
3590
3393
3247
3234
3240
2695
995
-1849
-5042
-7694
-9312
-9496
-7908
-4772
-1115
2018
4371
5963
6355
5194
3066
1108
-239
-1300
-2132
-2330
-1830
-1211
-963
-1038
-1328
-1939
-2743
-3168
-2790
-1728
-292
1352
2896
3753
3548
2396
534
-1887
-4414
-6140
-6427
-5430
-3659
-1385
1192
3459
4688
4676
3759
2342
717
-765
-1646
-1692
-1045
-47
960
1719
1995
1716
1029
233
-349
-494
-171
503
1385
2356
3250
3842
4014
3835
3493
3151
2903
2799
2834
2717
1836
-224
-3262
-6486
-9063
-10398
-10011
-7770
-4197
-373
2785
5005
6184
6021
4517
2361
462
-855
-1720
-2059
-1690
-859
-171
31
-180
-751
-1681
-2616
-2961
-2462
-1316
251
2058
3635
4318
3829
2352
141
-2546
-5088
-6572
-6520
-5212
-3187
-783
1653
3482
4156
3710
2578
1134
-349
-1466
-1811
-1328
-349
701
1503
1838
1590
859
-57
-818
-1156
-902
-52
1174
2449
3524
4246
4518
4376
4015
3627
3313
3112
3091
3235
3085
1958
-460
-3706
-6839
-9140
-10105
-9287
-6615
-2817
883
3678
5398
5877
4910
2873
734
-759
-1630
-2047
-1856
-1072
-225
118
-103
-703
-1676
-2819
-3489
-3172
-1978
-327
1572
3460
4685
4667
3416
1307
-1360
-4173
-6277
-6858
-5859
-3871
-1442
1095
3239
4328
4096
2898
1297
-297
-1592
-2271
-2145
-1351
-259
733
1333
1377
890
104
-682
-1192
-1226
-693
304
1477
2550
3372
3850
3941
3729
3449
3314
3359
3519
3748
3844
3231
1351
-1702
-5105
-7938
-9598
-9574
-7549
-3927
52
3207
5162
5927
5291
3263
700
-1221
-2084
-2229
-1841
-830
478
1310
1242
474
-727
-2248
-3627
-4088
-3297
-1643
369
2440
4113
4708
3908
2011
-548
-3372
-5809
-6953
-6366
-4445
-1946
600
2812
4180
4304
3313
1775
219
-1026
-1724
-1713
-1098
-217
589
1073
1095
657
-40
-688
-1047
-973
-435
422
1317
2005
2421
2591
2550
2380
2275
2415
2829
3366
3853
4181
4094
3048
663
-2788
-6359
-9055
-10184
-9292
-6371
-2184
1918
4900
6474
6599
5141
2442
-372
-2161
-2685
-2349
-1403
10
1357
1924
1488
343
-1209
-2886
-4072
-4089
-2854
-868
1350
3398
4708
4735
3441
1226
-1496
-4264
-6267
-6671
-5381
-3091
-578
1705
3356
3905
3212
1744
185
-1021
-1650
-1593
-911
43
835
1203
1051
404
-571
-1526
-2065
-1946
-1159
76
1370
2344
2811
2841
2595
2214
1867
1812
2215
2973
3796
4430
4686
4141
2314
-833
-4586
-7912
-9991
-10245
-8364
-4654
-267
3416
5649
6384
5676
3633
933
-1274
-2238
-2086
-1261
-28
1263
1955
1629
469
-1090
-2730
-3994
-4206
-3095
-1115
1076
3056
4414
4607
3460
1405
-998
-3399
-5337
-6057
-5144
-3047
-684
1322
2723
3257
2709
1325
-186
-1208
-1506
-1112
-188
950
1851
2184
1856
979
-175
-1252
-1895
-1899
-1267
-174
1033
1908
2147
1795
1202
689
439
573
1188
2246
3472
4517
5138
5134
4083
1637
-1981
-5833
-8833
-10293
-9784
-7182
-3065
1209
4320
5802
5776
4334
1807
-793
-2252
-2191
-1170
248
1792
3016
3221
2135
241
-1832
-3645
-4688
-4420
-2820
-547
1681
3443
4324
3910
2271
13
-2259
-4178
-5272
-4960
-3235
-888
1167
2524
3090
2711
1393
-337
-1702
-2270
-2057
-1278
-196
846
1439
1386
775
-94
-878
-1294
-1143
-409
747
2005
2939
3186
2688
1766
824
149
-94
250
1212
2527
3770
4603
4940
4622
3240
544
-3079
-6619
-9092
-9925
-8824
-5879
-1819
2003
4441
5229
4615
2844
372
-1810
-2681
-2095
-711
844
2209
2957
2636
1286
-514
-2190
-3360
-3612
-2705
-947
974
2525
3431
3382
2193
225
-1821
-3460
-4483
-4567
-3394
-1250
981
2531
3194
3039
2115
658
-730
-1424
-1261
-522
393
1158
1499
1213
327
-887
-1999
-2598
-2458
-1605
-274
1214
2488
3167
3028
2198
1115
256
-121
74
847
2020
3229
4104
4511
4464
3948
2713
525
-2469
-5613
-8020
-9080
-8437
-6081
-2564
975
3399
4320
3963
2612
616
-1251
-2055
-1504
-175
1208
2250
2670
2156
726
-1090
-2667
-3605
-3651
-2677
-977
826
2172
2821
2628
1534
-129
-1781
-3052
-3858
-3996
-3139
-1409
469
1771
2278
2150
1518
554
-340
-684
-325
461
1284
1817
1870
1356
373
-776
-1717
-2108
-1808
-926
239
1351
2146
2398
2014
1155
236
-317
-297
282
1304
2569
3752
4487
4627
4292
3704
2874
1499
-663
-3437
-6127
-7978
-8552
-7654
-5370
-2248
660
2464
3020
2630
1518
15
-1107
-1098
-20
1345
2381
2895
2775
1865
338
-1247
-2392
-2887
-2631
-1641
-240
1073
1923
2136
1589
372
-1070
-2251
-3004
-3329
-3052
-2037
-615
574
1148
1189
873
270
-436
-845
-643
30
781
1316
1508
1315
711
-136
-904
-1274
-1093
-442
473
1412
2128
2395
2081
1295
421
-124
-128
349
1169
2186
3197
3924
4150
3921
3452
2982
2476
1582
-71
-2432
-4944
-6945
-7985
-7738
-6085
-3466
-873
828
1501
1386
600
-642
-1566
-1339
0
1566
2672
3235
3214
2391
811
-929
-2230
-2856
-2762
-1951
-625
750
1729
2065
1714
797
-335
-1312
-1970
-2254
-2027
-1217
-151
655
974
921
588
-60
-814
-1218
-996
-382
209
615
828
778
367
-277
-832
-1010
-727
-96
677
1399
1865
1904
1495
836
254
-7
166
730
1551
2445
3214
3667
3720
3482
3171
2909
2686
2306
1380
-366
-2777
-5220
-7021
-7717
-7043
-5104
-2523
-221
1195
1668
1327
339
-782
-1210
-501
930
2308
3214
3501
2953
1497
-419
-2098
-3137
-3450
-3001
-1873
-485
650
1246
1243
667
-251
-1094
-1571
-1683
-1459
-843
39
790
1081
905
409
-280
-988
-1410
-1311
-732
31
696
1118
1169
791
84
-632
-998
-877
-371
287
915
1376
1512
1255
738
246
27
178
711
1521
2390
3077
3459
3546
3422
3208
3004
2852
2773
2650
2058
513
-2031
-4914
-7268
-8520
-8359
-6762
-4187
-1549
351
1318
1447
867
12
-318
390
1793
3111
3888
3949
3123
1405
-721
-2536
-3641
-3945
-3387
-2063
-482
700
1201
1131
659
-45
-661
-914
-796
-434
94
657
925
694
101
-580
-1185
-1634
-1727
-1301
-443
522
1238
1532
1358
771
-17
-670
-890
-639
-97
490
904
1013
781
301
-239
-581
-509
34
904
1853
2660
3173
3374
3348
3240
3168
3176
3291
3488
3671
3543
2574
439
-2627
-5812
-8266
-9443
-9015
-7023
-4081
-1230
697
1548
1506
825
-25
-317
417
1876
3301
4130
4106
3088
1150
-1179
-3093
-4066
-3993
-3020
-1522
-75
819
1038
739
137
-470
-719
-483
16
451
674
643
284
-367
-1089
-1637
-1870
-1706
-1096
-149
822
1503
1730
1511
984
338
-192
-430
-317
61
447
589
381
-64
-520
-828
-859
-527
138
965
1690
2149
2303
2231
2121
2158
2464
3019
3677
4252
4543
4425
3890
2853
1089
-1471
-4436
-6994
-8461
-8534
-7202
-4799
-2061
58
1005
942
306
-475
-904
-427
1043
2845
4096
4344
3518
1713
-680
-2851
-3988
-3883
-2856
-1349
158
1129
1225
597
-277
-1003
-1351
-1177
-530
233
648
500
-102
-909
-1628
-2017
-1978
-1516
-679
373
1325
1839
1857
1536
1006
387
-161
-409
-317
-59
179
277
182
-104
-410
-468
-184
316
857
1332
1668
1771
1633
1418
1365
1632
2203
2946
3673
4140
4140
3658
2869
2014
1283
610
-293
-1708
-3556
-5312
-6440
-6595
-5715
-4074
-2243
-894
-309
-322
-643
-958
-863
-17
1435
2837
3558
3372
2349
734
-989
-2177
-2452
-1967
-1118
-225
421
488
-105
-993
-1678
-1927
-1728
-1130
-325
285
359
-86
-742
-1284
-1482
-1238
-609
254
1155
1823
1982
1562
817
67
-538
-924
-1005
-761
-326
92
382
499
409
193
77
276
725
1174
1497
1722
1832
1731
1465
1262
1304
1573
1944
2303
2562
2634
2489
2241
2088
2161
2439
2779
2843
2131
313
-2374
-5090
-6966
-7516
-6716
-4935
-2854
-1276
-647
-859
-1481
-1975
-1789
-578
1391
3277
4318
4255
3192
1388
-644
-2177
-2716
-2322
-1409
-447
133
-8
-827
-1854
-2571
-2725
-2275
-1277
-26
949
1244
908
301
-243
-525
-447
-36
508
943
1081
839
292
-324
-713
-737
-450
33
562
968
1128
1028
775
475
259
275
556
940
1153
1084
819
460
71
-204
-151
300
991
1691
2287
2714
2945
3020
3041
3122
3228
3271
3214
3059
2635
1541
-458
-3039
-5472
-7084
-7516
-6713
-4962
-2970
-1534
-1022
-1215
-1649
-1902
-1568
-392
1382
3007
3794
3534
2360
576
-1269
-2430
-2479
-1671
-630
159
410
-38
-1073
-2182
-2765
-2549
-1619
-276
1015
1696
1424
340
-976
-1881
-2008
-1363
-202
1066
1976
2189
1657
671
-269
-696
-411
450
1497
2302
2552
2182
1357
363
-493
-946
-860
-345
252
592
565
301
-12
-210
-149
284
1036
1859
2486
2803
2863
2758
2596
2488
2491
2576
2626
2564
2373
2065
1660
1055
28
-1570
-3540
-5324
-6387
-6455
-5581
-4131
-2742
-2009
-2066
-2565
-3013
-2994
-2193
-573
1384
2914
3520
3196
2162
749
-484
-982
-676
-18
497
610
143
-965
-2369
-3393
-3566
-2909
-1710
-330
766
1123
668
-188
-905
-1129
-757
124
1259
2223
2662
2476
1849
1122
589
423
622
1006
1302
1262
853
247
-313
-652
-662
-300
289
783
881
560
42
-404
-577
-358
224
965
1580
1887
1856
1584
1295
1263
1643
2300
2945
3318
3312
2956
2355
1727
1286
1142
1173
960
33
-1788
-4097
-6128
-7238
-7161
-6052
-4402
-2910
-2099
-2008
-2269
-2399
-1993
-793
1015
2782
3824
3855
2994
1510
-126
-1273
-1539
-1097
-486
-146
-292
-980
-2008
-2877
-3090
-2525
-1412
-91
1061
1643
1427
627
-222
-653
-477
197
1075
1792
2067
1814
1185
521
187
350
944
1704
2267
2304
1714
752
-194
-820
-982
-683
-66
520
698
347
-347
-1041
-1430
-1280
-549
492
1406
1884
1879
1478
890
462
503
1029
1756
2366
2670
2596
2177
1587
1095
924
1096
1460
1821
1872
1206
-378
-2568
-4605
-5857
-6071
-5332
-4008
-2712
-2059
-2200
-2745
-3124
-2918
-1946
-294
1525
2767
2959
2173
853
-481
-1276
-1150
-236
843
1444
1294
455
-802
-1965
-2462
-2042
-963
287
1274
1641
1194
110
-1011
-1540
-1231
-273
916
1878
2262
1995
1320
616
223
343
941
1718
2242
2223
1654
757
-156
-796
-966
-637
-2
589
789
429
-356
-1216
-1757
-1762
-1252
-469
244
622
596
285
-91
-272
-44
646
1591
2424
2824
2699
2185
1537
1016
816
984
1386
1812
2079
2084
1806
1154
39
-1487
-3094
-4303
-4872
-4764
-4124
-3207
-2401
-2058
-2183
-2511
-2703
-2506
-1780
-581
684
1508
1654
1265
656
142
41
485
1210
1766
1849
1440
663
-268
-949
-1067
-630
36
560
720
375
-427
-1374
-2006
-1991
-1316
-245
808
1448
1509
1132
662
403
492
934
1558
2067
2150
1731
988
201
-355
-542
-416
-208
-160
-351
-701
-1041
-1232
-1176
-879
-451
-82
38
-147
-518
-830
-891
-631
-90
590
1188
1487
1405
1043
648
479
687
1226
1903
2497
2824
2777
2382
1805
1275
988
1009
1278
1542
1393
524
-993
-2666
-3953
-4534
-4351
-3613
-2750
-2261
-2367
-2881
-3376
-3415
-2735
-1356
340
1759
2447
2302
1576
713
206
343
1004
1738
2123
1953
1225
130
-919
-1486
-1422
-901
-241
230
202
-420
-1367
-2144
-2360
-1927
-1012
44
854
1153
971
581
290
284
636
1264
1885
2149
1889
1230
472
-85
-270
-101
221
464
463
155
-401
-1038
-1527
-1683
-1470
-1024
-585
-329
-304
-436
-607
-666
-502
-115
378
836
1196
1411
1484
1470
1505
1709
2086
2482
2704
2677
2463
2196
1964
1815
1751
1704
1604
1407
998
235
-926
-2217
-3178
-3541
-3326
-2791
-2244
-1972
-2147
-2655
-3175
-3366
-3055
-2265
-1188
-199
329
265
-207
-742
-1025
-833
-142
793
1574
1900
1678
1014
196
-392
-495
-164
347
762
851
477
-277
-1098
-1636
-1707
-1329
-661
24
433
433
113
-277
-495
-369
150
937
1709
2157
2128
1700
1099
578
312
369
686
1045
1198
1025
560
-62
-657
-1032
-1106
-969
-769
-598
-521
-574
-684
-712
-581
-326
-27
252
452
557
590
601
658
803
1041
1330
1595
1766
1789
1687
1520
1345
1215
1176
1237
1315
1313
1201
1006
763
466
103
-308
-720
-1060
-1273
-1341
-1302
-1285
-1430
-1767
-2174
-2478
-2593
-2504
-2263
-1950
-1680
-1558
-1601
-1752
-1890
-1887
-1646
-1197
-707
-350
-193
-174
-185
-144
-37
93
256
467
708
927
1094
1210
1238
1174
1086
1057
1105
1167
1174
1115
1015
918
838
736
606
475
398
384
387
370
294
139
-83
-289
-390
-347
-214
-81
6
29
-11
-102
-203
-279
-328
-368
-397
-390
-357
-314
-282
-256
-245
-252
-243
-169
-4
215
418
552
613
631
642
665
732
877
1098
1341
1533
1638
1658
1596
1475
1334
1206
1126
1095
1075
993
769
380
-127
-632
-988
-1133
-1131
-1116
-1199
-1427
-1779
-2163
-2449
-2563
-2514
-2367
-2216
-2144
-2183
-2274
-2295
-2159
-1891
-1552
-1170
-740
-316
30
282
468
617
732
848
975
1105
1210
1289
1314
1260
1144
1011
903
826
781
743
676
572
470
407
366
337
324
336
351
364
389
406
399
364
321
259
177
123
138
182
156
34
-105
-198
-233
-253
-288
-357
-459
-551
-575
-522
-449
-407
-387
-356
-324
-290
-209
-84
24
92
194
367
541
673
794
945
1110
1250
1369
1451
1452
1406
1385
1374
1283
1113
992
944
857
642
321
-36
-356
-546
-567
-487
-432
-492
-692
-1002
-1377
-1708
-1897
-1902
-1783
-1631
-1524
-1527
-1638
-1777
-1862
-1871
-1814
-1666
-1400
-1064
-745
-528
-427
-401
-379
-292
-87
233
598
879
964
830
572
340
230
271
443
701
966
1157
1217
1130
952
786
745
852
1027
1160
1187
1106
935
713
480
289
177
144
150
141
94
14
-78
-157
-204
-236
-265
-309
-374
-462
-551
-602
-601
-563
-511
-452
-399
-387
-415
-435
-388
-277
-134
24
185
323
416
471
496
494
488
503
558
649
743
802
811
758
634
481
376
385
483
602
702
754
741
651
520
415
373
355
278
78
-251
-653
-1030
-1298
-1447
-1517
-1567
-1639
-1753
-1892
-2018
-2073
-2005
-1799
-1503
-1202
-949
-767
-629
-524
-469
-449
-400
-248
8
310
575
742
798
793
788
807
830
838
830
820
828
849
868
880
891
894
888
871
852
824
803
800
804
776
703
606
509
438
393
370
336
276
193
105
5
-113
-254
-408
-572
-766
-988
-1223
-1413
-1492
-1444
-1325
-1181
-1033
-908
-850
-847
-821
-736
-609
-461
-275
-46
195
409
556
645
716
820
975
1169
1377
1562
1703
1789
1812
1755
1635
1511
1427
1379
1321
1198
973
686
416
208
58
-72
-218
-418
-707
-1049
-1374
-1596
-1691
-1708
-1699
-1715
-1770
-1857
-1935
-1949
-1878
-1726
-1518
-1286
-1075
-925
-836
-768
-692
-588
-455
-287
-90
120
331
523
672
763
801
802
765
701
643
614
610
619
661
739
835
922
1009
1087
1132
1119
1054
952
814
643
451
268
125
47
12
-24
-90
-201
-345
-477
-539
-518
-471
-439
-427
-426
-431
-471
-558
-659
-703
-642
-503
-332
-175
-65
-27
-51
-91
-127
-157
-158
-88
54
199
298
355
392
405
393
400
469
594
746
910
1060
1146
1138
1057
949
851
806
838
925
1015
1055
995
831
614
425
317
257
182
38
-202
-530
-895
-1228
-1471
-1623
-1690
-1684
-1641
-1615
-1641
-1691
-1719
-1714
-1680
-1618
-1514
-1374
-1221
-1058
-891
-739
-607
-466
-277
-43
218
472
682
803
832
816
808
824
863
926
990
1024
1019
977
909
812
716
661
650
651
622
563
480
381
284
213
182
182
205
242
267
250
175
67
-40
-122
-181
-222
-257
-318
-434
-605
-775
-894
-945
-933
-864
-756
-656
-609
-615
-654
-711
-764
-761
-671
-515
-342
-187
-28
157
348
529
712
920
1131
1289
1373
1398
1377
1332
1283
1253
1247
1239
1233
1228
1221
1205
1167
1110
1016
864
646
393
176
47
-3
-53
-184
-425
-750
-1096
-1403
-1612
-1657
-1575
-1489
-1503
-1588
-1666
-1713
-1728
-1685
-1547
-1312
-1038
-809
-657
-544
-477
-451
-425
-315
-115
66
184
273
387
487
521
501
484
507
574
665
752
808
822
803
745
664
588
546
529
507
461
380
272
168
107
99
129
181
245
280
242
135
-21
-202
-385
-529
-621
-686
-725
-725
-697
-686
-709
-754
-794
-804
-742
-598
-405
-216
-70
40
130
205
275
342
426
540
657
749
796
791
730
656
633
680
759
829
877
903
892
841
798
796
825
846
854
869
862
794
661
525
435
380
293
124
-101
-323
-483
-573
-628
-712
-852
-1010
-1143
-1236
-1292
-1294
-1253
-1213
-1210
-1250
-1317
-1391
-1430
-1389
-1269
-1110
-946
-792
-654
-550
-477
-414
-338
-223
-48
171
383
548
646
672
637
587
574
614
708
829
933
972
927
823
693
571
489
476
529
620
683
655
518
315
120
-26
-117
-162
-151
-88
-16
-2
-46
-103
-138
-153
-146
-110
-77
-72
-98
-155
-244
-328
-361
-341
-304
-279
-269
-272
-298
-347
-398
-427
-424
-388
-311
-199
-93
-38
-17
17
93
200
320
435
528
581
574
513
426
354
340
380
450
526
601
657
668
648
627
614
594
568
528
451
313
138
-24
-144
-204
-213
-211
-235
-298
-384
-472
-545
-574
-543
-476
-419
-419
-478
-589
-706
-770
-754
-681
-603
-528
-454
-394
-361
-354
-348
-334
-302
-241
-158
-82
-37
-10
6
16
42
114
223
319
362
349
301
249
205
172
137
94
48
29
52
98
138
169
212
258
301
323
314
257
157
52
-36
-104
-156
-176
-161
-139
-141
-178
-229
-273
-303
-323
-324
-308
-293
-298
-320
-336
-336
-320
-283
-236
-177
-109
-33
32
92
168
251
320
372
420
462
493
522
579
671
783
886
965
1022
1056
1061
1054
1045
1028
977
900
824
762
704
648
596
534
431
281
108
-71
-242
-376
-466
-525
-589
-688
-842
-1049
-1254
-1381
-1381
-1289
-1186
-1128
-1109
-1101
-1102
-1105
-1090
-1026
-919
-790
-658
-527
-398
-288
-200
-122
-58
-11
44
128
232
311
343
334
318
314
330
359
407
474
529
547
521
478
428
378
336
308
305
315
300
242
161
81
6
-70
-106
-81
-9
64
96
77
6
-85
-168
-213
-228
-245
-265
-265
-232
-203
-192
-188
-174
-142
-103
-63
-46
-43
-52
-62
-68
-61
-18
53
141
230
310
387
465
543
609
642
632
588
521
446
376
312
270
268
306
362
397
392
342
276
222
190
171
159
148
124
97
79
65
29
-54
-151
-217
-234
-230
-237
-264
-314
-389
-484
-580
-651
-680
-678
-668
-674
-692
-725
-761
-756
-697
-613
-539
-469
-368
-245
-138
-73
-40
-5
50
127
234
348
434
489
526
560
562
540
504
463
417
349
243
101
-9
-51
-48
-54
-66
-53
-12
29
46
32
-13
-75
-138
-203
-265
-308
-318
-308
-293
-274
-253
-239
-238
-238
-230
-214
-194
-175
-160
-160
-151
-116
-61
-23
-5
9
39
77
116
169
248
343
417
468
513
560
586
588
573
565
565
558
539
509
482
455
425
395
361
313
251
187
130
88
66
71
103
146
192
232
270
283
250
166
50
-68
-156
-204
-230
-266
-347
-472
-621
-733
-787
-800
-790
-766
-735
-733
-774
-825
-847
-829
-786
-717
-614
-475
-325
-206
-135
-100
-86
-69
-21
60
162
255
344
428
475
480
467
487
519
497
431
376
345
280
172
75
5
-46
-56
-16
24
-4
-76
-127
-115
-62
-24
-22
-29
18
103
167
174
140
98
71
52
17
-29
-34
5
35
30
36
74
96
53
-30
-91
-91
-42
18
69
114
144
131
68
5
4
56
115
156
185
202
195
173
151
141
154
191
242
285
306
313
318
325
313
273
216
165
134
118
98
75
64
75
91
83
51
12
-20
-40
-55
-66
-65
-66
-88
-131
-171
-201
-228
-261
-284
-287
-273
-252
-239
-252
-295
-357
-422
-478
-511
-508
-490
-470
-473
-491
-501
-490
-449
-391
-312
-217
-123
-72
-76
-101
-109
-102
-97
-86
-50
3
54
99
135
148
128
81
36
17
34
60
73
58
16
-30
-63
-78
-88
-88
-67
-21
39
102
150
165
137
90
55
56
83
116
163
229
281
290
273
269
282
284
259
229
223
250
293
332
368
395
414
424
427
448
502
575
639
681
700
696
661
629
620
611
610
610
581
474
315
175
73
4
-29
-42
-80
-193
-378
-574
-725
-817
-874
-910
-930
-936
-941
-953
-967
-970
-945
-895
-834
-766
-693
-623
-571
-527
-479
-428
-379
-320
-230
-118
-8
74
119
137
143
146
142
139
153
182
215
245
261
262
265
276
287
286
279
270
247
209
178
173
189
200
200
187
168
149
130
106
75
43
16
-1
-13
-32
-72
-111
-132
-137
-143
-147
-142
-126
-110
-110
-113
-102
-69
-21
31
69
77
79
96
134
165
190
235
297
348
371
385
406
418
404
369
327
281
237
206
191
174
152
131
109
80
49
25
11
7
9
-7
-55
-117
-164
-190
-196
-187
-187
-222
-281
-320
-324
-313
-309
-312
-308
-290
-250
-203
-167
-139
-112
-88
-67
-45
-8
37
79
93
88
80
78
77
81
105
146
193
234
255
252
239
229
212
180
138
97
55
10
-30
-67
-114
-185
-261
-307
-319
-313
-304
-280
-252
-237
-239
-237
-223
-198
-165
-136
-121
-123
-121
-113
-127
-157
-166
-135
-89
-60
-47
-35
-27
-30
-42
-50
-36
-7
49
122
190
234
246
251
256
261
268
279
298
318
318
284
240
218
222
226
224
236
251
244
208
158
113
75
51
35
20
4
-23
-34
-31
-19
-17
-20
-13
-11
-26
-42
-42
-35
-42
-55
-58
-54
-54
-58
-70
-102
-151
-191
-213
-227
-231
-211
-170
-135
-126
-136
-149
-156
-148
-130
-103
-72
-31
13
39
28
2
-12
-5
6
26
50
68
77
86
97
96
74
31
-11
-37
-44
-56
-91
-141
-189
-230
-263
-288
-306
-320
-325
-308
-278
-257
-251
-255
-245
-216
-174
-128
-73
-19
8
10
14
31
61
116
203
293
348
373
394
412
408
384
377
404
438
455
465
496
526
518
485
450
417
374
342
340
350
344
312
256
192
152
149
154
134
82
25
-24
-57
-74
-91
-126
-197
-282
-356
-409
-438
-450
-462
-493
-540
-586
-613
-623
-627
-625
-620
-605
-577
-535
-496
-466
-432
-374
-291
-206
-135
-89
-46
13
77
126
169
233
302
352
383
412
439
441
411
364
334
332
331
303
264
238
213
161
97
51
13
-41
-95
-125
-140
-150
-153
-149
-154
-172
-173
-154
-142
-140
-149
-165
-194
-217
-220
-207
-194
-168
-127
-90
-60
-24
27
74
109
122
121
124
155
205
236
248
258
275
284
276
265
255
246
228
199
194
231
280
291
254
205
170
139
114
89
46
10
27
75
66
-15
-83
-70
-9
39
51
32
16
20
29
23
-5
-32
-39
-15
16
-3
-70
-142
-157
-129
-121
-143
-176
-187
-186
-178
-157
-134
-115
-88
-56
-35
-37
-57
-89
-117
-129
-119
-108
-98
-73
-34
-1
-6
-49
-101
-141
-159
-173
-192
-216
-238
-252
-240
-189
-125
-91
-87
-95
-109
-138
-168
-178
-176
-147
-104
-65
-57
-67
-68
-55
-27
12
64
116
144
137
109
87
91
102
103
85
70
61
53
53
84
144
197
212
211
223
253
278
287
276
252
224
195
166
136
118
118
147
201
249
267
246
210
172
116
50
-10
-59
-113
-156
-141
-109
-118
-166
-194
-175
-132
-79
-43
-52
-95
-119
-97
-59
-31
-27
-30
-17
15
47
53
51
34
-15
-85
-120
-113
-91
-76
-73
-83
-94
-84
-62
-62
-74
-61
-17
36
58
42
8
-20
-22
-6
18
55
94
126
130
106
65
15
-19
-34
-33
-28
-17
-10
-22
-55
-98
-135
-168
-194
-209
-211
-193
-157
-128
-120
-122
-117
-117
-128
-125
-105
-78
-50
-8
44
89
129
161
176
170
156
146
149
150
148
144
151
158
145
130
140
178
216
224
196
158
142
153
152
121
81
55
33
10
5
9
8
-11
-29
-27
-20
-32
-68
-111
-127
-113
-84
-72
-70
-55
-30
-11
-11
-23
-56
-100
-125
-118
-87
-50
-12
20
26
8
-5
-7
-10
-37
-78
-116
-134
-113
-50
18
55
39
1
-24
-35
-58
-99
-127
-122
-103
-86
-80
-87
-110
-137
-160
-187
-203
-186
-134
-83
-66
-73
-72
-57
-39
-26
-11
-11
-28
-50
-54
-37
-9
24
43
44
42
63
101
121
113
113
138
175
201
195
172
149
138
121
107
115
137
159
184
212
230
224
207
197
189
172
146
125
123
144
160
143
95
44
-13
-86
-147
-165
-142
-142
-176
-210
-212
-182
-147
-127
-129
-134
-129
-130
-136
-124
-92
-72
-74
-78
-76
-85
-95
-90
-61
-38
-34
-28
-3
34
50
48
56
80
96
90
72
57
50
53
59
50
26
13
24
44
63
74
84
87
95
118
136
134
100
64
36
15
-4
-10
10
29
34
27
17
1
-11
-6
10
16
9
11
31
43
18
-39
-80
-77
-54
-68
-108
-142
-142
-126
-120
-122
-141
-168
-206
-241
-262
-260
-237
-205
-157
-91
-35
-22
-50
-81
-99
-102
-89
-62
-37
-26
-25
-21
0
21
32
37
44
54
57
65
89
113
120
119
134
154
157
150
137
113
79
65
89
124
137
135
134
132
122
106
91
81
85
100
106
106
113
125
120
97
77
72
78
76
58
28
0
-15
-19
-30
-44
-63
-75
-82
-76
-65
-70
-86
-99
-100
-92
-87
-88
-99
-124
-148
-143
-100
-42
-25
-58
-108
-132
-130
-137
-151
-152
-119
-77
-47
-29
-21
-21
-35
-46
-49
-52
-58
-58
-42
-16
4
15
27
40
54
59
56
51
47
38
19
11
19
38
67
103
140
159
158
136
109
89
78
54
12
-26
-32
-10
12
21
10
0
7
34
67
84
99
114
118
95
64
64
100
136
158
163
166
162
150
138
130
132
141
148
143
122
101
94
89
67
26
-11
-32
-43
-52
-66
-86
-104
-116
-120
-131
-145
-164
-180
-181
-176
-176
-187
-189
-195
-218
-252
-262
-247
-234
-240
-263
-284
-298
-311
-326
-321
-293
-249
-205
-171
-148
-129
-99
-62
-36
-20
-7
6
22
38
56
73
86
98
105
105
102
101
107
116
118
127
149
173
184
173
164
165
166
166
167
170
164
153
144
126
109
112
131
144
145
152
162
166
162
148
128
116
127
148
151
133
122
122
115
96
78
73
76
78
80
76
71
67
59
45
27
12
-6
-28
-47
-68
-94
-113
-111
-97
-95
-116
-141
-165
-190
-220
-244
-256
-273
-282
-278
-274
-278
-288
-286
-270
-256
-248
-232
-194
-154
-140
-148
-141
-102
-54
-22
-5
15
27
35
57
92
127
150
170
181
171
159
147
134
115
109
115
114
107
110
114
111
107
99
92
83
76
66
62
71
86
81
59
55
69
69
40
6
-6
-3
-5
-19
-34
-40
-49
-66
-66
-44
-27
-29
-34
-23
1
20
18
-3
