-1.11954
-4.95696
-18.3879
-53.5643
-91.9385
-97.0551
-60.5996
-5.59653
35.9755
64.1166
68.5936
39.1734
0.799171
-10.7131
3.35745
24.4633
38.5338
46.8482
44.2899
31.4985
19.9863
12.951
9.75315
14.8697
29.5798
35.9755
26.382
12.3114
2.71788
-1.11954
-1.11954
5.91573
3.35745
-26.7023
-58.6809
-71.4723
-60.5996
-40.7729
-17.7484
16.1489
33.4173
36.6151
39.1734
35.9755
27.6611
14.2301
18.7071
26.382
25.1028
22.5446
23.1841
21.2654
7.83444
3.99702
10.3927
10.3927
-4.95696
-24.1441
-33.7376
-38.2146
-31.8189
-15.1901
-9.43395
-18.3879
-27.9815
-27.9815
-27.9815
-33.098
-31.1793
-17.1088
-8.15481
-0.479969
9.75315
16.7884
19.3467
9.75315
10.3927
19.3467
25.7424
35.9755
46.2087
51.9648
39.813
19.3467
11.0323
15.5093
25.1028
34.0568
33.4173
20.6258
-0.479969
-13.9109
-22.8649
-29.9002
-17.7484
5.27616
15.5093
0.799171
-20.9462
-22.8649
-22.8649
-19.6671
-1.75911
23.8237
40.4525
40.4525
34.6964
26.382
6.5553
-22.8649
-45.2499
-54.8434
-50.3664
-40.1333
-33.7376
-33.098
-45.2499
-58.6809
-63.1578
-61.2391
-42.6916
-13.9109
16.1489
28.9403
34.6964
42.3712
39.1734
16.1489
1.43874
14.2301
39.813
55.1626
67.954
82.6642
71.1519
46.2087
25.7424
19.3467
7.83444
-4.95696
4.63659
18.7071
14.8697
-2.39868
-31.8189
-63.7974
-75.9492
-51.6456
-6.2361
25.1028
30.2194
18.0676
-8.15481
-46.529
-64.437
-48.4477
-11.9922
32.7777
77.5476
92.8973
57.0813
-4.95696
-51.6456
-61.2391
-35.0168
16.1489
62.8375
70.5123
27.6611
-28.6211
-71.4723
-81.0658
-60.5996
-19.6671
23.1841
39.813
21.905
-14.5505
-54.8434
-79.7867
-66.3557
-7.51524
52.6044
69.2332
47.4878
11.0323
-31.1793
-58.6809
-35.0168
16.7884
57.7209
69.8728
68.5936
54.5231
16.1489
-18.3879
-32.4585
-27.9815
-10.0735
17.428
38.5338
23.8237
-18.3879
-58.0413
-74.0305
-59.96
-23.5045
11.0323
15.5093
-4.31739
-24.1441
-44.6103
-57.4017
-57.4017
-47.1686
-32.4585
-22.8649
-7.51524
0.799171
-10.0735
-20.3066
-20.3066
-10.0735
-1.75911
-3.03825
1.43874
5.27616
3.35745
5.27616
17.428
20.6258
2.71788
-10.7131
-2.39868
14.2301
20.6258
34.0568
54.5231
57.7209
46.8482
35.336
21.2654
-0.479969
-17.1088
-3.67782
18.0676
31.4985
39.1734
38.5338
20.6258
-6.87567
-12.6318
-1.75911
7.83444
4.63659
-4.31739
-16.4692
-31.1793
-28.6211
-20.3066
-24.1441
-38.8542
-23.5045
13.5906
28.9403
16.7884
-0.479969
-18.3879
-42.052
-39.4937
2.07831
35.336
48.1274
53.2439
61.5583
37.8942
-17.1088
-44.6103
-26.0628
14.2301
52.6044
97.3743
124.236
86.5016
8.47401
-38.2146
-46.529
-44.6103
-11.3527
57.7209
100.572
67.3145
2.71788
-36.9355
-58.0413
-66.9953
-35.0168
25.1028
46.2087
12.3114
-24.1441
-38.2146
-40.1333
-26.0628
19.9863
51.3252
30.2194
-6.2361
-12.6318
-4.31739
-4.31739
6.5553
29.5798
34.0568
18.7071
10.3927
5.27616
-17.1088
-35.6563
-13.9109
16.1489
12.3114
-13.9109
-28.6211
-36.2959
-42.6916
-25.4232
14.2301
27.6611
-6.2361
-33.7376
-29.2606
-17.1088
-11.3527
9.75315
35.336
24.4633
-11.9922
-34.3772
-45.2499
-51.6456
-35.6563
11.6719
51.3252
48.7669
29.5798
11.0323
-14.5505
-34.3772
-22.2254
8.47401
12.3114
-8.79438
-13.9109
-9.43395
-17.1088
-33.098
-25.4232
-7.51524
-1.11954
6.5553
19.3467
16.1489
-13.9109
-34.3772
-21.5858
2.71788
21.2654
37.8942
44.2899
25.7424
-0.479969
-6.87567
-4.31739
-10.0735
-8.79438
15.5093
44.9295
49.4065
33.4173
9.11358
-19.0275
-41.4125
-37.575
-10.0735
14.8697
27.6611
28.9403
20.6258
0.799171
-22.2254
-29.2606
-17.1088
2.71788
23.1841
39.1734
37.2547
13.5906
-15.8297
-19.6671
-4.95696
8.47401
18.0676
26.382
18.7071
-10.0735
-38.8542
-47.1686
-35.6563
-6.2361
34.6964
65.3958
65.3958
33.4173
-11.9922
-45.2499
-46.529
-10.7131
37.2547
55.8022
25.7424
-30.5398
-75.9492
-86.8219
-56.7621
-2.39868
39.1734
39.813
10.3927
-16.4692
-26.0628
-26.7023
-19.0275
-1.75911
19.3467
33.4173
34.6964
23.8237
6.5553
-8.79438
-11.9922
2.07831
22.5446
36.6151
38.5338
28.9403
12.3114
-6.2361
-18.3879
-20.9462
-10.0735
17.428
43.6504
39.1734
-4.31739
-65.0766
-104.09
-101.532
-50.3664
22.5446
75.6289
78.1872
32.7777
-23.5045
-56.1226
-50.3664
-10.7131
34.0568
54.5231
43.6504
14.8697
-18.3879
-47.8082
-51.6456
-15.1901
37.2547
60.2792
37.8942
-10.0735
-53.5643
-68.914
-40.1333
14.8697
57.7209
68.5936
45.5691
5.91573
-28.6211
-51.6456
-63.1578
-59.96
-36.2959
3.35745
47.4878
72.431
50.6856
-11.3527
-67.6348
-79.7867
-50.3664
-5.59653
34.0568
48.7669
35.9755
11.0323
-0.479969
6.5553
25.7424
41.7317
46.8482
37.2547
11.6719
-20.3066
-43.9707
-45.8895
-22.8649
15.5093
44.9295
45.5691
27.6611
9.75315
9.11358
14.2301
19.9863
14.8697
-5.59653
-38.2146
-65.0766
-66.3557
-36.9355
7.83444
44.2899
52.6044
31.4985
-10.0735
-52.2852
-66.9953
-41.4125
21.905
98.0138
151.738
145.982
73.7102
-26.7023
-99.6133
-110.486
-66.9953
-3.03825
49.4065
74.3497
62.8375
19.9863
-32.4585
-66.9953
-75.9492
-58.6809
-17.1088
37.2547
74.9893
67.954
14.2301
-49.0873
-90.6594
-99.6133
-86.1824
-56.7621
-7.51524
47.4878
81.385
71.7915
24.4633
-36.2959
-82.9845
-75.3097
4.63659
119.759
193.31
176.041
78.1872
-53.5643
-152.058
-162.291
-84.2637
18.7071
85.862
94.1764
46.2087
-31.1793
-99.6133
-113.044
-68.2744
11.6719
95.4556
144.063
122.318
21.905
-115.603
-216.015
-218.573
-120.08
25.1028
140.225
172.204
117.841
-1.75911
-122.638
-173.803
-121.359
3.35745
136.388
221.451
215.055
112.724
-38.8542
-156.535
-177.001
-94.4968
46.2087
166.448
194.589
103.77
-63.1578
-215.376
-269.739
-191.072
-20.3066
150.459
231.044
188.193
59.6396
-84.2637
-169.966
-153.977
-53.5643
66.6749
142.144
145.982
83.9433
-8.79438
-81.0658
-97.6946
-59.3204
8.47401
73.7102
101.851
76.2685
26.382
-6.2361
-15.1901
-8.79438
1.43874
4.63659
-8.79438
-16.4692
-2.39868
11.6719
-2.39868
-35.0168
-58.6809
-60.5996
-36.2959
12.951
57.7209
51.9648
-6.87567
-77.2284
-114.323
-93.8572
-19.6671
79.4663
151.098
153.017
87.1411
-6.87567
-78.5075
-92.5781
-48.4477
27.6611
94.1764
114.643
76.2685
-5.59653
-74.6701
-86.8219
-52.2852
-11.3527
18.0676
43.0108
61.5583
57.7209
26.382
-19.6671
-81.7054
-142.465
-151.419
-70.8327
62.8375
158.773
163.89
95.4556
-9.43395
-106.649
-150.139
-115.603
-27.9815
65.3958
123.597
120.399
48.1274
-45.8895
-101.532
-83.6241
-6.87567
85.862
131.271
83.9433
-29.9002
-125.836
-136.708
-68.914
24.4633
83.3037
80.7454
37.8942
-4.31739
-24.7836
-42.052
-68.914
-88.7407
-78.5075
-33.098
23.1841
58.3605
63.477
45.5691
13.5906
-26.0628
-54.2039
-44.6103
7.19487
79.4663
147.261
185.635
156.854
39.1734
-114.963
-201.945
-159.093
-20.3066
126.155
192.031
131.271
-33.098
-195.549
-249.273
-169.326
-12.6318
132.551
194.589
151.738
37.8942
-77.868
-141.825
-143.104
-89.3802
-14.5505
49.4065
69.2332
37.2547
-19.6671
-60.5996
-49.7269
1.43874
57.0813
92.2577
93.5368
60.2792
3.99702
-37.575
-45.2499
-26.7023
1.43874
33.4173
58.3605
51.3252
2.71788
-70.8327
-140.546
-162.291
-102.811
23.8237
137.028
161.971
96.7347
-7.51524
-104.73
-162.291
-139.906
-45.8895
55.8022
100.572
83.3037
31.4985
-31.8189
-77.868
-63.7974
17.428
116.561
172.204
149.819
56.4418
-72.7514
-164.21
-160.373
-62.5183
69.8728
165.808
188.193
119.12
-23.5045
-176.362
-249.912
-196.188
-49.0873
108.247
202.264
181.158
46.2087
-125.836
-217.934
-177.001
-54.8434
58.3605
108.887
90.9786
34.0568
-20.3066
-42.052
-24.7836
9.75315
48.7669
89.0599
127.434
145.342
110.166
17.428
-92.5781
-166.129
-147.581
-25.4232
147.261
251.511
200.985
14.2301
-203.224
-322.184
-265.902
-49.7269
204.182
339.771
271.337
45.5691
-206.422
-344.569
-288.287
-56.1226
218.893
371.11
317.386
108.887
-121.359
-237.761
-184.037
0.799171
204.822
319.305
298.839
162.61
-17.7484
-160.373
-211.538
-161.012
-41.4125
105.689
216.334
225.928
110.805
-73.391
-227.527
-283.81
-216.655
-51.6456
134.469
232.963
177.321
3.99702
-189.153
-295.961
-261.425
-106.009
81.385
202.903
194.589
59.6396
-131.592
-271.658
-274.856
-140.546
46.8482
183.077
196.508
89.0599
-74.0305
-202.584
-244.156
-200.026
-104.73
-1.75911
76.908
94.1764
38.5338
-68.2744
-167.408
-203.863
-155.256
-37.575
85.862
147.9
117.201
24.4633
-70.8327
-120.719
-107.928
-50.3664
17.428
61.5583
69.2332
45.5691
-1.75911
-48.4477
-72.7514
-57.4017
-17.1088
26.382
65.3958
80.1059
59.6396
20.6258
0.159601
7.83444
39.813
83.9433
112.724
101.212
58.3605
27.6611
32.1381
66.0353
114.643
168.367
200.985
181.798
117.201
39.1734
-17.1088
-29.2606
18.0676
117.841
217.613
261.104
218.893
109.526
-9.43395
-82.9845
-79.7867
-12.6318
88.4203
185.635
221.451
165.169
46.2087
-70.8327
-133.511
-108.567
-0.479969
128.713
196.508
164.529
60.2792
-62.5183
-145.662
-137.348
-38.2146
89.0599
158.133
136.388
44.2899
-73.391
-184.037
-255.668
-260.785
-199.386
-106.009
-30.5398
-17.7484
-80.4262
-191.711
-294.682
-340.092
-308.113
-214.096
-113.684
-68.2744
-108.567
-197.468
-275.495
-311.951
-298.52
-235.202
-143.744
-68.2744
-50.3664
-93.8572
-173.164
-247.994
-271.658
-220.492
-117.521
-11.9922
51.9648
53.8835
-0.479969
-80.4262
-132.231
-118.161
-43.9707
45.5691
114.643
155.575
163.89
121.678
48.7669
3.99702
35.336
125.515
227.207
301.397
308.432
242.557
160.052
135.748
192.031
285.408
362.156
378.146
328.899
262.383
232.963
247.673
279.012
294.362
284.768
257.906
241.278
246.394
247.673
237.44
227.207
211.218
170.925
126.794
125.515
158.773
167.087
137.667
113.364
112.724
101.212
60.9188
27.6611
28.9403
47.4878
49.4065
39.813
35.9755
20.6258
-25.4232
-77.2284
-85.5428
-52.2852
-31.1793
-46.529
-63.7974
-66.9953
-81.0658
-121.998
-166.129
-197.468
-228.807
-261.425
-267.82
-248.633
-246.714
-281.251
-329.219
-373.349
-417.48
-459.691
-481.437
-487.193
-499.984
-522.369
-540.917
-549.231
-562.023
-585.047
-600.397
-586.326
-540.917
-483.355
-435.388
-404.688
-378.466
-334.975
-273.576
-212.178
-164.85
-118.8
-58.0413
12.3114
71.1519
106.968
127.434
149.819
190.752
262.383
351.923
426.753
456.173
442.103
419.078
417.799
444.661
486.873
528.445
566.819
598.797
601.995
559.144
488.152
438.265
431.869
458.092
499.024
538.678
552.109
516.293
440.823
368.552
341.69
350.004
355.121
336.574
305.874
285.408
259.186
218.253
172.204
131.911
96.7347
65.3958
48.7669
58.3605
66.0353
40.4525
-8.79438
-43.3312
-43.9707
-53.5643
-100.892
-145.662
-132.231
-66.9953
-20.9462
-35.6563
-87.4615
-136.708
-152.058
-126.475
-75.9492
-46.529
-72.1118
-142.465
-223.69
-294.682
-348.406
-385.501
-418.119
-458.412
-510.217
-569.697
-636.852
-712.961
-790.349
-852.387
-885.645
-888.203
-869.016
-845.352
-833.84
-849.829
-889.483
-918.263
-902.913
-832.561
-721.276
-587.605
-449.458
-326.661
-233.923
-164.85
-93.2176
2.07831
128.074
273.256
412.682
520.77
581.529
601.356
608.391
628.218
671.708
736.944
807.937
847.59
820.728
748.457
687.058
662.754
672.348
704.966
735.026
734.386
691.535
634.613
589.204
564.9
561.063
569.377
582.168
577.052
541.876
480.477
425.474
405.008
403.089
378.146
325.061
286.047
268.14
237.44
186.914
147.261
112.084
44.2899
-38.2146
-79.1471
-73.391
-74.0305
-104.73
-145.662
-178.92
-194.909
-180.199
-140.546
-111.126
-107.928
-116.242
-103.451
-59.3204
-13.2714
-11.9922
-90.0198
-226.888
-374.629
-475.681
-500.624
-460.97
-416.84
-437.946
-547.952
-720.636
-902.913
-1047.46
-1124.84
-1128.68
-1094.78
-1065.36
-1067.92
-1103.74
-1165.78
-1234.21
-1264.91
-1223.98
-1110.13
-954.079
-793.547
-656.039
-556.906
-483.995
-409.165
-306.195
-162.931
22.5446
244.475
468.325
646.765
747.178
779.796
783.633
799.622
850.148
932.013
1012.6
1051.61
1027.31
949.921
857.184
783.633
752.294
750.375
750.375
740.782
720.955
705.606
692.175
671.708
642.928
616.705
613.507
644.207
684.5
696.012
651.242
570.017
490.07
436.346
407.566
396.693
399.251
409.485
403.089
353.202
260.465
158.133
88.4203
70.5123
85.862
96.0951
70.5123
11.0323
-53.5643
-114.963
-177.641
-223.69
-221.132
-175.083
-116.882
-54.8434
16.7884
76.908
68.5936
-25.4232
-180.199
-343.929
-457.133
-475.041
-408.526
-338.173
-361.837
-520.451
-771.802
-1014.84
-1166.42
-1211.19
-1200.95
-1197.12
-1231.01
-1298.17
-1377.47
-1449.11
-1507.95
-1549.52
-1544.4
-1453.58
-1272.59
-1058.97
-886.924
-787.151
-727.671
-636.852
-459.052
-205.782
48.7669
225.928
320.584
395.414
515.653
685.139
843.753
923.059
908.989
855.265
832.88
875.731
958.236
1026.67
1024.11
942.886
835.438
752.934
694.093
636.532
574.494
518.211
495.826
515.014
550.19
557.225
522.049
502.862
543.794
632.055
730.549
804.739
830.322
795.785
746.538
738.224
742.701
706.885
636.532
581.529
554.027
543.794
544.434
508.618
397.972
255.988
170.925
161.331
174.762
178.6
152.377
79.4663
-14.5505
-59.96
-29.9002
25.7424
69.2332
121.678
176.681
165.169
34.0568
-181.478
-367.593
-434.109
-372.71
-255.029
-217.934
-370.152
-696.332
-1048.1
-1256.6
-1286.66
-1231.01
-1215.66
-1305.2
-1471.49
-1633.3
-1736.91
-1794.47
-1838.6
-1865.47
-1818.78
-1667.84
-1447.83
-1252.76
-1150.43
-1112.05
-1038.5
-838.956
-496.786
-76.5888
305.235
560.423
692.814
774.04
842.474
873.812
847.59
820.089
869.335
1025.39
1218.54
1309.36
1180.17
839.915
457.452
240.638
277.733
486.873
696.652
767.004
653.8
414.601
154.296
-25.4232
-74.6701
9.75315
190.752
390.937
539.957
586.006
536.119
444.661
406.287
507.978
735.026
977.423
1107.9
1091.91
987.016
872.533
801.541
767.004
745.898
719.036
678.744
629.497
579.61
523.328
426.753
288.606
170.925
141.505
211.857
316.747
380.064
353.842
264.942
193.949
174.123
160.692
90.9786
-36.9355
-159.093
-199.386
-141.825
-74.0305
-126.475
-368.233
-728.311
-1041.06
-1179.21
-1145.31
-1061.53
-1069.84
-1232.29
-1508.59
-1788.08
-1983.79
-2070.13
-2060.54
-1979.31
-1852.04
-1710.05
-1600.68
-1557.83
-1568.71
-1558.47
-1420.97
-1103.1
-650.283
-196.828
123.597
269.419
316.747
397.972
593.041
880.208
1168.01
1379.07
1478.21
1460.94
1325.35
1095.74
851.427
695.372
707.524
854.625
992.773
944.165
626.299
145.342
-260.785
-386.141
-201.945
119.759
357.679
377.506
203.543
-22.2254
-148.221
-110.486
58.3605
289.885
524.607
710.082
814.972
833.52
790.668
738.863
759.969
890.441
1062.49
1159.06
1117.49
965.271
773.4
636.532
612.228
661.475
683.86
630.776
545.073
468.965
413.962
367.912
325.061
290.524
299.478
386.46
506.06
540.596
400.531
108.887
-195.549
-337.533
-232.004
26.382
193.31
68.5936
-328.579
-799.943
-1117.17
-1178.57
-1054.49
-931.055
-986.697
-1257.87
-1623.07
-1915.99
-2063.09
-2098.27
-2083.56
-2040.07
-1960.76
-1855.87
-1764.41
-1728.6
-1738.19
-1710.69
-1536.09
-1166.42
-688.657
-276.774
-54.2039
14.2301
81.385
273.256
598.158
963.992
1262.67
1439.83
1525.53
1566.47
1569.66
1508.91
1386.11
1261.39
1178.25
1113.01
988.296
743.98
401.17
67.954
-121.998
-131.592
-58.6809
-43.3312
-146.942
-297.241
-368.233
-287.007
-102.811
69.8728
160.692
197.147
245.115
335.294
448.498
535.48
580.889
616.705
688.337
795.785
896.837
960.794
969.108
926.257
880.208
883.406
906.431
875.092
783.633
704.966
689.616
690.256
659.556
593.041
511.816
452.975
463.848
568.098
680.662
649.963
420.357
85.862
-169.966
-210.899
-40.7729
184.356
244.475
24.4633
-410.444
-861.981
-1131.88
-1163.22
-1055.77
-992.453
-1096.7
-1369.8
-1705.57
-1978.67
-2130.25
-2184.61
-2183.97
-2136.64
-2038.79
-1935.82
-1899.36
-1945.41
-1991.46
-1915.99
-1648.65
-1222.7
-759.65
-407.247
-233.923
-159.733
-35.0168
226.567
600.076
988.935
1311.92
1540.24
1695.66
1790.32
1806.31
1737.23
1627.23
1567.75
1609.32
1663.68
1558.15
1178.89
581.529
7.83444
-287.007
-226.248
23.8237
166.448
16.1489
-366.314
-740.463
-867.737
-702.728
-367.593
-26.0628
213.136
324.422
336.574
297.56
258.546
275.175
398.612
662.115
987.656
1201.91
1194.24
1034.98
903.872
914.745
1059.93
1247.32
1339.42
1253.72
1049.05
864.219
804.099
852.067
910.908
919.222
888.523
867.417
832.24
671.069
325.701
-107.928
-398.932
-375.908
-99.6133
160.692
126.794
-287.647
-908.03
-1409.45
-1552.72
-1381.95
-1171.53
-1174.73
-1432.48
-1801.51
-2111.06
-2288.22
-2352.18
-2341.31
-2287.58
-2197.4
-2087.4
-2011.29
-2029.84
-2120.66
-2130.25
-1900
-1422.88
-874.772
-480.158
-335.615
-334.336
-255.029
59.0001
575.133
1089.35
1416.81
1536.41
1579.9
1670.72
1815.26
1941.26
1992.42
1977.07
1947.01
1923.99
1856.19
1630.42
1169.93
563.621
23.8237
-263.343
-279.972
-194.27
-201.945
-408.526
-755.173
-1070.48
-1199.67
-1091.59
-817.851
-494.868
-207.701
-3.03825
112.084
166.448
217.613
321.224
518.211
797.064
1094.46
1311.92
1404.66
1423.84
1450.07
1542.16
1691.82
1845.96
1916.95
1858.75
1705.25
1545.36
1467.33
1467.97
1485.24
1458.38
1345.18
1081.67
635.892
108.247
-295.322
-428.992
-348.406
-245.435
-338.813
-729.59
-1323.75
-1876.34
-2128.33
-2039.43
-1824.53
-1762.5
-1962.68
-2324.68
-2663.65
-2840.81
-2817.79
-2654.06
-2458.35
-2299.73
-2194.85
-2147.52
-2143.68
-2128.33
-1983.15
-1620.51
-1094.14
-570.977
-212.178
-67.6348
-33.098
92.2577
454.894
1010.04
1537.69
1843.4
1922.71
1917.59
1968.76
2096.03
2229.7
2300.05
2287.9
2227.78
2136.32
1944.45
1546.64
956.957
354.481
-70.1931
-254.389
-287.007
-343.929
-573.535
-955.998
-1307.12
-1462.54
-1420.33
-1284.74
-1124.2
-939.369
-729.59
-517.892
-309.392
-90.6594
128.713
363.435
678.744
1070.16
1402.74
1570.94
1658.57
1817.18
2094.11
2397.91
2605.77
2645.42
2509.19
2327.56
2273.83
2381.28
2484.89
2356.98
1897.76
1186.56
431.23
-107.928
-271.658
-154.616
-75.9492
-340.731
-1004.61
-1827.73
-2505.04
-2816.51
-2716.73
-2414.86
-2264.56
-2485.85
-2974.48
-3423.46
-3602.54
-3455.44
-3058.9
-2602.89
-2304.21
-2251.77
-2348.34
-2388
-2235.14
-1852.04
-1268.11
-627.259
-133.511
94.816
140.865
221.451
502.222
1005.56
1606.76
2080.04
2258.48
2183.01
2074.29
2135.04
2351.86
2555.24
2616
2513.03
2289.82
1977.71
1581.82
1114.29
621.182
214.416
14.8697
-3.67782
-36.9355
-301.718
-827.444
-1378.75
-1660.16
-1570.62
-1261.07
-997.57
-932.334
-1028.91
-1108.22
-990.535
-660.516
-240.319
140.865
438.905
683.221
919.222
1176.33
1482.68
1853.63
2261.68
2642.22
2895.49
2954.33
2854.56
2744.56
2801.48
3063.06
3293.31
3099.52
2278.31
1076.56
91.6181
-210.259
122.318
552.748
419.078
-551.15
-2019.6
-3268.04
-3701.03
-3333.92
-2742.96
-2571.55
-3039.72
-3859.01
-4542.07
-4749.29
-4438.46
-3835.98
-3255.25
-2903.49
-2819.71
-2889.42
-2911.8
-2680.92
-2038.79
-1044.26
-31.1793
595.599
683.221
511.816
569.377
1168.01
2185.57
3125.74
3506.92
3265.8
2807.23
2671.64
3052.83
3642.51
3954.62
3725.02
3081.61
2353.78
1780.08
1418.09
1172.49
920.501
621.182
266.221
-170.606
-722.555
-1346.14
-1819.42
-1930.06
-1698.54
-1411.37
-1399.86
-1697.9
-2017.68
-2010.01
-1546.32
-836.398
-255.029
-40.1333
-82.9845
-19.6671
404.368
1111.09
1822.93
2317.96
2582.1
2726.01
2859.68
3054.11
3281.79
3478.14
3541.46
3285.63
2642.86
1769.21
1020.27
713.92
848.23
1082.31
887.243
-39.4937
-1431.84
-2638.07
-3099.84
-2789.65
-2283.75
-2260.08
-2932.91
-3947.27
-4700.04
-4803.65
-4320.14
-3679.29
-3339.68
-3394.04
-3598.06
-3663.3
-3417.7
-2870.23
-2128.97
-1349.97
-737.265
-420.678
-334.336
-232.644
158.133
912.187
1839.56
2553.96
2727.93
2446.52
2168.3
2339.71
3000.38
3682.17
3826.07
3266.44
2326.28
1582.46
1435.36
1830.61
2305.17
2291.74
1605.48
552.109
-338.813
-672.029
-478.239
-91.9385
104.41
-125.196
-725.753
-1370.44
-1652.49
-1379.39
-734.707
-89.3802
229.126
107.607
-231.365
-358.639
61.5583
985.737
1971.31
2555.24
2597.45
2339.07
2206.68
2487.45
3061.78
3338.72
2857.76
1842.12
1003.65
852.067
1222.38
1522.34
1176.33
62.1979
-1360.21
-2393.11
-2588.82
-2173.1
-1884.01
-2272.23
-3212.4
-4143.62
-4620.1
-4556.14
-4150.65
-3733.01
-3582.07
-3713.82
-3909.53
-3927.44
-3645.39
-3094.08
-2334.91
-1505.39
-879.249
-645.806
-640.69
-453.296
184.995
1167.38
2122.25
2649.26
2585.94
2216.91
2089.64
2539.89
3323.37
3776.18
3501.17
2752.87
2111.38
1938.7
2155.51
2410.7
2315.4
1720.6
885.964
263.023
72.431
151.098
168.367
-31.8189
-363.756
-712.322
-1009.08
-1160.66
-1028.27
-618.944
-155.256
121.678
117.841
-30.5398
-51.006
306.514
1070.8
1899.04
2342.91
2291.74
2084.52
2164.47
2536.69
2685.71
2236.74
1412.33
848.23
958.236
1471.81
1727.64
1141.15
-244.156
-1617.31
-2164.79
-1751.62
-1085.19
-1101.18
-2070.77
-3409.39
-4230.6
-4155.77
-3559.69
-3096.64
-3162.51
-3672.25
-4126.35
-4105.24
-3626.84
-2989.83
-2478.17
-2096.35
-1746.51
-1428
-1163.86
-883.087
-400.211
335.934
1119.41
1660.48
1776.25
1583.1
1502.51
1912.47
2754.79
3485.82
3496.69
2747.75
1888.17
1657.93
2171.5
2827.7
2956.89
2342.27
1338.78
583.448
465.767
828.403
1120.05
900.035
247.034
-384.222
-651.562
-574.814
-364.395
-143.104
34.0568
96.7347
37.2547
-47.8082
4.63659
312.909
859.742
1487.16
1931.02
1993.06
1797.35
1776.25
2227.14
2732.4
2556.52
1645.13
700.489
483.035
1040.74
1732.12
1780.72
773.4
-840.875
-2083.56
-2240.89
-1468.29
-784.593
-1100.54
-2334.27
-3603.18
-4137.22
-3850.05
-3181.06
-2681.56
-2753.83
-3334.56
-3903.14
-3972.21
-3445.2
-2651.5
-1981.23
-1576.38
-1464.46
-1566.79
-1600.68
-1176.65
-230.725
778.517
1319.59
1252.44
848.869
591.762
885.964
1755.78
2732.4
3072.02
2464.42
1447.51
929.455
1286.97
2034.63
2446.52
2170.86
1356.69
486.873
67.3145
276.454
779.156
969.108
577.052
-92.5781
-569.058
-669.47
-468.645
-56.7621
433.149
722.234
617.984
300.758
178.6
518.211
1239.65
2024.4
2540.53
2560.36
2209.23
2019.92
2249.53
2439.48
2085.16
1362.44
917.943
1022.19
1304.88
1255.64
545.713
-634.294
-1664
-2020.88
-1611.56
-1093.51
-1362.12
-2529.34
-3723.42
-4040.64
-3528.35
-2917.56
-2743.6
-3092.16
-3673.53
-3946.63
-3569.92
-2679.64
-1848.84
-1558.47
-1630.74
-1573.18
-1172.81
-592.722
21.2654
687.698
1261.39
1540.24
1566.47
1538.33
1617.63
1868.98
2301.33
2810.43
3022.13
2576.35
1717.41
1195.52
1446.23
2016.72
2154.87
1631.06
752.934
24.4633
-216.015
25.1028
383.262
344.248
-253.75
-963.673
-1196.48
-877.97
-465.447
-269.739
-180.839
-54.8434
74.9893
188.193
403.728
793.866
1279.3
1755.78
2166.38
2463.78
2573.79
2605.13
2528.38
2063.41
1327.91
827.124
1047.78
1695.66
1936.14
1285.06
-162.291
-1559.11
-2083.56
-1641.62
-818.49
-601.036
-1578.3
-3227.11
-4252.34
-3904.42
-2789.01
-2092.51
-2315.08
-3170.19
-3948.55
-3954.94
-3096
-1868.66
-1090.95
-1147.87
-1534.81
-1517.54
-878.61
2.07831
786.831
1405.3
1711.65
1642.58
1487.8
1610.6
2078.76
2637.11
3000.38
3084.17
2771.42
2076.84
1451.98
1505.07
2186.21
2557.8
1972.59
831.601
-39.4937
-229.446
66.0353
398.612
340.411
-327.3
-1287.93
-1807.91
-1471.49
-708.484
-308.113
-441.144
-631.096
-583.128
-363.116
-52.9247
406.287
1003.01
1501.23
1805.67
2021.84
2242.49
2360.17
2067.89
1523.62
1223.02
1329.19
1617.63
1691.82
1389.31
657.638
-394.455
-1223.98
-1436.32
-1146.59
-928.496
-1357.01
-2373.92
-3340.95
-3679.29
-3379.33
-2935.47
-2805
-3110.71
-3677.37
-3993.32
-3669.05
-2850.4
-2065.65
-1780.4
-1862.91
-1825.17
-1376.83
-579.931
293.722
1004.92
1372.68
1390.59
1389.95
1703.33
2286.62
2829.62
3084.81
3098.88
2989.51
2736.88
2430.53
2312.85
2494.48
2662.69
2392.79
1728.28
1049.69
637.811
501.583
491.349
420.997
94.816
-542.835
-1189.44
-1418.41
-1167.7
-834.479
-767.964
-846.631
-808.257
-625.34
-382.303
-97.0551
270.058
664.673
1008.76
1351.57
1746.19
2128.01
2103.71
1448.79
682.581
458.092
873.173
1390.59
1542.8
1108.53
21.2654
-1185.6
-1758.02
-1488.76
-951.521
-940.648
-1727.96
-2849.13
-3534.74
-3484.86
-3046.11
-2725.69
-2771.1
-3229.03
-3766.91
-3822.55
-3216.24
-2339.39
-1788.72
-1715.17
-1774.65
-1567.43
-1002.05
-232.004
583.448
1222.38
1466.05
1426.4
1546.64
2007.77
2576.35
2947.3
3077.77
3084.81
2978
2776.53
2660.13
2794.44
2965.85
2768.22
2209.23
1671.36
1404.66
1323.43
1247.32
1054.81
679.383
156.215
-321.544
-505.101
-374.629
-194.27
-205.142
-279.972
-180.199
66.6749
271.337
383.262
565.54
908.989
1343.9
1768.57
2146.56
2131.85
1244.76
17.428
-350.325
544.434
1716.13
1921.43
940.967
-714.88
-2065.01
-2268.4
-1449.11
-500.624
-530.044
-1904.48
-3691.44
-4414.79
-3627.48
-2430.85
-2104.67
-2776.85
-3809.76
-4496.02
-4291.36
-3248.86
-2014.49
-1460.62
-1877.62
-2492.88
-2348.98
-1325.03
-134.15
694.093
1150.11
1230.05
1020.27
1004.92
1599.72
2594.26
3325.92
3416.1
3125.74
2809.15
2546.93
2461.87
2834.1
3464.07
3485.82
2533.5
1393.78
1003.65
1384.19
1823.57
1734.03
1087.43
183.077
-559.464
-728.95
-262.704
279.012
181.158
-487.193
-904.193
-632.375
-59.96
261.104
288.606
358.958
580.889
825.205
1042.66
1260.11
1112.37
372.389
-271.658
-86.1824
712.001
1098.3
630.136
-335.615
-1297.53
-1712.61
-1465.1
-900.995
-655.4
-1260.43
-2520.39
-3496.37
-3417.06
-2614.4
-2114.26
-2394.39
-3069.78
-3644.75
-3756.04
-3283.39
-2476.26
-1799.59
-1730.52
-2113.62
-2234.5
-1632.02
-640.69
96.0951
451.057
629.497
713.92
815.612
1187.2
1833.81
2410.7
2559.72
2395.99
2348.02
2494.48
2587.22
2532.22
2568.03
2695.31
2561
2131.21
1766.65
1710.37
1757.7
1609.32
1274.18
961.434
722.234
482.396
303.955
296.281
368.552
340.411
341.051
554.027
834.159
902.593
770.842
826.484
1302.32
1957.88
2335.23
2099.87
1052.89
-248.633
-711.682
119.759
1405.3
1670.72
552.109
-1268.11
-2637.43
-2654.06
-1624.35
-635.573
-780.756
-2233.86
-3990.76
-4654.63
-3756.68
-2381.6
-1979.95
-2787.73
-3948.55
-4590.68
-4223.56
-3092.16
-1930.7
-1490.04
-1960.12
-2590.74
-2448.75
-1328.87
-19.0275
688.977
800.262
673.627
603.274
893
1694.38
2642.86
3119.34
2901.25
2484.25
2422.21
2669.09
2882.7
2996.55
3119.98
2993.99
2409.42
1813.98
1742.35
2065.97
2191.33
1829.33
1240.29
822.647
690.256
731.188
824.566
847.59
662.115
370.471
391.577
848.23
1316.4
1300.41
912.826
754.213
1129.64
1723.8
2054.46
1852.35
940.967
-227.527
-688.018
-29.9002
933.932
988.296
-63.1578
-1610.92
-2686.67
-2650.86
-1840.52
-1177.29
-1428
-2595.22
-3906.97
-4311.82
-3543.06
-2533.18
-2335.55
-2963.61
-3697.84
-3952.38
-3476.54
-2549.17
-1709.41
-1422.88
-1738.19
-2096.99
-1801.51
-751.335
331.457
818.809
802.181
677.464
683.221
1004.28
1668.8
2328.2
2521.98
2152.31
1722.52
1721.88
2039.11
2213.71
2113.94
1948.29
1705.25
1318.95
1043.3
1123.88
1306.16
1180.17
733.747
356.4
315.468
461.929
543.155
510.537
487.512
515.014
637.171
970.388
1469.25
1821.66
1811.42
1698.22
1939.34
2608.33
3233.83
3226.79
2229.7
839.276
224.009
853.346
1985.39
2282.15
1290.17
-537.079
-2111.06
-2374.56
-1491.96
-627.259
-912.507
-2408.46
-4080.3
-4661.03
-3857.73
-2723.77
-2530.62
-3404.27
-4481.95
-4966.1
-4476.83
-3340.32
-2340.67
-2134.73
-2709.7
-3216.88
-2797.96
-1461.9
-130.313
417.799
306.514
91.6181
179.239
784.912
1819.1
2732.4
2946.66
2465.06
2009.05
2180.45
2754.79
3092.48
2993.99
2733.04
2388.95
1957.24
1703.33
1848.52
2073.65
1860.03
1183.36
562.342
466.406
740.782
900.035
731.188
399.251
141.505
134.469
501.583
1070.16
1404.02
1238.37
853.986
846.311
1407.21
2057.02
2243.13
1742.35
760.609
-21.5858
-31.8189
698.57
1290.17
982.539
-171.245
-1580.22
-2274.15
-1876.34
-1042.34
-798.024
-1627.55
-3026.29
-3984.36
-3769.47
-2683.48
-1896.81
-2192.29
-3181.06
-3986.92
-3926.16
-2937.39
-1718.37
-1092.87
-1379.39
-2037.51
-2161.59
-1293.05
121.678
1100.22
1164.18
683.86
341.69
599.437
1489.08
2458.03
2823.22
2385.12
1647.05
1364.36
1720.6
2254.64
2374.88
2018
1499.95
1038.18
793.866
862.3
1095.1
1070.16
577.691
-82.345
-398.293
-230.086
94.816
217.613
91.6181
-69.5535
-90.6594
170.285
705.606
1270.99
1516.58
1410.41
1388.03
1835.09
2590.42
3079.69
2668.45
1384.83
339.132
453.615
1499.95
2233.54
1828.05
464.488
-1212.47
-2114.26
-1776.57
-892.68
-608.711
-1544.4
-3181.7
-4343.8
-4169.2
-3087.05
-2437.88
-2939.3
-4004.83
-4751.85
-4672.54
-3785.46
-2696.91
-2094.43
-2335.55
-2947.62
-2958.49
-1890.41
-343.29
583.448
617.984
376.866
477.279
1072.72
2023.12
2912.76
3277.96
3008.7
2571.87
2655.65
3263.25
3709.03
3500.53
2972.88
2665.89
2555.88
2419.65
2261.68
2136.32
1896.49
1414.89
848.23
546.992
598.158
643.567
385.82
-26.7023
-219.213
-104.09
151.098
405.008
591.122
630.776
479.198
433.788
891.081
1652.81
1963
1255
56.4418
-553.708
-148.86
802.181
1269.07
747.817
-490.391
-1752.26
-2201.24
-1667.2
-847.271
-786.512
-1878.26
-3364.62
-4068.15
-3548.18
-2478.81
-2013.21
-2603.53
-3640.27
-4318.22
-4112.92
-3117.11
-2021.52
-1603.24
-2102.75
-2773.66
-2647.66
-1521.38
-133.511
594.96
474.721
70.5123
28.3007
627.578
1686.71
2576.35
2744.56
2212.43
1705.25
1925.91
2707.46
3262.61
3073.93
2460.59
2033.99
1994.98
2175.98
2339.07
2275.75
1876.02
1290.81
896.197
930.734
1166.1
1178.89
852.067
500.943
447.859
664.033
946.084
1172.49
1290.17
1265.87
1175.69
1274.18
1763.45
2376.8
2275.75
1036.9
-263.983
-358.639
664.673
1533.85
1302.32
88.4203
-1504.11
-2452.59
-2161.59
-1224.62
-798.024
-1603.24
-3217.52
-4376.42
-4105.24
-2856.16
-2143.04
-2771.1
-3993.32
-4664.87
-4348.92
-3356.94
-2407.82
-2044.55
-2426.37
-3103.67
-3132.46
-2039.43
-507.659
263.023
45.5691
-320.905
-151.419
524.607
1381.63
2111.38
2451.63
2285.98
1900.96
1940.62
2597.45
3207.6
3077.13
2472.74
2152.31
2252.09
2388.31
2376.16
2289.18
2090.27
1691.82
1238.37
1088.71
1297.21
1435.36
1155.22
699.849
587.925
898.116
1256.91
1365.64
1294.65
1244.76
1226.22
1280.58
1601
2163.19
2349.94
1524.89
227.207
-325.382
229.126
1084.23
1192.96
385.181
-883.087
-1976.75
-2256.88
-1740.11
-1118.45
-1282.82
-2498
-3917.85
-4360.43
-3552.65
-2478.17
-2327.88
-3155.48
-4061.75
-4325.89
-3795.69
-2840.17
-2036.23
-1834.77
-2303.57
-2753.19
-2348.98
-1080.71
137.028
463.208
129.992
-73.391
256.627
981.9
1762.18
2269.35
2307.09
1942.53
1663.04
1948.93
2593.62
2908.29
2555.88
1989.22
1732.12
1773.05
1868.98
1879.86
1792.24
1547.28
1152.03
830.961
832.24
1048.42
1081.03
790.668
539.957
704.966
1123.88
1395.06
1420.64
1398.26
1470.53
1576.06
1841.48
2349.94
2644.14
1940.62
506.699
-228.807
367.912
1460.3
1729.56
856.544
-625.98
-1894.25
-2155.83
-1528.41
-883.726
-1097.98
-2327.24
-3779.7
-4307.35
-3543.06
-2506.96
-2451.95
-3428.58
-4380.26
-4515.85
-3837.9
-2900.93
-2298.46
-2288.22
-2772.38
-3092.8
-2521.67
-1151.71
-23.5045
76.2685
-373.989
-389.978
306.514
1238.37
1897.12
2134.41
2063.41
1898.4
1964.92
2442.04
2987.59
3023.41
2502.16
2072.37
2155.51
2429.25
2396.63
2060.22
1756.42
1608.68
1469.89
1291.45
1220.46
1228.77
1081.67
733.747
523.968
736.944
1182.09
1452.62
1401.46
1256.28
1211.51
1272.26
1517.22
1972.59
2328.83
1927.18
758.69
-104.73
90.339
948.642
1328.55
690.895
-514.694
-1612.2
-2001.06
-1678.71
-1233.57
-1358.29
-2316.36
-3544.34
-4062.39
-3498.93
-2607.37
-2493.52
-3351.19
-4252.98
-4334.85
-3572.48
-2608.65
-2100.19
-2184.61
-2598.41
-2781.33
-2204.44
-974.545
75.6289
234.882
-196.828
-322.823
291.164
1253.08
1911.2
1990.5
1731.48
1563.91
1735.31
2231.62
2688.27
2656.29
2096.03
1551.76
1559.43
1966.2
2161.91
1821.02
1247.96
951.84
1017.08
1165.46
1207.03
1145.63
991.493
781.075
728.63
1030.51
1518.5
1794.79
1757.7
1675.83
1813.98
2109.46
2435.64
2775.89
2880.14
2179.18
873.812
194.589
728.63
1672.64
1734.03
662.115
-890.762
-2078.44
-2203.16
-1569.35
-1172.17
-1734.99
-3101.76
-4357.87
-4581.72
-3701.67
-2808.19
-3013.5
-4151.93
-5000
-4775.51
-3725.34
-2693.71
-2329.79
-2561.96
-2923.96
-2808.83
-1855.23
-422.596
536.759
467.685
5.27616
163.89
1097.02
2122.89
2632.63
2579.55
2357.62
2295.58
2502.16
2935.15
3230.63
2992.07
2299.41
1813.34
1911.2
2131.85
1930.38
1343.9
800.901
559.144
520.77
483.035
389.658
243.836
48.7669
-132.871
-121.359
208.659
658.277
937.769
1007.48
1100.86
1370.76
1674.55
1941.89
2296.86
2708.1
2681.88
1913.75
1120.05
1082.95
1675.83
2026.96
1579.26
575.773
-498.066
-1096.7
-1067.92
-881.168
-1139.55
-2010.65
-3067.22
-3648.59
-3447.12
-2921.4
-2902.21
-3686.32
-4552.3
-4678.3
-4059.83
-3301.94
-2971.28
-3064.66
-3248.86
-3147.17
-2501.84
-1468.93
-607.432
-379.745
-551.15
-437.306
303.316
1311.28
1993.7
2112.02
1932.94
1946.37
2319.88
2862.88
3217.84
3130.22
2688.91
2273.83
2261.04
2545.65
2644.78
2244.41
1576.06
1155.22
1155.22
1253.08
1119.41
779.156
424.195
205.462
241.278
554.667
930.734
1035.62
854.625
727.99
933.932
1421.28
1911.2
2232.26
2330.11
1919.51
969.748
323.143
660.836
1574.78
1917.59
1198.07
-97.0551
-1275.78
-1614.76
-1113.97
-634.934
-979.022
-2169.26
-3464.39
-3998.43
-3480.38
-2624
-2553.64
-3524.51
-4583.64
-4771.67
-4041.28
-3069.14
-2609.29
-2776.21
-3184.26
-3298.1
-2678.36
-1425.44
-310.032
-81.0658
-489.112
-523.009
284.768
1405.3
2119.7
2188.13
1966.84
1929.1
2266.16
2898.05
3393.08
3295.86
2646.06
2083.24
2172.14
2616
2717.05
2221.39
1503.79
1081.03
1067.6
1155.86
1064.4
756.771
350.644
33.4173
-29.9002
248.952
658.917
853.986
728.63
548.911
694.093
1133.48
1553.04
1822.3
2021.84
2051.9
1574.78
863.579
694.733
1221.74
1753.22
1541.52
674.906
-313.869
-973.266
-1080.71
-923.38
-1005.24
-1573.82
-2474.34
-3246.94
-3427.3
-3031.4
-2741.04
-3182.34
-4059.83
-4485.15
-4132.74
-3430.49
-2982.8
-2984.07
-3156.12
-3172.75
-2799.24
-1973.55
-1003.33
-437.946
-478.878
-583.768
-109.846
880.848
1746.83
2016.72
1858.11
1807.58
2162.55
2732.4
3180.74
3259.41
2919.8
2462.5
2335.87
2653.1
2950.5
2722.17
1998.82
1333.02
1206.39
1445.59
1475.01
1070.8
525.886
168.367
100.572
302.676
649.323
866.777
742.061
467.046
447.859
881.487
1469.25
1819.1
1922.71
1901.6
1462.86
598.158
197.147
754.213
1618.91
1679.67
761.248
-496.147
-1411.37
-1433.76
-861.341
-612.549
-1224.62
-2437.24
-3501.49
-3759.23
-3136.93
-2450.67
-2673.24
-3768.19
-4648.88
-4538.87
-3686.32
-2894.53
-2718.65
-2979.6
-3255.89
-3152.28
-2405.9
-1223.98
-362.477
-373.349
-773.72
-594.641
401.17
1494.2
1982.83
1856.83
1719.32
1993.7
2571.23
3123.82
3341.27
3114.23
2626.23
2401.11
2722.81
3164.75
3060.5
2347.38
1655.37
1521.7
1790.96
1873.46
1522.34
971.667
552.109
396.693
465.767
667.871
820.089
783.633
598.797
527.805
781.714
1146.27
1297.21
1290.81
1406.57
1570.3
1255
525.247
144.063
449.777
944.165
872.533
173.483
-733.427
-1443.35
-1641.62
-1479.17
-1445.27
-1862.27
-2655.34
-3399.8
-3594.86
-3179.14
-2770.46
-3064.66
-3864.12
-4267.05
-3921.68
-3231.59
-2741.68
-2654.06
-2754.47
-2753.83
-2414.22
-1679.99
-812.095
-266.541
-237.761
-298.52
129.353
988.935
1714.85
1924.63
1797.35
1811.42
2145.28
2578.27
2848.81
2857.12
2612.16
2284.7
2205.4
2463.78
2661.41
2391.51
1783.92
1331.74
1351.57
1597.17
1568.39
1146.27
672.987
477.919
539.957
728.63
946.723
1078.47
1025.39
910.268
1013.88
1400.82
1789.68
1939.98
1986.02
2135.68
2018.64
1240.93
482.396
551.469
1245.4
1537.05
921.141
-173.164
-1212.47
-1663.36
-1459.34
-1219.5
-1528.41
-2453.23
-3535.38
-4101.4
-3778.42
-3070.42
-3014.77
-3913.37
-4830.51
-4854.82
-4111
-3319.85
-3041
-3176.59
-3369.74
-3312.17
-2702.02
-1577.02
-561.383
-354.162
-711.042
-617.665
375.587
1581.82
2135.68
2012.89
1863.23
2165.74
2768.86
3336.16
3604.78
3401.39
2880.14
2564.2
2837.93
3328.48
3315.05
2610.25
1808.22
1576.06
1858.75
2007.13
1638.74
1042.02
617.984
475.36
522.688
655.719
736.944
646.125
461.929
425.474
719.676
1134.76
1277.38
1158.42
1180.17
1487.16
1656.65
1230.05
558.504
328.899
655.079
980.621
769.563
117.201
-688.657
-1341.66
-1534.81
-1365.32
-1357.01
-1912.79
-2810.11
-3438.81
-3413.23
-2994.95
-2865.75
-3379.33
-4079.66
-4242.11
-3804.64
-3238.62
-2946.98
-2944.42
-2987.27
-2860
-2419.97
-1704.29
-1000.13
-637.492
-590.164
-407.247
222.73
1004.92
1471.81
1567.75
1601.64
1858.11
2268.08
2628.79
2821.3
2791.24
2546.93
2289.82
2337.15
2637.11
2708.74
2312.85
1797.35
1564.55
1613.16
1651.53
1463.5
1122.61
820.728
672.987
629.497
649.963
754.213
881.487
928.176
908.349
975.504
1150.75
1337.5
1510.18
1750.66
2042.31
1931.66
1074.64
218.893
280.291
1078.47
1517.22
979.981
-75.9492
-1107.58
-1612.84
-1394.74
-993.732
-1118.45
-1988.26
-3129.9
-3775.86
-3488.7
-2719.93
-2535.1
-3348.63
-4323.97
-4490.9
-3855.81
-3070.42
-2733.36
-2876.63
-3156.76
-3209.2
-2713.54
-1679.35
-691.216
-457.133
-851.748
-930.415
-128.394
1058.65
1782
1780.08
1515.94
1577.98
2042.95
2694.67
3234.47
3273.48
2713.86
2124.81
2238.02
2860.32
3130.22
2688.91
1957.88
1533.85
1583.74
1788.4
1737.23
1367.56
911.547
592.402
479.198
564.9
728.63
759.969
609.03
463.848
559.784
872.533
1084.87
1044.58
1012.6
1175.05
1386.11
1267.15
715.199
202.264
142.144
499.664
722.234
405.647
-300.438
-1106.3
-1604.52
-1580.22
-1328.23
-1374.28
-1987.62
-2868.95
-3413.23
-3249.5
-2686.67
-2499.92
-3013.5
-3658.18
-3774.58
-3346.07
-2765.98
-2421.89
-2386.72
-2486.49
-2458.99
-2043.91
-1236.13
-420.038
-127.754
-341.371
-377.187
254.709
1217.9
1788.4
1767.29
1567.75
1641.94
2030.79
2478.49
2736.24
2627.51
2220.11
1906.08
2025.68
2381.28
2445.88
2019.92
1469.25
1224.3
1314.48
1438.55
1319.59
985.737
649.963
470.244
449.777
541.236
698.57
831.601
830.961
724.793
752.294
988.296
1253.72
1401.46
1487.8
1624.67
1629.14
1067.6
273.256
67.3145
595.599
1075.28
729.27
-145.662
-1041.7
-1619.23
-1608.36
-1298.17
-1281.54
-1888.49
-2844.65
-3505.32
-3381.25
-2679
-2314.44
-2896.45
-3831.51
-4071.34
-3485.5
-2703.3
-2348.98
-2503.12
-2754.47
-2752.55
-2308.69
-1452.94
-578.651
-279.972
-634.934
-817.851
-107.288
1121.97
1847.88
1679.67
1211.51
1278.02
1977.71
2712.58
2997.19
2756.07
2177.26
1683.51
1840.84
2598.73
3061.14
2551.41
1545.36
1020.91
1263.95
1750.66
1845.32
1416.17
782.354
379.425
382.623
651.242
904.512
878.929
574.494
268.779
300.758
699.21
1104.7
1153.3
896.837
708.803
806.658
1092.55
1171.21
733.107
80.7454
-246.714
-45.2499
244.475
146.621
-387.42
-1213.74
-1852.04
-1889.13
-1529.05
-1396.02
-1854.59
-2629.75
-3127.34
-2977.04
-2441.72
-2216.59
-2613.12
-3140.13
-3208.56
-2815.87
-2288.86
-1954.37
-1860.35
-1885.29
-1852.68
-1547.6
-894.599
-166.768
140.865
0.159601
9.75315
589.843
1370.76
1758.98
1676.47
1495.47
1563.27
1842.76
2175.98
2390.23
2268.71
1814.62
1406.57
1502.51
1948.29
2096.03
1677.75
1063.76
763.167
876.371
1083.59
1057.37
759.329
395.414
190.112
196.508
345.527
531.642
628.857
578.971
452.336
460.011
733.747
1024.75
1098.94
1059.93
1136.68
1344.54
1365
881.487
170.925
-89.3802
280.931
693.454
511.816
-156.535
-984.778
-1628.19
-1679.99
-1291.13
-1104.38
-1569.99
-2457.07
-3107.51
-3040.36
-2413.58
-2041.35
-2483.29
-3248.86
-3472.71
-3037.16
-2443.64
-2127.69
-2125.77
-2215.31
-2222.35
-1948.61
-1254.04
-414.921
-42.6916
-288.287
-414.921
197.147
1169.93
1687.35
1568.39
1351.57
1520.42
1976.43
2367.85
2545.65
2441.4
2081.32
1730.84
1802.47
2248.89
2447.16
2031.43
1349.01
1054.17
1274.18
1521.06
1379.07
974.225
620.543
426.753
376.227
436.346
520.77
452.975
204.182
-8.15481
54.5231
374.308
599.437
490.71
265.581
261.744
493.268
710.722
777.237
561.702
-11.3527
-517.892
-484.635
14.8697
279.012
-124.557
-911.228
-1558.47
-1613.48
-1195.84
-883.087
-1106.3
-1758.02
-2369.45
-2503.76
-2081.64
-1567.43
-1577.02
-2165.42
-2664.93
-2542.77
-1953.73
-1420.97
-1310.96
-1480.45
-1580.22
-1402.42
-907.39
-262.064
197.147
221.451
49.4065
204.182
811.135
1435.99
1650.89
1472.45
1252.44
1312.56
1650.25
2025.68
2154.87
1872.18
1373.32
1120.05
1347.73
1743.63
1768.57
1305.52
757.411
558.504
768.283
1003.01
885.325
478.558
112.724
12.951
124.236
266.221
296.281
193.31
79.4663
126.794
332.736
525.886
566.819
520.13
591.762
817.53
1065.04
1162.9
779.796
-6.87567
-435.388
-56.1226
639.09
717.757
73.0706
-759.01
-1353.17
-1344.86
-881.168
-611.909
-989.895
-1844.36
-2558.76
-2610.57
-2013.21
-1487.48
-1774.01
-2670.69
-3200.25
-2888.78
-2163.51
-1688.31
-1738.19
-2008.09
-2120.02
-1900.64
-1297.53
-510.857
-41.4125
-214.096
-525.567
-195.549
741.421
1465.41
1452.62
1065.68
997.889
1473.73
2095.39
2452.91
2413.9
1996.9
1499.95
1462.22
2021.84
2513.03
2273.83
1530.65
1034.34
1117.49
1475.01
1588.21
1244.12
690.895
310.991
252.79
364.715
428.672
331.457
77.5476
-205.142
-307.474
-119.44
157.494
199.066
21.905
-77.2284
-12.6318
85.862
213.136
445.3
541.876
121.038
-499.984
-620.863
-123.917
383.902
291.164
-290.205
-927.857
-1226.54
-1009.72
-580.57
-464.168
-925.938
-1665.28
-2091.23
-1854.59
-1266.83
-1039.78
-1500.27
-2166.7
-2326.6
-1915.99
-1394.74
-1164.5
-1248.28
-1414.57
-1440.79
-1166.42
-594.641
-35.6563
121.678
-107.928
-214.736
172.204
814.332
1203.19
1185.28
1014.52
1014.52
1231.33
1517.86
1729.56
1725.72
1469.89
1129
1084.87
1399.54
1624.03
1401.46
920.501
627.578
646.125
764.446
747.178
534.84
215.055
-44.6103
-115.603
-13.2714
110.805
46.8482
-193.63
-345.208
-177.001
195.868
393.495
294.362
135.748
200.345
522.049
895.558
1168.01
1162.26
680.023
75.6289
43.6504
680.023
1235.81
1015.16
261.104
-428.352
-665.633
-380.385
-0.479969
-65.0766
-694.414
-1495.16
-1923.03
-1719.64
-1179.21
-1018.04
-1633.3
-2503.12
-2778.13
-2331.07
-1734.99
-1549.52
-1820.06
-2175.02
-2292.7
-2013.21
-1361.49
-717.438
-586.326
-959.835
-1149.15
-628.538
260.465
777.877
681.941
394.135
451.696
939.049
1524.26
1896.49
1902.88
1578.62
1223.02
1315.76
1915.67
2360.81
2106.26
1421.92
1029.23
1166.74
1461.58
1519.14
1221.1
729.909
337.213
249.592
396.693
487.512
300.758
-111.126
-475.041
-499.345
-180.199
112.084
37.8942
-274.216
-413.642
-212.817
99.293
313.549
451.057
527.165
467.685
205.462
-13.2714
120.399
492.629
717.118
534.201
140.225
-164.21
-237.761
-91.9385
28.9403
-108.567
-508.938
-945.125
-1148.51
-1018.04
-766.045
-796.745
-1236.77
-1711.33
-1778.49
-1479.81
-1216.3
-1253.4
-1501.55
-1657.61
-1574.46
-1312.24
-971.347
-684.82
-608.711
-755.173
-799.943
-438.586
163.25
504.78
397.333
191.391
293.083
697.291
1086.15
1273.54
1205.11
915.385
679.383
805.378
1201.27
1398.9
1143.07
689.616
453.615
572.575
820.089
808.576
457.452
66.6749
-77.868
33.4173
175.402
165.169
-7.51524
-213.457
-266.541
-59.3204
295.001
499.664
392.216
222.73
325.701
695.372
1082.31
1315.76
1389.95
1322.15
1041.38
722.234
745.898
1164.82
1520.42
1314.48
738.224
252.15
63.477
150.459
256.627
96.7347
-393.816
-983.499
-1356.37
-1374.28
-1183.68
-1197.12
-1685.11
-2331.71
-2558.76
-2300.37
-1990.18
-2008.09
-2308.05
-2519.75
-2435.32
-2125.77
-1761.86
-1465.1
-1348.69
-1413.93
-1351.25
-876.691
-198.107
161.971
69.8728
-59.96
214.416
824.566
1327.27
1497.39
1444.95
1352.85
1350.29
1540.88
1883.05
2080.68
1869.62
1399.54
1128.36
1262.67
1504.43
1434.72
1033.7
633.334
418.438
361.517
366.633
320.584
152.377
-103.451
-307.474
-351.604
-262.064
-168.047
-194.909
-302.997
-293.403
-87.4615
151.738
254.709
255.348
357.04
624.38
922.42
1038.18
802.82
467.685
432.509
782.354
1166.1
1175.05
822.647
333.376
23.1841
97.3743
347.446
358.319
-59.3204
-669.47
-1051.29
-991.814
-746.858
-782.035
-1243.8
-1781.68
-1981.87
-1850.76
-1626.27
-1526.49
-1614.12
-1800.23
-1955.65
-1880.82
-1476.61
-979.022
-811.455
-1025.71
-1168.97
-868.377
-293.403
125.515
223.37
153.017
159.413
363.435
726.711
1098.94
1215.34
932.653
576.412
614.147
993.412
1244.76
1082.31
722.874
479.198
451.696
578.331
632.695
506.06
297.56
142.144
93.5368
121.678
193.31
228.486
149.179
27.6611
57.7209
303.316
594.32
728.63
737.584
790.668
910.268
1084.23
1352.85
1654.73
1833.17
1739.79
1351.57
953.759
963.992
1383.55
1657.93
1341.34
684.5
148.54
-60.5996
11.0323
63.477
-203.863
-808.897
-1458.7
-1820.7
-1782.96
-1585.33
-1695.98
-2264.56
-2832.5
-2907.33
-2604.81
-2376.48
-2432.13
-2586.26
-2569.63
-2369.45
-2090.6
-1729.88
-1331.43
-1115.25
-1140.19
-1039.14
-503.822
186.275
522.688
443.382
373.669
664.033
1188.48
1591.41
1725.72
1645.77
1457.1
1355.41
1577.34
1994.34
2073.01
1610.6
1056.73
938.409
1220.46
1421.28
1192.96
664.673
249.592
183.716
315.468
369.192
239.998
-33.098
-333.056
-480.797
-363.756
-117.521
-50.3664
-260.785
-464.808
-349.685
5.91573
263.023
290.524
244.475
286.047
449.777
739.503
1080.39
1293.37
1161.62
692.175
373.029
592.402
1108.53
1292.09
893
299.478
-95.7759
-123.917
93.5368
194.589
-75.3097
-638.771
-1153.62
-1312.24
-1069.84
-793.547
-960.475
-1585.97
-2111.7
-2061.81
-1596.85
-1225.9
-1285.38
-1633.94
-1878.9
-1792.56
-1390.27
-874.133
-564.581
-686.099
-1009.08
-989.895
-429.632
234.242
443.382
183.077
-86.1824
31.4985
470.244
894.279
1063.76
923.699
603.274
383.902
565.54
982.539
1125.16
824.566
420.997
330.178
532.282
756.771
768.283
499.664
172.204
71.1519
232.324
445.3
513.095
396.054
186.275
60.2792
181.158
498.385
742.061
743.98
606.472
579.61
751.015
966.55
1097.02
1143.71
1178.89
1242.84
1317.67
1210.87
818.809
479.837
502.222
720.955
756.771
534.201
149.179
-331.777
-663.075
-657.958
-537.079
-660.516
-1087.11
-1573.18
-1790.64
-1635.22
-1405.62
-1474.05
-1818.78
-2089.96
-2102.75
-1944.13
-1737.55
-1590.45
-1563.59
-1626.91
-1635.22
-1399.86
-943.846
-592.722
-565.22
-627.898
-432.829
-0.479969
355.761
470.883
445.3
467.685
646.765
928.815
1185.92
1300.41
1208.95
1027.95
1033.07
1311.92
1563.91
1425.12
1018.99
793.866
902.593
1059.93
992.773
752.294
494.547
310.991
245.115
270.058
243.196
74.9893
-148.221
-307.474
-346.487
-287.647
-247.994
-338.173
-503.182
-561.383
-446.9
-280.612
-189.793
-165.489
-144.383
-80.4262
37.2547
251.511
532.282
736.944
823.286
882.127
853.986
668.51
595.599
832.88
1141.15
1168.65
933.292
650.602
415.88
360.238
483.035
510.537
250.871
-221.771
-649.644
-778.837
-606.153
-489.751
-775.639
-1326.95
-1695.98
-1693.42
-1507.31
-1394.1
-1491.32
-1706.85
-1856.51
-1826.45
-1573.18
-1221.42
-1051.29
-1176.65
-1287.3
-1042.34
-541.556
-182.118
-143.744
-223.69
-142.465
183.716
581.529
862.3
951.84
853.986
722.234
813.053
1181.45
1466.69
1316.4
918.582
721.595
849.509
1025.39
996.61
769.563
473.442
271.337
240.638
288.606
266.221
114.643
-111.126
-304.915
-352.244
-241.598
-136.069
-189.153
-325.382
-365.675
-241.598
-37.575
130.632
221.451
250.232
279.012
406.926
690.895
1011.96
1185.28
1210.23
1209.59
1143.07
1001.09
980.621
1148.19
1279.3
1139.23
800.901
479.198
315.468
329.538
330.178
114.643
-280.612
-679.703
-925.298
-940.009
-850.469
-953.44
-1361.49
-1793.83
-1883.37
-1644.18
-1423.52
-1502.83
-1797.03
-1958.84
-1814.94
-1478.53
-1137
-945.125
-983.499
-1106.3
-1004.61
-571.616
-86.1824
83.9433
-72.1118
-214.096
-35.0168
388.379
703.687
724.153
552.109
388.379
392.856
603.914
873.812
905.151
587.925
232.963
191.391
419.078
574.494
471.523
229.126
40.4525
11.6719
116.561
209.939
181.158
71.1519
-13.9109
2.07831
124.236
273.896
328.259
263.023
219.532
321.224
513.095
665.313
715.839
721.595
763.806
851.427
974.865
1111.73
1214.06
1230.05
1212.78
1292.09
1401.46
1284.42
923.059
640.369
670.429
831.601
823.926
595.599
241.917
-84.9032
-246.714
-250.552
-281.251
-491.03
-815.292
-1109.49
-1246.36
-1201.59
-1166.42
-1348.05
-1667.84
-1832.21
-1753.54
-1616.03
-1583.42
-1634.58
-1673.6
-1652.49
-1557.83
-1380.67
-1176.01
-1069.84
-1092.87
-1072.4
-852.387
-539.638
-381.024
-423.875
-461.61
-317.707
-50.3664
169.006
270.698
310.991
347.446
401.81
529.724
740.142
902.593
889.802
751.015
720.955
895.558
1082.31
1077.84
935.211
857.184
882.766
912.187
921.78
910.268
827.124
678.744
570.017
570.656
606.472
550.83
375.587
187.554
122.957
176.681
200.985
124.876
23.8237
-13.9109
12.951
73.7102
159.413
242.557
292.443
327.62
432.509
641.648
873.812
1027.95
1011.32
804.739
599.437
645.486
929.455
1129.64
1043.94
763.806
449.138
258.546
273.256
354.481
235.521
-134.15
-546.033
-795.466
-836.398
-822.328
-993.732
-1399.86
-1785.52
-1922.39
-1895.53
-1915.35
-2050.3
-2213.39
-2313.81
-2325.32
-2234.5
-2048.38
-1860.35
-1798.95
-1816.86
-1696.62
-1353.81
-967.51
-742.381
-645.167
-503.822
-214.096
159.413
495.826
722.874
834.159
883.406
1004.92
1296.57
1630.42
1759.62
1643.85
1496.75
1515.3
1666.88
1745.55
1620.19
1359.89
1145.63
1074
1088.71
1065.68
888.523
558.504
260.465
159.413
217.613
239.359
76.908
-208.34
-412.363
-405.967
-276.774
-228.167
-330.498
-470.564
-494.228
-322.823
-40.1333
169.646
208.02
163.89
220.811
472.162
813.693
1054.81
1127.72
1123.88
1121.97
1068.24
988.935
1001.09
1073.36
1047.14
846.951
616.705
451.057
325.061
184.995
-33.7376
-327.3
-631.096
-855.585
-995.651
-1108.22
-1262.35
-1514.98
-1824.53
-2026.64
-2013.21
-1908.96
-1910.88
-2029.84
-2105.94
-2037.51
-1881.46
-1719.64
-1559.75
-1394.74
-1259.15
-1148.51
-959.196
-652.202
-360.558
-223.05
-166.768
-16.4692
259.825
539.957
717.118
802.82
834.159
842.474
898.116
1065.04
1258.19
1289.53
1121.97
978.062
1040.1
1184
1189.12
1028.59
850.148
751.015
715.199
712.001
696.652
600.076
426.753
259.186
192.67
224.009
236.161
140.865
-16.4692
-104.73
-63.1578
14.8697
1.43874
-101.532
-182.118
-168.047
-84.2637
37.2547
161.971
220.811
197.147
204.822
344.248
554.027
702.408
763.167
799.622
878.289
1013.24
1147.55
1122.61
887.243
660.196
657.638
824.566
891.081
712.641
370.471
43.6504
-108.567
-99.6133
-129.034
-350.964
-718.717
-1053.85
-1200.31
-1161.3
-1135.72
-1320.55
-1665.92
-1910.24
-1906.4
-1761.22
-1674.87
-1734.99
-1855.23
-1902.56
-1821.34
-1627.55
-1390.27
-1234.21
-1231.01
-1241.25
-1064.09
-716.799
-434.748
-361.198
-381.664
-300.438
-59.3204
238.719
457.452
540.596
520.13
505.42
626.299
887.883
1104.7
1091.91
920.501
863.579
1039.46
1249.88
1256.28
1090.63
952.48
941.607
1017.72
1098.3
1105.34
987.656
811.774
709.443
715.199
752.294
703.047
552.109
403.728
351.284
364.075
327.62
222.09
124.236
76.908
38.5338
-13.9109
-36.2959
7.83444
64.1166
61.5583
34.6964
61.5583
140.865
210.578
263.023
340.411
429.951
506.06
575.773
653.8
692.175
584.087
398.612
318.666
405.008
516.932
465.767
222.73
-82.345
-262.064
-259.506
-232.644
-361.837
-639.411
-938.09
-1151.71
-1190.72
-1112.69
-1133.16
-1383.23
-1719.64
-1865.47
-1766.97
-1615.39
-1616.03
-1772.09
-1898.72
-1851.4
-1657.61
-1432.48
-1282.82
-1259.79
-1289.21
-1213.11
-937.45
-574.814
-352.244
-345.848
-374.629
-202.584
172.844
518.211
673.627
680.023
686.418
822.647
1100.86
1400.18
1535.77
1472.45
1377.79
1447.51
1686.71
1887.53
1856.83
1622.75
1441.11
1444.95
1536.41
1549.84
1408.49
1160.98
923.059
817.53
832.88
782.993
558.504
261.104
56.4418
11.0323
25.7424
-55.483
-271.018
-508.299
-618.944
-589.524
-522.369
-523.009
-627.259
-766.045
-799.303
-650.283
-417.48
-287.007
-334.975
-422.596
-365.035
-142.465
113.364
265.581
276.454
237.44
281.57
456.173
602.635
526.526
299.478
154.296
207.38
341.69
359.598
177.321
-155.256
-431.55
-469.924
-359.918
-341.371
-541.556
-867.737
-1101.82
-1115.89
-982.86
-924.019
-1081.35
-1331.43
-1452.94
-1378.11
-1195.2
-1050.65
-1028.27
-1099.26
-1141.47
-1022.51
-762.848
-547.312
-498.705
-524.928
-441.144
-204.503
39.1734
167.087
186.275
186.275
258.546
431.869
649.323
779.796
752.934
660.196
689.616
889.802
1094.46
1115.57
987.016
912.187
987.656
1133.48
1221.1
1180.81
1043.3
921.78
907.71
984.458
1036.9
957.596
768.283
604.553
576.412
614.787
552.109
357.679
147.261
21.2654
-20.9462
-64.437
-182.118
-373.349
-571.616
-680.983
-686.099
-664.993
-720.636
-873.493
-1021.87
-1034.66
-895.878
-721.276
-647.085
-686.739
-717.438
-619.584
-398.293
-146.942
34.0568
115.282
165.808
299.478
541.236
804.099
932.653
851.427
696.012
692.814
904.512
1113.65
1090.63
861.021
591.762
438.265
433.149
450.417
336.574
51.3252
-285.089
-505.74
-546.033
-528.125
-650.283
-955.998
-1257.24
-1369.16
-1319.91
-1254.04
-1289.85
-1409.45
-1495.16
-1461.9
-1307.76
-1112.05
-980.941
-968.789
-993.093
-882.447
-592.082
-290.205
-146.302
-141.185
-117.521
43.0108
301.397
536.759
658.277
653.161
596.879
619.903
791.947
1002.37
1068.24
967.829
855.904
869.975
974.225
1039.46
999.168
891.72
768.283
678.744
676.825
724.793
697.931
539.957
357.04
282.21
303.316
317.386
234.242
54.5231
-109.846
-168.687
-143.744
-126.475
-185.955
-307.474
-423.875
-462.889
-413.642
-369.512
-413.642
-510.217
-557.546
-501.903
-410.444
-363.116
-351.604
-322.184
-247.994
-137.348
-25.4232
60.9188
106.968
140.865
233.603
382.623
533.561
628.218
646.125
655.079
686.418
707.524
681.302
619.264
584.727
576.412
555.307
500.943
400.531
267.5
140.225
38.5338
-31.8189
-107.928
-235.202
-408.526
-556.266
-625.98
-664.354
-753.254
-887.564
-1007.8
-1094.78
-1149.79
-1179.21
-1175.37
-1153.62
-1147.23
-1156.82
-1140.83
-1068.56
-970.708
-888.843
-813.374
-712.322
-587.605
-461.61
-344.569
-237.761
-123.277
11.0323
159.413
300.758
405.008
472.162
545.713
669.79
827.763
935.851
947.363
928.176
969.748
1079.11
1170.57
1173.13
1110.45
1044.58
1014.52
1006.84
996.61
948.003
816.251
641.648
513.734
457.452
399.251
268.779
106.968
-37.575
-162.291
-273.576
-381.664
-483.355
-574.814
-657.958
-735.346
-800.582
-836.398
-846.631
-874.133
-914.426
-920.821
-872.854
-790.349
-703.368
-610.63
-505.74
-411.084
-318.346
-197.468
-36.2959
122.957
239.998
342.969
472.802
628.857
774.04
895.558
997.249
1086.15
1171.21
1239.65
1240.93
1158.42
1066.32
1031.79
1052.25
1056.09
983.819
816.891
609.67
467.685
403.089
328.899
168.367
-61.2391
-274.216
-410.444
-480.158
-551.789
-689.937
-879.889
-1051.29
-1157.46
-1207.99
-1252.12
-1333.98
-1436.95
-1510.51
-1514.98
-1460.62
-1405.62
-1393.46
-1408.17
-1381.31
-1268.11
-1108.22
-973.266
-895.878
-840.875
-749.417
-579.931
-356.721
-156.535
-40.7729
9.75315
88.4203
258.546
491.989
683.86
772.121
807.297
881.487
1018.99
1173.13
1288.25
1334.3
1320.87
1297.85
1319.59
1362.44
1341.98
1244.76
1122.61
1019.63
922.42
811.135
690.256
552.748
406.287
268.779
136.388
-7.51524
-161.012
-300.438
-416.84
-512.136
-589.524
-660.516
-741.742
-819.769
-861.981
-865.179
-854.946
-844.713
-810.176
-740.463
-655.4
-562.662
-453.296
-318.986
-178.92
-45.2499
89.0599
226.567
357.679
488.791
631.415
776.598
905.151
1015.16
1102.14
1162.9
1216.62
1276.1
1327.91
1317.67
1215.98
1077.84
974.225
926.897
889.162
786.831
603.274
369.831
157.494
3.99702
-136.069
-311.951
-536.44
-782.674
-994.372
-1135.72
-1242.53
-1392.18
-1597.49
-1783.6
-1890.41
-1933.9
-1954.37
-1984.43
-2028.56
-2052.86
-2022.8
-1925.59
-1787.44
-1646.09
-1527.13
-1413.29
-1257.24
-1044.26
-811.455
-589.524
-376.547
-159.733
59.0001
277.733
511.816
761.248
979.342
1135.4
1259.47
1411.69
1584.37
1714.85
1787.12
1836.37
1893.29
1945.09
1974.51
1975.79
1943.17
1867.7
1757.06
1648.33
1560.07
1469.89
1320.23
1099.58
881.487
722.874
573.214
353.202
87.1411
-136.708
-310.032
-473.762
-628.538
-774.36
-941.288
-1123.57
-1253.4
-1309.04
-1338.46
-1382.59
-1434.4
-1471.49
-1465.74
-1412.01
-1346.14
-1284.1
-1200.95
-1073.68
-922.74
-772.441
-613.828
-437.306
-253.75
-70.8327
116.561
302.676
467.685
601.995
734.386
887.883
1036.9
1159.7
1239.65
1281.86
1295.93
1309.36
1341.34
1351.57
1311.28
1221.1
1080.39
915.385
782.993
690.256
584.727
417.159
213.776
29.5798
-135.429
-292.124
-463.529
-652.842
-816.572
-950.242
-1073.68
-1190.08
-1285.38
-1365.96
-1452.94
-1523.94
-1548.24
-1542.48
-1528.41
-1502.83
-1450.39
-1362.12
-1256.6
-1149.79
-1026.99
-876.691
-711.682
-551.789
-389.978
-209.619
-31.1793
131.911
287.327
442.103
587.925
723.513
852.707
978.062
1075.92
1123.24
1141.79
1176.97
1240.29
1288.25
1278.66
1223.02
1158.42
1105.34
1068.88
1035.62
979.342
875.092
732.467
611.589
543.794
490.71
396.693
266.86
148.54
46.2087
-71.4723
-208.98
-320.265
-405.967
-503.822
-599.757
-663.714
-704.007
-763.487
-829.363
-871.575
-900.995
-914.426
-900.355
-865.818
-826.165
-780.116
-739.184
-702.728
-643.248
-534.521
-414.921
-331.138
-268.46
-185.955
-73.391
48.7669
160.052
255.988
331.457
397.972
479.837
578.971
663.394
705.606
726.072
759.969
811.135
858.463
884.685
885.325
872.533
853.986
830.322
802.181
786.191
782.354
754.213
656.359
516.932
417.159
368.552
325.701
249.592
151.738
39.813
-88.1011
-188.514
-251.831
-324.742
-429.632
-551.789
-659.237
-728.311
-771.162
-830.642
-936.811
-1057.05
-1124.2
-1143.39
-1147.87
-1154.9
-1175.37
-1209.91
-1235.49
-1202.23
-1096.7
-984.139
-927.857
-912.507
-865.818
-740.463
-568.418
-410.444
-302.357
-232.004
-147.581
-8.79438
171.564
341.051
438.265
470.883
513.095
630.776
800.901
936.49
982.539
968.469
956.957
990.854
1061.85
1116.85
1106.62
1031.79
946.723
908.989
916.024
910.268
837.357
712.641
601.356
543.155
518.211
476.639
389.658
261.104
110.166
-9.43395
-66.3557
-91.9385
-152.058
-272.297
-395.734
-482.076
-525.567
-551.789
-598.478
-674.587
-753.894
-796.745
-790.989
-764.766
-755.812
-773.72
-796.105
-777.558
-711.682
-636.213
-579.931
-537.719
-475.681
-387.42
-284.449
-173.803
-61.8787
35.336
122.318
218.893
328.899
427.392
499.664
567.458
643.567
717.757
779.156
827.763
875.731
919.862
953.119
973.585
981.26
980.621
969.108
948.003
898.116
817.53
747.178
688.337
619.264
526.526
432.509
330.817
197.787
55.1626
-74.0305
-198.747
-324.742
-452.656
-596.559
-750.056
-881.808
-986.058
-1079.43
-1167.7
-1245.08
-1322.47
-1394.1
-1432.48
-1439.51
-1431.2
-1415.21
-1380.03
-1329.51
-1266.83
-1188.16
-1087.75
-963.033
-828.723
-697.611
-568.418
-427.713
-274.856
-113.044
57.7209
236.801
406.926
558.504
695.372
830.322
971.027
1105.98
1216.62
1306.16
1382.27
1437.27
1459.66
1455.18
1443.03
1422.56
1382.27
1313.2
1226.22
1134.76
1031.79
907.07
765.086
622.461
477.279
323.143
161.971
3.35745
-147.581
-299.799
-460.331
-614.467
-755.812
-885.645
-1002.05
-1083.91
-1138.91
-1192.64
-1250.84
-1290.49
-1303.92
-1297.53
-1262.35
-1206.07
-1144.03
-1073.68
-984.778
-877.97
-757.091
-622.142
-482.716
-347.767
-210.899
-61.8787
99.293
265.581
422.915
553.388
656.998
751.655
854.625
965.271
1062.49
1124.52
1148.83
1160.34
1171.85
1184.64
1182.09
1153.3
1101.5
1049.05
1015.16
983.179
933.292
853.986
757.411
662.115
581.529
509.257
422.276
300.758
172.204
68.5936
-8.79438
-84.9032
-185.955
-299.159
-407.886
-504.461
-577.372
-641.329
-718.078
-812.734
-906.751
-976.464
-1011
-1031.47
-1069.84
-1129.96
-1174.73
-1173.45
-1149.15
-1122.29
-1093.51
-1064.09
-1020.59
-947.044
-840.236
-725.753
-633.015
-564.581
-487.193
-374.629
-237.121
-109.207
-11.3527
73.7102
166.448
279.012
406.287
532.922
628.857
679.383
707.524
755.492
832.24
893
899.395
868.056
843.753
845.032
857.184
859.102
828.403
752.294
657.638
593.681
573.214
550.19
479.837
372.389
277.733
211.857
156.854
82.6642
-18.3879
-126.475
-217.934
-286.368
-342.65
-397.653
-457.773
-526.207
-586.966
-622.782
-637.492
-649.004
-664.993
-686.099
-705.286
-701.449
-665.633
-615.107
-582.489
-563.302
-523.648
-449.458
-359.918
-276.135
-201.305
-121.998
-38.2146
50.0461
143.423
233.603
314.828
389.658
468.325
557.865
644.846
712.001
749.736
773.4
802.82
842.474
872.533
879.569
869.975
854.625
837.997
816.251
786.191
735.026
665.313
597.518
546.353
497.745
431.23
347.446
253.429
137.667
14.8697
-83.6241
-157.175
-239.679
-360.558
-489.112
-592.722
-659.877
-712.322
-780.116
-868.377
-951.521
-1003.97
-1026.35
-1030.83
-1037.86
-1060.25
-1079.43
-1062.81
-1012.92
-961.754
-914.426
-854.946
-779.476
-694.414
-602.316
-505.74
-414.282
-324.102
-226.248
-114.323
7.83444
121.038
216.334
296.92
378.146
465.767
553.388
633.334
694.733
730.549
744.619
755.492
779.156
810.495
823.926
803.46
754.213
702.408
666.592
647.405
614.787
545.073
449.138
363.435
304.595
260.465
207.38
133.19
42.3712
-38.2146
-91.9385
-130.313
-171.885
-220.492
-269.099
-308.113
-332.417
-345.848
-362.477
-389.339
-412.363
-413.003
-391.897
-370.152
-358
-343.29
-317.707
-283.81
-247.354
-208.34
-167.408
-125.836
-86.8219
-44.6103
3.35745
53.8835
94.1764
124.236
157.494
200.985
238.719
264.302
284.129
303.955
325.701
346.807
364.715
367.273
353.202
338.492
334.655
334.655
326.98
309.712
284.129
252.79
227.207
208.659
177.321
114.643
41.0921
-9.43395
-36.9355
-61.8787
-104.09
-168.047
-240.958
-293.403
-322.184
-347.127
-386.78
-434.109
-473.762
-497.426
-503.822
-498.705
-494.228
-490.391
-482.716
-466.727
-440.504
-402.77
-357.36
-312.59
-268.46
-219.853
-159.093
-93.2176
-30.5398
24.4633
73.7102
121.038
169.646
222.73
269.419
302.676
322.503
334.655
346.807
356.4
357.679
350.004
337.853
322.503
300.758
274.535
250.232
226.567
193.949
154.936
117.201
78.8267
35.9755
-10.0735
-44.6103
-70.1931
-98.3342
-129.034
-155.256
-168.047
-171.885
-171.245
-166.768
-162.291
-157.814
-153.977
-143.744
-125.836
-109.846
-95.1364
-75.9492
-46.529
-11.3527
23.1841
55.8022
81.385
97.3743
110.805
129.353
153.017
172.844
183.716
193.31
209.299
225.288
231.044
227.207
225.928
226.567
220.811
209.939
199.705
188.193
173.483
151.738
128.713
111.445
99.293
83.3037
59.0001
33.4173
14.2301
0.799171
-6.2361
-13.9109
-31.8189
-67.6348
-109.846
-141.185
-157.814
-175.083
-201.305
-231.365
-257.587
-276.774
-298.52
-318.986
-334.336
-346.487
-359.918
-375.908
-384.222
-385.501
-378.466
-368.872
-360.558
-356.081
-350.325
-331.777
-295.322
-256.308
-223.69
-192.991
-153.977
-109.846
-63.7974
-8.79438
51.3252
104.41
143.423
180.518
225.928
270.058
305.235
333.376
358.319
379.425
394.135
405.647
412.043
406.926
389.658
369.192
355.761
342.969
319.305
290.524
262.383
236.161
208.02
177.96
145.982
118.48
103.13
90.339
62.1979
28.3007
5.91573
-8.15481
-23.5045
-36.9355
-47.8082
-61.8787
-81.7054
-93.8572
-94.4968
-99.6133
-113.684
-130.313
-132.231
-118.8
-107.928
-111.765
-127.754
-140.546
-143.104
-139.906
-134.15
-133.511
-141.825
-153.337
-155.256
-145.023
-136.069
-134.15
-136.708
-136.069
-130.313
-125.836
-126.475
-134.15
-139.906
-138.627
-137.988
-140.546
-140.546
-133.511
-120.08
-115.603
-116.242
-111.126
-90.0198
-66.3557
-54.8434
-42.6916
-15.1901
23.8237
53.8835
73.7102
101.212
144.063
189.472
221.451
247.034
280.931
319.305
353.842
383.262
405.647
417.159
416.52
420.357
435.067
444.021
433.788
408.205
378.146
355.761
334.015
298.839
238.719
168.367
105.049
50.0461
-7.51524
-72.7514
-144.383
-213.457
-267.181
-304.276
-331.138
-368.872
-425.794
-482.716
-518.532
-532.602
-542.835
-551.15
-554.348
-555.627
-553.069
-542.196
-515.334
-482.076
-448.179
-416.201
-370.791
-310.672
-249.912
-184.676
-106.009
-33.7376
14.8697
71.7915
150.459
219.532
273.256
341.69
413.962
445.94
449.777
468.965
498.385
511.816
516.932
524.607
523.328
502.222
466.406
429.951
397.333
372.389
339.132
287.966
222.73
154.296
101.212
64.1166
28.9403
-23.5045
-81.0658
-121.998
-146.942
-175.722
-209.619
-247.354
-280.612
-288.926
-290.845
-303.636
-319.625
-319.625
-311.311
-304.915
-280.612
-242.877
-230.725
-230.086
-205.782
-171.245
-154.616
-146.942
-131.592
-109.207
-86.8219
-56.7621
-22.2254
4.63659
26.382
48.7669
72.431
97.3743
114.643
119.759
122.957
133.19
145.982
151.738
143.423
130.632
123.597
124.876
126.794
122.957
105.049
78.8267
57.7209
46.8482
33.4173
13.5906
-5.59653
-15.8297
-25.4232
-42.6916
-60.5996
-75.9492
-90.0198
-102.172
-102.172
-92.5781
-84.2637
-87.4615
-93.2176
-88.7407
-72.1118
-58.6809
-49.0873
-37.575
-19.0275
6.5553
33.4173
56.4418
68.5936
74.9893
85.2224
103.13
123.597
139.586
151.738
161.971
168.367
170.925
181.798
200.985
212.497
201.624
179.239
161.331
151.738
144.702
129.992
112.084
92.2577
67.3145
41.0921
25.7424
11.6719
-8.79438
-32.4585
-49.0873
-58.0413
-74.6701
-93.8572
-111.765
-128.394
-143.104
-150.779
-147.581
-148.221
-159.733
-176.362
-184.037
-182.118
-175.722
-169.966
-169.326
-177.001
-184.037
-172.524
-146.942
-128.394
-128.394
-130.313
-120.719
-108.567
-97.6946
-93.8572
-97.6946
-106.009
-104.73
-89.3802
-68.2744
-45.8895
-26.0628
-13.2714
-12.6318
-7.51524
14.8697
43.6504
54.5231
46.2087
39.813
55.8022
85.862
113.364
129.353
137.028
144.063
155.575
170.285
182.437
183.077
176.681
177.321
188.833
197.787
196.508
182.437
165.169
156.215
163.89
181.798
181.158
158.773
133.19
117.841
103.13
85.2224
75.6289
76.2685
60.2792
21.2654
-11.9922
-19.6671
-25.4232
-53.5643
-75.9492
-84.2637
-100.253
-126.475
-134.15
-125.836
-125.196
-138.627
-143.744
-134.79
-124.557
-114.963
-111.126
-108.567
-99.6133
-86.8219
-74.0305
-66.9953
-62.5183
-59.3204
-55.483
-45.2499
-31.8189
-23.5045
-24.1441
-25.4232
-18.3879
-9.43395
-8.79438
-11.9922
-11.9922
-10.7131
-4.95696
0.799171
0.799171
-4.95696
-8.79438
-5.59653
-0.479969
3.99702
14.2301
21.2654
21.2654
20.6258
17.428
4.63659
-11.9922
-17.1088
-11.3527
-10.0735
-13.9109
-22.8649
-37.575
-55.483
-63.7974
-52.2852
-39.4937
-38.8542
-53.5643
-63.7974
-63.7974
-58.6809
-51.6456
-48.4477
-48.4477
-58.0413
-70.8327
-74.0305
-65.7161
-53.5643
-54.2039
-64.437
-70.8327
-60.5996
-41.4125
-29.9002
-27.3419
-30.5398
-29.2606
-12.6318
16.7884
46.8482
53.8835
43.6504
36.6151
50.6856
82.0246
106.968
117.201
115.922
117.841
130.632
149.819
164.529
177.321
188.193
195.868
197.147
200.345
204.822
202.264
193.949
186.914
185.635
180.518
172.204
165.169
158.773
145.342
129.992
117.201
103.77
86.5016
68.5936
55.8022
39.1734
11.6719
-16.4692
-35.0168
-45.2499
-58.6809
-76.5888
-98.3342
-119.44
-131.592
-127.115
-116.882
-116.242
-128.394
-136.069
-136.708
-135.429
-133.511
-132.871
-133.511
-134.15
-129.673
-117.521
-101.532
-90.6594
-85.5428
-86.8219
-90.6594
-90.6594
-82.9845
-66.9953
-56.7621
-54.2039
-50.3664
-42.6916
-35.6563
-31.1793
-29.9002
-29.2606
-26.7023
-24.1441
-24.7836
-26.0628
-21.5858
-17.7484
-22.2254
-20.3066
-2.39868
12.951
10.3927
3.35745
6.5553
15.5093
15.5093
11.0323
11.6719
18.0676
24.4633
26.382
25.7424
30.2194
36.6151
41.7317
40.4525
32.7777
24.4633
22.5446
26.382
24.4633
11.6719
-5.59653
-18.3879
-26.0628
-31.8189
-33.7376
-37.575
-46.529
-58.6809
-65.0766
-67.6348
-69.5535
-70.8327
-64.437
-58.0413
-58.0413
-62.5183
-61.2391
-56.7621
-50.3664
-42.052
-33.098
-23.5045
-17.1088
-7.51524
5.27616
21.905
36.6151
45.5691
53.2439
64.1166
79.4663
92.2577
97.3743
93.5368
91.6181
101.212
121.678
135.748
138.307
134.469
140.865
154.936
163.25
162.61
160.052
164.529
172.844
180.518
184.356
177.96
163.89
151.098
149.179
149.819
144.063
132.551
122.957
114.643
105.049
90.9786
73.7102
57.7209
41.0921
23.1841
-5.59653
-41.4125
-72.7514
-95.7759
-116.882
-141.825
-172.524
-207.061
-236.481
-253.11
-263.983
-279.333
-296.601
-306.195
-310.672
-313.869
-311.311
-304.915
-303.636
-303.636
-292.764
-265.262
-232.644
-207.061
-185.955
-168.047
-145.662
-112.405
-72.1118
-36.2959
-11.3527
13.5906
41.0921
73.0706
103.77
131.271
156.215
174.123
190.112
201.624
213.776
225.288
232.963
232.963
229.126
222.73
216.974
203.543
179.239
149.819
121.038
99.9325
76.908
53.2439
26.382
-0.479969
-22.8649
-41.4125
-54.2039
-61.8787
-72.1118
-81.0658
-86.1824
-83.6241
-72.1118
-59.3204
-50.3664
-40.1333
-26.7023
-10.7131
-4.31739
-1.11954
9.75315
27.6611
45.5691
58.3605
69.8728
81.385
96.0951
116.561
137.667
149.179
149.179
145.982
153.656
170.925
182.437
176.681
156.854
135.748
118.48
105.049
91.6181
71.1519
46.2087
21.905
2.71788
-13.9109
-31.8189
-54.8434
-79.7867
-106.009
-124.557
-134.79
-145.662
-161.652
-178.28
-187.874
-192.991
-199.386
-203.863
-205.142
-210.259
-221.771
-230.725
-229.446
-216.015
-195.549
-178.92
-165.489
-150.779
-134.15
-123.917
-114.323
-95.7759
-71.4723
-50.3664
-35.6563
-20.9462
-5.59653
9.75315
26.382
44.2899
64.1166
85.862
106.328
124.236
145.982
173.483
198.426
209.939
209.939
209.299
214.416
219.532
221.451
220.172
211.857
193.31
170.925
160.052
157.494
140.225
103.13
64.7562
41.7317
24.4633
5.27616
-14.5505
-34.3772
-52.2852
-68.2744
-82.9845
-96.4155
-113.044
-130.952
-146.942
-152.058
-150.779
-149.5
-152.698
-158.454
-161.652
-157.814
-145.662
-132.231
-116.242
-93.8572
-72.1118
-59.3204
-50.3664
-35.0168
-12.6318
3.35745
10.3927
19.9863
38.5338
55.1626
64.7562
70.5123
80.7454
91.6181
97.3743
99.9325
103.77
110.166
115.282
120.399
126.155
129.992
128.713
115.922
100.572
89.0599
85.862
86.5016
85.2224
74.9893
59.0001
45.5691
35.9755
24.4633
9.75315
-8.79438
-29.2606
-45.2499
-54.8434
-58.0413
-65.0766
-75.9492
-81.0658
-84.2637
-90.0198
-99.6133
-102.172
-97.6946
-90.6594
-78.5075
-63.7974
-52.9247
-51.6456
-51.6456
-45.2499
-31.8189
-13.9109
2.71788
14.8697
18.0676
16.1489
14.2301
18.7071
34.0568
52.6044
62.8375
62.8375
62.1979
71.1519
84.5829
88.4203
74.3497
51.9648
35.336
28.9403
30.859
30.2194
21.2654
5.91573
-8.15481
-15.1901
-21.5858
-24.1441
-26.7023
-35.0168
-47.1686
-60.5996
-75.3097
-84.2637
-86.1824
-81.7054
-84.2637
-95.7759
-104.73
-109.846
-113.044
-113.044
-109.846
-107.288
-104.73
-98.3342
-90.0198
-85.5428
-82.9845
-79.7867
-74.6701
-67.6348
-60.5996
-47.8082
-29.9002
-9.43395
1.43874
4.63659
5.91573
13.5906
30.2194
46.8482
60.2792
63.477
61.5583
65.3958
78.1872
90.339
94.1764
101.212
111.445
120.399
124.236
129.992
136.388
139.586
143.423
144.702
141.505
134.469
132.551
138.307
146.621
152.377
153.017
151.738
151.098
145.982
137.028
131.911
129.353
114.643
87.7807
62.1979
44.9295
29.5798
7.19487
-15.8297
-33.7376
-53.5643
-81.7054
-111.765
-137.348
-155.896
-169.326
-182.757
-198.747
-212.817
-217.294
-218.573
-220.492
-224.969
-229.446
-228.807
-214.736
-184.676
-159.093
-153.337
-155.896
-141.825
-114.963
-89.3802
-73.391
-65.0766
-59.96
-47.1686
-22.8649
2.71788
21.905
41.7317
67.954
88.4203
95.4556
101.212
119.759
142.144
152.377
152.377
149.819
151.738
158.773
168.367
172.844
169.006
157.494
147.261
140.225
130.632
115.922
100.572
90.9786
80.1059
66.6749
50.6856
35.9755
19.9863
6.5553
0.159601
-8.15481
-24.1441
-45.8895
-65.7161
-87.4615
-104.73
-111.126
-109.207
-105.369
-102.811
-103.451
-111.765
-122.638
-120.719
-109.846
-105.369
-113.684
-121.359
-114.323
-95.1364
-68.914
-48.4477
-33.7376
-22.8649
-8.15481
11.6719
27.0215
32.7777
38.5338
46.8482
60.9188
77.5476
91.6181
97.3743
96.0951
93.5368
85.2224
74.3497
68.5936
67.3145
61.5583
50.0461
44.9295
44.2899
44.9295
39.813
28.3007
18.0676
10.3927
5.27616
-2.39868
-13.9109
-19.6671
-21.5858
-25.4232
-33.7376
-40.1333
-41.4125
-42.052
-43.3312
-41.4125
-38.2146
-35.6563
-37.575
-38.2146
-33.098
-26.7023
-19.6671
-13.9109
-6.2361
2.71788
13.5906
22.5446
25.1028
21.2654
17.428
18.0676
21.905
23.1841
21.905
27.6611
34.0568
36.6151
34.0568
34.6964
38.5338
41.7317
41.7317
43.0108
46.2087
46.2087
44.9295
38.5338
32.7777
32.7777
36.6151
35.336
25.7424
12.951
4.63659
-3.67782
-7.51524
-7.51524
-11.3527
-22.8649
-33.7376
-38.8542
-43.3312
-54.8434
-68.2744
-79.1471
-86.1824
-96.4155
-106.009
-109.846
-107.928
-110.486
-118.8
-121.359
-115.603
-106.649
-104.73
-106.649
-106.009
-97.6946
-83.6241
-67.6348
-55.483
-48.4477
-40.1333
-21.5858
4.63659
26.382
36.6151
43.6504
54.5231
66.6749
77.5476
90.339
106.328
119.759
129.353
134.469
138.307
142.144
145.982
144.063
137.667
132.551
129.992
128.074
122.957
114.003
105.049
96.7347
94.1764
90.9786
84.5829
73.7102
60.2792
48.7669
43.6504
43.0108
42.3712
39.813
35.9755
32.1381
25.1028
11.6719
0.799171
-3.03825
-0.479969
-2.39868
-12.6318
-24.1441
-33.7376
-41.4125
-51.6456
-59.96
-65.0766
-66.9953
-71.4723
-77.2284
-82.9845
-89.3802
-98.9738
-112.405
-121.998
-125.836
-125.836
-122.638
-120.08
-116.882
-116.242
-120.719
-125.836
-123.277
-113.684
-103.451
-97.6946
-93.2176
-86.8219
-77.868
-68.914
-58.6809
-45.8895
-33.098
-20.9462
-8.79438
0.799171
8.47401
12.951
18.0676
19.9863
23.8237
31.4985
44.9295
55.1626
55.8022
53.2439
55.1626
62.1979
67.954
69.2332
68.5936
67.954
63.477
55.1626
47.4878
45.5691
48.7669
49.4065
44.9295
39.1734
33.4173
30.2194
27.0215
22.5446
16.1489
8.47401
-0.479969
-5.59653
2.07831
16.7884
26.382
25.1028
25.1028
31.4985
39.1734
44.2899
44.2899
39.813
32.1381
27.6611
32.1381
37.8942
40.4525
40.4525
43.0108
49.4065
54.5231
55.1626
50.6856
46.2087
42.3712
40.4525
41.7317
44.2899
44.2899
37.2547
33.4173
33.4173
32.7777
27.6611
18.7071
8.47401
-1.11954
-5.59653
-9.43395
-21.5858
-42.6916
-57.4017
-57.4017
-55.483
-60.5996
-75.3097
-88.1011
-92.5781
-91.2989
-88.7407
-90.0198
-91.2989
-91.2989
-90.6594
-88.1011
-82.9845
-74.6701
-66.9953
-59.96
-53.5643
-42.6916
-26.0628
-13.9109
-13.2714
-4.95696
16.1489
36.6151
38.5338
27.0215
30.2194
45.5691
54.5231
40.4525
27.0215
45.5691
76.2685
80.7454
55.8022
44.9295
57.0813
70.5123
69.8728
62.8375
59.0001
52.6044
50.0461
52.6044
55.1626
51.3252
46.2087
41.7317
32.7777
20.6258
9.75315
1.43874
-6.87567
-15.8297
-22.2254
-25.4232
-26.0628
-29.2606
-37.575
-52.9247
-65.7161
-72.7514
-75.3097
-77.868
-88.1011
-100.253
-107.928
-108.567
-105.369
-100.253
-95.7759
-91.9385
-91.2989
-93.8572
-92.5781
-82.9845
-67.6348
-52.9247
-42.6916
-33.098
-22.2254
-8.79438
4.63659
16.1489
30.859
51.3252
74.3497
87.7807
90.339
88.4203
90.339
94.1764
98.0138
103.13
104.41
103.77
106.328
111.445
110.166
102.491
94.1764
87.1411
76.908
63.477
48.1274
34.0568
21.2654
7.83444
-3.67782
-10.0735
-19.6671
-36.2959
-56.7621
-72.1118
-78.5075
-77.868
-79.1471
-88.1011
-98.9738
-104.73
-99.6133
-88.1011
-74.0305
-63.7974
-52.9247
-40.7729
-23.5045
-8.79438
2.71788
16.1489
33.4173
50.6856
66.6749
84.5829
101.212
110.805
114.003
112.724
107.607
106.968
115.282
127.434
128.713
116.561
99.293
84.5829
71.7915
62.1979
52.6044
36.6151
16.1489
-4.95696
-17.1088
-25.4232
-41.4125
-63.7974
-81.7054
-93.2176
-100.892
-109.207
-117.521
-125.196
-130.952
-134.79
-137.348
-138.627
-137.348
-129.034
-118.161
-110.486
-107.288
-102.172
-94.4968
-82.345
-72.7514
-63.1578
-49.7269
-31.8189
-12.6318
4.63659
14.8697
20.6258
26.382
37.8942
51.9648
62.1979
70.5123
78.8267
87.7807
95.4556
106.328
116.561
119.759
116.561
117.841
123.597
131.271
131.271
126.155
119.759
116.561
115.922
112.084
104.41
92.8973
80.7454
69.2332
64.1166
59.6396
45.5691
21.905
0.159601
-11.3527
-17.7484
-24.7836
-34.3772
-42.6916
-50.3664
-59.96
-73.391
-88.7407
-95.1364
-92.5781
-94.4968
-108.567
-128.394
-143.104
-146.302
-142.465
-137.988
-138.627
-136.069
-126.475
-117.521
-109.207
-97.6946
-82.9845
-72.7514
-66.9953
-53.5643
-35.0168
-18.3879
-8.79438
-0.479969
11.0323
20.6258
29.5798
41.7317
51.9648
58.3605
63.477
73.0706
83.3037
90.339
95.4556
96.7347
96.0951
95.4556
98.0138
99.293
101.851
99.9325
92.2577
82.0246
74.3497
68.5936
61.5583
53.2439
48.1274
44.2899
33.4173
17.428
3.35745
-3.67782
-10.7131
-25.4232
-40.1333
-51.006
