-5
-6
-4
0
-1
-5
-7
3
15
19
12
6
5
8
9
7
5
4
5
3
0
-4
-6
-7
-8
-10
-12
-11
-4
3
8
10
9
5
2
5
13
20
20
17
8
3
6
15
20
15
4
-4
-11
-13
-14
-14
-15
-15
-17
-20
-24
-26
-19
-6
1
-9
-19
-17
-3
6
10
7
5
8
14
13
6
-1
-8
-8
0
8
7
-7
-22
-17
7
23
6
-21
-24
2
27
21
0
-14
2
34
47
29
0
-8
7
23
20
9
0
-5
-11
-17
-15
-10
-3
-1
2
5
8
7
2
1
0
-2
-6
-6
0
3
1
-3
-1
5
2
-11
-22
-20
-9
-8
-14
-14
-10
-11
-14
-9
-1
1
-5
-4
5
10
6
-1
-5
-8
-6
0
11
15
15
14
15
14
15
14
11
2
-1
4
10
5
-4
-6
-9
-10
-10
-8
-12
-20
-22
-16
-13
-15
-16
-14
-11
-11
-9
-6
-5
-8
-7
-5
-5
-5
-5
-1
2
-1
-6
-15
-17
-13
-7
-4
-2
-3
-4
-4
-4
-7
-12
-12
0
16
21
18
18
20
18
15
16
24
25
17
11
13
14
11
10
17
23
25
21
10
5
19
28
14
-12
-19
-8
-3
-10
-16
-15
-9
-5
1
13
17
2
-15
-6
13
15
-8
-22
-10
13
24
9
-16
-19
-3
17
16
-2
-10
-3
16
19
7
-2
-2
-5
-8
-12
-14
-10
-5
1
-2
-10
-11
-7
0
0
2
3
2
0
-5
-8
-9
-6
-2
-3
-4
-4
-7
-15
-17
-11
-5
-2
-1
-2
-8
-14
-18
-19
-17
-13
-6
-2
-2
-7
-9
-2
7
7
8
8
5
2
1
4
2
-1
2
7
9
6
0
-11
-19
-20
-8
8
18
18
12
8
4
-1
-7
-6
0
4
0
-5
0
9
15
13
7
7
8
6
3
2
6
10
9
9
9
12
15
17
18
18
20
18
18
17
16
12
6
0
-4
-4
-2
-3
-7
-13
-10
3
15
19
11
5
3
4
1
-8
-13
-12
-14
-25
-34
-29
-16
-10
-16
-24
-24
-10
5
12
5
-5
-6
-6
-8
-12
-15
-11
-7
-7
-8
-5
6
15
11
0
-6
-6
-7
-12
-20
-22
-17
-12
-10
-8
-2
6
8
4
-2
-3
-3
-1
5
11
15
16
13
8
6
7
3
0
-1
3
4
9
18
23
21
17
19
19
17
14
11
11
10
10
12
17
20
18
13
12
10
10
9
12
18
26
25
18
12
12
11
8
6
2
-5
-8
-5
-1
-4
-5
-8
-21
-37
-37
-21
-10
-12
-17
-21
-29
-38
-38
-38
-46
-52
-52
-51
-51
-44
-34
-35
-41
-39
-29
-25
-32
-38
-39
-28
-15
-9
-10
-8
-4
-3
-2
-2
2
9
11
13
16
19
20
22
27
33
29
22
20
23
31
36
34
20
10
13
21
29
34
38
41
37
29
29
42
57
62
57
51
47
45
46
50
48
43
39
37
38
43
44
39
34
35
37
34
28
29
27
22
15
15
19
23
27
25
15
9
7
7
2
-3
-1
-10
-44
-100
-156
-186
-178
-141
-109
-109
-153
-213
-260
-269
-234
-171
-112
-89
-91
-94
-83
-67
-52
-30
6
52
101
140
154
148
139
126
113
107
122
148
161
150
118
69
21
-7
-6
6
9
-2
-26
-58
-88
-105
-105
-101
-101
-101
-95
-86
-75
-71
-79
-94
-94
-68
-25
20
57
80
82
66
50
48
71
109
148
159
145
123
104
90
83
84
90
93
89
79
64
47
36
33
36
40
48
54
61
64
57
44
33
32
40
56
71
78
74
60
39
22
23
45
70
80
68
51
33
20
6
-12
-41
-89
-141
-179
-187
-174
-160
-171
-211
-262
-302
-317
-311
-283
-234
-187
-168
-179
-189
-177
-151
-126
-100
-58
3
62
96
105
118
139
151
150
152
171
189
193
176
148
117
92
87
101
117
114
86
43
6
-18
-33
-46
-63
-82
-100
-108
-104
-96
-103
-130
-158
-171
-164
-145
-123
-102
-85
-74
-61
-42
-19
0
24
57
85
100
103
106
113
121
132
143
151
153
150
146
144
137
125
117
113
116
119
115
104
90
79
74
78
81
81
79
82
90
100
99
88
76
78
94
110
121
120
116
112
107
101
87
64
20
-43
-105
-143
-159
-160
-157
-168
-214
-290
-361
-394
-391
-366
-333
-309
-305
-322
-334
-322
-288
-253
-220
-176
-113
-41
18
54
67
75
95
133
179
220
252
268
260
231
204
193
198
202
194
174
151
130
100
56
12
-14
-23
-33
-63
-103
-135
-147
-159
-188
-236
-272
-272
-231
-182
-170
-198
-229
-219
-175
-120
-64
-24
-8
1
39
92
121
121
127
160
201
226
235
236
232
219
208
209
216
223
227
228
217
191
162
142
136
139
145
148
145
135
117
104
105
109
106
104
107
115
119
120
122
120
116
110
103
86
44
-29
-122
-201
-237
-227
-201
-214
-290
-404
-510
-562
-555
-510
-465
-445
-447
-448
-434
-401
-366
-337
-305
-247
-151
-36
59
105
110
113
140
202
279
349
393
411
407
382
342
302
282
281
289
277
235
174
108
54
14
-20
-62
-106
-138
-153
-167
-194
-237
-289
-328
-337
-306
-252
-209
-199
-223
-253
-260
-228
-172
-107
-41
19
63
91
109
112
115
148
214
277
303
297
291
286
275
258
247
245
255
271
289
292
264
215
170
164
192
225
233
210
177
156
156
171
179
169
154
160
191
214
209
182
158
150
150
129
74
-27
-156
-280
-355
-364
-338
-338
-407
-537
-678
-778
-805
-760
-688
-632
-613
-606
-588
-555
-516
-477
-423
-337
-207
-50
99
192
218
212
226
290
388
486
549
567
547
509
459
402
354
330
325
315
270
187
84
-11
-79
-128
-172
-217
-245
-250
-243
-252
-292
-354
-405
-406
-344
-249
-168
-134
-149
-189
-213
-195
-134
-54
27
101
159
188
180
151
136
163
228
295
336
344
317
267
219
194
194
217
254
302
334
332
293
244
217
230
277
337
385
401
391
369
353
349
353
357
365
378
383
365
330
298
275
245
180
56
-129
-331
-493
-577
-593
-595
-655
-805
-1013
-1190
-1261
-1209
-1093
-990
-939
-918
-880
-792
-670
-552
-459
-352
-165
100
354
507
551
549
574
659
785
904
963
941
870
760
611
447
319
261
235
180
72
-92
-286
-461
-569
-605
-594
-566
-528
-487
-450
-425
-425
-441
-435
-354
-190
12
189
289
310
266
190
120
93
128
215
329
424
440
335
137
-60
-146
-79
92
259
326
265
117
-42
-142
-156
-83
67
258
435
533
534
463
394
411
538
726
891
969
943
843
715
598
529
530
592
665
685
609
443
233
12
-234
-524
-840
-1114
-1282
-1320
-1280
-1293
-1477
-1828
-2174
-2301
-2122
-1745
-1355
-1078
-929
-831
-702
-497
-239
44
365
750
1175
1520
1657
1560
1343
1179
1168
1288
1410
1412
1238
927
549
149
-223
-491
-597
-560
-485
-516
-728
-1071
-1378
-1486
-1351
-1057
-742
-496
-328
-194
-66
45
122
211
384
657
953
1139
1139
956
657
331
62
-74
-56
76
201
189
-22
-365
-691
-858
-799
-546
-228
10
84
5
-151
-273
-267
-76
271
661
975
1138
1156
1087
1011
996
1087
1283
1515
1652
1593
1353
1034
752
571
509
532
578
575
485
299
13
-385
-893
-1436
-1906
-2205
-2291
-2218
-2136
-2208
-2441
-2668
-2690
-2448
-2023
-1550
-1104
-674
-220
249
668
954
1106
1248
1521
1933
2309
2435
2240
1832
1406
1097
916
768
554
246
-126
-540
-999
-1458
-1813
-1950
-1828
-1529
-1225
-1066
-1059
-1069
-949
-648
-214
270
733
1126
1427
1614
1669
1606
1496
1425
1415
1393
1245
901
387
-199
-725
-1117
-1358
-1491
-1559
-1595
-1628
-1669
-1707
-1688
-1541
-1228
-780
-278
184
535
762
903
1030
1211
1447
1696
1888
1985
1979
1884
1745
1603
1481
1370
1236
1058
844
625
405
179
-33
-177
-222
-193
-152
-138
-143
-142
-153
-265
-579
-1085
-1618
-1926
-1862
-1528
-1231
-1298
-1767
-2357
-2640
-2382
-1683
-876
-286
-22
23
32
112
290
581
999
1483
1886
2030
1829
1354
807
409
268
339
471
475
218
-307
-960
-1522
-1811
-1733
-1327
-767
-309
-148
-282
-526
-616
-366
234
983
1602
1874
1775
1454
1121
923
892
969
1043
985
714
230
-401
-1074
-1647
-1970
-1978
-1747
-1469
-1329
-1422
-1676
-1867
-1749
-1240
-478
295
885
1185
1229
1156
1127
1226
1441
1710
1925
1961
1761
1379
936
574
420
500
693
791
662
332
-53
-305
-305
-64
283
583
763
822
801
742
723
795
904
863
490
-217
-1033
-1638
-1841
-1715
-1565
-1696
-2164
-2747
-3107
-3041
-2580
-1937
-1339
-871
-494
-160
94
250
398
687
1187
1815
2355
2546
2268
1663
1059
706
623
665
645
433
-16
-650
-1322
-1843
-2055
-1897
-1455
-947
-623
-582
-715
-785
-587
-68
642
1317
1756
1883
1775
1568
1381
1259
1194
1123
961
647
162
-438
-1042
-1527
-1817
-1912
-1870
-1775
-1708
-1701
-1701
-1597
-1304
-838
-285
272
758
1119
1330
1417
1449
1491
1585
1713
1781
1703
1454
1111
794
590
517
522
522
454
309
127
-21
-65
30
241
484
670
766
823
909
1058
1183
1103
668
-91
-900
-1435
-1550
-1386
-1278
-1531
-2168
-2894
-3293
-3148
-2569
-1846
-1235
-824
-564
-352
-100
228
642
1138
1692
2197
2476
2387
1954
1381
910
682
641
602
393
-58
-703
-1419
-2033
-2371
-2323
-1926
-1355
-874
-671
-750
-887
-788
-279
563
1470
2137
2396
2274
1953
1644
1465
1407
1381
1272
971
425
-309
-1082
-1731
-2143
-2277
-2208
-2092
-2049
-2084
-2093
-1953
-1586
-1010
-325
350
914
1306
1517
1627
1747
1912
2079
2168
2130
1925
1559
1116
715
458
363
357
314
150
-121
-397
-562
-541
-330
4
348
604
741
804
892
1098
1384
1531
1277
561
-379
-1155
-1486
-1376
-1149
-1224
-1787
-2629
-3287
-3404
-2982
-2286
-1609
-1055
-610
-255
13
243
547
996
1561
2101
2446
2464
2138
1621
1166
936
893
832
560
42
-613
-1240
-1729
-2038
-2130
-1980
-1620
-1202
-933
-915
-1003
-898
-386
473
1383
2023
2236
2107
1873
1745
1760
1787
1695
1430
1010
452
-221
-941
-1587
-2022
-2174
-2123
-2062
-2136
-2331
-2461
-2312
-1812
-1087
-377
152
486
720
974
1294
1632
1901
2055
2093
2014
1810
1504
1160
853
665
613
613
519
241
-156
-492
-603
-444
-126
180
363
434
464
532
687
956
1235
1270
851
22
-864
-1415
-1461
-1181
-1001
-1288
-2053
-2901
-3325
-3090
-2369
-1548
-926
-560
-347
-162
72
418
902
1504
2136
2632
2794
2518
1933
1347
1021
966
983
825
374
-320
-1089
-1765
-2228
-2389
-2200
-1742
-1246
-978
-1034
-1249
-1268
-807
126
1217
2048
2378
2273
2006
1854
1918
2086
2158
2008
1601
960
171
-622
-1271
-1690
-1886
-1957
-2055
-2276
-2565
-2752
-2678
-2295
-1691
-1024
-441
-4
314
572
834
1134
1468
1794
2035
2114
1986
1694
1374
1146
1046
1013
952
782
489
145
-138
-272
-248
-124
15
125
208
277
357
481
673
795
604
-15
-856
-1495
-1667
-1399
-1014
-966
-1494
-2371
-3043
-3085
-2512
-1663
-914
-467
-277
-171
-6
274
671
1174
1741
2262
2567
2502
2078
1536
1183
1127
1197
1116
727
88
-617
-1215
-1637
-1888
-1953
-1784
-1424
-1076
-972
-1146
-1339
-1171
-473
547
1453
1907
1890
1663
1560
1733
2065
2292
2224
1862
1309
663
7
-587
-1018
-1239
-1319
-1434
-1737
-2192
-2596
-2701
-2408
-1827
-1226
-819
-612
-446
-161
258
717
1124
1439
1652
1752
1724
1596
1440
1359
1396
1480
1462
1234
836
435
206
202
334
459
474
380
245
167
180
284
421
398
10
-756
-1600
-2118
-2122
-1740
-1395
-1503
-2124
-2892
-3301
-3066
-2310
-1398
-697
-322
-166
-38
199
603
1173
1832
2446
2826
2844
2505
1986
1534
1335
1331
1290
987
385
-381
-1136
-1733
-2097
-2223
-2127
-1863
-1567
-1428
-1529
-1705
-1636
-1081
-101
951
1665
1885
1782
1699
1884
2312
2738
2895
2664
2117
1413
709
126
-294
-556
-758
-1045
-1522
-2133
-2650
-2847
-2659
-2195
-1672
-1298
-1137
-1063
-862
-441
133
736
1246
1588
1729
1703
1594
1518
1568
1746
1924
1936
1708
1295
856
552
460
507
546
487
345
188
65
-16
-32
33
51
-205
-848
-1680
-2280
-2371
-1995
-1543
-1499
-2041
-2850
-3359
-3164
-2341
-1324
-572
-263
-231
-180
52
471
1042
1712
2349
2755
2793
2469
1963
1552
1435
1549
1613
1365
739
-98
-899
-1472
-1791
-1921
-1924
-1809
-1640
-1552
-1651
-1849
-1859
-1415
-528
455
1133
1352
1295
1292
1560
2072
2595
2869
2759
2309
1663
1011
519
264
197
115
-193
-809
-1591
-2234
-2477
-2272
-1835
-1475
-1360
-1440
-1502
-1354
-949
-377
214
683
966
1105
1184
1249
1354
1567
1866
2077
2054
1809
1453
1117
915
892
965
999
912
698
405
117
-61
-72
36
-1
-432
-1278
-2220
-2783
-2727
-2210
-1765
-1885
-2596
-3412
-3742
-3316
-2379
-1425
-811
-547
-393
-145
234
719
1302
1963
2587
2985
3016
2685
2178
1791
1735
1922
2016
1715
997
110
-678
-1236
-1586
-1794
-1873
-1833
-1778
-1876
-2184
-2509
-2503
-1949
-972
13
598
683
554
624
1091
1817
2480
2814
2749
2411
2009
1680
1438
1258
1116
965
700
231
-427
-1115
-1576
-1652
-1444
-1255
-1313
-1573
-1821
-1856
-1604
-1129
-615
-237
8
230
486
735
969
1259
1619
1951
2128
2099
1914
1700
1595
1646
1761
1781
1614
1297
950
690
538
450
242
-261
-1052
-1933
-2564
-2768
-2589
-2357
-2458
-2996
-3709
-4187
-4143
-3565
-2688
-1854
-1295
-1004
-811
-570
-198
397
1247
2189
2907
3181
3038
2694
2419
2388
2592
2790
2719
2272
1549
749
34
-512
-900
-1160
-1274
-1295
-1398
-1802
-2481
-3061
-3099
-2492
-1587
-891
-658
-752
-833
-624
-83
641
1329
1842
2125
2167
1999
1737
1584
1671
1929
2134
2052
1605
920
277
-86
-145
-67
-56
-210
-508
-849
-1119
-1262
-1253
-1102
-859
-617
-454
-400
-383
-263
42
489
932
1235
1368
1403
1442
1541
1688
1853
2008
2096
2074
1927
1675
1267
671
-39
-718
-1197
-1438
-1525
-1711
-2225
-3025
-3801
-4225
-4163
-3725
-3194
-2841
-2744
-2737
-2581
-2203
-1622
-889
-69
725
1359
1746
1890
1924
2072
2449
2933
3276
3296
2975
2462
1959
1588
1305
1032
783
582
355
-12
-549
-1173
-1711
-1949
-1828
-1541
-1411
-1589
-1958
-2241
-2210
-1835
-1282
-780
-423
-204
-97
-53
-4
166
531
1060
1579
1840
1762
1501
1297
1298
1481
1695
1765
1627
1341
1012
741
581
516
454
344
228
122
-44
-303
-515
-507
-276
26
241
303
272
276
394
615
860
1075
1242
1378
1408
1186
674
7
-523
-723
-594
-408
-562
-1240
-2212
-2999
-3248
-2942
-2398
-2009
-1986
-2247
-2512
-2580
-2378
-1906
-1236
-497
131
486
513
340
262
542
1179
1911
2404
2445
2084
1585
1215
1063
1064
1152
1271
1333
1208
799
154
-495
-819
-670
-205
197
211
-232
-880
-1353
-1420
-1145
-758
-455
-336
-399
-603
-897
-1167
-1237
-963
-401
168
422
248
-167
-464
-375
90
688
1136
1283
1165
933
752
717
848
1099
1378
1558
1521
1232
803
467
424
665
983
1135
1023
727
423
260
275
417
591
751
838
845
715
402
-39
-501
-803
-884
-789
-697
-844
-1308
-1926
-2403
-2561
-2406
-2105
-1848
-1741
-1780
-1871
-1937
-1903
-1695
-1296
-756
-200
234
424
387
315
437
803
1276
1676
1861
1814
1613
1359
1111
899
789
823
965
1063
939
522
-65
-518
-601
-341
-1
142
9
-292
-577
-718
-718
-630
-472
-252
-37
45
-106
-435
-760
-866
-682
-325
4
132
17
-233
-425
-431
-265
-24
214
400
491
464
355
241
231
386
662
928
1062
1025
865
695
605
624
725
863
969
974
860
685
527
441
462
589
767
887
885
762
532
241
-54
-290
-426
-450
-398
-405
-601
-992
-1441
-1785
-1897
-1780
-1566
-1429
-1439
-1526
-1603
-1628
-1591
-1480
-1283
-1007
-699
-450
-331
-318
-296
-149
139
495
779
899
880
803
729
674
643
649
701
800
889
853
643
346
133
114
276
500
626
570
388
223
152
137
122
94
82
109
140
102
-58
-295
-482
-527
-441
-312
-235
-268
-397
-538
-596
-531
-392
-245
-134
-53
10
51
47
18
18
96
245
407
519
532
477
430
447
519
597
635
609
545
523
554
570
532
499
546
638
688
673
639
622
611
563
439
250
51
-52
-11
91
79
-127
-433
-678
-792
-814
-814
-854
-923
-979
-1018
-1085
-1196
-1305
-1341
-1265
-1097
-930
-848
-868
-918
-915
-824
-671
-506
-375
-297
-262
-231
-186
-131
-69
22
183
401
599
692
667
615
638
764
936
1083
1158
1175
1183
1195
1179
1087
930
775
671
606
527
382
170
-63
-257
-382
-451
-506
-570
-640
-690
-705
-705
-717
-729
-700
-601
-462
-348
-297
-304
-314
-269
-162
-34
62
111
150
208
265
276
237
220
274
398
538
616
600
528
466
453
493
570
675
749
764
755
781
836
851
793
697
614
554
525
507
473
376
212
8
-193
-361
-489
-581
-682
-813
-961
-1091
-1205
-1339
-1496
-1616
-1641
-1588
-1524
-1500
-1512
-1535
-1535
-1463
-1311
-1108
-897
-721
-599
-506
-372
-195
-18
161
408
746
1075
1287
1353
1356
1421
1574
1721
1750
1672
1566
1482
1382
1224
1006
779
605
476
351
173
-64
-318
-535
-675
-746
-774
-770
-750
-736
-738
-756
-763
-731
-645
-508
-353
-222
-142
-123
-131
-139
-134
-106
-51
26
98
134
136
116
115
150
197
215
223
252
305
365
433
495
551
603
658
702
735
790
868
943
991
1002
960
873
757
644
560
522
517
495
386
188
-58
-276
-430
-534
-620
-721
-859
-1028
-1214
-1386
-1519
-1608
-1664
-1693
-1701
-1697
-1685
-1669
-1638
-1582
-1482
-1323
-1129
-926
-719
-492
-253
-13
213
431
660
901
1150
1373
1535
1632
1663
1644
1573
1464
1337
1214
1091
964
807
593
342
106
-56
-140
-181
-231
-321
-450
-582
-672
-699
-647
-521
-367
-269
-272
-327
-357
-306
-187
-46
68
137
167
154
102
30
-28
-58
-37
41
105
90
-7
-93
-94
-14
112
194
209
192
207
272
371
461
527
566
611
653
686
717
761
803
828
858
898
918
886
811
712
592
465
368
297
204
50
-139
-325
-487
-633
-779
-934
-1096
-1234
-1335
-1413
-1492
-1592
-1694
-1753
-1737
-1650
-1528
-1397
-1271
-1142
-1007
-857
-703
-542
-351
-123
125
345
511
623
699
782
906
1061
1174
1182
1096
966
837
730
654
598
527
444
351
240
100
-35
-100
-84
-30
8
-2
-77
-169
-214
-165
-48
83
174
185
137
73
45
54
79
97
90
77
35
-44
-164
-264
-324
-314
-250
-186
-158
-182
-173
-142
-87
-22
49
129
215
293
348
379
433
493
562
641
730
795
797
758
709
690
711
742
743
697
618
522
416
300
191
109
52
-4
-90
-197
-308
-434
-563
-699
-839
-970
-1039
-1033
-1009
-1038
-1124
-1204
-1226
-1177
-1092
-1019
-956
-870
-752
-642
-586
-569
-533
-428
-257
-72
87
207
295
364
394
394
404
458
535
566
529
447
359
300
265
254
268
287
291
267
229
196
176
184
214
226
227
211
190
161
133
125
92
35
-35
-86
-115
-133
-134
-138
-163
-210
-270
-302
-299
-244
-168
-113
-80
-44
-8
29
75
150
241
308
368
382
367
345
358
396
450
498
527
507
453
422
402
403
401
406
407
393
361
318
295
295
296
260
197
129
85
79
89
83
42
-22
-108
-210
-304
-366
-406
-451
-514
-579
-641
-694
-752
-811
-846
-855
-842
-818
-781
-734
-702
-685
-663
-614
-525
-414
-291
-176
-79
-14
26
52
74
97
139
214
292
335
323
297
292
305
324
335
345
343
323
303
285
275
255
228
188
153
117
90
75
49
28
14
6
-17
-70
-96
-85
-50
-21
-27
-38
-61
-65
-45
-15
8
17
23
49
83
123
143
128
89
69
99
146
169
175
184
183
166
155
163
158
171
201
242
250
236
219
202
213
272
357
420
433
407
366
330
299
267
229
202
191
172
122
26
-91
-205
-304
-371
-404
-414
-442
-509
-589
-660
-703
-730
-735
-719
-680
-620
-563
-529
-527
-534
-518
-461
-378
-297
-234
-194
-170
-160
-148
-116
-59
11
79
143
194
235
261
277
291
313
353
383
376
340
321
331
353
369
355
319
241
172
128
104
82
40
10
-31
-72
-113
-162
-197
-215
-167
-115
-74
-68
-66
-52
-40
-16
0
28
47
89
126
154
156
156
162
153
154
155
162
155
146
146
157
195
225
236
216
202
203
204
219
239
247
248
237
251
281
312
326
290
244
207
198
178
129
65
16
14
27
7
-79
-188
-241
-234
-195
-187
-215
-284
-376
-448
-500
-537
-588
-633
-656
-663
-658
-656
-654
-646
-621
-579
-532
-480
-412
-313
-203
-100
-32
12
66
143
240
332
416
468
474
435
385
338
303
273
242
209
170
99
4
-99
-179
-226
-242
-240
-228
-218
-203
-192
-185
-166
-126
-51
34
100
134
144
145
163
200
243
295
315
316
277
224
194
167
177
165
155
117
77
70
68
60
53
55
77
83
83
79
68
76
116
172
211
230
228
232
240
269
288
316
325
352
369
380
360
326
309
304
309
291
249
183
121
74
37
-1
-54
-130
-230
-333
-414
-475
-526
-571
-615
-657
-695
-709
-693
-660
-628
-603
-543
-454
-367
-328
-307
-239
-116
9
72
63
49
59
100
158
187
171
99
40
-1
-15
-36
-94
-165
-200
-173
-134
-132
-160
-196
-222
-179
-82
22
83
80
71
83
137
213
272
321
324
284
228
168
136
109
107
88
58
23
-10
-41
-117
-161
-172
-134
-113
-86
-57
-42
-31
-26
26
74
123
150
174
204
221
234
253
270
291
328
381
429
445
449
430
414
391
397
421
433
441
425
411
365
307
257
218
175
115
59
-4
-69
-144
-224
-299
-367
-401
-422
-447
-481
-508
-522
-540
-534
-500
-445
-388
-332
-276
-241
-231
-217
-191
-150
-119
-97
-85
-90
-100
-98
-73
-58
-69
-101
-119
-114
-107
-104
-114
-114
-97
-72
-41
-24
2
24
41
52
56
80
102
126
130
114
96
72
37
-9
-50
-48
-41
-78
-155
-214
-225
-218
-211
-229
-236
-233
-164
-95
-100
-134
-128
-27
71
135
146
147
165
209
254
294
341
353
322
301
334
401
400
337
295
303
352
375
392
387
359
346
352
380
363
332
291
244
217
191
181
163
145
124
74
20
-28
-56
-68
-82
-99
-128
-164
-198
-216
-215
-218
-231
-254
-256
-244
-230
-232
-262
-287
-309
-299
-280
-267
-256
-252
-243
-241
-240
-238
-230
-215
-182
-161
-160
-147
-121
-100
-85
-61
-34
-36
-29
-3
-6
-32
-54
-42
-58
-86
-109
-119
-141
-159
-164
-194
-237
-279
-275
-250
-230
-204
-170
-147
-127
-125
-101
-81
-63
-12
49
122
153
191
212
226
226
258
306
320
318
292
292
272
266
275
288
290
252
223
206
192
178
160
171
190
210
237
232
216
199
208
231
251
285
313
332
322
314
331
363
381
334
257
203
197
203
176
126
70
10
-58
-117
-172
-219
-243
-258
-294
-351
-404
-404
-395
-410
-448
-463
-407
-330
-258
-259
-296
-323
-299
-220
-165
-131
-127
-134
-122
-126
-118
-118
-95
-60
-55
-68
-99
-126
-159
-183
-187
-199
-225
-233
-213
-211
-226
-241
-234
-236
-226
-180
-145
-122
-100
-49
-8
35
82
131
154
161
192
218
229
211
222
245
253
247
247
237
193
159
148
146
111
95
97
93
79
47
39
20
22
50
81
116
130
144
154
157
208
283
354
412
451
487
476
450
446
459
492
512
504
456
371
285
205
151
110
63
8
-55
-114
-178
-245
-324
-393
-436
-438
-414
-404
-416
-459
-490
-502
-469
-417
-368
-332
-300
-264
-254
-260
-262
-228
-179
-136
-118
-130
-140
-148
-159
-182
-185
-156
-132
-131
-181
-237
-264
-234
-185
-166
-153
-130
-92
-64
-55
-46
-31
-7
43
99
142
142
129
127
134
153
180
196
194
171
151
132
115
116
106
99
76
56
42
33
45
52
49
54
56
84
97
92
95
81
106
115
154
200
230
273
311
355
380
402
435
455
442
434
435
459
463
439
379
285
196
118
91
87
94
68
-6
-107
-198
-254
-272
-266
-267
-289
-326
-362
-388
-398
-401
-393
-369
-333
-295
-280
-274
-268
-253
-237
-220
-197
-182
-183
-192
-209
-225
-238
-242
-238
-247
-232
-207
-181
-161
-154
-135
-130
-109
-74
-51
-16
23
49
37
26
39
59
64
102
129
150
158
158
153
128
122
126
116
73
56
41
35
17
12
30
32
53
64
67
29
15
38
82
122
145
150
130
105
112
141
163
190
237
281
298
302
319
347
353
355
351
344
341
337
338
322
269
215
175
156
134
92
33
-47
-119
-164
-189
-204
-229
-262
-305
-346
-366
-366
-343
-324
-322
-342
-349
-325
-284
-258
-242
-229
-221
-208
-177
-133
-109
-111
-118
-122
-112
-93
-73
-55
-32
1
13
-4
-3
-11
-28
-13
40
85
75
71
98
79
55
48
49
25
-7
25
38
31
35
42
6
-47
-46
-18
-20
-34
-45
-71
-97
-132
-106
-65
-32
-25
-22
4
-15
-38
-21
27
38
47
95
102
91
133
207
279
290
328
357
361
375
374
360
319
303
331
354
360
324
256
178
90
47
34
29
4
-69
-137
-220
-292
-339
-331
-291
-279
-297
-336
-367
-396
-405
-395
-367
-319
-273
-247
-238
-231
-212
-187
-149
-87
-1
68
92
67
22
5
32
89
143
175
174
153
141
136
144
167
211
235
211
192
182
153
109
87
107
104
93
79
33
-39
-85
-51
-22
-43
-66
-61
-93
-172
-206
-178
-161
-161
-152
-146
-196
-229
-190
-133
-84
-24
22
24
-23
-2
59
96
150
205
237
231
240
293
304
313
358
390
363
304
292
289
268
259
246
196
115
36
-14
-89
-166
-231
-291
-365
-425
-445
-469
-523
-572
-580
-584
-602
-590
-543
-516
-518
-497
-436
-388
-351
-291
-241
-217
-188
-108
-9
80
160
219
234
235
273
332
377
413
444
454
446
462
503
526
527
538
550
532
490
451
399
321
253
223
218
196
163
105
21
-58
-95
-94
-85
-91
-111
-168
-236
-259
-249
-242
-259
-249
-230
-224
-191
-118
-59
-57
-50
-8
39
95
145
193
239
276
314
346
414
476
477
443
376
324
299
335
391
361
248
83
-62
-141
-175
-178
-222
-337
-499
-655
-735
-767
-784
-805
-831
-850
-884
-913
-930
-936
-911
-843
-740
-648
-594
-574
-558
-504
-385
-231
-107
-30
22
75
140
218
309
405
507
606
678
707
704
700
730
785
845
891
896
833
720
621
577
575
576
547
453
317
197
125
86
68
69
44
-32
-129
-196
-220
-222
-201
-168
-164
-197
-228
-221
-189
-155
-83
8
53
53
74
143
198
259
353
418
419
433
480
473
396
333
347
369
382
381
320
153
-58
-201
-239
-233
-253
-332
-502
-716
-884
-945
-940
-935
-956
-1005
-1079
-1157
-1196
-1177
-1124
-1050
-964
-879
-832
-822
-818
-778
-673
-498
-303
-165
-111
-86
-31
70
212
360
466
512
547
614
694
767
844
929
998
1034
1044
1010
928
841
797
802
806
778
687
540
379
272
231
234
235
185
84
-29
-80
-70
-46
-60
-95
-95
-47
-11
-20
-41
-21
62
210
361
437
412
382
459
622
775
847
826
736
620
553
571
593
582
520
404
215
-3
-165
-260
-329
-416
-538
-712
-926
-1130
-1273
-1358
-1404
-1431
-1458
-1515
-1602
-1683
-1705
-1647
-1533
-1409
-1313
-1250
-1210
-1159
-1057
-884
-662
-456
-287
-149
-18
101
224
372
535
684
801
886
954
1010
1060
1116
1173
1209
1210
1172
1107
1024
946
891
841
772
677
556
421
284
176
113
70
18
-51
-122
-188
-227
-227
-203
-184
-171
-140
-85
-20
54
125
198
302
441
574
668
744
827
898
898
860
806
782
780
802
808
716
512
255
49
-68
-105
-134
-239
-460
-722
-928
-1049
-1120
-1176
-1215
-1252
-1315
-1396
-1476
-1520
-1515
-1447
-1337
-1243
-1203
-1210
-1223
-1188
-1059
-863
-676
-539
-432
-340
-245
-118
59
251
411
543
668
780
848
880
916
989
1106
1216
1264
1207
1088
997
979
998
984
910
786
639
510
420
360
288
177
88
46
-4
-107
-204
-203
-125
-69
-69
-99
-100
-54
30
149
293
440
555
566
465
339
313
423
578
691
658
415
55
-214
-271
-180
-99
-151
-388
-730
-1030
-1180
-1205
-1182
-1160
-1167
-1238
-1367
-1508
-1586
-1540
-1351
-1088
-891
-859
-967
-1069
-1029
-794
-456
-167
-26
10
50
146
277
431
608
774
898
958
958
909
882
945
1086
1219
1255
1165
992
846
822
901
969
933
795
635
523
477
456
418
368
317
266
205
149
123
120
130
168
221
246
233
236
315
450
595
699
656
423
129
-1
96
249
301
171
-152
-589
-930
-1009
-910
-841
-911
-1100
-1349
-1590
-1769
-1859
-1849
-1743
-1581
-1488
-1533
-1689
-1823
-1781
-1496
-1073
-736
-629
-675
-703
-600
-368
-64
250
492
630
700
752
795
828
917
1120
1350
1450
1353
1150
1025
1089
1284
1446
1411
1199
966
857
879
909
845
715
597
510
419
305
206
148
133
145
147
109
58
48
100
188
282
369
451
545
679
859
1055
1152
1020
712
441
422
631
865
892
583
33
-499
-784
-802
-710
-726
-963
-1390
-1833
-2137
-2279
-2295
-2220
-2110
-2065
-2140
-2293
-2434
-2465
-2288
-1888
-1421
-1108
-1037
-1093
-1087
-885
-479
9
395
603
700
790
912
1053
1231
1454
1694
1867
1889
1756
1571
1477
1536
1672
1749
1652
1379
1052
828
773
788
733
541
271
27
-130
-213
-267
-314
-361
-404
-424
-415
-369
-296
-194
-56
124
341
577
808
1048
1259
1295
1088
787
686
867
1136
1265
1087
599
-22
-453
-513
-357
-302
-533
-980
-1459
-1820
-2024
-2092
-2048
-1944
-1898
-1978
-2131
-2250
-2261
-2133
-1829
-1426
-1120
-1007
-1022
-1030
-921
-635
-165
316
584
626
626
738
945
1155
1342
1509
1637
1693
1665
1565
1459
1423
1504
1651
1685
1489
1141
857
778
821
801
636
375
129
-55
-173
-229
-259
-284
-302
-290
-258
-241
-226
-166
-30
169
406
645
849
989
951
680
324
215
480
876
1050
815
207
-531
-1022
-1020
-660
-377
-513
-1060
-1723
-2182
-2294
-2134
-1873
-1702
-1746
-1974
-2219
-2323
-2248
-2016
-1621
-1149
-805
-740
-857
-905
-710
-277
259
708
926
928
876
932
1128
1399
1659
1842
1906
1830
1681
1567
1566
1665
1756
1757
1632
1394
1110
894
820
845
820
659
393
111
-97
-196
-206
-194
-227
-309
-381
-383
-306
-171
-19
141
308
496
718
965
1164
1124
775
330
159
389
779
973
714
18
-812
-1348
-1361
-1026
-758
-895
-1464
-2180
-2678
-2803
-2622
-2325
-2102
-2106
-2317
-2528
-2551
-2369
-2058
-1620
-1136
-761
-609
-596
-558
-370
23
578
1109
1417
1451
1344
1319
1471
1732
1956
2048
2026
1897
1707
1536
1432
1431
1481
1499
1388
1104
759
518
456
514
550
462
229
-85
-335
-412
-312
-147
-25
10
1
26
156
392
667
929
1176
1435
1690
1901
1897
1559
1013
633
696
1072
1402
1298
607
-461
-1395
-1734
-1440
-930
-772
-1276
-2285
-3248
-3683
-3490
-2921
-2399
-2263
-2600
-3129
-3432
-3284
-2746
-2022
-1347
-918
-789
-833
-840
-647
-207
403
1019
1479
1709
1715
1618
1574
1703
1984
2311
2547
2517
2158
1637
1272
1245
1466
1690
1685
1354
788
237
-58
-25
164
242
59
-325
-699
-888
-848
-656
-423
-247
-159
-87
65
314
575
828
1154
1592
2042
2354
2319
1865
1184
732
861
1423
1944
1883
1019
-365
-1553
-1936
-1468
-698
-361
-882
-2093
-3320
-3898
-3624
-2826
-2105
-1949
-2406
-3065
-3421
-3264
-2685
-1922
-1239
-861
-804
-841
-716
-334
181
662
1050
1382
1713
1972
2014
1873
1758
1890
2257
2598
2651
2317
1779
1318
1122
1204
1402
1461
1175
585
-52
-478
-560
-362
-145
-194
-554
-1001
-1266
-1212
-887
-466
-156
-21
40
177
459
834
1230
1632
2052
2469
2738
2620
2049
1258
754
848
1418
1975
1920
986
-532
-1887
-2392
-1933
-1080
-641
-1121
-2356
-3677
-4389
-4178
-3302
-2430
-2181
-2657
-3390
-3763
-3486
-2686
-1737
-1044
-779
-800
-784
-490
71
700
1182
1472
1704
1989
2297
2497
2518
2407
2311
2376
2587
2706
2507
1996
1413
1017
926
1072
1191
991
412
-322
-882
-1051
-879
-615
-547
-788
-1189
-1483
-1455
-1066
-485
47
383
546
679
910
1301
1837
2432
2993
3348
3234
2599
1761
1216
1197
1603
2119
2252
1544
60
-1519
-2404
-2312
-1643
-1107
-1270
-2215
-3517
-4520
-4729
-4082
-3108
-2532
-2701
-3328
-3821
-3748
-3052
-1988
-1038
-594
-604
-666
-400
249
1023
1601
1889
2021
2177
2405
2624
2739
2697
2542
2423
2428
2459
2333
1974
1430
837
403
305
479
585
290
-436
-1312
-1896
-1925
-1506
-1022
-852
-1106
-1569
-1855
-1658
-962
-64
663
1033
1114
1151
1394
1981
2824
3647
4110
3925
3151
2172
1502
1395
1741
2217
2337
1679
297
-1265
-2335
-2579
-2217
-1774
-1788
-2449
-3481
-4384
-4722
-4372
-3676
-3175
-3149
-3408
-3540
-3289
-2625
-1712
-871
-387
-238
-137
196
808
1536
2115
2396
2466
2504
2636
2816
2933
2860
2586
2248
2024
1959
1916
1691
1161
435
-227
-591
-604
-442
-421
-775
-1462
-2147
-2468
-2313
-1831
-1330
-1074
-1096
-1166
-991
-443
335
1076
1594
1870
2062
2364
2907
3643
4339
4583
4131
3160
2161
1590
1486
1681
1845
1587
680
-672
-1937
-2686
-2913
-2934
-3096
-3534
-4077
-4454
-4502
-4250
-3927
-3820
-3998
-4174
-3945
-3229
-2255
-1293
-514
-8
260
464
837
1456
2191
2797
3073
3083
3071
3209
3445
3543
3325
2804
2193
1767
1606
1504
1217
685
30
-576
-1056
-1416
-1685
-1900
-2086
-2277
-2480
-2615
-2587
-2397
-2117
-1824
-1514
-1147
-654
4
748
1415
1928
2341
2737
3158
3653
4241
4827
5090
4758
3907
2907
2172
1787
1638
1510
1109
254
-941
-2093
-2852
-3235
-3516
-3936
-4518
-5035
-5231
-5037
-4542
-3994
-3691
-3756
-3968
-3859
-3178
-2067
-849
189
882
1289
1635
2138
2789
3381
3704
3669
3458
3350
3464
3633
3584
3194
2504
1655
849
259
-130
-480
-942
-1473
-1943
-2293
-2551
-2750
-2908
-3070
-3235
-3274
-3020
-2468
-1804
-1185
-655
-178
298
846
1525
2277
2950
3457
3841
4209
4602
4991
5337
5570
5412
4654
3398
2081
1103
476
97
-234
-756
-1618
-2740
-3791
-4514
-4973
-5350
-5735
-5994
-5906
-5435
-4710
-3911
-3265
-2874
-2664
-2330
-1622
-610
482
1492
2361
3064
3643
4150
4559
4736
4592
4157
3566
3064
2869
2932
2924
2524
1700
664
-302
-1022
-1528
-2021
-2653
-3351
-3866
-4016
-3843
-3591
-3448
-3424
-3437
-3403
-3202
-2672
-1819
-842
63
861
1619
2312
2862
3275
3641
4015
4380
4723
5039
5293
5457
5539
5598
5499
4913
3688
2057
518
-698
-1573
-2106
-2449
-2880
-3579
-4392
-5069
-5603
-6110
-6575
-6838
-6716
-6147
-5236
-4123
-2991
-2038
-1331
-731
-20
788
1529
2170
2834
3581
4360
5076
5599
5748
5429
4755
3903
3016
2250
1678
1248
814
323
-204
-808
-1520
-2322
-3152
-3978
-4729
-5241
-5345
-5018
-4407
-3695
-2989
-2340
-1811
-1430
-1093
-637
3
783
1683
2680
3645
4411
4934
5274
5440
5416
5278
5152
5094
5059
5001
4957
4820
4305
3228
1699
52
-1527
-2898
-3888
-4438
-4737
-5050
-5441
-5772
-5972
-6114
-6231
-6248
-6058
-5661
-5063
-4121
-2757
-1154
350
1561
2472
3089
3469
3786
4189
4625
4937
5090
5177
5242
5190
4830
4019
2815
1479
288
-645
-1392
-2011
-2518
-2928
-3330
-3770
-4224
-4662
-5063
-5396
-5547
-5407
-4931
-4100
-2968
-1728
-639
219
936
1559
2055
2479
2992
3597
4122
4507
4875
5309
5690
5812
5654
5344
4989
4621
4273
3958
3442
2482
1101
-346
-1607
-2696
-3601
-4295
-4859
-5454
-6068
-6477
-6534
-6327
-6040
-5721
-5302
-4723
-4022
-3159
-2018
-669
640
1759
2756
3674
4430
4968
5342
5532
5468
5224
4969
4775
4545
4128
3422
2417
1225
63
-928
-1759
-2521
-3252
-3919
-4473
-4858
-5058
-5100
-5077
-5086
-5082
-4909
-4438
-3660
-2636
-1465
-324
636
1453
2260
3023
3602
3968
4212
4393
4516
4645
4854
5087
5183
5086
4889
4675
4418
4064
3591
2843
1696
205
-1316
-2632
-3715
-4521
-5041
-5398
-5783
-6186
-6406
-6332
-6099
-5835
-5500
-4990
-4294
-3468
-2428
-1099
323
1545
2558
3561
4545
5288
5708
5893
5834
5506
5051
4694
4429
4051
3432
2586
1598
563
-417
-1301
-2160
-3060
-3953
-4705
-5204
-5428
-5425
-5260
-4990
-4685
-4334
-3842
-3142
-2285
-1367
-413
567
1512
2388
3193
3859
4314
4579
4752
4872
4891
4822
4727
4622
4482
4317
4168
4014
3799
3489
2969
2079
778
-765
-2271
-3613
-4725
-5533
-6062
-6398
-6592
-6572
-6255
-5767
-5321
-4959
-4597
-4103
-3466
-2672
-1596
-288
1021
2183
3274
4365
5274
5824
6068
6089
5835
5298
4662
4085
3496
2775
1949
1139
375
-403
-1185
-1925
-2652
-3422
-4199
-4843
-5286
-5576
-5715
-5597
-5173
-4498
-3661
-2718
-1721
-738
214
1129
1961
2647
3173
3581
3919
4222
4500
4723
4837
4806
4681
4555
4459
4372
4236
4002
3622
3121
2514
1722
662
-635
-1963
-3163
-4187
-5001
-5636
-6127
-6497
-6704
-6582
-6114
-5470
-4815
-4206
-3529
-2752
-1921
-1012
-24
997
1957
2866
3787
4672
5366
5776
5914
5813
5484
4956
4315
3591
2760
1825
853
-76
-931
-1705
-2382
-2980
-3530
-4024
-4436
-4750
-5007
-5209
-5260
-5060
-4554
-3801
-2924
-1988
-969
164
1326
2358
3175
3769
4161
4402
4531
4544
4427
4229
4064
3987
3951
3889
3793
3713
3680
3602
3379
2923
2128
959
-533
-2116
-3553
-4702
-5464
-5918
-6204
-6403
-6456
-6210
-5653
-4946
-4283
-3732
-3203
-2593
-1891
-1087
-171
805
1777
2739
3717
4632
5309
5677
5794
5728
5458
4937
4205
3327
2348
1305
284
-589
-1288
-1885
-2424
-2903
-3311
-3676
-4026
-4348
-4641
-4897
-5031
-4950
-4611
-4015
-3169
-2101
-881
397
1639
2730
3549
4086
4410
4597
4666
4595
4408
4150
3879
3667
3582
3598
3622
3589
3510
3411
3265
2961
2302
1199
-272
-1845
-3282
-4527
-5523
-6276
-6739
-6890
-6730
-6209
-5437
-4637
-3985
-3406
-2736
-1989
-1312
-702
-40
691
1495
2413
3453
4442
5148
5564
5793
5858
5663
5156
4394
3444
2372
1270
227
-748
-1690
-2547
-3197
-3570
-3721
-3761
-3821
-3997
-4263
-4493
-4540
-4413
-4191
-3873
-3392
-2650
-1611
-312
1117
2450
3530
4329
4847
5097
5112
4939
4601
4116
3600
3231
3068
2999
2922
2851
2885
3031
3179
3122
2617
1596
212
-1251
-2636
-3993
-5292
-6406
-7124
-7343
-7135
-6543
-5676
-4666
-3634
-2595
-1567
-680
-106
223
523
942
1493
2150
2884
3634
4276
4806
5303
5725
5860
5524
4806
3886
2840
1651
351
-981
-2262
-3343
-4056
-4357
-4413
-4393
-4339
-4203
-3957
-3666
-3414
-3273
-3230
-3144
-2859
-2327
-1569
-659
373
1468
2569
3645
4603
5273
5546
5476
5207
4803
4251
3607
2998
2518
2201
2041
2031
2117
2233
2297
2164
1719
905
-238
-1607
-3126
-4600
-5856
-6811
-7413
-7675
-7474
-6801
-5769
-4508
-3092
-1621
-278
712
1358
1818
2186
2457
2635
2803
3059
3365
3729
4187
4682
5045
5106
4910
4513
3877
2919
1660
222
-1288
-2733
-3949
-4809
-5316
-5508
-5425
-5118
-4639
-4048
-3396
-2783
-2285
-1882
-1548
-1280
-1018
-632
-29
729
1558
2418
3279
4049
4660
5100
5361
5405
5172
4697
4086
3443
2854
2348
1961
1692
1526
1479
1428
1182
610
-196
-1061
-2008
-3130
-4339
-5462
-6329
-6948
-7281
-7221
-6749
-5882
-4691
-3258
-1716
-280
919
1896
2686
3276
3661
3863
3916
3815
3629
3531
3581
3687
3718
3656
3535
3338
2978
2378
1498
374
-874
-2106
-3234
-4242
-5080
-5624
-5794
-5616
-5180
-4557
-3817
-3037
-2216
-1362
-568
67
531
931
1337
1755
2172
2573
2935
3257
3592
3948
4256
4417
4410
4298
4102
3812
3411
2925
2423
1967
1625
1338
954
350
-453
-1323
-2204
-3119
-4018
-4837
-5525
-6067
-6413
-6430
-6140
-5634
-4931
-3960
-2729
-1419
-243
797
1764
2651
3387
3925
4285
4480
4482
4356
4174
3950
3633
3222
2824
2481
2113
1607
940
153
-693
-1523
-2286
-3015
-3756
-4444
-4950
-5215
-5253
-5069
-4631
-3975
-3183
-2307
-1404
-542
237
958
1676
2345
2865
3215
3446
3619
3753
3813
3792
3706
3584
3470
3371
3280
3171
2996
2757
2480
2238
2039
1702
1050
114
-876
-1787
-2719
-3738
-4735
-5572
-6124
-6403
-6397
-6160
-5737
-5082
-4140
-2937
-1661
-552
343
1155
1980
2777
3388
3726
3867
3927
3962
3972
3928
3807
3555
3199
2836
2465
2003
1367
564
-321
-1192
-1986
-2709
-3393
-3987
-4416
-4649
-4700
-4593
-4336
-3943
-3415
-2732
-1940
-1145
-398
327
1071
1781
2360
2791
3100
3327
3482
3572
3596
3543
3408
3232
3086
2997
2916
2781
2605
2447
2302
2129
1863
1431
802
12
-843
-1736
-2726
-3760
-4671
-5339
-5757
-6017
-6077
-5883
-5420
-4694
-3707
-2530
-1350
-344
534
1404
2238
2898
3322
3588
3764
3837
3806
3701
3526
3288
3014
2766
2539
2234
1777
1175
473
-277
-1052
-1813
-2544
-3215
-3751
-4112
-4330
-4451
-4428
-4177
-3700
-3083
-2404
-1717
-1050
-380
337
1085
1760
2280
2659
2975
3244
3405
3407
3292
3134
2964
2792
2647
2548
2445
2323
2250
2275
2297
2199
1945
1533
985
290
-526
-1463
-2503
-3541
-4397
-5007
-5435
-5783
-5945
-5762
-5211
-4402
-3473
-2489
-1486
-494
481
1404
2159
2673
3015
3270
3438
3453
3325
3146
2964
2803
2640
2431
2160
1853
1536
1161
663
58
-598
-1270
-1949
-2588
-3105
-3482
-3757
-3943
-3981
-3803
-3428
-2923
-2319
-1638
-915
-196
502
1170
1764
2221
2558
2822
3005
3049
2966
2845
2734
2597
2423
2256
2127
2026
1948
1929
1974
2015
2004
1932
1752
1371
732
-94
-1013
-1987
-2958
-3808
-4474
-4972
-5347
-5524
-5417
-5054
-4480
-3714
-2773
-1737
-732
182
1023
1769
2339
2698
2898
3002
3009
2897
2719
2490
2242
2018
1862
1766
1647
1461
1199
832
354
-206
-797
-1404
-2012
-2549
-2962
-3282
-3527
-3641
-3529
-3204
-2772
-2278
-1704
-1048
-344
379
1096
1739
2199
2482
2666
2784
2785
2656
2489
2348
2208
2030
1867
1773
1741
1739
1783
1878
1951
1947
1905
1842
1664
1256
611
-200
-1108
-2059
-2956
-3727
-4369
-4862
-5157
-5182
-4972
-4600
-4062
-3290
-2303
-1246
-283
557
1294
1927
2404
2700
2799
2736
2568
2397
2249
2078
1844
1592
1407
1286
1201
1115
968
691
286
-184
-704
-1279
-1843
-2310
-2699
-3065
-3351
-3434
-3266
-2921
-2489
-1982
-1392
-741
-60
628
1291
1853
2247
2477
2593
2610
2515
2327
2102
1879
1655
1465
1355
1332
1361
1431
1552
1706
1847
1961
2057
2051
1840
1405
812
96
-775
-1754
-2670
-3420
-4008
-4489
-4838
-4978
-4886
-4544
-3945
-3131
-2205
-1273
-372
500
1297
1915
2294
2457
2459
2357
2172
1953
1717
1496
1335
1248
1211
1182
1149
1102
991
781
468
70
-408
-927
-1414
-1845
-2250
-2641
-2930
-3029
-2920
-2655
-2272
-1771
-1164
-501
167
794
1345
1777
2081
2271
2339
2261
2072
1858
1666
1469
1239
1032
913
906
1005
1187
1405
1598
1765
1951
2156
2267
2177
1872
1377
692
-180
-1158
-2096
-2907
-3572
-4133
-4590
-4866
-4879
-4601
-4082
-3362
-2477
-1509
-593
206
905
1500
1934
2149
2151
2019
1812
1591
1361
1137
973
903
934
1036
1158
1230
1184
1046
853
568
127
-422
-952
-1417
-1859
-2273
-2568
-2683
-2630
-2453
-2159
-1738
-1204
-615
-23
529
1015
1415
1704
1872
1910
1823
1647
1459
1291
1134
970
835
777
808
914
1073
1268
1495
1760
2061
2359
2569
2598
2425
2055
1483
686
-289
-1304
-2236
-3043
-3738
-4341
-4788
-4986
-4881
-4488
-3868
-3097
-2241
-1370
-530
239
883
1353
1645
1780
1798
1709
1525
1293
1080
948
903
922
1004
1149
1319
1434
1425
1281
1029
696
299
-157
-645
-1128
-1580
-1969
-2238
-2349
-2321
-2195
-1967
-1615
-1169
-694
-219
245
664
996
1221
1363
1423
1394
1304
1196
1092
971
838
749
749
840
989
1182
1427
1707
2008
2323
2649
2917
3013
2871
2478
1858
1016
3
-1064
-2064
-2936
-3698
-4353
-4837
-5080
-5037
-4711
-4133
-3376
-2566
-1765
-971
-196
486
995
1343
1566
1675
1640
1463
1256
1137
1116
1124
1128
1178
1326
1545
1735
1772
1606
1318
1008
698
335
-119
-624
-1118
-1547
-1873
-2078
-2202
-2267
-2247
-2103
-1841
-1506
-1116
-685
-251
145
476
737
919
1025
1079
1094
1068
1011
958
934
949
1000
1098
1273
1542
1889
2278
2677
3067
3391
3549
3474
3142
2557
1717
668
-474
-1574
-2572
-3459
-4233
-4850
-5244
-5374
-5252
-4905
-4359
-3642
-2821
-1967
-1133
-353
322
856
1234
1478
1612
1645
1613
1559
1523
1525
1568
1653
1766
1896
2014
2063
2006
1840
1596
1293
951
578
172
-286
-800
-1321
-1784
-2140
-2395
-2569
-2652
-2612
-2431
-2125
-1730
-1284
-816
-355
63
416
701
935
1121
1247
1305
1314
1324
1363
1431
1527
1660
1859
2126
2449
2804
3150
3434
3604
3624
3478
3122
2498
1604
531
-588
-1668
-2674
-3585
-4388
-5047
-5503
-5723
-5712
-5478
-5000
-4294
-3433
-2525
-1636
-775
14
681
1195
1591
1904
2098
2147
2090
2042
2067
2105
2094
2069
2111
2211
2260
2174
1972
1719
1460
1180
822
356
-188
-746
-1294
-1840
-2346
-2759
-3055
-3224
-3244
-3107
-2854
-2515
-2072
-1522
-927
-356
161
626
1038
1381
1652
1854
1998
2089
2131
2147
2169
2219
2300
2415
2574
2763
2954
3119
3257
3335
3277
3022
2537
1821
889
-195
-1322
-2392
-3362
-4236
-5012
-5611
-5975
-6084
-5961
-5596
-4965
-4113
-3148
-2159
-1183
-239
622
1352
1929
2361
2648
2801
2837
2779
2656
2515
2383
2277
2208
2162
2084
1919
1698
1477
1277
1055
761
388
-59
-572
-1143
-1733
-2267
-2707
-3058
-3329
-3495
-3515
-3377
-3105
-2714
-2195
-1562
-875
-194
451
1048
1593
2079
2494
2791
2949
2988
2939
2823
2667
2503
2355
2244
2219
2293
2424
2556
2670
2756
2739
2534
2092
1414
515
-554
-1670
-2717
-3644
-4461
-5175
-5723
-6028
-6066
-5877
-5467
-4812
-3931
-2930
-1897
-874
106
999
1772
2409
2897
3218
3362
3332
3166
2942
2699
2435
2147
1883
1686
1537
1374
1189
1004
816
592
315
-2
-359
-779
-1280
-1804
-2271
-2665
-3026
-3339
-3531
-3553
-3424
-3161
-2744
-2150
-1416
-632
136
880
1600
2257
2794
3185
3403
3436
3307
3069
2787
2499
2231
2005
1828
1726
1721
1783
1860
1928
1990
2007
1897
1605
1140
491
-351
-1336
-2321
-3181
-3906
-4531
-5038
-5344
-5411
-5277
-4973
-4478
-3779
-2938
-2042
-1119
-174
743
1559
2240
2764
3106
3243
3194
3008
2730
2417
2106
1797
1506
1272
1109
974
825
670
525
364
149
-121
-409
-709
-1063
-1483
-1917
-2296
-2607
-2857
-3002
-2998
-2853
-2589
-2184
-1631
-969
-289
362
975
1539
2027
2419
2696
2856
2894
2813
2653
2456
2259
2058
1839
1615
1414
1266
1187
1157
1151
1166
1189
1205
1160
1023
764
362
-176
-821
-1519
-2197
-2802
-3284
-3639
-3886
-4040
-4101
-4009
-3708
-3215
-2607
-1972
-1324
-647
48
708
1270
1679
1936
2095
2205
2275
2233
2050
1790
1557
1396
1264
1100
902
702
516
334
140
-61
-273
-494
-704
-890
-1076
-1292
-1503
-1649
-1691
-1656
-1583
-1484
-1350
-1172
-942
-661
-352
-42
262
567
864
1137
1377
1586
1750
1855
1877
1830
1746
1637
1484
1297
1107
932
776
676
668
726
796
848
919
1006
1066
1049
902
598
155
-370
-888
-1362
-1791
-2180
-2540
-2838
-3047
-3152
-3160
-3083
-2902
-2601
-2205
-1764
-1305
-814
-280
258
749
1181
1542
1805
1946
1967
1903
1770
1574
1333
1079
842
629
421
237
104
30
-7
-27
-30
-35
-76
-157
-251
-343
-448
-585
-747
-897
-1012
-1095
-1155
-1176
-1119
-961
-732
-482
-232
35
325
615
869
1063
1201
1314
1412
1473
1475
1409
1296
1176
1088
1041
1015
996
995
1037
1148
1327
1519
1642
1657
1561
1343
972
454
-120
-684
-1235
-1789
-2348
-2876
-3341
-3703
-3931
-4003
-3903
-3660
-3307
-2841
-2237
-1542
-849
-219
371
936
1418
1745
1889
1888
1822
1737
1634
1503
1371
1272
1201
1121
1033
956
895
840
772
685
563
396
197
-8
-215
-418
-617
-809
-996
-1175
-1343
-1498
-1631
-1707
-1706
-1624
-1457
-1206
-891
-536
-156
232
612
974
1304
1574
1768
1888
1940
1926
1861
1785
1724
1685
1660
1652
1669
1709
1751
1777
1782
1739
1609
1354
966
462
-134
-764
-1381
-1962
-2479
-2928
-3295
-3585
-3812
-3949
-3970
-3858
-3612
-3256
-2810
-2302
-1753
-1165
-567
13
576
1119
1606
1990
2249
2393
2449
2419
2310
2151
1972
1778
1535
1261
1018
822
630
426
240
97
-28
-175
-349
-536
-722
-901
-1071
-1219
-1338
-1430
-1495
-1528
-1518
-1465
-1368
-1219
-1023
-773
-474
-142
189
507
819
1129
1438
1724
1964
2118
2187
2216
2238
2220
2113
1926
1707
1484
1246
1024
845
725
631
524
412
313
206
14
-315
-731
-1137
-1489
-1784
-2081
-2400
-2694
-2912
-3059
-3165
-3180
-3037
-2759
-2433
-2080
-1654
-1152
-616
-91
408
858
1235
1535
1750
1879
1945
1955
1908
1798
1649
1488
1303
1075
814
555
324
126
-52
-202
-315
-400
-458
-481
-479
-469
-453
-416
-369
-339
-344
-381
-450
-524
-568
-561
-508
-429
-324
-204
-71
82
256
451
635
770
856
915
962
993
1007
1008
993
958
918
904
921
950
962
943
913
884
856
816
756
660
497
264
-20
-306
-570
-811
-1040
-1283
-1552
-1830
-2080
-2284
-2433
-2519
-2534
-2495
-2402
-2238
-1978
-1629
-1218
-788
-378
-12
300
574
809
1001
1135
1191
1187
1159
1131
1103
1056
994
914
821
733
676
658
651
626
581
536
517
524
545
553
536
503
457
405
319
175
-30
-276
-512
-729
-946
-1156
-1319
-1371
-1317
-1207
-1089
-962
-790
-540
-229
88
348
529
684
856
1034
1157
1194
1206
1253
1328
1397
1432
1437
1421
1414
1432
1419
1333
1193
1016
777
433
31
-373
-747
-1080
-1382
-1661
-1935
-2193
-2408
-2570
-2660
-2675
-2632
-2553
-2450
-2302
-2088
-1792
-1442
-1069
-694
-328
11
309
579
840
1075
1265
1417
1555
1687
1788
1844
1857
1850
1833
1806
1755
1672
1544
1367
1152
918
689
459
226
2
-194
-366
-522
-653
-746
-808
-868
-943
-1028
-1109
-1168
-1197
-1196
-1159
-1082
-977
-864
-740
-576
-375
-174
14
214
432
637
802
940
1060
1151
1201
1209
1186
1152
1107
1045
957
856
769
701
645
592
539
464
326
106
-150
-371
-541
-678
-818
-954
-1098
-1252
-1417
-1564
-1656
-1683
-1655
-1590
-1502
-1386
-1235
-1043
-837
-621
-396
-167
44
209
328
415
480
538
597
658
704
716
699
670
640
634
659
691
713
712
686
626
550
497
491
496
484
445
387
312
230
164
138
146
141
80
-31
-115
-143
-165
-234
-322
-375
-388
-409
-462
-529
-593
-620
-595
-535
-484
-460
-439
-412
-372
-309
-217
-111
1
123
249
362
446
503
538
565
595
629
665
693
696
648
557
448
361
303
264
232
190
132
54
-40
-133
-207
-260
-309
-378
-466
-542
-586
-596
-575
-528
-477
-444
-431
-419
-398
-373
-364
-370
-379
-380
-375
-376
-378
-370
-347
-317
-277
-209
-115
-27
40
94
143
190
225
255
278
287
276
246
205
174
171
190
209
204
181
150
119
104
121
175
242
302
352
396
433
459
473
470
450
411
341
245
152
94
55
13
-24
-33
-6
31
54
50
37
13
-39
-113
-169
-170
-130
-100
-132
-234
-355
-412
-374
-299
-253
-236
-185
-86
30
127
201
281
371
423
408
369
370
386
354
259
175
146
137
87
-23
-170
-306
-395
-445
-512
-629
-755
-836
-863
-881
-910
-935
-928
-891
-841
-783
-710
-605
-464
-309
-161
-17
137
296
437
559
666
762
845
915
969
1002
1012
1004
986
965
947
931
912
878
823
739
633
517
389
238
52
-157
-368
-580
-793
-989
-1139
-1250
-1337
-1395
-1394
-1322
-1195
-1035
-853
-644
-424
-207
-10
180
381
594
806
993
1148
1253
1282
1242
1171
1117
1092
1073
1035
969
886
783
658
517
372
226
61
-135
-352
-572
-778
-965
-1137
-1286
-1412
-1514
-1593
-1639
-1642
-1614
-1565
-1497
-1392
-1255
-1098
-941
-778
-600
-405
-202
-12
170
367
575
761
905
1020
1113
1168
1185
1193
1202
1204
1170
1098
1007
923
849
766
667
537
384
235
112
0
-125
-259
-370
-431
-445
-444
-464
-517
-558
-551
-519
-504
-514
-507
-487
-478
-455
-386
-289
-224
-183
-96
68
251
385
473
578
742
918
1030
1056
1023
969
905
837
759
680
593
472
296
90
-87
-207
-279
-324
-363
-402
-444
-484
-515
-542
-550
-541
-539
-559
-597
-632
-647
-642
-627
-606
-596
-595
-603
-622
-638
-635
-607
-566
-516
-454
-382
-320
-272
-225
-180
-133
-73
13
110
199
271
321
358
405
469
526
564
595
627
652
667
678
682
667
635
586
529
464
399
331
256
176
108
61
41
41
48
51
53
58
49
16
-39
-95
-149
-199
-249
-306
-361
-406
-432
-428
-402
-365
-316
-246
-151
-33
104
243
370
474
553
601
621
615
581
532
493
482
472
409
285
123
-33
-165
-263
-310
-320
-310
-302
-315
-360
-416
-438
-417
-398
-429
-499
-570
-609
-618
-618
-624
-628
-603
-541
-470
-414
-381
-354
-303
-216
-121
-59
-34
-26
-8
36
85
110
108
99
104
134
183
224
231
215
210
250
331
389
394
371
376
402
417
409
384
339
287
259
272
307
337
356
378
405
423
421
400
369
324
271
210
151
79
-8
-114
-231
-346
-440
-516
-578
-623
-640
-640
-632
-607
-557
-481
-387
-284
-182
-99
-25
46
120
180
218
242
260
275
298
344
411
479
533
575
592
564
492
411
356
324
288
223
138
46
-41
-126
-214
-297
-377
-450
-520
-592
-649
-671
-653
-606
-548
-494
-445
-405
-371
-340
-304
-269
-240
-214
-172
-120
-79
-55
-37
2
63
131
192
242
280
303
307
306
304
288
251
204
145
71
0
-42
-49
-52
-67
-86
-78
-42
3
55
130
234
333
382
389
377
365
354
331
276
191
110
68
62
59
32
-35
-107
-134
-114
-89
-81
-98
-124
-148
-147
-141
-167
-225
-283
-329
-376
-427
-469
-496
-502
-479
-424
-373
-326
-243
-108
50
188
313
443
583
726
850
931
952
921
867
805
753
712
688
666
627
557
465
375
291
194
61
-103
-276
-441
-587
-706
-797
-872
-942
-1008
-1059
-1091
-1097
-1084
-1063
-1036
-993
-932
-852
-753
-631
-500
-372
-245
-115
20
151
273
374
467
562
648
699
722
736
745
749
752
751
738
710
677
646
606
543
465
389
317
243
168
97
19
-53
-114
-170
-227
-277
-310
-336
-368
-397
-421
-427
-413
-390
-373
-363
-334
-287
-240
-203
-163
-100
-27
45
97
128
136
121
96
67
43
18
-13
-52
-86
-106
-120
-126
-116
-84
-40
3
47
102
157
215
277
346
416
471
500
494
459
414
376
360
379
407
415
394
355
304
235
158
90
27
-49
-149
-267
-377
-467
-538
-600
-666
-736
-803
-848
-871
-885
-896
-894
-855
-793
-716
-636
-548
-448
-351
-254
-149
-44
42
106
160
208
255
314
389
471
553
634
715
783
834
869
879
861
822
776
725
649
540
420
312
225
137
48
-36
-121
-210
-296
-362
-406
-434
-455
-473
-494
-508
-504
-482
-453
-420
-384
-351
-330
-315
-283
-224
-154
-85
-20
40
86
118
144
171
198
217
231
244
259
261
251
237
231
220
211
220
249
290
331
365
392
416
434
449
465
484
483
450
384
297
196
99
30
-10
-30
-43
-50
-60
-79
-106
-136
-160
-184
-221
-279
-350
-422
-495
-575
-654
-731
-803
-873
-938
-987
-1016
-1031
-1036
-1023
-971
-879
-757
-618
-481
-349
-212
-51
123
274
387
480
571
653
709
736
768
821
873
884
854
830
844
865
856
797
705
626
595
596
571
479
347
241
189
164
102
-25
-169
-273
-321
-352
-419
-524
-629
-696
-719
-719
-717
-715
-705
-672
-624
-580
-541
-496
-432
-351
-257
-165
-88
-21
52
130
208
272
320
358
393
436
487
532
557
557
543
535
528
511
479
453
442
437
436
441
440
426
409
400
394
376
343
298
232
138
23
-95
-197
-269
-311
-332
-360
-403
-461
-520
-580
-633
-675
-710
-746
-784
-810
-821
-825
-816
-791
-752
-713
-670
-622
-568
-499
-415
-324
-235
-136
-33
56
120
177
241
302
354
400
445
474
481
479
483
488
488
485
483
476
461
430
396
372
354
342
329
310
280
238
197
161
120
79
53
51
57
31
-21
-70
-91
-100
-116
-124
-113
-100
-125
-178
-215
-208
-184
-178
-200
-226
-236
-216
-189
-189
-210
-223
-201
-169
-135
-87
-33
-13
-41
-64
-33
38
94
102
90
91
121
178
246
307
354
414
474
501
495
506
539
545
504
456
428
397
349
296
262
232
194
141
74
0
-89
-183
-265
-314
-330
-335
-355
-387
-422
-452
-488
-522
-544
-560
-586
-611
-624
-627
-625
-614
-579
-530
-482
-443
-409
-368
-318
-265
-214
-152
-73
1
54
88
122
153
183
211
236
256
268
274
278
283
293
299
306
318
333
340
341
342
341
331
318
313
309
294
262
232
220
219
220
211
195
172
148
114
56
-17
-81
-126
-173
-232
-295
-350
-393
-428
-455
-478
-491
-476
-435
-384
-331
-272
-212
-169
-141
-111
-73
-32
19
84
150
198
236
277
330
382
432
487
551
602
625
633
648
669
675
658
616
562
510
456
382
286
201
141
78
-4
-76
-120
-145
-184
-242
-291
-300
-267
-240
-276
-355
-414
-428
-423
-427
-436
-450
-452
-408
-328
-287
-308
-337
-320
-275
-262
-293
-331
-342
-341
-356
-381
-391
-395
-413
-444
-466
-475
-475
-467
-446
-423
-397
-362
-314
-258
-194
-121
-44
20
72
132
199
267
323
383
459
538
605
655
701
748
790
824
842
849
852
851
845
826
791
737
661
577
481
377
269
167
69
-31
-125
-213
-306
-407
-490
-552
-603
-653
-681
-680
-666
-649
-630
-601
-562
-515
-455
-373
-272
-173
-103
-47
19
98
164
206
239
264
278
275
269
275
290
296
279
252
235
231
221
194
164
144
131
109
82
51
23
9
17
39
59
75
89
97
113
130
144
145
138
144
158
161
132
68
0
-46
-79
-128
-189
-236
-255
-265
-289
-337
-387
-418
-423
-429
-447
-477
-506
-530
-550
-563
-564
-542
-514
-506
-523
-519
-455
-353
-262
-205
-154
-79
26
127
199
260
333
416
491
531
534
520
513
508
487
455
425
394
364
335
303
262
225
208
197
182
157
133
110
85
65
49
30
-3
-41
-62
-65
-63
-60
-53
-42
-33
-27
-22
-15
-3
12
18
7
-12
-30
-48
-71
-90
-96
-99
-113
-132
-138
-128
-114
-105
-91
-64
-30
-1
23
39
52
63
73
81
90
108
130
149
167
178
182
178
178
185
200
218
231
233
230
222
211
197
178
153
124
89
46
-2
-45
-86
-131
-175
-206
-223
-242
-270
-305
-341
-378
-408
-418
-411
-398
-377
-345
-307
-274
-247
-232
-226
-227
-231
-230
-220
-203
-175
-138
-109
-98
-93
-67
-30
-8
-16
-38
-48
-30
7
39
53
56
60
77
124
180
206
199
201
237
292
334
351
346
344
378
435
475
477
454
431
409
377
332
304
296
272
204
126
88
82
55
-13
-98
-166
-207
-242
-286
-334
-383
-430
-472
-498
-508
-502
-494
-486
-471
-437
-389
-337
-281
-221
-163
-113
-64
-3
70
138
190
229
267
304
341
371
390
400
397
389
380
367
337
289
232
182
143
104
64
29
2
-22
-56
-98
-125
-138
-147
-160
-159
-149
-145
-144
-135
-113
-88
-57
-17
27
73
119
159
193
214
224
225
213
187
147
94
30
-28
-70
-98
-125
-164
-218
-272
-318
-343
-359
-379
-407
-434
-455
-469
-469
-449
-424
-392
-356
-315
-277
-238
-190
-130
-72
-24
31
106
189
259
318
367
405
441
486
525
537
522
506
494
474
428
364
306
270
246
210
147
73
11
-20
-38
-61
-94
-131
-160
-183
-188
-197
-231
-271
-294
-284
-262
-236
-211
-185
-171
-159
-137
-111
-90
-69
-36
-8
-15
-38
-27
17
51
42
8
-15
-22
-11
0
-7
-30
-53
-58
-46
-34
-27
-28
-22
-9
2
13
23
36
44
52
62
75
100
124
138
144
155
170
177
179
182
190
205
227
258
276
278
278
281
281
270
260
257
250
230
201
179
174
170
152
122
91
67
40
6
-29
-64
-101
-133
-158
-184
-228
-278
-310
-326
-349
-389
-421
-438
-452
-470
-478
-467
-447
-433
-431
-433
-429
-423
-418
-404
-373
-341
-307
-267
-219
-174
-135
-93
-40
23
82
123
151
184
222
256
277
291
309
325
329
330
335
335
310
275
251
240
229
215
206
195
176
157
153
159
156
132
102
87
83
72
41
11
-2
-6
-28
-62
-87
-82
-58
-46
-61
-93
-105
-77
-32
-14
-27
-40
-24
11
32
19
-18
-48
-56
-54
-57
-71
-75
-54
-27
-26
-45
-36
12
51
52
44
68
113
144
160
180
212
239
255
269
283
294
299
298
289
278
267
253
225
190
159
136
125
109
81
41
-6
-65
-136
-199
-239
-268
-293
-316
-330
-342
-352
-361
-371
-387
-404
-409
-405
-400
-396
-388
-374
-359
-340
-324
-315
-301
-274
-243
-222
-203
-179
-147
-114
-82
-50
-22
-1
20
44
68
81
82
88
116
154
182
201
216
229
237
242
245
246
245
243
242
241
243
244
247
243
225
204
189
174
147
116
95
86
71
52
31
6
-13
-22
-25
-48
-84
-111
-121
-127
-139
-153
-154
-138
-116
-99
-85
-54
-6
32
42
40
51
83
106
110
106
112
133
156
165
158
149
152
169
180
168
131
94
89
116
130
100
47
22
36
53
33
-18
-69
-91
-74
-58
-74
-109
-115
-78
-38
-28
-51
-74
-70
-38
-9
-4
-13
-17
-16
-20
-26
-39
-58
-86
-113
-133
-143
-146
-154
-165
-179
-197
-216
-232
-246
-253
-251
-251
-261
-273
-281
-288
-294
-291
-271
-240
-207
-178
-151
-115
-72
-26
18
62
102
131
152
180
213
235
245
258
278
286
283
285
286
282
270
254
232
211
197
182
166
151
136
109
77
57
48
40
27
15
-4
-28
-44
-52
-50
-49
-50
-54
-66
-78
-83
-81
-78
-78
-81
-86
-83
-71
-57
-52
-62
-71
-67
-57
-46
-35
-22
-4
14
33
48
73
105
128
129
130
144
160
163
163
168
176
182
187
199
205
200
189
177
171
168
168
166
157
144
123
93
59
36
22
4
-25
-64
-105
-149
-183
-203
-213
-224
-246
-274
-299
-311
-315
-322
-341
-358
-371
-369
-359
-347
-340
-338
-331
-317
-297
-274
-244
-216
-198
-191
-186
-165
-133
-96
-56
-18
10
33
63
104
147
182
209
220
222
232
255
281
294
302
312
320
323
319
309
304
306
307
296
279
264
243
214
182
152
118
77
36
15
7
-5
-25
-37
-45
-69
-108
-136
-139
-134
-139
-151
-154
-143
-127
-120
-113
-98
-78
-64
-58
-57
-60
-65
-64
-48
-26
-7
7
23
38
45
47
47
38
27
16
11
9
7
9
9
7
0
-3
-5
-8
-21
-36
-42
-30
-10
-2
-17
-37
-30
7
36
36
28
40
68
92
99
96
92
97
105
109
102
86
67
52
40
19
-9
-38
-61
-84
-112
-150
-192
-226
-250
-266
-286
-302
-308
-304
-299
-295
-282
-263
-249
-238
-219
-185
-145
-106
-69
-32
4
39
75
115
151
180
208
246
265
259
239
242
272
287
256
198
164
171
188
176
135
86
54
42
46
38
13
-13
-24
-24
-27
-34
-44
-51
-52
-42
-28
-21
-22
-11
12
37
53
63
73
82
98
112
122
131
139
141
134
126
116
99
78
69
68
59
33
-1
-31
-53
-74
-96
-114
-121
-124
-125
-123
-117
-114
-111
-100
-89
-87
-89
-75
-48
-24
-9
2
12
21
36
58
81
94
97
92
80
66
58
49
31
1
-26
-51
-78
-103
-124
-139
-155
-159
-160
-165
-175
-179
-173
-167
-164
-161
-160
-158
-154
-145
-126
-99
-74
-54
-46
-48
-53
-39
-12
10
13
13
34
74
119
141
143
146
153
160
156
148
139
135
141
150
154
141
122
113
124
140
131
85
39
29
57
78
69
42
21
-1
-25
-52
-77
-81
-58
-27
-37
-65
-64
-19
31
33
-3
-31
-22
16
41
26
-10
-29
-16
-5
-9
-10
-5
-10
-24
-31
-24
-11
-3
1
2
1
5
6
5
5
2
-7
-12
-3
9
17
13
6
-9
-27
-34
-33
-20
-5
8
16
22
23
19
6
-2
-4
-6
-13
-36
-57
-73
-82
-87
-90
-84
-74
-58
-41
-32
-30
-33
-36
-36
-35
-35
-28
-22
-29
-47
-58
-54
-46
-50
-59
-56
-35
-7
15
27
28
22
18
25
44
65
73
66
56
59
70
76
66
49
37
29
21
16
23
37
46
55
58
53
44
29
13
-2
-5
0
-2
-6
-2
4
9
5
-1
-1
5
10
10
13
18
11
-9
-25
-23
1
18
13
-6
-17
-5
9
15
12
17
36
49
40
27
35
67
88
81
49
23
30
61
77
52
4
-25
-13
14
25
3
-28
-32
0
29
12
-36
-69
-65
-51
-44
-40
-33
-38
-62
-92
-118
-132
-133
-121
-107
-104
-102
-100
-103
-108
-107
-96
-79
-72
-67
-58
-33
-9
8
20
36
54
71
85
92
96
100
114
124
130
118
98
82
74
73
63
50
37
16
-12
-36
-42
-41
-41
-36
-26
-26
-43
-52
-38
-21
-24
-44
-52
-50
-52
-57
-54
-51
-55
-56
-48
-36
-31
-25
-8
11
18
17
23
36
47
52
56
60
66
69
65
54
46
48
56
60
66
77
85
91
97
97
89
81
71
67
64
60
56
55
58
60
59
58
59
63
67
68
65
52
33
15
11
17
14
-9
-43
-66
-75
-69
-62
-66
-89
-113
-121
-110
-99
-100
-118
-136
-145
-145
-148
-155
-159
-161
-171
-179
-170
-147
-134
-135
-124
-79
-29
-16
-41
-66
-49
9
61
67
40
29
58
107
137
135
121
115
113
107
100
99
102
99
99
100
98
83
66
56
51
41
26
7
-8
-12
-14
-18
-28
-32
-38
-45
-45
-43
-52
-70
-77
-71
-61
-57
-55
-54
-51
-48
-42
-40
-40
-41
-39
-34
-30
-19
-10
-8
-13
-8
12
34
43
50
58
58
50
47
56
65
65
57
63
77
85
86
92
105
110
106
103
102
95
85
78
75
71
64
57
52
48
44
38
28
14
3
-1
1
-5
-25
-55
-79
-92
-100
-109
-117
-118
-110
-107
-117
-139
-157
-152
-128
-101
-80
-66
-56
-51
-49
-42
-32
-22
-20
-7
8
8
-10
-21
-4
18
22
5
-3
13
38
43
23
13
33
69
90
80
53
27
24
42
63
55
20
-11
-7
23
38
13
-31
-52
-35
-11
-8
-32
-70
-95
-76
-32
-18
-52
-86
-72
-35
-20
-35
-50
-53
-49
-38
-29
-16
-6
3
9
14
18
19
11
8
11
23
37
51
61
67
73
86
102
115
121
119
114
115
123
126
117
103
90
76
59
44
36
32
