0
-1
3
2
-2
-5
-3
1
2
1
-3
-5
-1
7
10
7
5
4
1
-2
-1
2
5
5
2
-1
-5
-7
-1
5
8
6
2
4
5
3
-1
-3
2
5
6
3
2
6
11
12
8
5
7
14
17
14
10
5
6
6
6
2
-1
-2
0
-1
-6
-7
-1
9
12
5
-1
-4
-5
-6
-10
-14
-14
-12
-7
-3
-1
-1
2
6
6
4
5
5
-1
-10
-12
-2
7
4
-6
-10
-4
4
3
-4
-10
-12
-5
1
1
-8
-12
-12
-8
-7
-8
-9
-9
-9
-10
-8
-3
3
4
1
-1
-2
-5
-9
-12
-11
-5
-1
0
1
0
-4
-6
-6
-6
-6
-4
0
-1
-7
-10
-9
-6
0
4
2
-2
-2
2
7
9
9
9
9
8
10
11
11
12
13
15
17
17
15
11
10
10
7
4
1
1
-2
-6
-5
0
4
3
-1
-2
-1
-1
-1
3
5
6
2
1
2
6
11
9
3
-2
-3
0
-1
-7
-15
-19
-9
2
3
-4
-8
-6
-6
-3
0
7
8
4
-2
-10
-11
-4
2
1
-6
-3
7
13
4
-7
-7
8
22
22
12
3
4
3
3
3
7
8
3
-5
-5
-1
2
0
-2
-5
-5
1
5
7
6
7
6
-1
-5
-2
5
5
-3
-9
-11
-8
-6
-5
-8
-11
-10
-8
-5
-1
2
5
9
10
9
4
-1
-2
-7
-8
-4
0
-2
-4
0
10
13
7
-6
-12
-11
-7
-2
-1
-3
-9
-11
-8
-2
-1
-3
-4
-7
-7
-5
-4
-9
-16
-18
-13
-8
-4
-4
-3
0
4
3
0
-2
-4
-4
1
3
1
-2
-3
-9
-30
-85
-145
-153
-96
-10
55
99
106
60
0
-18
4
37
59
72
68
48
30
19
14
22
45
55
40
18
3
-3
-3
8
4
-43
-93
-113
-96
-65
-29
24
51
56
60
55
42
21
28
40
38
34
35
32
11
5
15
15
-9
-39
-54
-61
-51
-25
-16
-30
-45
-45
-45
-53
-50
-28
-14
-2
14
25
29
14
15
29
39
55
71
80
61
29
16
23
38
52
51
31
-2
-23
-37
-48
-29
7
23
0
-34
-37
-37
-32
-4
36
62
62
53
40
9
-37
-72
-87
-80
-64
-54
-53
-72
-93
-100
-97
-68
-23
24
44
53
65
60
24
1
21
61
85
105
128
110
71
39
29
11
-9
6
28
22
-5
-51
-101
-120
-82
-11
38
46
27
-14
-74
-102
-77
-20
50
120
144
88
-9
-82
-97
-56
24
97
109
42
-46
-113
-128
-96
-32
35
61
33
-24
-87
-126
-105
-13
81
107
73
16
-50
-93
-56
25
89
108
106
84
24
-30
-52
-45
-17
26
59
36
-30
-92
-117
-95
-38
16
23
-8
-39
-71
-91
-91
-75
-52
-37
-13
0
-17
-33
-33
-17
-4
-6
1
7
4
7
26
31
3
-18
-5
21
31
52
84
89
72
54
32
-2
-28
-7
27
48
60
59
31
-12
-21
-4
11
6
-8
-27
-50
-46
-33
-39
-62
-38
20
44
25
-2
-30
-67
-63
2
54
74
82
95
58
-28
-71
-42
21
81
151
193
134
12
-61
-74
-71
-19
89
156
104
3
-59
-92
-106
-56
38
71
18
-39
-61
-64
-42
30
79
46
-11
-21
-8
-8
9
45
52
28
15
7
-28
-57
-23
24
18
-23
-46
-58
-68
-41
21
42
-11
-54
-47
-28
-19
14
54
37
-20
-55
-72
-82
-57
17
79
75
45
16
-24
-55
-36
12
18
-15
-23
-16
-28
-53
-41
-13
-3
9
29
24
-23
-55
-35
3
32
58
68
39
-2
-12
-8
-17
-15
23
69
76
51
13
-31
-66
-60
-17
22
42
44
31
0
-36
-47
-28
3
35
60
57
20
-26
-32
-9
12
27
40
28
-17
-62
-75
-57
-11
53
101
101
51
-20
-72
-74
-18
57
86
39
-49
-120
-137
-90
-5
60
61
15
-27
-42
-43
-31
-4
29
51
53
36
9
-15
-20
2
34
56
59
44
18
-11
-30
-34
-17
26
67
60
-8
-103
-164
-160
-80
34
117
121
50
-38
-89
-80
-18
52
84
67
22
-30
-76
-82
-25
57
93
58
-17
-85
-109
-64
22
89
106
70
8
-46
-82
-100
-95
-58
4
73
112
78
-19
-107
-126
-80
-10
52
75
55
16
-2
9
39
64
72
57
17
-33
-70
-73
-37
23
69
70
42
14
13
21
30
22
-10
-61
-103
-105
-59
11
68
81
48
-17
-83
-106
-66
33
152
236
227
114
-43
-157
-174
-106
-6
76
115
97
30
-52
-106
-120
-93
-28
57
116
105
21
-78
-143
-157
-136
-90
-13
73
126
111
37
-58
-131
-119
6
186
301
274
121
-85
-239
-255
-133
28
133
146
71
-50
-157
-178
-108
17
148
224
190
33
-182
-339
-343
-189
38
218
268
183
-4
-193
-273
-191
4
212
345
335
175
-62
-246
-278
-149
71
259
303
161
-100
-338
-423
-300
-33
234
360
293
92
-133
-267
-242
-85
103
221
227
130
-15
-128
-154
-94
12
114
158
118
40
-11
-25
-15
1
6
-15
-27
-5
17
-5
-56
-93
-96
-58
19
89
80
-12
-122
-180
-148
-32
123
235
238
135
-12
-124
-146
-77
42
146
178
118
-10
-118
-137
-83
-19
27
66
95
89
40
-32
-129
-224
-238
-112
97
247
255
148
-16
-168
-236
-182
-45
101
192
187
74
-73
-160
-132
-12
133
204
130
-48
-198
-215
-109
37
129
125
58
-8
-40
-67
-109
-140
-124
-53
35
90
98
70
20
-42
-86
-71
10
123
229
289
244
60
-181
-317
-250
-33
196
299
204
-53
-307
-391
-266
-21
206
303
236
58
-123
-223
-225
-141
-24
76
107
57
-32
-96
-79
1
88
143
145
93
5
-60
-72
-43
1
51
90
79
3
-112
-221
-255
-162
36
213
252
150
-13
-165
-255
-220
-73
86
156
129
48
-51
-123
-101
26
181
268
233
87
-115
-258
-252
-99
108
258
293
185
-38
-277
-392
-308
-78
168
315
282
71
-198
-342
-278
-87
90
169
141
52
-33
-67
-40
14
75
138
198
226
171
26
-146
-261
-232
-41
229
392
313
21
-319
-505
-417
-79
318
530
423
70
-324
-540
-452
-89
341
579
495
169
-191
-373
-289
0
319
498
466
253
-29
-252
-332
-253
-66
164
337
352
172
-116
-357
-445
-340
-82
209
363
276
5
-297
-464
-410
-167
126
316
303
92
-207
-426
-431
-221
72
285
306
138
-117
-318
-383
-314
-165
-4
119
146
59
-108
-263
-320
-244
-60
133
230
182
37
-112
-190
-170
-80
26
95
107
70
-4
-77
-115
-91
-28
40
101
124
92
31
-1
11
61
130
175
157
90
42
49
102
178
262
313
283
182
60
-28
-47
27
183
339
407
341
170
-16
-131
-126
-21
137
289
345
257
71
-112
-210
-171
-2
200
306
256
93
-99
-229
-216
-61
138
246
212
68
-116
-289
-401
-409
-313
-167
-49
-29
-127
-301
-462
-533
-483
-336
-179
-108
-171
-310
-432
-489
-468
-369
-226
-108
-80
-148
-272
-389
-426
-346
-185
-20
80
83
-2
-127
-208
-186
-70
70
178
242
255
189
75
5
54
195
354
470
481
378
249
211
299
445
565
590
513
409
363
386
435
459
444
402
376
384
386
370
354
329
266
197
195
247
260
214
176
175
157
94
42
44
73
76
61
55
31
-41
-122
-135
-83
-50
-74
-101
-106
-128
-192
-261
-310
-359
-410
-420
-390
-387
-441
-516
-585
-654
-720
-754
-763
-783
-818
-847
-860
-880
-916
-940
-918
-847
-757
-682
-634
-593
-525
-429
-333
-259
-187
-92
18
110
166
198
233
297
409
549
666
712
690
654
652
694
760
825
885
935
940
873
762
684
674
715
779
841
862
806
688
575
533
546
554
525
477
445
404
340
268
205
150
101
75
90
102
62
-15
-69
-70
-85
-159
-229
-208
-106
-34
-57
-138
-215
-239
-199
-120
-74
-114
-224
-351
-462
-546
-604
-655
-718
-799
-892
-997
-1116
-1237
-1334
-1386
-1390
-1360
-1323
-1305
-1330
-1392
-1437
-1413
-1303
-1129
-920
-704
-512
-367
-259
-147
2
199
426
644
813
908
939
950
981
1049
1151
1262
1324
1282
1169
1073
1035
1050
1101
1148
1147
1080
991
920
882
876
889
909
901
846
750
664
632
629
590
507
446
418
370
291
229
174
68
-61
-125
-116
-117
-165
-229
-281
-306
-283
-221
-175
-170
-183
-163
-94
-22
-20
-142
-356
-587
-745
-784
-722
-653
-686
-858
-1128
-1413
-1639
-1760
-1766
-1713
-1667
-1671
-1727
-1824
-1931
-1979
-1915
-1737
-1493
-1242
-1027
-872
-758
-641
-480
-256
34
381
731
1010
1167
1218
1224
1249
1328
1456
1582
1643
1605
1484
1339
1224
1175
1172
1172
1157
1126
1102
1081
1049
1004
963
958
1006
1069
1087
1017
890
765
681
636
619
623
639
629
551
406
246
137
109
133
149
109
16
-85
-181
-279
-351
-347
-275
-184
-87
25
119
106
-41
-283
-539
-716
-744
-640
-530
-567
-815
-1208
-1588
-1825
-1895
-1879
-1873
-1926
-2031
-2155
-2267
-2359
-2424
-2416
-2274
-1991
-1657
-1388
-1232
-1139
-997
-719
-323
75
352
500
617
805
1070
1318
1442
1420
1336
1301
1368
1497
1604
1600
1473
1305
1176
1084
994
897
809
774
804
859
870
815
785
849
987
1141
1257
1297
1243
1166
1153
1160
1104
994
908
865
849
850
794
621
399
266
251
272
278
237
123
-24
-95
-48
39
107
189
275
257
52
-285
-576
-680
-584
-400
-342
-580
-1090
-1640
-1966
-2013
-1926
-1902
-2042
-2302
-2555
-2717
-2807
-2876
-2918
-2845
-2609
-2265
-1960
-1800
-1740
-1625
-1313
-778
-121
476
875
1082
1209
1316
1365
1324
1281
1358
1602
1904
2046
1844
1312
714
375
433
760
1088
1198
1021
647
240
-41
-118
14
297
610
843
915
837
694
634
793
1148
1527
1731
1706
1542
1363
1252
1198
1165
1123
1060
983
905
817
666
450
266
220
330
494
593
552
413
302
271
250
141
-59
-250
-313
-223
-117
-199
-577
-1140
-1629
-1845
-1792
-1661
-1674
-1928
-2360
-2797
-3103
-3238
-3223
-3096
-2897
-2675
-2504
-2437
-2454
-2438
-2223
-1726
-1018
-309
192
420
494
621
926
1375
1825
2155
2310
2283
2071
1712
1330
1086
1105
1335
1551
1475
978
226
-409
-605
-317
186
558
589
317
-36
-233
-174
90
452
819
1109
1273
1302
1235
1154
1187
1391
1660
1811
1746
1508
1208
994
956
1033
1068
985
851
732
646
574
507
453
467
603
790
844
625
169
-307
-529
-364
40
301
106
-515
-1252
-1748
-1844
-1650
-1457
-1544
-1968
-2539
-2997
-3227
-3282
-3259
-3191
-3067
-2903
-2760
-2704
-2719
-2676
-2403
-1825
-1078
-434
-86
21
126
426
934
1506
1973
2250
2384
2448
2453
2358
2166
1971
1841
1739
1544
1162
626
105
-192
-207
-93
-69
-231
-466
-577
-450
-162
108
250
307
382
523
700
836
907
963
1075
1243
1401
1501
1514
1447
1375
1380
1416
1367
1224
1101
1077
1078
1030
926
799
707
724
887
1063
1015
656
133
-267
-331
-65
287
381
37
-643
-1349
-1771
-1820
-1652
-1553
-1716
-2143
-2668
-3095
-3332
-3417
-3416
-3342
-3189
-3028
-2971
-3043
-3115
-2997
-2579
-1913
-1189
-638
-367
-251
-56
353
937
1545
2050
2407
2650
2798
2823
2715
2543
2450
2515
2600
2435
1842
908
11
-450
-355
36
259
24
-574
-1159
-1358
-1100
-576
-42
332
506
525
464
403
429
622
1034
1543
1878
1866
1617
1412
1429
1656
1949
2093
1959
1639
1350
1256
1331
1423
1436
1388
1355
1300
1048
508
-170
-625
-589
-157
250
197
-451
-1421
-2205
-2429
-2162
-1833
-1838
-2241
-2818
-3302
-3579
-3679
-3662
-3578
-3437
-3265
-3146
-3175
-3317
-3332
-2972
-2226
-1369
-752
-526
-524
-400
91
898
1702
2214
2401
2469
2611
2837
3034
3114
3090
3043
3007
2901
2548
1828
880
36
-413
-439
-305
-317
-640
-1182
-1675
-1877
-1708
-1280
-775
-326
-6
174
259
339
501
809
1245
1710
2050
2195
2225
2266
2410
2644
2885
2996
2905
2665
2415
2293
2294
2321
2279
2102
1690
993
168
-463
-672
-546
-385
-531
-1142
-2071
-2935
-3329
-3190
-2854
-2757
-3070
-3636
-4166
-4443
-4407
-4151
-3845
-3597
-3433
-3359
-3353
-3329
-3102
-2535
-1712
-894
-333
-107
-53
143
710
1578
2403
2881
3005
2997
3077
3276
3485
3595
3576
3482
3339
3039
2417
1495
553
-111
-399
-450
-539
-898
-1496
-2045
-2288
-2222
-2010
-1759
-1470
-1142
-811
-485
-143
200
567
1060
1672
2192
2455
2592
2840
3273
3748
4073
4135
3922
3638
3554
3722
3884
3684
2966
1854
673
-170
-426
-243
-120
-534
-1572
-2859
-3918
-4405
-4249
-3777
-3542
-3888
-4652
-5354
-5634
-5404
-4784
-4071
-3604
-3522
-3673
-3735
-3496
-2897
-1984
-982
-210
147
219
345
784
1571
2511
3251
3530
3412
3242
3337
3676
3994
4089
3928
3579
3091
2472
1741
970
334
22
-7
-59
-473
-1295
-2157
-2597
-2457
-1973
-1561
-1459
-1610
-1734
-1550
-1034
-377
219
685
1067
1436
1838
2317
2897
3535
4130
4526
4618
4462
4290
4379
4788
5148
4845
3561
1682
142
-330
190
863
654
-863
-3159
-5111
-5788
-5214
-4290
-4022
-4754
-6035
-7103
-7427
-6941
-5999
-5091
-4541
-4410
-4519
-4554
-4193
-3189
-1634
-50
930
1067
799
889
1825
3416
4886
5482
5105
4388
4176
4772
5694
6182
5823
4817
3679
2782
2216
1832
1438
970
415
-268
-1131
-2106
-2846
-3019
-2657
-2208
-2190
-2656
-3156
-3144
-2419
-1309
-400
-64
-131
-32
631
1736
2849
3623
4036
4261
4470
4774
5130
5437
5536
5136
4131
2765
1594
1115
1325
1691
1386
-63
-2240
-4126
-4848
-4363
-3572
-3535
-4587
-6173
-7350
-7512
-6756
-5754
-5223
-5308
-5627
-5729
-5345
-4489
-3330
-2112
-1154
-659
-524
-365
246
1425
2875
3992
4264
3824
3389
3657
4690
5756
5981
5106
3636
2473
2243
2861
3603
3582
2509
862
-531
-1052
-749
-145
162
-197
-1136
-2144
-2585
-2158
-1150
-141
357
167
-363
-562
95
1540
3081
3994
4060
3656
3449
3888
4786
5219
4467
2879
1568
1331
1910
2379
1838
96
-2128
-3743
-4049
-3399
-2947
-3554
-5024
-6480
-7225
-7125
-6491
-5838
-5602
-5808
-6114
-6142
-5701
-4839
-3652
-2355
-1376
-1011
-1003
-710
288
1824
3317
4141
4042
3465
3266
3970
5195
5903
5473
4303
3300
3030
3369
3768
3619
2689
1384
410
112
235
262
-51
-570
-1115
-1579
-1816
-1609
-969
-244
189
183
-49
-81
478
1673
2968
3662
3582
3258
3383
3965
4198
3496
2207
1325
1497
2300
2700
1783
-383
-2530
-3386
-2740
-1698
-1723
-3239
-5332
-6616
-6499
-5567
-4843
-4946
-5743
-6453
-6420
-5672
-4676
-3876
-3279
-2732
-2234
-1821
-1382
-627
524
1749
2595
2776
2474
2348
2989
4306
5449
5466
4295
2951
2591
3394
4420
4622
3661
2092
911
727
1294
1750
1406
385
-602
-1020
-900
-571
-225
52
150
57
-76
6
488
1343
2324
3018
3115
2809
2776
3481
4271
3996
2571
1094
754
1626
2707
2783
1208
-1316
-3259
-3505
-2297
-1228
-1722
-3651
-5635
-6470
-6021
-4975
-4194
-4307
-5215
-6104
-6212
-5388
-4147
-3099
-2466
-2291
-2451
-2504
-1841
-362
1216
2062
1957
1326
924
1384
2744
4271
4802
3852
2262
1452
2011
3180
3824
3393
2120
760
104
431
1217
1514
901
-146
-891
-1048
-734
-90
676
1128
965
469
278
809
1937
3164
3971
4002
3453
3157
3516
3813
3259
2129
1434
1597
2039
1962
852
-993
-2603
-3161
-2521
-1711
-2131
-3956
-5823
-6319
-5518
-4563
-4291
-4836
-5745
-6172
-5583
-4191
-2892
-2438
-2551
-2461
-1835
-928
32
1074
1971
2407
2448
2404
2528
2921
3597
4393
4724
4027
2684
1868
2260
3152
3368
2549
1176
37
-339
38
598
537
-398
-1508
-1872
-1374
-729
-423
-284
-87
116
293
630
1240
1999
2744
3386
3851
4023
4072
3952
3225
2075
1292
1637
2650
3026
2008
-255
-2439
-3259
-2568
-1281
-941
-2469
-5047
-6650
-6106
-4362
-3273
-3621
-4958
-6175
-6185
-4842
-2923
-1707
-1796
-2401
-2374
-1375
2
1229
2196
2675
2567
2325
2517
3249
4122
4690
4821
4332
3246
2269
2352
3417
3998
3083
1299
-63
-360
102
622
531
-513
-2015
-2828
-2302
-1109
-483
-691
-988
-913
-569
-84
634
1567
2346
2822
3160
3505
3689
3232
2381
1911
2077
2528
2644
2171
1027
-618
-1915
-2247
-1794
-1453
-2123
-3713
-5225
-5754
-5285
-4591
-4387
-4865
-5751
-6245
-5738
-4458
-3231
-2785
-2914
-2855
-2154
-908
458
1570
2145
2173
2172
2662
3574
4423
4822
4844
4673
4278
3799
3615
3899
4162
3740
2701
1640
996
783
767
657
147
-850
-1861
-2219
-1827
-1306
-1202
-1325
-1265
-979
-599
-153
421
1038
1576
2112
2729
3326
3288
2264
1066
715
1364
2173
2411
1732
32
-1855
-2750
-2329
-1489
-1472
-2703
-4456
-5528
-5450
-4764
-4263
-4334
-5050
-5891
-5978
-5030
-3659
-2798
-2683
-2776
-2452
-1568
-364
911
1910
2291
2229
2417
3138
4027
4607
4811
4822
4655
4340
4158
4368
4636
4327
3453
2612
2195
2068
1949
1648
1061
243
-504
-791
-587
-305
-322
-439
-283
103
423
598
883
1420
2100
2764
3355
3332
1945
26
-549
850
2682
3003
1470
-1119
-3230
-3548
-2267
-784
-830
-2979
-5773
-6904
-5673
-3802
-3292
-4343
-5958
-7031
-6711
-5081
-3151
-2285
-2937
-3899
-3674
-2073
-211
1084
1797
1922
1594
1570
2500
4055
5199
5340
4886
4391
3981
3848
4430
5415
5449
3960
2178
1568
2163
2850
2710
1699
285
-876
-1141
-412
435
282
-763
-1415
-990
-95
407
450
560
907
1289
1629
1969
1738
581
-426
-136
1112
1716
984
-526
-2030
-2679
-2292
-1410
-1026
-1972
-3942
-5468
-5344
-4089
-3307
-3745
-4801
-5700
-5874
-5135
-3873
-2815
-2707
-3306
-3495
-2553
-1003
149
704
983
1115
1274
1855
2866
3768
4001
3745
3670
3899
4044
3958
4014
4213
4003
3331
2761
2673
2747
2515
1991
1502
1128
753
474
462
575
531
532
865
1303
1410
1204
1291
2035
3060
3650
3282
1645
-390
-1114
186
2196
2611
862
-1984
-4125
-4151
-2541
-995
-1222
-3494
-6241
-7279
-5875
-3725
-3097
-4360
-6175
-7179
-6605
-4836
-3020
-2331
-3066
-4052
-3830
-2079
-31
1076
1250
1052
942
1395
2648
4131
4876
4535
3883
3786
4172
4506
4684
4877
4680
3766
2835
2723
3229
3425
2859
1938
1285
1078
1142
1288
1324
1034
578
611
1325
2057
2032
1426
1178
1765
2694
3211
2895
1470
-357
-1077
-48
1459
1544
-100
-2520
-4202
-4146
-2879
-1842
-2234
-4059
-6110
-6743
-5541
-3962
-3653
-4635
-5783
-6181
-5437
-3987
-2674
-2226
-2719
-3280
-2818
-1176
517
1279
1253
1058
1067
1569
2608
3639
3942
3364
2692
2691
3187
3460
3304
3045
2665
2061
1630
1756
2041
1844
1146
556
492
721
848
797
761
804
995
1516
2296
2847
2831
2654
3031
4077
5055
5044
3485
1311
349
1333
3103
3567
2016
-841
-3302
-3714
-2334
-982
-1428
-3767
-6381
-7289
-6033
-4260
-3958
-5324
-7009
-7766
-7001
-5224
-3661
-3339
-4238
-5031
-4376
-2287
-205
652
478
142
279
1226
2843
4271
4606
3853
3140
3408
4306
4834
4680
4272
3734
3059
2662
2889
3241
2907
1849
878
728
1157
1406
1142
623
220
209
783
1672
2194
1935
1334
1322
2199
3215
3506
2723
1188
-35
-51
1091
2016
1535
-269
-2472
-3557
-2935
-1631
-1249
-2546
-4733
-6231
-5895
-4197
-2967
-3429
-4975
-6235
-6140
-4594
-2688
-1710
-2158
-3187
-3381
-2023
189
1719
1819
1068
533
936
2327
3842
4413
3728
2574
2132
2689
3524
3712
3154
2344
1622
1240
1347
1711
1672
902
-130
-624
-361
147
339
142
-110
-143
265
1102
1986
2370
2204
2169
2868
4049
4814
4171
2164
529
708
2344
3491
2857
725
-1897
-3307
-2779
-1397
-953
-2416
-4976
-6793
-6520
-4828
-3813
-4597
-6263
-7431
-7307
-5920
-4218
-3276
-3653
-4610
-4627
-2957
-538
911
965
588
745
1676
3162
4553
5124
4703
4020
4151
5101
5798
5472
4647
4167
3995
3782
3535
3339
2964
2211
1325
854
934
1005
602
-43
-344
-164
235
632
923
985
748
677
1392
2583
3068
1961
87
-867
-234
1253
1983
1168
-768
-2741
-3443
-2608
-1326
-1231
-2938
-5262
-6362
-5549
-3877
-3149
-4072
-5693
-6753
-6432
-4875
-3162
-2508
-3289
-4338
-4141
-2380
-210
929
741
109
43
980
2636
4027
4290
3458
2665
3010
4232
5100
4805
3846
3179
3118
3401
3656
3557
2932
2017
1400
1454
1822
1842
1331
782
699
1037
1478
1832
2016
1978
1837
1991
2756
3715
3557
1620
-414
-562
1038
2397
2035
137
-2353
-3836
-3381
-1916
-1249
-2508
-5032
-6844
-6420
-4467
-3352
-4334
-6245
-7295
-6801
-5250
-3766
-3198
-3795
-4854
-4899
-3190
-795
410
70
-503
-238
819
2159
3300
3832
3573
2971
3033
4060
5014
4810
3865
3364
3520
3733
3714
3578
3267
2644
1935
1701
2027
2243
1805
1093
918
1403
1964
2134
2023
1945
1916
2001
2502
3381
3673
2383
354
-510
357
1694
1864
601
-1382
-3092
-3530
-2722
-1750
-2007
-3907
-6127
-6819
-5556
-3876
-3641
-4935
-6352
-6765
-5936
-4442
-3185
-2870
-3603
-4306
-3674
-1691
213
723
202
-116
400
1534
2754
3547
3606
3036
2599
3046
4054
4546
3995
3109
2707
2771
2921
2938
2801
2418
1800
1298
1300
1638
1689
1235
843
1101
1756
2180
2220
2185
2298
2463
2878
3673
4133
3033
791
-359
574
2282
2703
1338
-980
-2963
-3372
-2391
-1383
-1718
-3640
-5911
-6736
-5541
-3921
-3835
-5362
-6850
-7062
-6002
-4537
-3595
-3579
-4336
-4837
-3944
-1802
-38
118
-586
-611
478
1935
2965
3336
3225
2967
3071
3817
4670
4726
3911
3239
3369
3797
3746
3220
2745
2514
2297
2018
1907
1920
1690
1146
818
1151
1847
2270
2190
1963
1893
1988
2371
3083
3640
3012
1185
-165
140
1482
2076
1079
-806
-2522
-3130
-2626
-1930
-2125
-3623
-5543
-6353
-5472
-4078
-3900
-5241
-6651
-6779
-5587
-4080
-3285
-3417
-4064
-4350
-3448
-1525
117
366
-309
-506
454
1958
2987
3111
2706
2444
2712
3488
4202
4152
3276
2425
2437
3073
3379
2846
1950
1487
1589
1821
1886
1790
1549
1220
1138
1610
2373
2805
2747
2619
2835
3297
3807
4339
4502
3406
1365
303
1138
2614
2710
1034
-1394
-3251
-3446
-2455
-1834
-2714
-4851
-6815
-7165
-5789
-4392
-4713
-6493
-7819
-7468
-5826
-4213
-3644
-4007
-4573
-4393
-2902
-662
838
730
7
255
1714
3318
4115
4032
3685
3588
3911
4588
5050
4677
3594
2834
2987
3332
3017
2100
1251
873
813
754
608
380
75
-209
-191
325
1028
1465
1574
1720
2142
2617
3035
3590
4233
4192
2991
1750
1692
2619
3168
2468
899
-780
-1716
-1671
-1379
-1783
-3145
-4797
-5706
-5391
-4569
-4539
-5765
-7119
-7316
-6349
-5164
-4647
-4793
-5081
-4922
-3913
-2298
-951
-595
-863
-685
473
2049
3116
3301
3021
3042
3626
4475
5030
4893
4203
3554
3534
3979
4134
3508
2463
1805
1805
1958
1749
1217
662
320
376
866
1454
1618
1335
1137
1459
2221
2987
3489
3642
3000
1515
504
1032
2461
2997
1872
-153
-1996
-2526
-1743
-994
-1532
-3393
-5418
-6253
-5443
-4104
-3994
-5512
-7168
-7462
-6320
-4800
-4081
-4342
-4980
-5158
-4189
-2230
-486
-128
-766
-819
444
2196
3313
3420
3074
3015
3542
4530
5304
5152
4136
3256
3395
4089
4247
3472
2350
1689
1668
1806
1663
1182
547
51
-48
388
1029
1334
1138
857
1084
1771
2427
2848
3160
3207
2461
1349
1085
1909
2740
2409
1054
-492
-1523
-1691
-1445
-1573
-2462
-3870
-5078
-5360
-4741
-4287
-4977
-6349
-7014
-6463
-5365
-4665
-4667
-4936
-4962
-4378
-3087
-1570
-686
-750
-914
-173
1376
2730
3152
2904
2825
3380
4271
4972
5095
4564
3849
3651
4147
4612
4255
3124
2083
1885
2259
2305
1673
821
262
156
472
1014
1354
1159
729
699
1377
2296
2843
3005
2972
2286
934
307
1178
2530
2625
1189
-777
-2208
-2243
-1348
-959
-1916
-3812
-5476
-5879
-4906
-3833
-4181
-5893
-7270
-7098
-5765
-4527
-4252
-4660
-5092
-4930
-3763
-1915
-568
-585
-1211
-931
626
2335
3099
2902
2687
3116
4019
4883
5223
4868
4105
3753
4256
4947
4784
3669
2587
2378
2799
2928
2379
1518
862
619
727
1043
1281
1224
935
824
1221
1791
2027
2017
2198
2454
1961
820
224
702
1475
1363
270
-1148
-2258
-2568
-2314
-2261
-2913
-4153
-5317
-5622
-4972
-4333
-4793
-6043
-6673
-6133
-5054
-4288
-4151
-4308
-4307
-3776
-2628
-1271
-418
-373
-468
201
1545
2680
3008
2809
2831
3353
4030
4453
4466
4083
3571
3447
3851
4160
3738
2788
2081
2112
2496
2451
1791
1051
746
843
1138
1479
1685
1602
1422
1584
2189
2797
3032
3104
3338
3155
1939
753
861
1946
2402
1439
-272
-1897
-2602
-2283
-1908
-2391
-3837
-5529
-6414
-5909
-4802
-4715
-6120
-7554
-7592
-6429
-5192
-4756
-4968
-5270
-5180
-4226
-2467
-879
-555
-1113
-967
586
2472
3338
3146
2912
3385
4328
5215
5635
5317
4502
4008
4436
5203
5182
4080
2826
2463
2905
3137
2561
1628
965
742
816
1024
1151
1009
721
664
1124
1773
1996
1810
1844
2324
2589
1922
872
513
1023
1532
1202
182
-1078
-2099
-2401
-2136
-2123
-2992
-4395
-5378
-5338
-4684
-4482
-5285
-6380
-6634
-5950
-5065
-4609
-4605
-4672
-4473
-3785
-2666
-1565
-998
-924
-638
347
1570
2300
2450
2503
2904
3545
4109
4410
4363
3981
3579
3653
4122
4234
3615
2809
2445
2521
2581
2287
1754
1282
1051
983
1015
1178
1377
1450
1419
1524
1798
2090
2360
2736
3192
3019
1679
341
437
1685
2371
1531
-120
-1733
-2523
-2182
-1555
-1750
-3110
-4895
-5905
-5456
-4254
-3965
-5237
-6762
-7023
-6030
-4802
-4275
-4499
-4937
-5019
-4244
-2627
-1082
-716
-1333
-1456
-202
1654
2785
2782
2369
2466
3193
4212
5056
5117
4242
3321
3498
4471
4893
4203
3060
2397
2475
2795
2715
2137
1424
925
748
882
1138
1187
951
724
874
1363
1695
1632
1582
1836
2166
1980
1117
315
221
780
1128
633
-471
-1731
-2510
-2472
-2078
-2150
-3109
-4487
-5338
-5082
-4202
-3910
-4713
-5721
-5903
-5233
-4326
-3788
-3733
-3889
-3846
-3197
-1934
-658
-201
-535
-591
397
1903
2795
2762
2450
2566
3174
3874
4277
4107
3470
2979
3166
3722
3823
3157
2296
1913
2054
2248
2062
1540
1015
734
702
845
1091
1299
1298
1132
1175
1544
1959
2190
2325
2539
2546
1668
426
104
930
1680
1139
-229
-1630
-2533
-2516
-2031
-2005
-2954
-4449
-5482
-5288
-4190
-3620
-4530
-5992
-6367
-5451
-4228
-3674
-3915
-4308
-4305
-3611
-2273
-906
-439
-994
-1280
-169
1753
2888
2625
1893
1997
3091
4240
4685
4308
3403
2631
2877
4062
4785
3988
2415
1595
1975
2736
2884
2213
1222
592
597
1017
1413
1373
897
419
469
1092
1726
1802
1401
1107
1260
1707
1830
1145
125
-387
-72
381
228
-607
-1899
-2897
-2955
-2392
-2184
-2901
-4113
-4891
-4656
-3819
-3467
-4087
-4911
-5018
-4404
-3580
-3057
-2910
-2949
-2898
-2421
-1400
-262
219
-1
14
921
2142
2749
2620
2337
2443
2880
3401
3736
3546
2836
2198
2348
3045
3276
2622
1662
1192
1369
1693
1652
1186
617
296
306
539
830
982
904
706
718
1146
1601
1717
1656
1776
2101
2133
1377
266
-141
438
1083
799
-246
-1541
-2547
-2628
-2020
-1728
-2456
-3843
-4860
-4755
-3775
-3193
-3884
-5081
-5431
-4750
-3822
-3328
-3325
-3465
-3476
-3048
-1962
-650
-68
-452
-650
307
1828
2637
2451
2112
2376
3089
3701
3979
3816
3253
2705
2817
3515
3825
3175
2108
1647
1991
2377
2155
1522
969
666
587
681
813
707
318
-14
84
584
936
766
414
408
770
1110
1214
877
-19
-811
-759
22
435
-196
-1426
-2438
-2524
-1871
-1382
-1731
-2750
-3706
-3916
-3256
-2452
-2467
-3387
-4168
-3977
-3056
-2223
-2051
-2316
-2472
-2194
-1420
-411
307
345
76
318
1267
2244
2580
2301
1957
2051
2579
3166
3368
2926
2146
1750
2106
2725
2764
2040
1183
872
1200
1567
1383
747
175
19
193
415
462
301
123
197
519
821
885
812
924
1277
1664
1817
1218
-12
-682
-89
998
1121
113
-1188
-2117
-2104
-1379
-958
-1549
-2885
-4002
-4083
-3149
-2327
-2775
-4177
-5005
-4518
-3384
-2641
-2719
-3141
-3316
-2973
-2030
-800
-66
-336
-823
-307
1158
2290
2270
1665
1559
2303
3275
3834
3773
3121
2344
2285
3160
3928
3554
2392
1616
1746
2305
2482
1944
1079
485
394
569
669
517
120
-322
-482
-188
245
310
33
-122
-21
133
332
695
846
188
-783
-972
-195
599
454
-455
-1452
-1919
-1580
-909
-727
-1449
-2605
-3271
-2901
-1982
-1627
-2347
-3389
-3639
-2997
-2182
-1822
-1953
-2213
-2254
-1825
-931
-57
189
-170
-337
268
1272
1880
1852
1585
1585
1924
2372
2703
2697
2297
1764
1695
2187
2538
2190
1438
980
1009
1194
1167
835
335
-71
-182
-22
172
72
-304
-541
-278
305
614
459
211
312
815
1399
1825
1816
1062
117
67
1062
1931
1586
407
-671
-1042
-596
-2
-103
-1087
-2339
-3008
-2690
-1845
-1593
-2555
-3915
-4345
-3646
-2714
-2424
-2847
-3402
-3586
-3149
-2130
-1123
-918
-1502
-1798
-984
406
1215
1065
615
705
1467
2382
2964
2974
2467
1911
2056
2994
3690
3292
2222
1608
1823
2284
2374
1908
1140
526
389
619
761
469
-175
-744
-782
-283
174
58
-430
-648
-334
154
489
704
823
730
320
-22
187
769
1120
834
218
-258
-373
-145
44
-171
-797
-1479
-1797
-1593
-1199
-1247
-1935
-2677
-2782
-2315
-1903
-1961
-2349
-2593
-2463
-2053
-1520
-1072
-953
-1182
-1252
-687
254
788
620
298
457
1089
1697
1990
1883
1430
1061
1258
1877
2186
1786
1077
708
894
1281
1263
714
103
-123
51
273
257
-13
-335
-418
-94
460
780
612
347
508
1086
1691
2056
2172
2066
1627
1128
1165
1820
2376
2054
1153
393
98
234
400
150
-617
-1539
-2122
-2150
-1852
-1873
-2636
-3647
-4002
-3598
-3113
-3141
-3610
-3941
-3809
-3325
-2756
-2292
-2110
-2212
-2114
-1372
-311
252
108
-95
334
1288
2074
2340
2258
2114
2110
2408
2943
3252
2922
2187
1763
1973
2351
2242
1615
989
653
564
572
500
237
-163
-482
-551
-411
-264
-306
-475
-460
-138
236
397
398
557
975
1441
1622
1254
730
675
1222
1822
1836
1285
520
35
151
542
559
-94
-1048
-1645
-1552
-1169
-1224
-1946
-2787
-3100
-2895
-2544
-2388
-2525
-2816
-3059
-2942
-2310
-1532
-1270
-1605
-1829
-1359
-460
195
348
238
248
567
1135
1717
1899
1457
900
959
1552
1945
1691
1129
748
705
903
988
790
464
221
145
189
301
356
232
42
89
473
928
1138
1152
1235
1422
1694
2114
2586
2865
2719
2112
1490
1506
2162
2591
2096
1069
231
-96
16
98
-320
-1266
-2282
-2848
-2789
-2480
-2653
-3542
-4430
-4547
-4074
-3717
-3804
-4045
-4019
-3706
-3270
-2706
-2083
-1745
-1784
-1626
-789
290
816
692
583
1037
1857
2487
2697
2572
2277
2118
2465
3117
3240
2517
1651
1466
1907
2221
1864
1038
389
286
492
576
374
-53
-522
-753
-570
-185
-80
-409
-728
-548
8
410
453
381
446
702
1155
1688
2021
1815
1081
582
925
1732
2019
1395
467
-151
-195
145
303
-119
-1000
-1805
-2053
-1674
-1242
-1503
-2481
-3303
-3225
-2498
-1918
-2011
-2556
-2939
-2804
-2175
-1368
-884
-1074
-1579
-1549
-673
365
692
285
-136
48
734
1397
1662
1443
942
599
883
1535
1758
1288
657
515
831
1182
1200
780
268
110
362
695
801
618
290
93
282
778
1159
1162
947
905
1173
1510
1714
1787
1842
1942
2059
1892
1279
749
784
1126
1182
834
232
-520
-1038
-1030
-841
-1034
-1701
-2461
-2801
-2558
-2199
-2306
-2845
-3269
-3289
-3041
-2718
-2488
-2446
-2545
-2558
-2190
-1477
-928
-885
-983
-678
-2
555
735
695
730
1010
1451
1853
2032
1889
1606
1614
2050
2444
2227
1592
1240
1410
1656
1551
1175
772
485
382
421
379
116
-233
-482
-543
-451
-389
-530
-788
-879
-700
-440
-298
-260
-227
-127
57
392
831
1151
1286
1378
1334
1044
930
1301
1783
1826
1458
1016
649
562
754
797
391
-348
-1017
-1219
-949
-767
-1214
-2076
-2653
-2649
-2358
-2181
-2333
-2670
-2904
-2857
-2461
-1911
-1645
-1841
-2014
-1631
-848
-286
-226
-351
-224
286
908
1347
1487
1334
1128
1270
1846
2292
2057
1435
1127
1327
1602
1557
1202
739
423
375
450
415
178
-175
-478
-552
-379
-214
-297
-510
-573
-379
-60
203
345
390
435
635
1079
1581
1852
1891
1890
1786
1564
1532
1794
1999
1780
1251
748
492
514
515
178
-440
-1064
-1448
-1471
-1331
-1492
-2130
-2806
-2946
-2572
-2227
-2351
-2811
-3064
-2839
-2313
-1779
-1479
-1539
-1731
-1572
-895
-136
130
-114
-336
-56
606
1099
1131
862
606
613
943
1365
1414
918
363
298
654
897
736
357
62
17
181
327
282
110
-23
2
193
427
512
410
342
501
801
1039
1118
1127
1193
1330
1523
1737
1897
1922
1895
2019
2190
2007
1442
1000
1047
1299
1287
930
377
-134
-387
-393
-441
-769
-1276
-1736
-1950
-1880
-1825
-2109
-2609
-2866
-2743
-2528
-2477
-2557
-2618
-2585
-2437
-2160
-1840
-1674
-1710
-1678
-1334
-845
-597
-664
-723
-498
-80
263
422
485
542
627
827
1156
1410
1390
1173
1126
1399
1691
1684
1461
1339
1379
1425
1440
1422
1292
1060
890
891
947
860
586
292
191
275
313
194
36
-23
19
114
248
378
456
511
675
1002
1365
1606
1580
1257
936
1008
1452
1765
1631
1193
701
403
426
553
367
-211
-855
-1245
-1309
-1287
-1555
-2190
-2793
-3007
-2965
-2996
-3207
-3462
-3619
-3637
-3495
-3204
-2910
-2814
-2842
-2654
-2118
-1514
-1162
-1010
-789
-336
248
774
1129
1303
1380
1570
2026
2548
2750
2569
2339
2368
2605
2728
2532
2125
1790
1678
1701
1665
1388
872
406
248
339
373
119
-327
-646
-636
-434
-358
-518
-737
-774
-506
-64
264
324
255
344
737
1271
1648
1762
1756
1753
1669
1545
1564
1677
1636
1323
963
704
507
288
-54
-513
-988
-1339
-1558
-1734
-1975
-2370
-2854
-3170
-3149
-2986
-2989
-3175
-3294
-3187
-2943
-2690
-2440
-2182
-1970
-1797
-1501
-1021
-565
-350
-262
-27
405
843
1120
1254
1303
1316
1403
1664
1966
2015
1753
1528
1625
1850
1858
1607
1328
1173
1117
1112
1088
937
666
404
300
349
368
219
-27
-165
-100
22
1
-160
-286
-264
-133
57
252
344
307
319
537
865
1097
1192
1249
1372
1583
1793
1754
1386
1031
1027
1288
1392
1113
578
67
-171
-157
-203
-550
-1125
-1649
-1878
-1817
-1777
-2066
-2606
-2988
-2982
-2755
-2620
-2714
-2902
-2976
-2849
-2546
-2175
-1931
-1926
-1942
-1665
-1122
-681
-566
-598
-471
-94
372
714
844
812
789
978
1387
1726
1706
1438
1349
1624
1953
1963
1704
1488
1471
1590
1716
1727
1543
1268
1108
1117
1175
1098
862
630
548
568
511
346
193
119
59
-23
-58
11
99
95
53
95
219
328
410
531
671
790
899
1021
1081
912
622
497
632
807
727
347
-130
-411
-407
-365
-567
-1001
-1468
-1802
-1863
-1741
-1773
-2164
-2690
-2918
-2764
-2527
-2528
-2772
-2970
-2896
-2593
-2241
-2007
-1971
-2017
-1898
-1467
-900
-552
-542
-587
-318
269
809
1052
1062
1072
1285
1720
2188
2400
2301
2153
2262
2636
2950
2902
2536
2252
2258
2401
2422
2201
1814
1442
1277
1301
1223
872
407
87
16
39
-88
-425
-796
-969
-923
-818
-819
-982
-1199
-1251
-1018
-654
-450
-525
-662
-572
-224
176
414
431
370
439
712
941
822
467
240
323
533
561
276
-244
-676
-736
-564
-535
-848
-1358
-1724
-1746
-1538
-1446
-1692
-2083
-2273
-2156
-1870
-1644
-1609
-1720
-1786
-1600
-1194
-857
-781
-822
-691
-321
60
260
290
290
403
674
1014
1218
1176
1031
1077
1390
1710
1743
1542
1425
1543
1771
1908
1845
1630
1440
1418
1538
1620
1496
1200
944
900
960
862
558
229
32
-34
-102
-286
-585
-895
-1066
-1074
-1041
-1128
-1367
-1599
-1619
-1402
-1129
-1013
-1075
-1123
-970
-624
-231
52
179
258
467
845
1256
1457
1330
1087
1082
1413
1740
1704
1345
924
684
676
703
525
79
-447
-792
-855
-827
-1018
-1496
-1967
-2142
-2065
-1962
-2018
-2205
-2339
-2287
-2046
-1740
-1535
-1516
-1554
-1381
-927
-455
-230
-222
-185
66
470
838
1028
1020
932
968
1237
1566
1669
1512
1337
1359
1522
1624
1561
1393
1200
1060
1057
1132
1090
843
557
440
473
495
365
84
-173
-265
-226
-199
-292
-482
-664
-725
-648
-579
-648
-799
-873
-786
-643
-569
-551
-505
-389
-216
-41
94
166
219
364
597
833
981
1009
1023
1072
1105
1064
967
913
900
867
782
625
417
218
59
-51
-170
-369
-640
-871
-980
-1040
-1179
-1389
-1577
-1713
-1799
-1845
-1839
-1805
-1795
-1810
-1785
-1672
-1519
-1391
-1273
-1115
-920
-723
-540
-373
-194
16
248
469
632
737
852
1046
1293
1462
1480
1450
1515
1686
1829
1833
1735
1632
1585
1573
1557
1481
1275
1002
802
714
623
419
166
-60
-255
-429
-598
-757
-900
-1030
-1151
-1253
-1309
-1325
-1368
-1431
-1441
-1366
-1237
-1101
-956
-792
-644
-499
-310
-58
191
374
535
738
982
1209
1399
1558
1697
1830
1937
1939
1810
1666
1612
1644
1650
1537
1276
952
730
629
513
262
-97
-430
-643
-752
-864
-1080
-1377
-1645
-1811
-1890
-1959
-2087
-2248
-2363
-2370
-2285
-2199
-2180
-2203
-2161
-1984
-1734
-1523
-1402
-1316
-1173
-908
-559
-246
-65
14
137
403
768
1068
1206
1261
1377
1592
1833
2013
2085
2064
2028
2062
2129
2097
1945
1754
1593
1441
1267
1078
863
634
419
212
-13
-253
-471
-653
-802
-923
-1034
-1161
-1283
-1349
-1354
-1338
-1322
-1268
-1159
-1026
-881
-710
-500
-281
-72
138
353
558
763
986
1213
1414
1586
1722
1817
1901
1994
2075
2059
1900
1684
1522
1448
1389
1229
942
577
245
5
-214
-489
-840
-1225
-1556
-1777
-1944
-2178
-2499
-2790
-2957
-3025
-3057
-3104
-3173
-3211
-3164
-3012
-2796
-2575
-2389
-2211
-1967
-1634
-1270
-923
-590
-251
91
433
799
1189
1530
1774
1968
2206
2476
2680
2793
2870
2959
3040
3086
3088
3037
2919
2746
2576
2438
2297
2063
1718
1377
1129
895
551
135
-215
-486
-742
-984
-1212
-1473
-1758
-1961
-2048
-2094
-2163
-2244
-2302
-2293
-2209
-2106
-2009
-1879
-1680
-1444
-1209
-961
-685
-398
-112
181
472
730
940
1147
1387
1620
1812
1937
2003
2025
2046
2096
2112
2049
1908
1688
1430
1223
1078
913
651
333
45
-213
-458
-726
-1022
-1278
-1487
-1680
-1862
-2011
-2137
-2273
-2384
-2422
-2413
-2391
-2351
-2269
-2131
-1966
-1799
-1607
-1372
-1114
-864
-611
-329
-50
205
448
690
918
1130
1332
1528
1681
1755
1784
1839
1938
2013
1998
1911
1810
1727
1670
1618
1530
1367
1144
955
849
766
619
416
231
71
-113
-328
-502
-636
-789
-939
-1039
-1102
-1195
-1298
-1364
-1410
-1431
-1409
-1355
-1293
-1221
-1157
-1100
-1007
-837
-650
-519
-421
-292
-116
75
249
399
517
621
749
904
1036
1102
1134
1187
1267
1341
1382
1383
1363
1334
1297
1253
1228
1222
1178
1025
807
651
575
508
389
236
61
-139
-296
-395
-509
-673
-864
-1032
-1140
-1207
-1300
-1466
-1654
-1759
-1789
-1796
-1807
-1839
-1893
-1933
-1881
-1716
-1540
-1452
-1428
-1355
-1159
-890
-643
-474
-364
-232
-15
267
532
684
735
801
985
1251
1463
1535
1513
1495
1548
1659
1745
1729
1612
1479
1420
1431
1422
1308
1113
939
848
809
744
608
407
171
-16
-105
-145
-239
-427
-620
-755
-823
-864
-937
-1056
-1180
-1247
-1238
-1197
-1183
-1211
-1246
-1217
-1114
-996
-908
-842
-745
-607
-446
-273
-98
54
190
341
513
667
780
886
1005
1121
1217
1293
1368
1437
1489
1521
1533
1532
1514
1481
1403
1277
1167
1075
967
822
675
516
308
85
-117
-312
-509
-709
-934
-1174
-1380
-1543
-1689
-1827
-1948
-2069
-2181
-2241
-2252
-2239
-2214
-2159
-2080
-1982
-1859
-1702
-1507
-1297
-1092
-890
-670
-431
-178
89
369
635
872
1086
1297
1517
1728
1901
2041
2160
2246
2281
2274
2255
2223
2160
2052
1916
1773
1612
1417
1195
972
745
504
252
4
-232
-470
-721
-962
-1183
-1386
-1568
-1696
-1782
-1866
-1957
-2019
-2040
-2030
-1975
-1887
-1790
-1680
-1541
-1374
-1185
-974
-756
-545
-331
-98
154
414
660
864
1026
1174
1335
1508
1660
1757
1795
1813
1831
1851
1847
1802
1721
1639
1586
1536
1458
1334
1183
1034
908
795
659
469
268
106
-15
-134
-292
-469
-639
-790
-904
-1004
-1124
-1272
-1419
-1528
-1582
-1614
-1674
-1768
-1838
-1836
-1798
-1756
-1711
-1665
-1597
-1482
-1315
-1136
-991
-884
-763
-587
-372
-172
-19
114
259
435
634
832
982
1061
1105
1180
1300
1395
1405
1356
1318
1320
1339
1342
1294
1175
1027
927
895
859
749
581
433
330
244
128
-30
-199
-342
-449
-537
-623
-717
-824
-919
-975
-998
-1016
-1041
-1074
-1104
-1098
-1042
-963
-912
-882
-820
-704
-564
-433
-316
-192
-61
77
223
364
491
608
731
871
1007
1112
1171
1208
1254
1316
1363
1374
1359
1335
1309
1275
1228
1148
1039
933
853
777
673
542
395
214
22
-132
-247
-376
-565
-766
-928
-1033
-1115
-1221
-1359
-1489
-1571
-1606
-1613
-1624
-1659
-1689
-1663
-1585
-1505
-1431
-1338
-1220
-1087
-943
-792
-649
-508
-355
-180
11
188
337
463
590
727
864
989
1085
1141
1163
1180
1217
1266
1287
1255
1178
1097
1041
1011
960
851
701
567
475
406
323
207
65
-61
-145
-205
-270
-346
-422
-483
-521
-542
-568
-610
-646
-647
-614
-580
-561
-538
-498
-445
-388
-327
-263
-198
-137
-71
4
83
146
193
245
313
372
412
443
474
508
541
569
573
551
528
522
522
510
483
443
394
354
325
276
178
63
-16
-59
-98
-164
-264
-378
-460
-505
-544
-606
-680
-742
-779
-789
-781
-774
-768
-756
-731
-690
-631
-560
-490
-421
-345
-250
-147
-49
37
114
188
264
347
420
472
503
522
541
556
558
546
527
503
469
428
390
353
302
241
182
122
55
-17
-71
-111
-155
-203
-244
-264
-270
-269
-262
-255
-248
-242
-226
-198
-173
-150
-120
-74
-19
35
86
126
151
172
201
238
269
286
301
326
351
360
354
352
353
344
327
311
293
270
236
200
173
154
129
91
51
21
0
-11
-23
-51
-107
-173
-222
-248
-275
-316
-363
-404
-434
-468
-500
-524
-543
-564
-589
-602
-604
-593
-578
-565
-558
-549
-520
-463
-402
-351
-303
-242
-173
-101
-15
79
162
223
281
352
421
476
520
559
592
615
633
643
635
608
576
555
535
498
453
409
368
324
277
227
184
160
140
96
43
8
-14
-38
-59
-76
-98
-129
-148
-149
-157
-179
-205
-208
-187
-170
-176
-201
-221
-225
-220
-211
-210
-223
-241
-244
-228
-214
-211
-215
-214
-205
-198
-199
-211
-220
-218
-217
-221
-221
-210
-189
-182
-183
-175
-142
-105
-87
-68
-25
36
83
114
157
224
295
345
385
438
498
552
598
633
651
650
656
679
693
677
637
590
555
521
466
372
262
163
77
-13
-115
-227
-335
-419
-477
-519
-578
-667
-756
-812
-834
-850
-863
-868
-870
-866
-849
-807
-755
-702
-652
-581
-487
-392
-290
-167
-54
22
111
234
342
426
533
646
696
702
732
778
799
807
819
817
784
728
671
620
581
529
449
347
240
157
99
44
-38
-128
-192
-231
-276
-329
-388
-440
-453
-456
-476
-501
-501
-488
-478
-440
-381
-362
-361
-323
-269
-243
-231
-207
-172
-137
-90
-36
6
40
75
112
151
178
186
191
207
227
236
223
203
192
194
197
191
163
122
89
72
51
20
-10
-26
-41
-68
-96
-120
-142
-161
-161
-146
-133
-138
-147
-140
-114
-93
-78
-60
-31
9
51
87
106
116
132
160
192
217
236
252
262
266
283
313
331
314
279
251
236
225
202
174
143
104
63
39
17
-15
-52
-78
-92
-118
-148
-176
-202
-225
-237
-232
-233
-251
-277
-289
-286
-276
-267
-266
-278
-289
-271
-231
-202
-202
-205
-190
-171
-154
-148
-154
-167
-165
-141
-108
-73
-42
-22
-21
-13
22
67
84
71
61
86
133
176
201
213
224
242
265
284
285
275
276
294
308
306
284
257
243
255
283
282
247
207
183
160
132
117
118
93
32
-20
-32
-41
-85
-120
-133
-158
-199
-211
-198
-197
-218
-226
-212
-196
-181
-175
-171
-157
-137
-117
-106
-99
-94
-88
-72
-51
-38
-39
-41
-30
-16
-15
-20
-20
-18
-9
0
0
-9
-15
-10
-2
5
21
32
32
31
26
6
-20
-28
-19
-17
-23
-37
-60
-88
-101
-83
-63
-62
-85
-101
-101
-93
-82
-77
-77
-92
-112
-117
-104
-85
-86
-102
-112
-96
-66
-48
-44
-49
-47
-21
25
72
83
67
56
78
127
166
182
180
183
203
233
256
276
293
305
307
312
319
315
302
291
289
281
268
257
247
226
202
182
161
134
106
86
60
17
-27
-56
-72
-93
-121
-155
-188
-207
-200
-184
-183
-202
-214
-215
-213
-210
-209
-210
-211
-204
-185
-160
-143
-135
-137
-143
-143
-131
-106
-90
-86
-80
-68
-57
-50
-48
-47
-43
-39
-40
-42
-35
-29
-36
-33
-5
19
15
4
9
23
23
16
17
27
37
40
39
46
56
64
62
50
37
34
40
37
17
-10
-30
-42
-51
-54
-60
-74
-93
-103
-107
-110
-112
-102
-92
-92
-99
-97
-90
-80
-67
-53
-38
-28
-13
7
33
56
70
82
99
123
143
151
145
142
157
189
211
215
209
219
241
254
253
249
256
269
281
287
277
255
235
232
233
224
206
191
178
163
141
114
89
63
35
-10
-66
-115
-151
-184
-223
-271
-325
-371
-397
-414
-438
-465
-480
-487
-492
-488
-478
-476
-476
-459
-416
-365
-325
-292
-264
-229
-177
-114
-58
-19
20
63
113
161
204
243
271
296
314
333
351
363
363
357
347
338
317
279
233
188
155
119
82
40
-2
-37
-66
-86
-98
-114
-128
-136
-132
-114
-94
-80
-64
-43
-18
-8
-3
14
42
70
90
108
126
149
181
214
232
232
227
239
266
284
275
244
211
184
163
142
110
71
33
3
-23
-51
-87
-126
-167
-196
-212
-229
-254
-280
-295
-303
-313
-320
-322
-330
-348
-362
-360
-339
-307
-281
-260
-237
-211
-195
-180
-151
-113
-80
-57
-34
-10
14
40
68
99
133
165
193
227
270
309
327
327
326
334
342
345
343
330
301
266
249
245
218
160
100
64
37
7
-24
-55
-83
-108
-131
-152
-178
-206
-231
-239
-237
-235
-240
-249
-254
-248
-229
-208
-183
-148
-114
-94
-80
-56
-21
4
15
30
59
85
100
109
125
142
151
155
161
171
179
187
196
202
200
180
156
138
133
134
132
116
91
70
55
37
14
-15
-47
-72
-87
-92
-103
-120
-128
-133
-142
-157
-161
-154
-143
-124
-101
-84
-82
-82
-72
-51
-23
3
22
27
24
21
28
52
81
97
97
96
110
131
137
115
80
54
44
47
46
32
8
-14
-25
-35
-39
-43
-56
-75
-96
-119
-133
-136
-129
-133
-151
-165
-173
-178
-178
-173
-169
-165
-155
-142
-135
-131
-126
-118
-107
-96
-76
-48
-16
1
6
8
20
46
72
93
98
95
101
121
140
146
157
173
187
193
202
212
217
223
225
220
209
206
215
228
237
238
236
235
227
213
205
201
178
136
96
69
45
10
-26
-54
-85
-129
-176
-216
-245
-266
-287
-312
-334
-341
-343
-346
-353
-360
-359
-337
-290
-250
-241
-245
-223
-181
-141
-116
-103
-95
-75
-37
3
33
64
105
137
148
157
186
221
237
237
233
236
247
262
269
263
245
229
218
203
180
156
141
124
103
78
55
30
9
-1
-14
-39
-73
-104
-138
-165
-175
-172
-166
-162
-163
-176
-193
-190
-173
-166
-179
-191
-180
-150
-109
-77
-54
-37
-14
17
41
50
59
72
94
120
142
151
149
145
132
115
106
104
95
77
69
68
69
61
43
27
15
7
-5
-23
-32
-35
-41
-54
-64
-66
-67
-69
-66
-61
-57
-60
-61
-53
-43
-32
-23
-11
3
20
34
38
32
26
27
33
35
33
42
52
56
52
53
59
64
64
66
71
71
69
59
50
50
56
54
39
19
6
-7
-13
-13
-19
-37
-54
-62
-69
-87
-108
-125
-136
-152
-167
-173
-170
-174
-187
-191
-182
-168
-165
-168
-167
-154
-132
-107
-88
-77
-64
-35
6
40
56
67
84
103
120
140
165
186
201
209
215
221
227
224
214
206
202
199
191
177
163
150
146
141
131
114
93
75
67
66
65
61
55
49
38
17
0
-6
-2
-5
-21
-39
-54
-66
-82
-95
-103
-106
-113
-122
-131
-141
-156
-177
-192
-198
-198
-193
-189
-184
-183
-190
-198
-194
-179
-163
-154
-147
-137
-123
-109
-93
-73
-53
-34
-15
0
12
19
27
30
36
48
69
85
86
82
85
96
105
107
106
105
98
85
73
70
75
76
69
60
51
46
41
34
24
12
-2
-10
2
25
40
38
38
48
60
68
68
61
49
42
49
58
62
62
66
76
84
85
78
71
65
62
64
68
68
57
51
51
50
42
28
12
-3
-10
-16
-35
-68
-91
-91
-88
-96
-119
-139
-146
-144
-140
-142
-144
-144
-143
-139
-131
-118
-106
-95
-85
-68
-42
-23
-22
-9
24
56
59
41
46
70
84
62
41
70
118
125
86
69
88
109
108
97
91
81
77
81
85
79
71
64
50
31
14
1
-12
-26
-36
-41
-42
-47
-60
-84
-104
-115
-119
-123
-139
-158
-170
-171
-166
-158
-151
-145
-144
-148
-146
-131
-107
-84
-68
-53
-36
-15
6
24
47
79
115
136
140
137
140
146
152
160
162
161
165
173
171
159
146
135
119
98
74
52
32
11
-7
-17
-32
-58
-90
-114
-124
-123
-125
-139
-156
-165
-157
-139
-117
-101
-84
-65
-38
-15
3
24
51
78
103
131
157
172
177
175
167
166
179
198
200
181
154
131
111
96
81
56
24
-9
-28
-41
-66
-101
-129
-147
-159
-172
-185
-197
-206
-212
-216
-218
-216
-203
-186
-174
-169
-161
-149
-130
-115
-100
-79
-51
-21
6
22
31
40
58
80
96
109
122
136
148
165
181
186
181
183
192
204
204
196
186
181
180
174
162
144
125
107
99
92
70
33
-1
-19
-29
-40
-55
-68
-80
-95
-116
-140
-150
-146
-149
-171
-202
-225
-230
-224
-217
-218
-214
-199
-185
-172
-154
-131
-115
-106
-85
-56
-30
-15
-2
16
31
45
64
80
90
98
113
129
140
148
150
149
148
152
154
158
155
143
127
115
106
95
82
74
68
51
26
4
-7
-18
-41
-64
-81
-94
-101
-103
-103
-112
-126
-129
-123
-121
-120
-115
-109
-104
-102
-97
-89
-76
-60
-47
-44
-41
-31
-13
7
27
43
50
50
56
64
68
70
74
79
80
78
80
82
79
78
79
78
78
68
58
59
71
81
75
59
45
37
34
38
43
36
17
0
-3
3
3
-3
-15
-27
-34
-37
-37
-38
-42
-53
-64
-68
-68
-61
-49
-38
-34
-36
-37
-34
-29
-21
-13
-5
-4
0
12
24
32
41
56
73
86
91
92
89
87
86
84
77
65
57
53
46
33
20
15
12
-6
-40
-75
-94
-97
-97
-109
-130
-152
-160
-161
-160
-165
-173
-172
-158
-142
-132
-126
-115
-105
-96
-81
-55
-31
-12
6
18
30
40
53
68
75
81
82
87
95
100
101
99
93
90
89
86
76
65
58
59
54
45
37
34
27
20
23
30
30
19
6
-3
-7
-6
-2
-2
-11
-18
-14
-5
3
7
8
1
-11
-19
-17
-12
-10
-15
-16
-10
-1
4
0
-6
-3
7
11
7
7
14
22
27
25
24
27
34
38
36
27
24
28
28
18
1
-4
1
7
9
2
-6
-15
-17
-12
-8
-13
-27
-41
-43
-37
-29
-29
