4.49382 0.701489 -1.41708 0.294997 0.958686 -0.0560255 0.423103 0.177978 0.213834 0.202819 0.343457 0.124015 
5.22746 0.471921 -1.32316 0.820839 1.52963 -0.143735 1.01798 0.45003 0.348329 0.275658 0.376442 0.146191 
3.11839 1.42418 0.40043 0.953744 1.33067 1.02533 0.521744 0.477385 0.447471 0.438587 0.405068 0.0352892 
4.56016 1.13002 0.327377 1.79629 2.07195 1.04595 1.20953 1.03821 0.86978 0.720198 0.744467 0.181524 
3.86421 2.01139 1.12853 1.96226 2.09356 1.08068 1.18458 1.30893 0.956754 0.589935 0.432571 0.0943297 
3.10957 2.35117 1.8935 1.76882 1.73478 1.57486 1.26073 0.98402 0.751139 0.516232 0.252179 0.0533383 
2.89489 2.34315 1.94279 1.68507 1.57547 1.4717 1.14728 0.664871 0.396735 0.328764 0.24282 0.0381361 
3.70131 2.62323 2.04285 2.11951 2.12699 1.6854 1.52777 1.41998 0.967676 0.547244 0.0913705 0.048773 
3.8421 2.58963 2.03708 2.3759 2.48805 2.09953 1.77467 1.42307 1.03067 0.580236 -0.00939129 0.0369247 
3.28114 2.68324 2.37312 2.19656 1.9616 1.60552 1.41233 1.12633 0.736367 0.409703 0.137275 0.0513298 
2.89081 2.31436 1.95727 1.81933 1.75618 1.57243 1.29234 0.943287 0.607392 0.343741 0.169199 0.035435 
3.7337 2.87155 2.25786 2.27931 2.17476 1.9012 1.69818 1.55616 1.1147 0.516617 -0.0364612 0.0308121 
3.43011 2.88445 2.3684 2.04091 1.89853 1.85336 1.80045 1.50299 0.939026 0.377361 0.0289914 0.0387361 
3.88051 3.09619 2.28835 2.11955 2.04168 1.79471 1.56465 1.28481 0.856694 0.405987 0.0816639 0.0360623 
3.28315 2.70435 2.27898 2.03733 1.82687 1.67045 1.48448 1.23594 0.815078 0.398687 0.0945465 0.040544 
4.21892 3.05089 2.2473 2.21491 1.94847 2.0647 2.21737 1.77636 0.993879 0.478848 -0.0421488 0.00892502 
3.14649 2.60512 2.06613 1.96027 1.92258 1.58424 1.19333 0.934489 0.786274 0.449514 0.150157 0.0336847 
3.1139 2.6251 2.36255 2.1211 1.83651 1.56272 1.38981 1.08269 0.644009 0.309687 0.110108 0.0332423 
3.42143 2.80801 2.30684 2.03695 1.90801 1.75563 1.62998 1.31471 0.829536 0.356391 0.0599289 0.0341294 
4.13513 3.25095 2.34468 2.10589 2.0392 1.95069 1.95623 1.71689 1.14696 0.522916 -0.0531707 0.00499224 
2.91263 2.41961 2.17107 1.9854 1.79009 1.4799 1.17519 0.936259 0.647413 0.359001 0.146729 0.0250724 
2.83305 2.28795 1.98468 1.74873 1.55301 1.33295 1.11728 0.89291 0.643563 0.373591 0.144529 0.0152369 
3.18441 2.63604 2.32173 2.19874 2.13085 1.91016 1.52175 1.05556 0.599523 0.295413 0.131213 0.0404619 
4.11478 3.24251 2.3515 2.14121 2.34467 2.29649 1.93614 1.43223 0.889741 0.450243 -0.000130644 0.022135 
2.99008 2.48397 2.17931 1.97421 1.74864 1.47263 1.1149 0.812058 0.592229 0.392014 0.204822 0.0270964 
2.83293 2.29763 1.97153 1.70427 1.52109 1.38082 1.1987 0.958512 0.645936 0.352129 0.150869 0.0127304 
3.32836 2.81258 2.26071 1.82212 1.57124 1.45203 1.28046 0.981558 0.687848 0.421209 0.203759 0.0356805 
4.46323 3.78016 2.68362 1.72625 1.05348 0.809485 0.999769 1.14764 1.06081 0.66841 0.0432741 -0.00123224 
4.32262 3.93504 2.99254 1.70684 0.661115 0.274759 0.486533 0.875107 1.01025 0.609257 -0.0385289 -0.0114282 
3.28781 2.92386 2.40327 1.5259 0.628929 0.0794497 -0.034442 0.117805 0.292593 0.274965 0.0809585 -0.000493403 
4.14048 3.60647 2.57768 1.22379 0.079708 -0.341044 0.116252 0.818996 1.02472 0.586986 -0.0802077 -0.032758 
5.05142 4.12037 2.59095 0.975946 -0.284925 -0.565779 0.105833 0.80126 0.909982 0.549372 0.0420932 -0.0480351 
5.67228 4.70505 2.54539 0.451089 -0.783372 -0.957672 -0.0948744 0.758661 0.726623 0.300444 0.0829303 -0.0587499 
4.06501 3.52868 2.30089 0.647673 -0.631025 -0.938191 -0.393142 0.281188 0.547921 0.329293 -0.0381037 -0.0217372 
4.41033 3.7023 2.25319 0.570107 -0.630299 -0.917611 -0.392613 0.31075 0.597229 0.363356 -0.0503786 -0.0407271 
5.68947 4.22579 1.83801 -0.0317914 -0.790028 -0.793584 -0.413902 0.0463823 0.358845 0.318258 0.0195685 -0.0440731 
5.88623 4.36429 1.81921 0.00869302 -0.826347 -1.01923 -0.657557 -0.0545157 0.307243 0.271894 0.0435072 -0.0333667 
5.94948 3.86199 1.49797 0.0782975 -0.85728 -1.16966 -0.669471 -0.128438 0.109883 0.281024 0.0141422 -0.0405406 
4.27407 3.31798 1.83363 0.343314 -0.781036 -1.27192 -0.911748 -0.112459 0.323238 0.197204 -0.102083 -0.0391336 
4.79318 3.74959 2.00874 0.322062 -0.911576 -1.37534 -0.905199 -0.139467 0.225211 0.173865 -0.0464309 -0.034587 
5.84219 3.96862 1.69755 0.333929 -0.827503 -1.59398 -1.06824 -0.015588 0.263917 0.0784713 -0.0182858 -0.0385559 
5.45057 3.83938 1.83859 0.443702 -0.719407 -1.46208 -1.02223 -0.0672304 0.246684 0.096479 -0.027989 -0.0340154 
4.34645 3.32708 1.84192 0.407131 -0.659578 -1.13801 -0.940376 -0.339061 0.149702 0.175156 -0.13719 -0.0363362 
5.25448 3.76592 1.82494 0.506463 -0.680173 -1.59599 -1.19335 -0.0139193 0.372596 0.00671746 -0.0511082 -0.0407484 
4.52893 3.44338 1.9238 0.57369 -0.633514 -1.34509 -0.992617 -0.121093 0.315019 0.15829 -0.116947 -0.0375343 
5.84245 3.63873 1.43201 0.54731 -0.709398 -2.00986 -1.37734 0.161057 0.46918 -0.00644235 -0.0850379 -0.0469475 
5.20112 3.55208 1.79235 0.514156 -1.09662 -2.08477 -1.24702 0.0876692 0.351771 -0.00571564 -0.0651192 -0.0367628 
6.44831 3.42774 1.013 0.650648 -0.850774 -2.6251 -1.51986 0.383363 0.33362 -0.1113 -0.174669 -0.0398373 
4.90885 3.31376 1.315 0.0909813 -0.901819 -1.72491 -1.36316 -0.237204 0.278741 0.104488 -0.137646 -0.0606468 
6.04643 3.46056 0.910117 0.395239 -0.553046 -2.10504 -1.72082 -0.13229 0.37735 -0.0604854 -0.161461 -0.0649597 
4.70622 3.10194 1.59401 0.446718 -0.868343 -1.7486 -1.32382 -0.247228 0.265238 0.105846 -0.179561 -0.0537477 
6.32696 3.18071 0.618423 0.60304 -0.509915 -2.34341 -1.595 0.0802563 0.326633 -0.0250989 -0.208915 -0.067938 
5.19485 3.14972 1.02996 0.072135 -0.893165 -1.84426 -1.36593 -0.155815 0.175127 -0.0957698 -0.186423 -0.0799351 
5.99191 3.06173 0.638702 0.353185 -0.86373 -2.37769 -1.442 0.0805976 0.0955114 -0.0875842 -0.210011 -0.0704936 
4.82536 2.90939 1.19574 0.0158361 -1.34929 -2.07061 -1.1952 -0.0839559 0.0640266 -0.113344 -0.204927 -0.0793406 
5.45917 2.94657 0.781263 -0.137176 -1.35752 -2.16511 -1.28865 -0.177917 -0.0890257 -0.105618 -0.191518 -0.0840746 
5.64127 2.9005 0.663843 -0.0635038 -1.22016 -2.2269 -1.34784 -0.0476185 0.0612588 -0.0850877 -0.193757 -0.0838817 
4.75267 2.70916 0.909208 -0.0138051 -1.16894 -2.00799 -1.25772 -0.0660641 0.12189 -0.0734047 -0.214387 -0.0834245 
5.96852 2.87844 0.611843 0.171645 -1.03716 -2.15834 -1.01798 0.163465 -0.033866 0.0592753 -0.13196 -0.0674174 
4.01685 2.54436 0.682587 -0.568825 -1.06928 -1.10057 -0.822789 -0.35714 -0.00693176 0.0262632 -0.214327 -0.0872577 
6.42049 2.1008 0.649886 0.295351 -0.777372 -1.78882 -0.867255 0.37898 -0.00586932 0.113728 -0.105322 -0.0985687 
4.36868 2.60339 0.701859 -0.370855 -1.00843 -1.29918 -0.758676 0.0903077 0.326368 0.0573697 -0.279726 -0.128459 
4.85543 2.49299 0.284752 -0.400081 -0.927249 -1.32413 -0.634376 0.212025 0.248926 0.0447632 -0.250215 -0.134892 
3.82765 2.13885 0.464236 -0.324634 -0.805584 -1.14156 -0.607532 0.292609 0.388155 -0.0927759 -0.356657 -0.139226 
5.63265 1.9223 -0.144033 0.109117 -0.42352 -1.19611 -0.110215 0.850442 0.120319 -0.0149401 -0.286045 -0.139468 
4.6665 2.29371 0.184426 -0.214411 -0.598883 -0.950784 -0.0505893 0.763394 0.372975 -0.156438 -0.340162 -0.150734 
4.41931 2.18018 0.219329 -0.104505 -0.395359 -0.780841 -0.0220235 0.886357 0.484249 -0.225752 -0.372969 -0.157193 
4.7148 2.12315 -0.0227399 -0.163988 -0.144377 -0.371025 0.305694 0.900139 0.269897 -0.274 -0.391339 -0.158206 
5.07409 1.94593 -0.060625 -0.034283 0.014137 -0.251032 0.394124 0.929309 0.183913 -0.336789 -0.440142 -0.162168 
4.29243 1.82456 -0.0890922 -0.226056 0.0555614 0.13156 0.57441 0.609187 -0.0809228 -0.419301 -0.462466 -0.15786 
3.79024 1.80616 0.137359 -0.255107 0.0292957 0.40436 0.662923 0.484659 -0.135611 -0.476125 -0.501387 -0.154832 
4.75384 2.00797 -0.225853 -0.232983 0.110885 0.435696 1.15832 0.804002 -0.36518 -0.602761 -0.527523 -0.156888 
4.54366 1.49708 -0.277115 0.18623 0.69096 0.846777 1.21836 0.769662 -0.454933 -0.653971 -0.549018 -0.145495 
3.96975 1.66436 -0.0283574 0.190491 1.05349 1.38802 1.14169 0.422915 -0.349772 -0.645346 -0.598002 -0.145381 
3.4814 1.40671 0.159633 0.442917 1.0284 1.28339 1.24063 0.565619 -0.44281 -0.801085 -0.552398 -0.114035 
6.1669 1.26373 -1.07508 1.08716 1.90573 0.99744 1.74501 1.37441 -0.955034 -0.857466 -0.478291 -0.0576879 
4.1912 1.81962 0.103445 0.643607 1.64385 1.76167 1.42275 0.586669 -0.524357 -0.816245 -0.459834 -0.0759098 
4.17074 1.81011 0.269079 0.843904 1.75375 1.69295 1.40638 0.780352 -0.40329 -0.87766 -0.397884 -0.055133 
4.10296 2.05153 0.440805 0.750092 1.41461 1.51553 1.49479 0.731461 -0.622656 -0.929092 -0.289301 -0.0417355 
4.97148 1.65273 0.113782 1.5221 2.2519 1.75372 1.69409 0.838611 -0.824055 -0.886474 -0.328695 0.000630685 
4.53044 1.71048 0.24173 1.37922 2.14303 1.85232 1.65766 0.733824 -0.797888 -0.903595 -0.292303 -0.0040454 
3.9417 1.80636 0.626535 1.33941 2.1052 2.012 1.47431 0.355075 -0.786232 -0.804684 -0.168614 -0.0061513 
3.30845 2.04145 0.94396 0.798097 1.35692 1.75425 1.34347 0.241361 -0.676655 -0.654374 -0.102597 -0.0529018 
3.36497 1.75036 1.08871 1.72205 2.34121 2.19061 1.36334 0.0971648 -0.836792 -0.712153 -0.083328 -0.00692844 
5.36624 1.72894 -0.0560515 2.08287 3.16977 1.96059 1.2607 0.430321 -1.0175 -0.766935 -0.18668 0.0467832 
4.03415 1.94986 0.840402 1.73017 2.60279 2.34079 1.4191 0.0990884 -0.964601 -0.79724 -0.0776852 0.0197719 
3.11108 1.8255 0.956248 1.10906 1.69977 1.76277 1.02789 -0.158717 -0.915801 -0.623285 0.0365109 -0.0383142 
3.07754 1.60338 0.913922 1.40585 2.16885 2.14802 1.15756 -0.168993 -0.871639 -0.622962 -0.108087 -0.0214943 
4.38016 1.94254 0.31672 1.40525 2.63658 2.2136 1.16464 0.0394969 -0.989553 -0.836965 -0.134588 0.0127159 
4.06948 1.83825 0.478824 1.31175 2.44308 2.31552 1.32732 -0.0307679 -0.996652 -0.829818 -0.133048 0.00898146 
3.59947 2.06888 0.889284 1.09735 1.83717 1.84459 1.01662 -0.193415 -0.994904 -0.698215 0.0315804 -0.0105256 
3.57209 2.14308 1.11433 1.33575 2.27893 2.53958 1.45377 -0.180941 -0.973258 -0.665981 -0.114538 -0.0041836 
4.80298 2.60873 0.598618 1.09153 2.54356 2.69649 1.52986 -0.0784328 -1.03239 -0.704086 -0.159328 0.0101948 
4.41151 2.58023 1.11329 1.40161 2.44156 2.60171 1.49892 -0.0493397 -0.943862 -0.668434 -0.100952 0.00923742 
5.10567 2.49768 0.778093 1.52718 2.58171 2.48902 1.61648 0.27497 -0.788884 -0.64447 -0.176104 0.00674541 
4.47966 2.82639 1.14944 0.9234 1.82244 2.37898 1.74839 0.222205 -0.77323 -0.629141 -0.193458 -0.00753837 
4.92027 3.00929 1.10372 0.908806 1.67906 2.09633 1.88393 0.693548 -0.568418 -0.673859 -0.296572 -0.0417865 
3.85259 2.72255 1.43229 0.953303 1.62302 2.32173 1.86161 0.520982 -0.45176 -0.559191 -0.322446 -0.0520805 
4.47262 3.05588 1.53203 1.26672 1.83803 2.1317 1.59777 0.557789 -0.110545 -0.272682 -0.31809 -0.0827749 
4.23739 3.33539 2.23956 1.55191 1.6474 1.75156 1.52853 0.933133 0.225332 -0.20549 -0.244913 -0.0773389 
4.02856 3.28211 2.39786 1.85205 1.58857 1.37667 1.19282 0.812623 0.304038 -0.0537639 -0.0771202 -0.0362679 
3.32257 2.73019 2.17069 1.79884 1.69953 1.49953 1.07652 0.588953 0.198926 0.0355489 0.0126987 -0.0125615 
3.33543 2.76636 2.19385 1.79263 1.69921 1.58988 1.27294 0.773233 0.323073 0.0601846 -0.0124605 -0.0101495 
4.76508 3.5538 2.21636 1.86318 1.90579 1.72826 1.58795 1.19614 0.440386 -0.108205 0.0133091 -0.00418652 
5.02631 3.72038 2.39403 1.82054 1.76796 1.81989 1.97726 1.41308 0.47907 -0.0790552 -0.0223864 -0.0143561 
3.29581 2.74244 2.21705 1.82828 1.58443 1.3634 1.0935 0.845783 0.561273 0.250509 0.0415375 0.00155011 
3.04137 2.48158 2.18515 1.99046 1.75855 1.47186 1.19227 0.820269 0.472107 0.209125 0.0551627 0.00187847 
3.45934 2.77243 2.31325 2.08618 1.81753 1.44721 1.17994 0.861256 0.488986 0.218067 0.041396 0.00124216 
3.756 2.91984 2.21682 1.94326 1.80123 1.54337 1.11663 0.696585 0.36496 0.223311 0.11196 0.00870614 
4.06562 2.98801 2.07641 2.03831 2.03793 1.61844 1.36555 1.03424 0.451789 -0.0382896 0.0431449 -0.00245935 
3.21066 2.56886 2.05644 1.83917 1.78402 1.46467 0.948797 0.631873 0.359315 0.154769 0.0784281 -0.0129882 
3.23428 2.50935 1.90202 1.59446 1.44815 1.28576 1.01578 0.694418 0.311411 0.142648 0.128257 -0.0151597 
3.70063 2.49605 1.92121 2.19485 1.94457 1.22444 0.955254 0.785855 0.323043 0.0818335 0.0675935 -0.00726089 
3.60147 2.22201 1.67762 2.13474 2.08583 1.31189 0.829276 0.503987 0.221464 0.135306 0.189451 0.00165546 
3.19629 2.20244 1.57008 1.60337 1.68365 1.25535 0.684384 0.302365 0.192622 0.262485 0.23136 -0.0145198 
3.69988 2.23595 1.28751 1.95355 2.38481 1.48834 0.381197 0.200897 0.454029 0.423279 0.141434 -0.0222592 
4.31708 2.34041 1.14919 1.90972 2.50565 1.47496 0.324699 0.11692 0.315181 0.555026 0.120652 -0.02784 
4.44828 2.19702 1.13669 2.03611 2.29342 1.22897 0.273117 0.0635511 0.411826 0.736512 0.17104 -0.0289674 
3.14316 2.30159 1.73836 1.53037 1.35963 1.04006 0.860393 0.728941 0.521519 0.194276 0.0333782 -0.0275196 
3.82944 2.70315 1.67882 1.49663 1.6635 1.15029 0.605664 0.524503 0.624879 0.39252 0.0521772 -0.0189176 
5.14668 2.58005 1.0241 1.69272 1.89057 1.04881 0.711097 0.749008 0.689468 0.427324 0.108194 -0.00821554 
3.5534 2.57785 1.63616 1.58004 1.87402 1.60476 0.854991 0.476729 0.312811 0.23635 0.187863 0.00605215 
2.91852 2.29942 1.95687 1.73071 1.49105 1.17318 0.859559 0.53954 0.348327 0.271604 0.169712 -0.0182184 
2.97387 2.39958 2.14249 1.92002 1.58339 1.18903 0.909723 0.650096 0.391054 0.243486 0.200694 -0.00770971 
3.1276 2.4875 1.95888 1.75325 1.63463 1.44301 1.07164 0.715809 0.341317 0.244881 0.258662 0.0059044 
3.0911 2.36866 1.74355 1.49869 1.61329 1.5302 1.22818 0.841009 0.521258 0.319465 0.226123 0.00352363 
2.83509 2.21048 1.89122 1.70013 1.50019 1.29217 1.03918 0.764278 0.566469 0.414337 0.229088 -0.005993 
2.92875 2.28358 1.91975 1.73396 1.59891 1.36295 1.16389 0.94826 0.643446 0.284128 0.120959 -0.00242567 
2.96058 2.35171 1.88513 1.66017 1.62423 1.38897 1.01722 0.71876 0.534136 0.338487 0.128551 -0.00268991 
2.90036 2.14872 1.78143 1.71886 1.64441 1.28725 0.991274 0.818324 0.603655 0.328406 0.131595 -0.00846874 
2.90112 2.0151 1.68502 1.79963 1.85933 1.47154 0.934384 0.52677 0.446212 0.38029 0.157917 -0.0116672 
3.46019 1.91262 1.28439 1.84224 1.9472 1.27514 1.07398 1.04028 0.769872 0.341046 0.098442 -0.00961161 
3.22625 1.80528 1.36094 1.81519 1.81563 1.27624 1.2161 1.05496 0.726023 0.263202 0.106608 -0.012164 
3.0439 1.78993 1.45834 1.90781 1.68908 1.06424 1.06124 1.12641 0.730683 0.228407 0.0805141 -0.0189608 
3.15776 2.00791 1.5158 1.5193 1.42036 1.26872 1.16354 0.885753 0.378016 0.286809 0.204394 -0.0105954 
3.97192 1.94186 0.825878 1.49401 1.8407 1.06738 0.896344 1.07952 0.548061 0.0500624 0.143754 0.0119092 
3.74628 1.64534 0.719824 1.64735 1.99033 1.18319 0.884823 1.01616 0.491696 0.117718 0.149138 0.004872 