4
8
32
32
32
32
32
16
16
32
32
16
16
32
24
16
16
16
32
32
16
16
16
16
12
13
13
13
13
13
25
25
25
25
25
9
25
9
25
9
25
9
25
9
9
9
9
9
9
9
9
9
9
9
9
9
9
9
9
25
5
5
5
5
5
21
21
21
21
21
18
18
14
14
14
14
14
14
14
14
22
14
6
14
22
6
6
22
22
22
6
22
6
6
6
6
6
6
6
32
32
32
16
32
32
32
16
16
16
23
32
32
16
32
16
16
32
16
16
24
16
16
32
16
16
32
32
16
32
24
32
32
32
16
8
8
24
16
8
8
8
