-3
-4
-11
-15
-9
-1
-2
-10
-15
-15
-8
-2
3
-4
-11
-6
4
9
7
2
-2
-4
-5
-3
-6
-10
-9
-1
3
2
-3
-6
-3
3
4
3
7
13
8
-1
-9
-11
-10
-15
-16
-16
-14
-8
-10
-6
-7
-6
-3
-7
-8
-6
0
1
-6
-4
4
9
3
-7
-11
-1
8
11
7
12
20
10
-5
-2
16
23
18
13
4
-12
-20
-9
2
1
-6
-3
7
16
21
14
5
-11
-29
-47
-56
-45
-34
-25
-21
-8
21
54
77
84
84
86
85
79
67
57
52
42
10
-30
-44
-36
-38
-55
-75
-77
-56
-19
9
12
5
3
17
36
48
35
3
-21
-16
5
7
-15
-40
-46
-48
-44
-31
-18
-17
-21
-12
4
16
19
27
32
22
3
-8
-6
-10
-23
-33
-38
-38
-37
-24
-7
6
9
13
25
35
35
28
21
20
19
19
12
-5
-16
-16
-15
-22
-30
-26
-19
-17
-12
2
15
19
17
13
2
-11
-26
-36
-35
-29
-21
-17
-17
-20
-22
-16
-7
-3
-8
-11
-3
1
4
5
12
20
16
12
10
12
10
5
3
2
0
4
11
11
3
-4
3
9
9
0
-3
4
12
19
27
30
25
15
12
19
19
11
-2
-4
6
19
27
18
2
-5
3
18
26
34
33
16
6
2
-7
-46
-84
-79
-57
-42
-33
-17
-3
-4
16
60
77
42
9
20
57
57
24
-4
-16
-23
-24
-17
-31
-58
-67
-54
-60
-80
-78
-43
-7
5
8
14
35
42
37
46
74
105
115
125
132
128
109
86
64
29
-3
-30
-46
-58
-66
-66
-61
-53
-45
-36
-30
-20
-9
4
6
-2
-16
-31
-49
-66
-74
-79
-86
-96
-90
-75
-68
-69
-69
-63
-54
-40
-19
14
58
103
133
148
161
176
179
154
113
71
32
-10
-55
-95
-116
-117
-106
-88
-69
-48
-17
10
19
13
18
33
33
24
15
14
4
-1
5
19
26
22
20
22
24
24
23
19
11
0
-11
-21
-29
-34
-38
-48
-62
-64
-54
-47
-48
-49
-51
-55
-55
-51
-48
-34
-9
13
17
13
17
23
30
33
27
15
-1
-26
-52
-70
-81
-95
-108
-101
-65
-9
48
89
119
155
203
247
264
261
247
222
188
156
116
59
8
-10
-16
-46
-92
-102
-81
-61
-56
-63
-76
-87
-86
-76
-82
-111
-146
-165
-163
-147
-135
-129
-119
-103
-86
-73
-48
-17
1
2
8
22
31
22
2
-21
-43
-65
-77
-80
-85
-93
-95
-83
-66
-45
-23
4
26
51
78
96
105
108
124
138
148
158
178
205
231
257
278
292
301
310
318
311
292
268
238
206
179
151
105
38
-24
-62
-90
-118
-144
-157
-175
-201
-226
-233
-242
-266
-298
-326
-351
-375
-396
-411
-415
-410
-392
-357
-314
-271
-226
-172
-115
-63
-16
32
76
113
140
157
168
181
193
195
196
208
224
233
228
222
203
162
105
47
-11
-73
-133
-181
-223
-255
-266
-258
-236
-193
-122
-40
38
112
189
270
345
411
469
511
548
592
640
670
674
665
648
617
562
488
400
303
199
82
-41
-163
-277
-390
-493
-582
-649
-701
-741
-768
-783
-785
-773
-750
-719
-692
-668
-641
-609
-564
-510
-450
-374
-291
-208
-130
-36
82
200
299
381
453
511
558
603
647
664
655
634
611
577
529
473
405
316
213
114
8
-119
-257
-386
-506
-617
-715
-780
-806
-797
-752
-670
-543
-377
-186
18
224
416
594
773
966
1144
1287
1402
1512
1591
1610
1568
1483
1370
1216
1012
770
499
203
-107
-406
-671
-912
-1146
-1359
-1526
-1645
-1724
-1772
-1790
-1784
-1754
-1701
-1628
-1545
-1454
-1349
-1234
-1103
-944
-751
-535
-318
-104
123
365
608
835
1037
1214
1358
1461
1532
1578
1595
1570
1505
1418
1320
1207
1078
925
739
526
294
46
-227
-514
-808
-1083
-1325
-1530
-1690
-1798
-1821
-1750
-1590
-1355
-1057
-700
-287
160
594
996
1370
1725
2041
2299
2496
2631
2684
2665
2579
2431
2209
1894
1505
1082
645
191
-286
-769
-1226
-1643
-1994
-2277
-2513
-2686
-2787
-2798
-2750
-2673
-2579
-2458
-2288
-2082
-1868
-1659
-1437
-1182
-901
-598
-274
62
391
711
1028
1342
1630
1856
2025
2145
2216
2237
2216
2158
2052
1896
1704
1493
1255
984
674
328
-34
-387
-721
-1035
-1330
-1606
-1844
-2023
-2115
-2113
-2028
-1875
-1655
-1367
-1002
-571
-101
380
856
1320
1773
2211
2610
2924
3115
3164
3102
2950
2702
2342
1885
1359
781
174
-416
-948
-1418
-1858
-2260
-2575
-2754
-2822
-2839
-2839
-2820
-2757
-2644
-2497
-2339
-2179
-2014
-1843
-1650
-1412
-1110
-755
-384
-7
380
795
1216
1607
1948
2234
2455
2598
2664
2666
2598
2442
2200
1913
1621
1323
1006
665
315
-15
-305
-547
-766
-978
-1171
-1344
-1504
-1632
-1700
-1701
-1651
-1551
-1393
-1150
-807
-380
89
581
1104
1658
2219
2741
3155
3401
3467
3398
3211
2870
2354
1715
1023
293
-463
-1165
-1742
-2200
-2569
-2854
-3018
-3052
-2970
-2809
-2631
-2490
-2394
-2286
-2128
-1968
-1864
-1814
-1759
-1637
-1426
-1128
-766
-351
111
610
1134
1655
2126
2500
2766
2921
2966
2896
2723
2454
2093
1661
1202
761
353
-24
-376
-667
-868
-987
-1072
-1145
-1205
-1246
-1288
-1342
-1393
-1423
-1418
-1370
-1256
-1047
-730
-324
156
708
1326
1977
2632
3247
3734
4002
4035
3899
3624
3179
2543
1739
826
-130
-1047
-1836
-2454
-2920
-3261
-3479
-3544
-3430
-3176
-2882
-2631
-2430
-2249
-2074
-1924
-1816
-1761
-1742
-1717
-1624
-1415
-1077
-655
-184
340
933
1563
2163
2675
3069
3323
3435
3421
3273
2984
2565
2071
1538
991
463
-11
-416
-768
-1057
-1258
-1360
-1409
-1456
-1503
-1525
-1533
-1555
-1578
-1583
-1571
-1530
-1410
-1159
-787
-320
234
869
1574
2320
3083
3802
4351
4627
4623
4428
4082
3539
2767
1797
714
-372
-1357
-2184
-2839
-3330
-3664
-3852
-3882
-3740
-3454
-3107
-2793
-2574
-2430
-2293
-2131
-2000
-1961
-1999
-2009
-1877
-1563
-1090
-552
1
591
1267
2014
2708
3241
3589
3774
3797
3669
3408
3021
2509
1898
1248
603
21
-451
-804
-1089
-1311
-1427
-1418
-1359
-1325
-1328
-1359
-1427
-1532
-1636
-1704
-1728
-1690
-1547
-1264
-832
-258
432
1183
1967
2778
3591
4301
4762
4910
4757
4375
3804
3041
2088
978
-184
-1281
-2221
-2931
-3406
-3691
-3848
-3875
-3735
-3425
-3022
-2653
-2388
-2233
-2127
-2041
-1982
-1962
-1968
-1948
-1846
-1599
-1166
-569
119
836
1549
2260
2927
3483
3860
4027
3990
3763
3394
2925
2372
1745
1069
404
-193
-674
-1013
-1244
-1399
-1481
-1473
-1388
-1313
-1330
-1433
-1568
-1701
-1832
-1940
-1974
-1919
-1762
-1457
-976
-330
412
1205
2032
2877
3706
4463
5046
5312
5191
4746
4118
3365
2460
1387
198
-993
-2061
-2908
-3468
-3764
-3873
-3884
-3835
-3695
-3440
-3123
-2882
-2777
-2784
-2817
-2813
-2751
-2611
-2416
-2160
-1809
-1283
-542
349
1260
2116
2906
3586
4094
4391
4481
4366
4051
3581
2992
2329
1668
1060
495
-29
-482
-804
-998
-1136
-1289
-1455
-1583
-1683
-1825
-2032
-2272
-2502
-2693
-2807
-2783
-2599
-2265
-1819
-1237
-486
412
1367
2287
3148
3941
4650
5231
5565
5549
5168
4533
3782
2925
1944
857
-254
-1288
-2165
-2816
-3205
-3407
-3543
-3688
-3783
-3757
-3640
-3542
-3541
-3612
-3677
-3649
-3511
-3269
-2941
-2530
-1998
-1311
-433
603
1656
2576
3284
3804
4194
4449
4530
4403
4083
3621
3094
2571
2070
1586
1116
678
271
-105
-418
-685
-981
-1367
-1807
-2208
-2554
-2881
-3188
-3419
-3526
-3494
-3308
-2951
-2420
-1762
-1017
-195
701
1623
2479
3223
3878
4481
5013
5345
5362
5034
4473
3826
3107
2292
1372
404
-544
-1428
-2180
-2745
-3128
-3424
-3736
-4054
-4267
-4321
-4282
-4254
-4263
-4263
-4160
-3901
-3494
-2969
-2353
-1644
-857
3
933
1869
2716
3397
3870
4152
4279
4306
4228
4023
3689
3281
2865
2490
2160
1787
1317
782
270
-196
-679
-1239
-1826
-2356
-2790
-3168
-3520
-3781
-3876
-3795
-3578
-3237
-2739
-2064
-1287
-508
247
1012
1809
2588
3286
3907
4471
4988
5361
5470
5261
4780
4160
3437
2599
1622
565
-485
-1491
-2393
-3108
-3610
-3984
-4330
-4636
-4802
-4794
-4678
-4565
-4465
-4327
-4087
-3726
-3246
-2649
-1988
-1298
-570
244
1160
2093
2928
3582
4029
4314
4489
4576
4535
4325
3968
3538
3075
2585
2092
1622
1133
577
-38
-623
-1134
-1640
-2201
-2795
-3316
-3706
-3974
-4115
-4101
-3913
-3593
-3164
-2604
-1891
-1070
-227
600
1422
2249
3060
3819
4505
5104
5600
5906
5924
5621
5057
4332
3471
2475
1351
184
-944
-1994
-2922
-3660
-4178
-4549
-4873
-5149
-5299
-5283
-5153
-5024
-4915
-4771
-4495
-4065
-3490
-2764
-1916
-1007
-93
849
1856
2871
3779
4470
4882
5066
5099
5041
4871
4561
4109
3557
2990
2479
2048
1617
1074
382
-372
-1052
-1634
-2232
-2897
-3551
-4070
-4400
-4573
-4603
-4481
-4182
-3709
-3091
-2370
-1580
-746
116
997
1857
2685
3473
4211
4893
5536
6123
6527
6577
6213
5527
4675
3689
2536
1202
-209
-1557
-2759
-3763
-4495
-4959
-5259
-5514
-5712
-5757
-5648
-5471
-5312
-5168
-4980
-4666
-4191
-3542
-2725
-1776
-735
361
1508
2680
3778
4692
5331
5664
5746
5674
5495
5184
4719
4137
3516
2901
2326
1799
1286
709
3
-794
-1563
-2264
-2942
-3630
-4286
-4819
-5184
-5328
-5210
-4842
-4290
-3632
-2898
-2059
-1105
-93
873
1742
2532
3289
4049
4807
5553
6246
6823
7131
7030
6497
5681
4713
3576
2213
674
-867
-2292
-3532
-4509
-5164
-5557
-5847
-6117
-6290
-6282
-6133
-5965
-5817
-5647
-5367
-4894
-4195
-3274
-2203
-1043
166
1408
2671
3898
4956
5717
6114
6191
6054
5810
5492
5072
4541
3940
3353
2792
2235
1672
1068
342
-557
-1556
-2514
-3407
-4249
-4994
-5529
-5791
-5845
-5697
-5286
-4592
-3751
-2910
-2071
-1179
-253
605
1364
2107
2902
3716
4520
5332
6161
6964
7630
7958
7738
6933
5752
4386
2862
1178
-597
-2291
-3779
-4954
-5736
-6106
-6187
-6204
-6312
-6464
-6522
-6457
-6369
-6285
-6123
-5742
-5054
-4037
-2674
-1083
541
2039
3377
4575
5597
6352
6770
6804
6493
5984
5459
4996
4560
4107
3630
3129
2559
1921
1245
466
-549
-1834
-3202
-4420
-5396
-6099
-6503
-6580
-6376
-5940
-5258
-4315
-3229
-2225
-1418
-765
-130
555
1293
2069
2864
3685
4563
5504
6504
7484
8338
8844
8692
7753
6180
4366
2520
666
-1195
-2936
-4386
-5465
-6128
-6357
-6261
-6137
-6272
-6663
-7042
-7178
-7119
-7024
-6864
-6459
-5581
-4191
-2353
-227
1869
3628
4927
5879
6620
7116
7269
7036
6477
5777
5165
4770
4537
4322
4006
3506
2768
1818
765
-355
-1672
-3259
-4923
-6269
-7065
-7360
-7262
-6822
-6102
-5265
-4411
-3484
-2467
-1537
-901
-515
-122
498
1377
2424
3560
4698
5768
6712
7577
8399
9052
9325
8936
7742
5819
3554
1398
-499
-2126
-3527
-4679
-5612
-6296
-6629
-6617
-6547
-6781
-7416
-8138
-8504
-8324
-7740
-6917
-5858
-4456
-2650
-545
1713
3815
5398
6291
6640
6766
6875
6962
6950
6730
6277
5742
5334
5084
4803
4261
3322
1964
291
-1398
-2846
-4084
-5312
-6544
-7479
-7796
-7497
-6796
-5914
-5011
-4231
-3634
-3059
-2313
-1414
-593
57
734
1692
2949
4308
5579
6647
7422
7895
8168
8396
8593
8600
8070
6724
4613
2206
100
-1555
-2896
-4148
-5333
-6419
-7322
-7897
-8043
-7943
-7988
-8354
-8755
-8643
-7767
-6368
-4812
-3268
-1689
-11
1747
3581
5308
6561
7103
7099
6971
7019
7251
7445
7295
6639
5648
4646
3777
2917
1884
552
-1092
-2910
-4515
-5507
-5959
-6319
-6868
-7379
-7430
-6916
-5998
-4923
-3897
-3089
-2462
-1749
-673
744
2114
3086
3699
4310
5132
6011
6704
7114
7223
7132
7039
7135
7361
7392
6690
4969
2375
-337
-2535
-4135
-5371
-6482
-7487
-8370
-8924
-8875
-8152
-7257
-6808
-6980
-7226
-6774
-5420
-3606
-1803
-143
1522
3186
4830
6447
7811
8476
8193
7289
6382
5890
5751
5608
5060
3976
2616
1401
492
-301
-1308
-2720
-4476
-6231
-7373
-7548
-7056
-6544
-6313
-6056
-5359
-4170
-2739
-1367
-294
365
788
1420
2598
4070
5222
5709
5721
5660
5697
5825
5953
5935
5641
5178
4866
4925
5134
4740
3145
356
-2709
-5076
-6383
-6923
-7236
-7611
-8080
-8335
-7992
-6901
-5561
-4740
-4772
-5142
-4881
-3475
-1224
1179
3163
4614
5683
6614
7553
8265
8266
7289
5637
4049
3104
2862
2890
2565
1547
5
-1531
-2691
-3468
-4179
-5143
-6408
-7591
-7970
-7124
-5391
-3658
-2548
-1934
-1315
-406
735
1918
2912
3492
3711
4006
4795
5877
6554
6363
5444
4292
3334
2772
2636
2707
2690
2489
2287
2288
2078
996
-1309
-4202
-6664
-7978
-7975
-7092
-5985
-5303
-5083
-4862
-4170
-3151
-2389
-2281
-2603
-2623
-1658
391
3057
5474
6984
7417
7114
6630
6176
5537
4376
2704
1002
-84
-256
195
486
-95
-1698
-3802
-5655
-6699
-6906
-6704
-6508
-6299
-5564
-3919
-1599
645
2071
2476
2235
1994
2303
3307
4658
5697
6009
5785
5534
5405
5050
4086
2497
694
-740
-1294
-829
257
1324
1836
1768
1232
150
-1687
-4155
-6483
-7913
-8003
-6759
-4561
-2270
-817
-538
-942
-1381
-1635
-1763
-1766
-1443
-515
1130
3346
5641
7239
7582
6566
4694
2711
1150
172
-326
-549
-615
-532
-301
-159
-604
-2000
-4170
-6449
-8018
-8240
-7054
-4986
-2846
-1082
353
1604
2599
3116
3075
2663
2267
2373
3311
4989
6721
7591
7149
5635
3644
1616
-166
-1528
-2387
-2702
-2339
-1173
516
2057
2801
2548
1435
-490
-3002
-5552
-7179
-7271
-5926
-3668
-1230
623
1195
363
-1285
-2857
-3821
-4014
-3380
-1789
653
3420
5696
6896
6743
5339
3125
854
-649
-1038
-441
665
1761
2432
2473
1807
391
-1772
-4392
-6783
-8117
-7880
-6137
-3521
-971
689
1134
658
-183
-899
-1180
-806
327
2113
4202
6166
7628
8175
7396
5300
2532
41
-1514
-1962
-1485
-513
475
1157
1478
1488
1186
584
-190
-747
-817
-700
-914
-1661
-2411
-2760
-2736
-2566
-2456
-2668
-3459
-4554
-5169
-4665
-3276
-1719
-558
200
852
1521
2118
2573
2763
2644
2303
2170
2626
3490
4171
4176
3401
2091
660
-516
-1324
-2016
-2846
-3783
-4452
-4464
-3734
-2694
-2058
-2268
-3093
-3740
-3556
-2457
-834
839
2292
3374
4093
4624
5087
5272
4774
3598
2334
1617
1548
1783
1980
1926
1504
832
349
455
1034
1650
2007
2284
2476
1961
172
-2607
-5053
-6246
-6056
-4910
-3461
-2589
-2977
-4385
-5690
-5881
-5016
-3774
-2620
-1409
174
2016
3708
4855
5087
4390
3210
2453
2787
3982
5159
5507
4781
3251
1435
-198
-1498
-2698
-3994
-5184
-5782
-5394
-4103
-2666
-2035
-2649
-3956
-4848
-4518
-2906
-611
1653
3423
4536
5058
5241
5282
5042
4229
3011
2064
1923
2428
2997
3121
2525
1289
-123
-901
-626
436
1567
2286
2587
2195
814
-1581
-4133
-5805
-6126
-5200
-3571
-2094
-1657
-2570
-4220
-5436
-5528
-4631
-3301
-1897
-411
1165
2606
3716
4229
3985
3118
2240
2122
2953
4202
5091
5021
3818
1876
-43
-1357
-2126
-2761
-3499
-4167
-4420
-4016
-3140
-2393
-2390
-3165
-3971
-3910
-2626
-550
1504
2892
3383
3240
3023
3181
3665
3961
3683
2995
2406
2176
2156
2041
1609
857
77
-140
547
1835
3023
3583
3490
2646
876
-1652
-4093
-5360
-5175
-3929
-2360
-1251
-1398
-3027
-5377
-7057
-7162
-5853
-3849
-1800
-6
1365
2148
2426
2381
2110
1764
1726
2508
4074
5714
6542
6054
4324
1926
-259
-1540
-1845
-1721
-1791
-2268
-2969
-3503
-3673
-3633
-3753
-4186
-4460
-3876
-2205
1
1845
2767
2718
2103
1654
2038
3199
4338
4643
4067
3127
2244
1609
1301
1260
1275
1231
1332
1854
2710
3463
3687
3267
2041
-73
-2640
-4554
-4940
-4035
-2637
-1592
-1538
-2869
-5141
-7127
-7624
-6511
-4559
-2608
-1000
235
1040
1340
1322
1260
1323
1719
2661
4180
5693
6419
5970
4512
2537
702
-361
-484
-226
-363
-1212
-2527
-3825
-4653
-4819
-4541
-4239
-4055
-3639
-2628
-1140
271
1178
1546
1643
1844
2530
3805
5151
5704
5043
3559
2024
981
574
766
1230
1528
1460
1312
1430
1702
1887
1887
1987
1966
1264
-370
-2357
-3623
-3792
-3081
-2078
-1479
-2015
-3777
-5913
-7055
-6534
-4775
-2755
-1219
-353
50
220
401
707
1053
1422
1945
2896
4134
5125
5326
4588
3142
1522
361
33
294
399
-227
-1537
-2951
-3818
-3862
-3370
-2907
-2882
-3121
-3118
-2569
-1610
-561
384
1183
1870
2552
3333
4032
4191
3554
2445
1514
1151
1296
1774
2330
2618
2440
2073
1970
2227
2586
2820
2962
2656
1380
-877
-3158
-4240
-3878
-2717
-1697
-1657
-3028
-5378
-7434
-7844
-6407
-4082
-1993
-664
2
244
242
265
497
983
1803
3040
4612
5945
6303
5422
3649
1661
182
-331
17
526
384
-699
-2367
-3901
-4640
-4436
-3728
-3174
-3092
-3116
-2701
-1751
-705
53
542
990
1563
2449
3652
4679
4807
3852
2496
1591
1422
1782
2335
2715
2639
2186
1836
1926
2365
2782
3030
2920
1942
-153
-2773
-4529
-4610
-3371
-1832
-1032
-1700
-3819
-6357
-7763
-7148
-5026
-2610
-913
-196
-99
-166
-27
431
1059
1756
2587
3724
4954
5659
5333
4023
2259
750
128
470
1112
1035
-249
-2320
-4237
-5154
-4753
-3486
-2311
-2030
-2561
-3087
-2916
-2009
-813
255
1053
1634
2231
3111
4147
4726
4303
3120
1962
1406
1487
1942
2338
2259
1649
1039
1031
1668
2506
3025
3090
2673
1477
-597
-2980
-4434
-4183
-2663
-926
-84
-918
-3411
-6372
-7999
-7226
-4646
-1744
136
540
-90
-951
-1312
-861
225
1548
2809
3938
4847
5204
4688
3386
1839
747
606
1282
1977
1701
51
-2383
-4438
-5156
-4350
-2749
-1458
-1310
-2262
-3406
-3812
-3184
-1893
-419
887
1869
2572
3223
3809
3937
3306
2260
1606
1780
2491
3130
3247
2698
1783
1119
1268
2102
3061
3556
3440
2673
1005
-1399
-3750
-4820
-4263
-2698
-1187
-654
-1761
-4335
-7066
-8191
-6851
-3859
-812
995
1201
290
-858
-1336
-660
863
2602
4026
4981
5317
4880
3777
2488
1472
1015
1180
1660
1763
744
-1410
-3909
-5634
-5796
-4427
-2485
-1263
-1510
-2813
-4031
-4241
-3254
-1480
449
1984
2846
3224
3581
3983
4055
3555
2865
2550
2704
3022
3199
2980
2214
1172
559
891
1923
2937
3352
3045
1819
-436
-3167
-5079
-5098
-3540
-1637
-616
-1189
-3400
-6187
-7847
-7120
-4399
-1281
782
1248
602
-261
-582
-25
1174
2499
3550
4238
4605
4532
3886
2804
1734
1100
1158
1631
1798
858
-1308
-3883
-5692
-5949
-4663
-2680
-1281
-1394
-2890
-4560
-5090
-3981
-1727
743
2583
3331
3107
2670
2761
3361
3880
3993
3891
3736
3396
2857
2291
1747
1191
820
1022
1727
2413
2560
2214
1627
540
-1342
-3603
-4962
-4582
-2943
-1232
-552
-1628
-4250
-6978
-7909
-6171
-2832
180
1454
891
-475
-1357
-1003
488
2309
3638
4139
4084
3861
3592
3182
2641
2109
1768
1753
1851
1546
302
-1831
-4083
-5460
-5280
-3707
-1802
-925
-1785
-3780
-5404
-5373
-3532
-766
1728
3121
3175
2369
1745
2051
3099
4112
4598
4522
3939
2990
2035
1364
947
644
534
810
1376
1833
1902
1606
1266
778
-333
-2089
-3666
-4000
-3045
-1627
-682
-877
-2502
-4829
-6383
-5902
-3606
-985
527
460
-503
-1318
-1308
-405
982
2232
2896
3012
2976
2986
2874
2505
2083
1818
1810
1902
1795
1065
-439
-2278
-3685
-4027
-3228
-1863
-936
-1205
-2566
-3981
-4307
-3222
-1384
250
1136
1269
979
905
1555
2701
3508
3478
2925
2355
1989
1895
2084
2263
2106
1727
1611
1983
2549
2871
2779
2453
1797
422
-1640
-3424
-3815
-2791
-1326
-490
-1111
-3442
-6412
-8061
-7064
-4122
-1170
288
-80
-1478
-2631
-2560
-1112
1021
2855
3773
3856
3637
3489
3440
3392
3343
3290
3268
3221
2859
1754
-169
-2299
-3764
-3987
-3038
-1695
-1119
-2063
-4136
-5948
-6198
-4660
-2176
79
1273
1204
407
-55
619
2204
3749
4532
4475
3830
2960
2372
2357
2673
2888
2883
2834
2810
2723
2539
2303
2162
1871
784
-1293
-3480
-4418
-3774
-2393
-1447
-1779
-3743
-6472
-8206
-7539
-4777
-1701
-26
-309
-1675
-2649
-2278
-610
1607
3405
4202
4162
3944
3973
4112
4134
4041
3845
3602
3313
2827
1762
-35
-2101
-3653
-4104
-3420
-2233
-1672
-2527
-4531
-6389
-6736
-5225
-2682
-407
764
765
116
-207
608
2409
4142
4956
4854
4222
3387
2778
2734
3049
3175
2870
2388
2019
1856
1824
1834
1800
1805
1543
434
-1600
-3632
-4454
-3830
-2482
-1480
-1741
-3614
-6123
-7616
-6884
-4316
-1509
-25
-354
-1643
-2549
-2259
-735
1454
3378
4311
4252
3868
3673
3645
3652
3774
3995
4133
3885
3070
1577
-417
-2321
-3392
-3343
-2528
-1759
-1837
-3045
-4930
-6321
-6191
-4530
-2347
-767
-216
-464
-883
-677
536
2269
3606
4126
4033
3655
3222
2995
3082
3268
3255
3025
2783
2665
2620
2551
2469
2456
2500
2035
515
-1789
-3682
-4124
-3193
-1859
-1315
-2378
-4899
-7434
-8254
-6672
-3725
-1294
-685
-1794
-3299
-3734
-2484
20
2674
4346
4640
4109
3636
3656
4042
4619
5166
5402
5161
4404
3121
1341
-586
-2025
-2558
-2289
-1765
-1734
-2699
-4539
-6395
-7127
-6180
-4102
-2097
-1106
-1279
-2095
-2619
-1958
69
2582
4358
4833
4305
3426
2801
2894
3667
4546
4902
4635
4077
3544
3150
2993
3090
3323
3299
2208
-222
-3150
-4892
-4587
-2941
-1489
-1531
-3583
-6831
-9294
-9230
-6591
-3171
-1023
-1070
-2633
-4032
-3855
-1833
1194
3876
5241
5233
4650
4325
4514
5041
5706
6207
6245
5700
4595
2972
956
-950
-2137
-2411
-2097
-1804
-2186
-3609
-5734
-7456
-7653
-6196
-4040
-2368
-1792
-2171
-2830
-2788
-1358
1123
3428
4553
4468
3771
3112
3035
3766
4887
5556
5266
4236
3098
2358
2224
2615
3202
3506
3193
1996
-121
-2633
-4424
-4550
-3284
-1871
-1592
-3012
-5716
-8291
-9069
-7339
-4133
-1455
-699
-1747
-3271
-3785
-2549
141
3141
5169
5619
4909
3998
3618
3999
4984
6089
6593
6078
4639
2708
733
-808
-1532
-1539
-1356
-1498
-2210
-3545
-5288
-6747
-7050
-5957
-4158
-2671
-2047
-2229
-2793
-3014
-2155
-125
2200
3676
3899
3322
2653
2487
3160
4432
5455
5415
4350
3066
2328
2413
3118
3943
4296
3888
2745
898
-1403
-3351
-3910
-2968
-1584
-1063
-2131
-4677
-7626
-9266
-8395
-5486
-2466
-1157
-1938
-3693
-4729
-3961
-1439
1783
4230
5018
4413
3539
3337
4019
5264
6500
7022
6472
5098
3496
2060
946
292
23
-215
-774
-1745
-3093
-4676
-6050
-6567
-5933
-4648
-3552
-3140
-3334
-3723
-3807
-3064
-1350
729
2217
2712
2615
2497
2676
3292
4249
5016
5019
4286
3433
3009
3132
3644
4260
4581
4273
3395
2105
384
-1553
-2943
-3024
-2090
-1300
-1683
-3529
-6291
-8585
-8915
-6922
-3951
-2000
-2072
-3598
-5042
-4987
-3029
77
2866
4182
3981
3226
2974
3593
4752
5939
6651
6550
5714
4533
3366
2313
1454
895
514
-21
-897
-2068
-3411
-4710
-5567
-5588
-4889
-4096
-3769
-3965
-4298
-4330
-3753
-2475
-787
665
1392
1536
1653
2033
2638
3386
4122
4482
4260
3780
3518
3581
3829
4199
4560
4621
4184
3428
2476
1109
-628
-2094
-2516
-2009
-1534
-1961
-3547
-5863
-7869
-8338
-6857
-4410
-2727
-2773
-4105
-5365
-5255
-3408
-517
2102
3431
3404
2782
2500
3016
4184
5517
6436
6533
5864
4813
3774
2913
2293
1893
1462
711
-386
-1573
-2650
-3562
-4232
-4462
-4276
-4055
-4167
-4531
-4753
-4582
-3953
-2873
-1579
-515
54
338
713
1242
1850
2556
3307
3856
3985
3806
3632
3668
3990
4553
5070
5200
4794
4047
3266
2249
791
-806
-1742
-1690
-1331
-1504
-2645
-4689
-6948
-8147
-7454
-5417
-3639
-3245
-4162
-5467
-5900
-4722
-2174
552
2220
2442
1811
1364
1830
3246
5070
6525
6932
6250
5062
4056
3474
3187
3052
2807
2134
985
-268
-1278
-2060
-2788
-3368
-3605
-3635
-3849
-4414
-5019
-5262
-4957
-4077
-2806
-1649
-1133
-1239
-1374
-1008
-29
1361
2748
3615
3731
3408
3224
3471
4093
4869
5473
5636
5359
4877
4451
4075
3299
1805
-20
-1195
-1293
-994
-1203
-2403
-4497
-6725
-7835
-7124
-5301
-3905
-3883
-5067
-6436
-6706
-5274
-2697
-310
882
861
413
500
1583
3340
5069
6142
6251
5618
4816
4386
4379
4538
4577
4209
3260
1932
689
-224
-888
-1453
-1917
-2345
-2893
-3633
-4446
-5049
-5258
-5039
-4471
-3764
-3234
-3076
-3087
-2818
-2078
-959
358
1551
2243
2363
2388
2752
3454
4285
5091
5656
5769
5505
5202
5077
5063
4777
3755
2061
444
-299
-268
-204
-802
-2316
-4459
-6280
-6790
-5954
-4754
-4317
-5019
-6410
-7372
-6936
-5146
-2990
-1430
-748
-667
-628
-84
1123
2667
4061
4940
5226
5160
5085
5127
5163
5108
4870
4319
3493
2697
2116
1585
888
56
-786
-1572
-2311
-3036
-3771
-4435
-4812
-4823
-4576
-4298
-4183
-4254
-4288
-3943
-3106
-1957
-791
101
542
726
1146
2065
3230
4221
4812
4991
4962
5068
5504
6056
6348
6103
5074
3356
1592
699
892
1426
1312
17
-2290
-4755
-6263
-6323
-5434
-4669
-4740
-5692
-6872
-7354
-6648
-5063
-3431
-2420
-2161
-2218
-1964
-1023
510
2299
3876
4800
4946
4643
4410
4497
4873
5339
5592
5351
4649
3769
2947
2223
1567
976
388
-289
-1117
-2092
-3128
-4015
-4522
-4565
-4326
-4129
-4193
-4484
-4720
-4630
-4099
-3207
-2151
-1204
-570
-190
256
981
1922
2886
3728
4381
4791
5054
5321
5647
5974
6188
5980
5050
3568
2307
1900
2050
1911
866
-1030
-3127
-4550
-4826
-4256
-3717
-3918
-4982
-6430
-7400
-7258
-6028
-4412
-3246
-2893
-3041
-3030
-2411
-1208
314
1771
2799
3243
3332
3455
3804
4372
4974
5311
5118
4523
3903
3533
3384
3248
2926
2268
1302
215
-727
-1397
-1875
-2331
-2796
-3161
-3410
-3679
-4059
-4409
-4566
-4447
-4050
-3417
-2733
-2220
-1874
-1500
-916
-113
846
1815
2635
3241
3737
4264
4814
5260
5520
5562
5231
4421
3337
2551
2378
2551
2417
1491
-171
-1975
-3143
-3341
-2926
-2683
-3132
-4242
-5449
-6048
-5671
-4586
-3506
-3051
-3261
-3593
-3420
-2523
-1200
88
955
1258
1191
1179
1570
2374
3308
3981
4125
3749
3216
2931
3021
3219
3153
2664
1917
1213
731
444
226
-96
-656
-1425
-2133
-2488
-2457
-2219
-2064
-2198
-2583
-2926
-2963
-2693
-2247
-1727
-1246
-879
-532
-54
557
1140
1630
2061
2440
2766
3049
3297
3444
3324
2858
2218
1802
1822
1983
1822
1124
86
-900
-1448
-1425
-1109
-1022
-1485
-2379
-3248
-3598
-3264
-2509
-1852
-1680
-1946
-2344
-2495
-2217
-1530
-622
148
505
439
249
248
553
1115
1741
2116
2028
1645
1324
1259
1350
1443
1427
1238
872
416
48
-88
11
176
193
-16
-368
-707
-888
-870
-773
-727
-710
-635
-520
-455
-446
-436
-356
-136
225
612
834
828
680
575
677
1016
1431
1653
1483
915
229
-161
-7
479
812
616
-153
-1137
-1753
-1609
-913
-300
-250
-749
-1411
-1787
-1636
-1067
-446
-107
-137
-372
-520
-378
5
415
678
751
678
540
443
449
506
546
483
277
10
-190
-260
-316
-442
-589
-680
-676
-590
-462
-364
-332
-336
-311
-246
-146
-21
129
312
476
542
519
494
559
722
917
1044
998
802
565
435
473
646
818
823
590
202
-127
-230
-101
90
109
-180
-709
-1207
-1362
-1104
-643
-342
-409
-759
-1104
-1132
-803
-323
47
217
258
238
211
250
419
715
998
1105
993
755
565
503
544
580
479
226
-80
-336
-532
-679
-764
-801
-854
-932
-987
-994
-973
-930
-841
-720
-603
-530
-494
-444
-316
-92
176
410
567
658
727
813
906
944
929
907
904
886
823
721
583
417
251
129
75
56
-5
-170
-421
-668
-826
-873
-832
-753
-693
-699
-768
-833
-811
-692
-498
-245
35
262
389
468
559
692
887
1126
1316
1350
1232
1059
933
894
930
976
912
657
247
-169
-453
-556
-544
-531
-604
-788
-1025
-1218
-1277
-1225
-1131
-1057
-1013
-979
-974
-960
-882
-685
-412
-152
58
216
327
400
472
573
722
889
998
982
847
697
626
665
750
783
668
385
15
-300
-465
-486
-450
-467
-592
-814
-1027
-1147
-1127
-992
-826
-706
-658
-613
-493
-268
11
244
368
423
510
689
925
1143
1257
1241
1157
1122
1178
1226
1156
968
778
662
614
560
429
177
-137
-405
-534
-546
-518
-529
-650
-881
-1138
-1260
-1184
-1010
-863
-778
-723
-638
-522
-388
-266
-141
18
198
367
531
672
750
750
723
746
819
859
774
545
260
25
-98
-127
-145
-242
-482
-816
-1129
-1293
-1277
-1141
-994
-944
-1007
-1092
-1080
-916
-636
-308
-11
193
283
298
340
492
762
1059
1273
1354
1300
1162
1031
998
1079
1191
1226
1102
820
463
183
73
99
126
25
-239
-588
-890
-1044
-1040
-935
-833
-828
-925
-1026
-1023
-905
-725
-533
-359
-207
-76
65
246
452
629
748
815
860
914
974
1001
954
848
709
571
453
331
171
-28
-213
-363
-499
-638
-778
-917
-1048
-1121
-1095
-994
-897
-855
-861
-847
-752
-568
-341
-145
-15
67
156
306
522
758
929
974
934
905
955
1056
1123
1092
947
733
506
315
190
122
44
-118
-351
-567
-692
-724
-696
-646
-627
-675
-757
-835
-857
-769
-532
-214
1
3
-104
-122
24
277
542
756
857
829
710
586
527
561
622
621
505
299
73
-106
-201
-262
-337
-459
-617
-785
-898
-897
-819
-759
-749
-776
-794
-784
-714
-572
-378
-144
85
269
398
489
580
679
805
965
1128
1250
1275
1187
1029
870
759
663
531
356
147
-76
-281
-437
-534
-593
-639
-700
-792
-916
-1020
-1058
-992
-847
-663
-490
-368
-292
-222
-118
29
212
404
574
693
770
813
840
867
885
860
770
657
567
502
413
269
108
-62
-233
-378
-486
-579
-708
-860
-990
-1068
-1090
-1071
-1041
-994
-915
-798
-664
-509
-318
-116
68
221
364
512
667
842
1020
1156
1210
1194
1151
1076
942
772
619
518
435
330
168
-61
-318
-538
-669
-732
-779
-854
-955
-1039
-1053
-984
-868
-729
-584
-465
-370
-267
-133
16
172
343
490
567
590
612
673
762
851
928
956
893
777
661
537
381
235
163
103
-25
-233
-457
-644
-770
-839
-871
-882
-891
-912
-937
-920
-822
-673
-515
-367
-233
-117
-2
159
372
592
770
869
878
821
766
742
732
703
657
590
483
344
206
93
-6
-107
-207
-304
-393
-474
-539
-581
-586
-551
-511
-490
-484
-463
-412
-346
-284
-222
-154
-74
15
96
169
238
294
341
376
416
470
513
522
488
453
437
427
383
275
113
-45
-128
-141
-138
-181
-272
-388
-480
-532
-548
-523
-469
-413
-390
-378
-341
-266
-166
-27
120
225
261
258
266
286
321
370
410
411
374
347
337
313
271
234
209
158
70
-11
-54
-65
-85
-144
-237
-325
-373
-366
-324
-285
-274
-297
-324
-335
-306
-245
-178
-139
-121
-88
-29
38
81
124
178
239
295
341
364
335
262
188
133
119
144
177
177
111
4
-91
-131
-127
-108
-85
-56
-39
-52
-76
-82
-66
-47
-31
-7
34
59
39
-3
-32
-28
3
62
120
145
128
83
48
53
94
126
123
107
88
67
53
42
7
-47
-78
-83
-94
-126
-167
-215
-263
-303
-323
-327
-320
-307
-301
-308
-314
-292
-238
-166
-102
-44
24
81
110
110
104
105
116
144
175
214
256
269
233
183
152
127
94
85
118
164
178
139
70
1
-32
-16
35
90
98
51
-36
-117
-147
-110
-31
66
144
158
106
50
46
85
147
216
284
310
276
213
155
125
113
118
122
88
9
-92
-172
-201
-187
-166
-190
-272
-369
-425
-421
-370
-329
-321
-343
-367
-352
-302
-235
-177
-149
-151
-159
-136
-64
27
104
149
164
169
167
172
201
250
298
327
330
313
279
243
219
196
156
92
40
31
49
32
-37
-129
-220
-279
-285
-231
-161
-120
-121
-140
-148
-126
-65
40
172
270
298
278
248
223
211
242
323
392
384
306
214
151
109
61
15
-13
-36
-89
-181
-267
-314
-326
-320
-323
-355
-426
-502
-538
-527
-484
-434
-388
-362
-364
-345
-284
-173
-44
57
120
164
222
321
438
542
584
564
524
502
504
525
536
501
426
337
251
145
29
-57
-108
-146
-194
-256
-338
-425
-466
-433
-355
-279
-226
-203
-214
-230
-199
-116
-11
72
128
162
190
231
278
312
311
279
241
223
230
251
262
228
131
11
-81
-118
-118
-123
-175
-291
-433
-542
-582
-566
-522
-483
-477
-510
-548
-528
-431
-300
-175
-74
14
95
181
274
370
462
534
568
585
604
628
638
635
638
602
497
344
211
142
88
16
-62
-111
-126
-173
-280
-408
-466
-439
-380
-348
-361
-387
-397
-362
-288
-202
-121
-40
48
104
97
59
66
149
260
334
358
347
329
291
253
242
243
211
126
32
-28
-61
-92
-152
-259
-390
-493
-530
-511
-473
-446
-440
-426
-389
-337
-274
-193
-93
-4
55
105
175
267
360
426
465
482
490
516
551
566
528
453
378
314
251
204
169
122
50
-36
-121
-208
-273
-287
-264
-265
-318
-399
-467
-505
-506
-452
-348
-232
-157
-137
-150
-148
-100
2
122
210
246
251
249
259
290
328
352
339
306
269
215
143
72
19
-36
-99
-164
-225
-282
-323
-349
-363
-352
-319
-292
-291
-289
-250
-182
-118
-79
-40
18
74
117
176
263
361
414
408
386
388
409
410
375
340
311
253
163
68
13
-9
-46
-118
-180
-188
-190
-254
-353
-399
-374
-342
-347
-350
-309
-224
-153
-128
-123
-112
-68
-13
24
46
100
189
241
208
168
200
276
324
318
272
205
129
69
38
31
4
-65
-153
-216
-239
-237
-214
-183
-169
-189
-222
-233
-213
-172
-114
-49
-13
-11
-13
13
72
148
222
274
295
292
286
284
294
311
310
281
226
161
105
65
43
18
-17
-73
-149
-232
-297
-319
-294
-258
-264
-315
-385
-414
-384
-306
-211
-140
-102
-91
-84
-60
-10
64
140
195
237
257
243
214
211
241
265
253
223
194
160
120
95
80
63
30
-4
-37
-73
-101
-109
-117
-152
-206
-240
-245
-234
-200
-136
-74
-41
-35
-28
8
62
127
195
258
282
257
227
229
251
259
254
243
220
197
174
122
35
-42
-79
-108
-146
-179
-218
-274
-329
-338
-304
-271
-257
-252
-249
-253
-245
-210
-171
-139
-103
-29
31
40
26
42
92
135
182
246
284
262
228
241
280
275
224
172
141
123
93
52
6
-41
-76
-116
-162
-201
-217
-201
-188
-200
-229
-240
-216
-169
-120
-78
-37
0
27
42
73
127
181
209
207
189
182
185
190
184
164
139
101
76
66
65
49
13
-41
-101
-146
-153
-135
-115
-123
-176
-251
-317
-328
-291
-242
-208
-199
-200
-209
-214
-190
-131
-47
25
62
70
83
122
176
223
250
270
296
319
323
298
272
253
241
223
181
128
76
54
40
8
-39
-83
-118
-147
-166
-165
-157
-143
-122
-94
-71
-72
-83
-90
-71
-34
-9
-8
-28
-42
-25
16
81
140
176
171
135
96
82
101
128
149
144
94
25
-18
-13
-7
-38
-77
-98
-111
-152
-228
-295
-319
-315
-313
-289
-219
-150
-151
-195
-200
-130
-38
12
24
64
171
268
271
209
183
238
304
326
314
287
257
217
167
118
64
20
0
2
10
-1
-31
-72
-94
-96
-95
-122
-171
-208
-215
-206
-192
-182
-187
-213
-239
-233
-188
-129
-80
-34
24
72
92
104
145
198
231
240
242
233
206
179
182
194
193
169
121
43
-47
-92
-88
-74
-97
-143
-189
-243
-284
-292
-251
-179
-106
-62
-72
-101
-112
-102
-81
-50
-6
39
71
100
128
145
144
140
149
176
199
209
191
161
139
140
147
129
90
54
30
7
-17
-40
-76
-126
-178
-217
-237
-238
-249
-273
-276
-238
-177
-128
-86
-46
-22
0
43
110
166
187
201
213
223
229
242
255
235
181
125
92
82
63
42
24
-3
-42
-83
-92
-76
-53
-42
-44
-52
