-1
0
6
10
6
-4
-12
-14
-14
-10
-4
4
7
7
1
-3
-3
-3
-6
-8
-6
-1
2
-2
-15
-22
-23
-18
-13
-9
-11
-15
-17
-17
-16
-16
-13
-8
-3
-4
-11
-17
-17
-11
-2
0
-2
-8
-6
-1
4
6
6
8
12
10
2
-4
3
7
3
1
7
14
15
18
24
23
18
11
9
10
10
4
-3
-2
6
9
1
-10
-10
-4
-2
-5
-4
-4
-2
3
8
7
0
-8
-12
-7
7
17
10
-5
-14
-10
3
6
-4
-21
-23
-6
10
10
-10
-25
-14
11
31
24
2
-9
1
19
22
2
-20
-24
0
26
30
12
-2
7
20
18
6
-1
-5
-11
-14
-11
-7
0
6
9
12
10
9
8
8
6
-1
-8
-3
7
11
6
1
1
-2
-11
-19
-23
-25
-19
-12
-9
-12
-15
-11
-2
0
-2
0
7
11
9
-3
-15
-19
-13
-5
-3
-3
-1
5
5
-1
-8
-9
-5
-1
2
3
3
2
-2
-2
-1
-2
-7
-8
-3
4
5
-1
-6
-2
5
5
-4
-11
-5
6
11
8
3
1
3
7
8
7
5
6
6
2
-1
-1
1
0
-1
-6
-9
-6
3
10
8
2
1
5
13
13
5
-4
-1
7
11
13
14
13
11
11
11
12
10
3
-2
-6
-6
-2
1
-4
-16
-20
-9
12
20
6
-11
-6
21
35
17
-9
-19
-11
-4
-2
-2
-4
-6
-6
-4
-1
-3
2
9
8
-7
-22
-12
9
11
-12
-33
-31
-16
-5
-8
-13
-13
-9
-11
-16
-24
-29
-27
-14
-3
2
2
-2
-4
-2
6
11
12
11
15
19
14
8
12
16
9
-4
-8
-3
0
-2
-3
-2
1
3
8
15
18
14
5
-4
-7
-7
-9
-12
-13
-11
-8
-7
-3
3
2
-1
-2
-1
-1
-4
-3
-2
0
-3
-5
-4
-2
-4
-8
-11
-4
3
-1
-8
-12
-4
4
7
7
8
7
8
9
10
8
8
16
23
22
11
0
0
2
-2
-6
-6
-1
6
15
19
13
7
8
10
8
-1
-8
-8
-1
5
2
-10
-15
-8
0
-1
-12
-20
-14
-2
8
11
10
12
16
20
14
1
-9
-9
-3
0
-8
-18
-7
12
7
-19
-28
-7
18
23
13
-2
-8
-8
-6
-8
-6
7
19
11
-7
-10
11
35
32
6
-13
-8
11
19
16
11
5
1
2
6
7
5
5
3
7
11
14
9
-2
-11
-10
0
6
6
-4
-14
-23
-21
-15
-12
-10
-10
-11
-15
-17
-11
-6
-7
-6
-4
-5
-8
-9
-8
-11
-11
-2
9
8
3
4
8
6
2
1
1
-1
-3
-2
2
5
7
9
7
4
1
0
-3
-5
-5
-2
3
4
2
0
-1
-4
-9
-10
-9
-8
-10
-8
-6
-7
-9
-10
-14
-17
-8
7
12
6
-1
0
5
8
6
3
0
-5
-11
-10
-6
-1
4
5
3
-4
0
9
16
11
4
0
3
14
25
26
10
-7
-10
-2
5
2
-2
3
17
24
16
0
-12
-4
11
18
9
0
6
23
35
30
6
-14
-8
15
18
-8
-30
-22
4
14
-3
-28
-35
-17
4
0
-23
-33
-18
2
1
-18
-29
-19
-5
5
10
12
8
0
-5
-6
-8
-12
-13
-14
-13
-6
-1
6
7
8
4
1
1
2
-1
-6
-9
-5
-2
-4
-9
-10
-9
-8
-7
-5
-4
-6
-5
-3
-6
-15
-17
-12
-3
5
9
4
-3
-4
4
13
17
21
20
15
7
0
-1
2
10
15
15
14
19
25
27
24
23
25
21
12
7
7
9
6
4
5
5
8
17
26
28
19
10
10
10
10
9
15
20
13
5
-4
-2
6
8
1
-12
-17
-13
-12
-16
-23
-25
-22
-16
-17
-23
-39
-53
-53
-41
-38
-50
-64
-66
-53
-43
-43
-54
-58
-50
-31
-23
-28
-36
-44
-45
-32
-6
9
0
-18
-23
-7
20
35
28
15
19
37
45
33
22
25
28
23
20
22
27
27
22
10
9
25
44
39
21
12
23
36
38
37
35
38
44
48
50
48
46
46
51
60
66
66
65
69
76
83
87
88
89
87
79
62
44
34
37
45
49
41
35
38
42
32
12
-2
-4
-1
-4
-7
-9
-6
-7
-14
-26
-42
-62
-95
-141
-188
-216
-216
-195
-183
-194
-233
-280
-312
-315
-287
-244
-200
-174
-165
-159
-139
-109
-79
-45
-3
44
86
115
132
136
131
132
155
186
205
202
176
137
93
64
61
65
57
28
-19
-70
-116
-152
-171
-171
-162
-155
-160
-164
-166
-165
-152
-118
-60
5
58
93
112
122
139
168
206
243
273
292
295
285
268
251
238
232
237
233
200
150
112
98
100
103
100
94
90
84
69
53
54
73
95
115
132
140
132
120
114
113
107
118
145
166
146
92
45
23
19
19
22
16
-5
-60
-142
-238
-326
-383
-399
-392
-398
-436
-506
-584
-640
-646
-604
-541
-489
-464
-451
-434
-401
-343
-265
-178
-88
-4
68
122
160
191
221
254
298
343
372
374
346
299
246
201
178
172
159
120
49
-32
-98
-143
-175
-208
-245
-282
-311
-327
-334
-331
-320
-296
-254
-204
-155
-105
-54
0
55
112
176
241
299
340
366
384
399
413
419
420
419
410
386
352
321
289
257
224
200
183
163
142
128
127
130
131
131
135
147
172
209
246
271
284
295
305
315
321
320
316
309
299
283
256
229
200
162
113
39
-59
-178
-293
-382
-441
-487
-537
-610
-712
-828
-920
-958
-946
-908
-871
-844
-828
-804
-756
-678
-579
-465
-342
-215
-96
17
116
198
272
357
451
542
600
612
584
533
482
443
423
407
369
292
176
48
-64
-146
-197
-240
-292
-354
-419
-476
-514
-523
-509
-482
-444
-398
-346
-294
-234
-167
-87
-1
88
178
265
336
380
410
442
478
512
537
553
549
523
485
446
409
368
330
298
265
221
168
118
78
56
51
58
71
83
94
100
113
147
194
245
291
331
360
377
393
415
442
458
454
427
388
349
320
293
248
159
21
-150
-312
-432
-508
-575
-666
-794
-945
-1090
-1191
-1230
-1217
-1183
-1157
-1144
-1125
-1083
-1015
-922
-796
-640
-463
-290
-129
20
153
277
407
554
707
847
945
982
961
908
863
847
840
808
724
593
434
271
120
-5
-102
-185
-274
-384
-511
-629
-715
-768
-797
-803
-784
-749
-711
-676
-635
-572
-470
-328
-171
-20
104
197
272
353
462
594
715
795
824
826
823
817
792
751
711
693
674
621
528
422
335
279
246
236
227
206
166
116
80
74
104
157
203
223
224
217
223
247
291
339
368
374
357
334
311
290
254
172
40
-115
-253
-362
-455
-550
-675
-839
-1014
-1159
-1250
-1298
-1321
-1342
-1370
-1399
-1398
-1352
-1276
-1179
-1061
-919
-760
-594
-425
-261
-106
53
225
411
595
750
857
910
932
954
995
1052
1100
1097
1027
909
776
659
567
491
401
281
133
-22
-176
-316
-433
-527
-608
-681
-742
-800
-857
-909
-936
-921
-860
-768
-669
-576
-485
-393
-285
-148
16
181
331
451
543
613
688
775
853
909
944
970
981
967
930
882
843
816
793
760
714
657
589
510
435
378
346
331
311
271
216
164
134
121
127
138
142
133
120
111
103
92
61
-8
-116
-239
-343
-409
-449
-492
-572
-697
-837
-957
-1031
-1067
-1085
-1108
-1141
-1169
-1169
-1140
-1111
-1084
-1035
-940
-809
-677
-564
-472
-392
-307
-196
-46
116
256
348
404
443
488
555
641
719
751
740
707
672
637
601
563
517
467
415
361
301
232
158
84
24
-29
-75
-122
-180
-249
-325
-395
-449
-478
-493
-503
-509
-499
-467
-430
-398
-370
-331
-271
-185
-91
-6
61
118
175
239
312
389
462
519
562
593
625
657
676
692
705
720
724
710
678
637
598
569
552
543
533
503
451
392
344
312
292
274
255
230
197
164
132
103
72
30
-28
-96
-172
-244
-298
-334
-364
-412
-485
-569
-646
-702
-733
-744
-749
-757
-772
-787
-794
-796
-801
-803
-787
-745
-688
-638
-606
-585
-559
-517
-450
-369
-288
-225
-176
-133
-96
-55
9
95
172
210
216
227
260
308
337
336
332
351
395
428
416
369
325
319
339
346
318
272
238
220
201
155
90
29
-15
-46
-84
-136
-179
-198
-195
-187
-189
-202
-219
-217
-182
-118
-49
5
36
60
93
139
193
247
300
355
415
481
535
571
595
620
646
666
676
680
675
654
625
598
582
566
541
509
466
415
373
344
321
290
256
230
201
159
104
30
-55
-136
-180
-190
-202
-258
-374
-517
-633
-686
-700
-714
-757
-825
-897
-946
-977
-1010
-1052
-1089
-1096
-1068
-1024
-987
-972
-970
-959
-912
-821
-704
-596
-517
-463
-402
-312
-186
-39
105
221
306
372
444
535
620
686
727
763
802
832
836
810
768
727
697
675
650
601
519
418
319
233
153
67
-26
-125
-238
-356
-463
-543
-602
-644
-668
-675
-665
-651
-632
-601
-535
-420
-281
-152
-41
61
165
282
415
551
671
774
872
965
1049
1101
1116
1125
1148
1179
1186
1143
1077
1018
980
939
871
783
704
642
594
534
468
411
381
358
309
209
55
-115
-257
-335
-364
-400
-507
-710
-960
-1174
-1295
-1331
-1337
-1376
-1472
-1600
-1715
-1773
-1774
-1742
-1692
-1619
-1517
-1406
-1311
-1233
-1143
-1005
-793
-536
-282
-83
53
149
256
420
635
861
1039
1145
1186
1187
1185
1203
1243
1277
1273
1225
1127
993
839
699
589
497
415
314
172
-16
-221
-393
-509
-578
-637
-733
-879
-1045
-1178
-1238
-1216
-1140
-1063
-1017
-1000
-977
-910
-785
-597
-371
-141
49
188
300
424
575
759
961
1152
1290
1364
1407
1450
1517
1598
1679
1735
1740
1685
1595
1494
1413
1364
1338
1302
1223
1102
960
826
731
673
636
579
490
350
135
-159
-465
-679
-751
-740
-780
-975
-1330
-1735
-2020
-2086
-1980
-1862
-1878
-2046
-2277
-2431
-2420
-2254
-2008
-1778
-1621
-1528
-1447
-1322
-1142
-911
-614
-257
115
397
520
523
550
722
1030
1364
1600
1668
1582
1436
1335
1334
1418
1508
1510
1363
1093
776
515
373
323
283
181
-9
-282
-585
-835
-968
-994
-983
-1008
-1120
-1318
-1528
-1641
-1590
-1410
-1193
-1012
-899
-849
-813
-706
-465
-109
267
554
703
752
792
910
1122
1373
1586
1707
1723
1677
1642
1683
1781
1871
1899
1866
1776
1639
1496
1394
1343
1316
1295
1264
1191
1065
911
786
714
626
417
56
-352
-657
-765
-724
-745
-1014
-1531
-2075
-2398
-2415
-2236
-2102
-2175
-2449
-2752
-2879
-2747
-2433
-2107
-1870
-1725
-1622
-1499
-1310
-1038
-694
-287
138
511
749
834
849
939
1195
1568
1906
2066
2010
1815
1632
1554
1582
1651
1677
1588
1346
993
629
352
208
157
82
-126
-482
-899
-1250
-1444
-1489
-1464
-1480
-1593
-1777
-1935
-1952
-1810
-1587
-1375
-1208
-1067
-919
-740
-517
-249
51
361
656
898
1051
1141
1249
1449
1709
1931
2031
2003
1925
1899
1958
2054
2107
2084
1990
1858
1721
1613
1551
1513
1465
1402
1333
1267
1150
881
427
-81
-421
-502
-457
-555
-960
-1606
-2242
-2591
-2565
-2357
-2302
-2555
-2955
-3210
-3196
-2990
-2720
-2475
-2300
-2161
-1977
-1704
-1396
-1084
-717
-242
258
639
862
1006
1177
1425
1741
2038
2215
2245
2208
2172
2128
2054
1961
1865
1753
1606
1384
1076
741
468
275
116
-75
-335
-659
-996
-1276
-1471
-1592
-1691
-1803
-1917
-1992
-2012
-1999
-1934
-1796
-1603
-1380
-1143
-914
-718
-532
-284
38
374
656
860
1011
1138
1281
1464
1660
1810
1880
1900
1909
1933
1977
2032
2053
1998
1892
1795
1730
1684
1657
1654
1675
1641
1393
847
152
-363
-488
-319
-179
-435
-1215
-2264
-3032
-3108
-2594
-2044
-2012
-2563
-3312
-3783
-3686
-3041
-2203
-1663
-1641
-1884
-1969
-1685
-1086
-327
439
1011
1266
1271
1270
1446
1805
2281
2748
3000
2893
2545
2248
2168
2256
2343
2293
2048
1660
1221
793
433
170
-15
-193
-420
-728
-1134
-1584
-1943
-2091
-2051
-1984
-2053
-2283
-2539
-2640
-2480
-2100
-1677
-1391
-1262
-1152
-930
-572
-132
299
635
849
1007
1212
1479
1723
1882
1980
2058
2116
2154
2189
2215
2207
2165
2104
2013
1877
1742
1642
1577
1506
1453
1347
963
221
-596
-1045
-1024
-801
-761
-1204
-2146
-3196
-3743
-3530
-2903
-2516
-2749
-3408
-4008
-4172
-3802
-3077
-2356
-1985
-1959
-1969
-1768
-1324
-665
190
1071
1700
1946
1970
2074
2442
3032
3649
4018
3968
3594
3259
3230
3410
3507
3333
2906
2361
1886
1531
1218
857
440
4
-427
-812
-1201
-1656
-2119
-2436
-2547
-2586
-2705
-2929
-3137
-3181
-3009
-2678
-2318
-2070
-1949
-1789
-1411
-861
-333
66
371
667
1003
1398
1776
2054
2232
2376
2549
2709
2798
2817
2812
2797
2725
2591
2437
2277
2116
1993
1899
1672
1081
168
-676
-1059
-992
-847
-1043
-1778
-2905
-3905
-4239
-3880
-3354
-3270
-3779
-4508
-4963
-4875
-4323
-3582
-3006
-2808
-2848
-2781
-2396
-1741
-898
18
810
1293
1486
1650
2068
2810
3635
4204
4345
4155
3930
3961
4287
4607
4568
4122
3512
3036
2806
2685
2437
1929
1229
517
-33
-380
-657
-1035
-1544
-2063
-2500
-2818
-3018
-3115
-3143
-3131
-3105
-3089
-3065
-2930
-2574
-2032
-1480
-1077
-822
-578
-201
342
958
1500
1875
2096
2246
2442
2746
3089
3353
3485
3500
3422
3291
3205
3212
3184
2848
2105
1212
574
349
326
140
-519
-1644
-2809
-3460
-3469
-3240
-3309
-3885
-4717
-5344
-5508
-5278
-4878
-4554
-4481
-4613
-4644
-4326
-3707
-2930
-2106
-1374
-857
-524
-133
553
1540
2522
3149
3358
3392
3576
4066
4742
5230
5242
4844
4376
4135
4166
4254
4129
3683
3019
2321
1767
1431
1164
741
119
-555
-1164
-1710
-2166
-2469
-2651
-2837
-3123
-3446
-3635
-3595
-3357
-3031
-2732
-2545
-2423
-2184
-1695
-1043
-414
90
490
876
1317
1823
2346
2813
3169
3419
3606
3777
3965
4138
4087
3624
2937
2464
2394
2471
2325
1710
642
-506
-1221
-1352
-1271
-1522
-2330
-3404
-4212
-4490
-4402
-4252
-4254
-4524
-4995
-5340
-5271
-4822
-4225
-3671
-3270
-3078
-3002
-2776
-2124
-1080
-46
569
766
892
1286
2066
3077
3886
4118
3868
3634
3801
4301
4749
4810
4470
3966
3540
3299
3204
3085
2752
2169
1492
861
324
-108
-456
-786
-1202
-1739
-2301
-2688
-2795
-2732
-2710
-2827
-3029
-3173
-3082
-2699
-2167
-1725
-1485
-1353
-1121
-657
19
742
1349
1801
2170
2448
2491
2312
2213
2476
2989
3354
3236
2570
1656
1034
1024
1395
1559
1075
28
-1017
-1547
-1555
-1406
-1426
-1772
-2443
-3180
-3570
-3467
-3096
-2761
-2655
-2809
-3105
-3296
-3101
-2445
-1634
-1168
-1236
-1502
-1454
-895
10
870
1290
1204
954
1025
1592
2381
2912
2980
2751
2512
2422
2539
2829
3070
2984
2537
1982
1593
1468
1505
1487
1207
607
-106
-571
-601
-382
-289
-532
-1024
-1505
-1716
-1558
-1190
-906
-895
-1098
-1276
-1219
-872
-357
133
477
628
484
52
-333
-227
402
1045
1158
609
-281
-940
-924
-323
273
256
-475
-1408
-1874
-1659
-1123
-743
-727
-1047
-1531
-1856
-1752
-1290
-790
-520
-557
-803
-1017
-945
-460
226
650
487
-36
-308
23
736
1350
1515
1176
607
282
516
1144
1622
1570
1131
710
535
614
918
1288
1391
1036
446
61
125
523
899
934
531
-84
-472
-323
242
726
727
302
-158
-281
38
591
1019
1087
836
525
435
691
1178
1616
1809
1682
1172
406
-132
-22
561
980
749
-158
-1334
-2121
-2096
-1472
-986
-1274
-2283
-3329
-3714
-3365
-2733
-2295
-2310
-2768
-3354
-3532
-3065
-2238
-1545
-1279
-1379
-1573
-1524
-1045
-180
737
1203
1007
591
636
1339
2288
2937
3006
2574
2007
1788
2179
2881
3224
2847
2107
1559
1393
1511
1778
1924
1570
705
-172
-515
-265
155
245
-212
-1056
-1834
-2025
-1509
-786
-544
-956
-1555
-1789
-1434
-665
116
541
512
297
298
750
1561
2395
2942
2907
2232
1434
1269
1953
2860
3178
2567
1250
-25
-473
-3
684
725
-221
-1707
-2815
-3038
-2646
-2233
-2181
-2667
-3640
-4525
-4630
-3932
-3065
-2645
-2802
-3260
-3574
-3339
-2421
-1183
-370
-425
-954
-1048
-293
935
1988
2442
2254
1772
1605
2146
3142
3864
3816
3210
2617
2405
2579
2973
3264
3045
2222
1226
657
727
1085
1170
664
-294
-1272
-1783
-1584
-986
-673
-1087
-1928
-2508
-2426
-1776
-995
-539
-608
-972
-1131
-710
231
1257
1709
1254
400
51
626
1678
2439
2400
1492
325
-206
218
1057
1450
969
-130
-1129
-1519
-1320
-881
-585
-792
-1648
-2649
-3040
-2614
-1863
-1431
-1618
-2234
-2804
-2859
-2239
-1244
-551
-691
-1409
-1789
-1254
-137
833
1180
941
499
369
878
1841
2627
2743
2334
1926
1854
2117
2618
3111
3164
2588
1778
1350
1520
1921
2045
1640
842
25
-412
-306
71
188
-227
-934
-1471
-1554
-1218
-745
-472
-556
-837
-1011
-813
-202
309
170
-446
-806
-544
12
466
538
47
-704
-1080
-834
-330
-84
-345
-947
-1472
-1654
-1574
-1368
-1131
-1128
-1544
-2053
-2180
-1866
-1397
-1087
-1084
-1301
-1468
-1372
-972
-433
-93
-197
-499
-463
59
722
1115
1095
812
558
608
1054
1660
1960
1703
1220
1054
1294
1645
1898
1991
1824
1417
1062
1063
1377
1665
1616
1229
753
465
512
820
1099
1031
654
319
304
580
921
1100
1028
822
697
830
1162
1238
758
65
-244
-45
238
241
-193
-976
-1655
-1836
-1639
-1470
-1624
-2160
-2818
-3163
-3079
-2839
-2648
-2507
-2599
-3010
-3293
-3011
-2295
-1656
-1409
-1511
-1695
-1629
-1146
-296
541
821
426
-14
253
1156
1999
2280
2007
1536
1250
1390
1908
2421
2452
1910
1264
1000
1113
1314
1461
1445
1086
447
-65
-51
383
710
529
-49
-583
-743
-476
21
375
308
-47
-236
15
582
1112
1340
1341
1339
1523
1789
1828
1635
1459
1519
1689
1710
1507
1039
428
-11
-88
-10
-156
-655
-1320
-1803
-2006
-2123
-2295
-2485
-2656
-2984
-3402
-3519
-3232
-2860
-2754
-2892
-3016
-2960
-2679
-2172
-1513
-1020
-995
-1237
-1106
-337
621
1208
1291
1134
1031
1185
1712
2444
2918
2753
2222
1960
2173
2524
2699
2675
2419
1912
1408
1245
1434
1603
1394
817
197
-167
-203
-5
184
103
-293
-691
-701
-299
193
415
341
242
393
666
657
405
299
511
759
765
550
134
-301
-439
-251
-136
-434
-1037
-1549
-1638
-1446
-1420
-1743
-2139
-2344
-2463
-2528
-2410
-2166
-2007
-2049
-2164
-2144
-1912
-1550
-1159
-769
-538
-643
-883
-676
120
922
1161
879
553
519
840
1422
1976
2067
1581
1036
1046
1528
1907
1891
1632
1285
926
744
894
1209
1288
946
411
69
97
373
646
704
508
218
125
409
953
1394
1465
1325
1330
1445
1335
1103
1159
1498
1641
1331
792
269
-48
-67
37
-49
-519
-1242
-1816
-1901
-1687
-1730
-2153
-2602
-2861
-3044
-3123
-2942
-2646
-2537
-2708
-2899
-2813
-2450
-2027
-1668
-1367
-1223
-1314
-1361
-956
-158
504
645
414
277
505
998
1530
1909
1935
1586
1277
1454
1966
2271
2167
1886
1625
1408
1287
1355
1513
1459
1035
503
255
340
487
494
358
119
-85
-50
302
745
968
945
908
907
764
629
826
1293
1559
1391
967
493
245
412
734
756
324
-363
-943
-1053
-734
-526
-810
-1356
-1822
-2151
-2258
-2034
-1674
-1601
-1980
-2493
-2637
-2281
-1795
-1522
-1446
-1501
-1748
-1922
-1546
-670
15
0
-458
-753
-544
56
722
1101
979
493
215
581
1297
1719
1592
1224
945
913
1138
1494
1718
1568
1071
573
474
811
1198
1248
947
565
389
546
977
1432
1608
1449
1094
658
373
502
965
1279
1052
384
-397
-867
-708
-184
23
-436
-1300
-2027
-2165
-1687
-1152
-1159
-1693
-2288
-2622
-2566
-2078
-1446
-1147
-1407
-1895
-2005
-1485
-672
-111
23
-119
-367
-454
-36
832
1546
1569
1033
559
603
1110
1684
1962
1754
1111
488
483
1079
1574
1407
743
116
-158
-58
240
451
311
-234
-878
-1130
-792
-208
109
-18
-355
-505
-229
409
1083
1499
1544
1140
574
537
1257
2097
2287
1783
1006
349
244
759
1300
1204
401
-622
-1217
-1076
-577
-430
-897
-1630
-2262
-2597
-2455
-1918
-1496
-1652
-2312
-2842
-2664
-1906
-1215
-1018
-1210
-1530
-1748
-1514
-669
297
640
205
-374
-381
238
991
1453
1494
1115
585
490
1113
1901
2066
1537
882
624
820
1212
1449
1325
879
344
70
262
750
1048
843
322
-21
133
646
1139
1402
1345
818
79
-69
670
1530
1619
972
125
-529
-624
-88
502
412
-500
-1631
-2163
-1771
-1016
-774
-1267
-2016
-2565
-2684
-2248
-1523
-1128
-1413
-2072
-2386
-1917
-939
-192
-98
-426
-771
-847
-388
622
1574
1689
952
247
364
1189
1996
2263
1926
1178
492
511
1319
2080
1936
998
114
-141
177
654
872
580
-161
-914
-1122
-639
56
320
-25
-588
-834
-503
229
942
1300
1043
203
-441
-32
1204
2073
1847
898
-77
-477
-15
895
1368
834
-437
-1537
-1623
-798
-65
-213
-1082
-2063
-2674
-2558
-1743
-934
-911
-1736
-2646
-2750
-1915
-868
-422
-692
-1258
-1673
-1543
-668
529
1154
725
-209
-557
127
1282
2032
2018
1400
619
360
1058
2195
2641
1969
925
462
765
1361
1742
1654
1089
311
-171
13
652
1096
933
373
-67
-45
451
1130
1556
1258
189
-745
-571
579
1485
1236
91
-1120
-1563
-977
2
417
-180
-1458
-2552
-2581
-1568
-587
-615
-1514
-2475
-2925
-2581
-1558
-593
-499
-1364
-2293
-2253
-1128
174
718
376
-329
-818
-598
472
1754
2217
1499
388
15
747
1911
2575
2334
1412
440
135
808
1851
2201
1448
265
-370
-131
557
1008
845
123
-745
-1183
-878
-78
487
319
-322
-737
-473
335
1186
1519
940
-142
-625
61
1302
1936
1445
189
-930
-1025
-132
789
829
-150
-1507
-2277
-1939
-1006
-506
-904
-1846
-2707
-2958
-2381
-1418
-899
-1272
-2197
-2748
-2291
-1119
-136
32
-485
-1122
-1229
-433
899
1808
1640
760
149
489
1549
2518
2778
2246
1373
892
1323
2343
2949
2535
1500
728
709
1245
1737
1710
1117
273
-309
-283
258
759
715
167
-388
-457
42
747
1069
543
-513
-1115
-639
467
1118
732
-430
-1506
-1632
-812
90
195
-645
-1817
-2474
-2178
-1381
-935
-1222
-1967
-2697
-2964
-2497
-1622
-1077
-1346
-2134
-2604
-2206
-1196
-343
-163
-558
-1093
-1229
-569
643
1520
1370
536
6
394
1395
2233
2404
1919
1216
882
1292
2169
2711
2399
1555
943
977
1459
1887
1888
1403
683
179
238
770
1231
1136
590
157
250
762
1271
1295
630
-230
-493
117
979
1232
599
-528
-1290
-1092
-257
329
101
-822
-1825
-2216
-1769
-1036
-817
-1329
-2171
-2806
-2809
-2146
-1362
-1165
-1743
-2532
-2750
-2135
-1144
-525
-616
-1175
-1663
-1532
-622
546
1071
613
-181
-377
312
1349
2039
2020
1407
761
744
1523
2432
2627
1985
1169
853
1134
1632
1897
1688
1089
456
214
515
1059
1295
964
367
67
313
858
1207
877
-3
-651
-463
347
931
722
-212
-1211
-1471
-868
-92
92
-509
-1499
-2153
-1989
-1270
-739
-878
-1528
-2227
-2478
-2012
-1149
-591
-806
-1567
-2084
-1787
-891
-112
61
-319
-882
-1103
-567
537
1363
1224
379
-257
-18
843
1630
1839
1389
659
277
715
1643
2188
1870
1075
549
640
1118
1492
1458
1039
470
103
204
709
1149
1098
643
261
313
742
1179
1127
477
-220
-341
198
805
875
237
-755
-1325
-1091
-442
-91
-405
-1199
-1925
-2032
-1540
-1038
-1054
-1550
-2169
-2536
-2355
-1711
-1136
-1148
-1714
-2196
-2034
-1304
-585
-334
-537
-941
-1155
-774
206
1123
1249
645
70
183
885
1624
1937
1700
1154
764
996
1762
2381
2280
1605
1035
992
1334
1654
1680
1357
833
421
407
771
1126
1106
751
408
383
644
926
860
331
-253
-426
-69
394
442
-141
-1060
-1579
-1357
-780
-513
-854
-1592
-2206
-2224
-1729
-1262
-1254
-1679
-2193
-2415
-2091
-1425
-906
-874
-1268
-1646
-1552
-932
-199
181
71
-330
-599
-331
458
1207
1345
866
317
292
818
1459
1743
1529
1048
698
855
1435
1896
1794
1272
825
752
977
1245
1326
1098
681
353
335
621
947
1067
932
695
594
710
968
1017
658
201
22
241
540
562
88
-717
-1248
-1178
-811
-664
-969
-1608
-2167
-2275
-2012
-1768
-1790
-2037
-2411
-2686
-2548
-2078
-1663
-1581
-1761
-1906
-1769
-1347
-844
-477
-370
-506
-646
-386
301
923
1091
858
626
669
999
1465
1790
1762
1408
1094
1210
1685
2057
2031
1742
1458
1318
1349
1518
1662
1577
1262
936
836
980
1193
1289
1231
1108
1024
1043
1174
1198
887
449
259
398
519
351
-93
-671
-1054
-1087
-995
-1086
-1452
-1964
-2373
-2463
-2300
-2217
-2405
-2702
-2914
-2947
-2739
-2389
-2108
-2025
-2069
-2007
-1699
-1219
-755
-428
-263
-255
-234
70
646
1170
1391
1337
1216
1244
1491
1840
2070
2047
1805
1560
1577
1794
1915
1765
1488
1263
1103
980
898
860
769
565
295
104
102
249
435
531
509
462
491
642
678
475
320
452
728
772
547
212
-141
-319
-238
-132
-304
-758
-1236
-1465
-1448
-1451
-1652
-1957
-2166
-2320
-2423
-2366
-2231
-2177
-2243
-2265
-2141
-1932
-1688
-1377
-1048
-854
-853
-810
-469
73
538
739
718
670
788
1131
1574
1864
1800
1501
1370
1623
2023
2213
2102
1828
1583
1507
1580
1669
1628
1429
1152
968
969
1068
1144
1138
1064
965
942
1043
1149
1011
651
331
266
380
360
87
-407
-882
-1090
-1052
-1023
-1246
-1678
-2079
-2245
-2238
-2242
-2347
-2495
-2636
-2781
-2802
-2644
-2407
-2227
-2145
-2091
-2004
-1813
-1460
-937
-419
-166
-217
-269
27
635
1227
1489
1405
1223
1229
1529
1971
2227
2076
1699
1491
1633
1920
2060
1918
1566
1199
990
996
1084
1060
859
563
341
286
402
570
636
546
416
408
548
751
806
661
468
410
521
634
622
357
-84
-398
-393
-215
-208
-529
-1059
-1485
-1622
-1550
-1525
-1715
-2061
-2429
-2604
-2517
-2306
-2154
-2161
-2264
-2312
-2180
-1853
-1429
-1088
-935
-948
-942
-705
-218
338
712
780
691
698
960
1436
1841
1915
1700
1505
1596
1919
2215
2269
2029
1689
1457
1415
1503
1551
1415
1099
784
649
692
801
839
697
406
172
179
402
639
597
263
-120
-249
-57
166
173
-132
-550
-796
-789
-627
-538
-702
-1091
-1450
-1591
-1540
-1467
-1480
-1623
-1872
-2053
-2048
-1862
-1621
-1477
-1518
-1680
-1756
-1560
-1142
-762
-609
-669
-748
-639
-274
232
600
639
456
363
606
1096
1522
1673
1566
1390
1378
1605
1920
2056
1906
1594
1304
1189
1278
1409
1384
1136
797
557
514
634
765
731
536
321
249
349
555
684
523
139
-147
-97
157
355
323
23
-394
-657
-597
-373
-291
-498
-868
-1194
-1381
-1407
-1317
-1236
-1328
-1613
-1899
-1968
-1788
-1535
-1450
-1581
-1759
-1781
-1563
-1218
-949
-851
-861
-899
-847
-606
-173
213
308
232
242
476
830
1152
1344
1364
1299
1332
1508
1691
1745
1650
1493
1352
1283
1277
1257
1156
979
806
729
754
802
792
671
527
450
471
503
476
392
286
247
285
328
273
181
124
53
-84
-253
-350
-366
-358
-412
-614
-894
-1082
-1090
-1014
-1042
-1234
-1466
-1582
-1519
-1406
-1390
-1487
-1631
-1684
-1570
-1325
-1097
-1007
-1016
-1005
-939
-839
-709
-534
-317
-135
-43
-2
81
292
611
917
1052
1015
981
1094
1316
1502
1567
1489
1327
1213
1242
1333
1317
1154
972
889
883
873
837
778
648
479
372
351
384
478
583
526
261
46
93
293
420
351
125
-125
-276
-232
-65
20
-127
-415
-585
-615
-648
-687
-700
-756
-892
-989
-1010
-1069
-1157
-1147
-1086
-1100
-1179
-1222
-1176
-1052
-882
-813
-939
-1109
-1084
-849
-603
-536
-638
-719
-600
-281
46
206
191
125
161
333
545
696
780
843
899
877
785
747
832
955
988
979
951
837
674
641
811
990
1006
908
837
823
794
756
746
779
759
693
635
574
468
325
325
454
454
260
60
-25
-120
-289
-347
-327
-344
-381
-392
-491
-764
-987
-962
-784
-660
-665
-791
-985
-1139
-1137
-991
-859
-823
-838
-855
-909
-987
-976
-838
-717
-706
-749
-780
-744
-612
-384
-241
-284
-340
-248
-10
231
369
339
177
102
244
481
585
538
488
514
610
724
818
841
802
768
755
793
942
1140
1164
888
570
499
598
748
935
1081
913
469
198
321
539
559
528
522
419
199
102
176
181
105
42
-61
-252
-396
-375
-285
-280
-404
-600
-704
-602
-451
-463
-642
-849
-931
-882
-760
-683
-730
-852
-995
-1040
-957
-860
-876
-965
-945
-824
-760
-771
-697
-530
-470
-541
-513
-356
-232
-146
56
300
337
260
295
367
320
296
537
844
914
798
701
583
476
666
1064
1242
1001
729
654
723
821
908
840
561
430
544
683
599
482
517
521
360
201
236
342
364
322
234
26
-179
-162
56
186
81
-200
-520
-635
-477
-287
-299
-448
-561
-678
-767
-713
-595
-586
-706
-761
-765
-831
-936
-936
-819
-771
-862
-983
-949
-761
-560
-499
-578
-668
-662
-524
-289
-97
-76
-146
-91
98
184
161
212
371
521
591
680
663
522
559
854
1033
838
651
843
951
834
819
868
727
499
699
893
638
257
281
530
508
400
358
256
41
11
268
328
68
-103
-50
15
-119
-168
-112
-94
-113
-131
-212
-361
-400
-258
-92
-110
-280
-483
-490
-356
-283
-334
-435
-541
-629
-587
-387
-287
-427
-600
-610
-533
-566
-621
-526
-392
-392
-459
-481
-550
-697
-646
-319
-110
-215
-330
-200
-24
-45
-62
30
122
175
320
515
548
439
476
516
449
478
695
829
698
713
817
576
255
397
738
677
420
407
392
96
-78
241
487
321
3
-4
0
-277
-314
42
289
111
-113
-218
-356
-414
-127
155
132
27
-39
-216
-342
-138
181
245
151
122
-26
-285
-348
-173
6
143
131
-131
-368
-338
-205
-230
-259
-221
-324
-415
-388
-346
-496
-632
-476
-185
-96
-366
-587
-511
-383
-320
-113
169
15
-353
-267
78
92
-5
169
327
207
139
262
151
14
206
370
158
-46
107
305
400
530
492
110
-137
151
506
544
365
217
139
52
107
178
355
345
134
-2
112
213
61
151
405
316
-100
-198
-26
-18
30
259
240
-149
-372
-161
-49
-125
-160
-81
-80
-238
-267
-238
-188
-220
-183
-51
-34
-131
-176
-149
-160
-205
-105
10
-39
-136
-151
-183
-217
-188
-91
-175
-283
-221
-113
-148
-258
-252
-290
-297
-197
-12
-21
-187
-170
-61
35
122
95
110
24
63
227
377
443
320
329
433
479
453
472
522
491
503
555
483
346
221
231
345
406
335
137
-22
-20
6
-7
-24
-116
-222
-299
-263
-245
-340
-398
-359
-277
-271
-307
-303
-269
-212
-293
-422
-254
-83
-200
-331
-193
-50
-224
-286
-52
-35
-153
-65
-13
-236
-354
-59
159
39
-137
-183
-208
-230
-59
25
-89
-101
-85
-119
-146
-137
-71
-10
199
357
162
25
60
88
148
355
681
586
243
39
94
340
525
709
786
604
226
-57
106
451
533
365
406
420
-23
-468
-264
326
321
15
-13
-82
-500
-541
-80
135
-261
-502
-299
-229
-370
-426
-265
-220
-292
-239
-33
-231
-536
-376
14
-28
-372
-135
143
-192
-457
-111
161
-140
-197
169
152
-275
-280
-6
26
18
139
51
-222
-107
105
71
-52
26
120
9
-75
-78
13
81
109
237
297
113
-29
121
419
383
249
342
334
238
183
208
216
231
365
419
272
104
-90
-192
59
396
425
89
-162
-375
-407
-72
268
230
-193
-228
-128
-318
-410
-213
-47
-181
-184
-5
-198
-676
-639
-106
227
76
-141
-184
-307
-382
-287
-57
18
-159
-22
206
123
-272
-464
-86
267
353
370
210
-142
-379
-167
243
295
147
118
145
-39
-164
-13
132
113
215
563
449
-128
-368
-32
356
433
393
229
-61
-154
68
270
176
-47
-83
124
343
214
-114
-212
-161
-107
0
104
-90
-251
-75
129
-17
-146
-16
-75
-143
-28
47
-172
-382
-104
132
28
-217
-331
-174
-69
56
70
-98
-260
-326
-121
93
158
-23
-238
-158
81
83
-144
-73
81
1
-137
26
140
-121
-247
154
354
54
-170
82
354
211
61
174
233
68
26
302
328
-77
-233
125
340
38
19
204
151
-34
121
256
-112
-258
-8
184
13
-43
-2
-158
-193
-5
94
-64
-136
79
137
-112
-307
-252
-101
-33
88
194
-26
-335
-333
-71
63
44
95
69
-84
-180
-113
-76
-50
76
138
55
-36
-109
-196
-227
-5
180
157
15
-156
-99
-76
-35
-60
-13
76
-75
-40
90
48
-103
-75
124
193
192
197
101
-36
5
39
91
201
157
39
-58
39
58
47
115
48
-10
10
54
-64
-134
-23
35
-27
11
91
-62
-233
-137
-22
-93
-54
51
-9
-195
-94
18
-69
-57
42
-14
-150
-16
127
22
-86
10
116
123
33
45
83
28
-63
-48
97
66
6
-5
68
47
8
-12
-19
71
114
63
-44
-71
10
159
202
177
177
45
-111
-41
195
190
-88
-81
87
-35
-98
73
168
-137
-310
-65
40
-145
-150
25
5
-257
-232
-44
-144
-264
-92
71
-100
-292
-173
38
26
-66
-99
4
33
-41
12
110
34
-117
-47
115
29
-63
33
60
-10
-9
54
44
20
77
160
96
-22
-3
53
112
82
91
87
-23
-41
51
183
139
40
-25
-15
39
88
101
28
46
102
77
41
32
25
-38
-15
54
-45
-144
-58
38
-8
-64
-52
-79
-113
-38
72
20
-78
-66
-16
-20
11
43
14
-84
-62
69
86
45
7
-1
-7
74
119
33
-54
-45
-30
-40
11
59
-52
-109
-17
-15
-99
-129
-38
0
-37
-92
-158
-128
15
49
-52
-84
-31
30
16
60
108
69
79
70
108
118
132
166
160
114
-12
-22
63
113
58
-11
0
17
-35
-34
-52
-55
-94
-86
-29
-83
-111
-92
-94
-151
-161
-67
-14
-65
-54
-102
-155
-153
-86
-22
-37
-7
-31
-63
-19
34
7
-19
-2
67
36
-21
12
49
62
-12
-22
59
65
22
55
106
65
1
28
112
122
81
94
109
128
99
83
123
145
115
105
104
91
82
95
77
35
-4
27
8
2
17
-7
1
-46
-37
-73
-86
-96
-93
-62
-85
-133
-163
-125
-68
-91
-138
-136
-94
-83
-78
-28
-40
-77
-68
-6
-27
-91
-58
-22
-60
-72
-39
-2
-36
-59
-29
-4
3
3
32
28
21
34
72
33
-35
26
115
109
19
7
53
64
97
167
181
102
45
93
126
106
100
153
131
22
11
74
51
-17
18
59
-26
-92
-32
-12
-50
-34
1
-90
-202
-163
-73
-45
-80
-94
-93
-93
-74
-61
-34
-17
-13
13
37
21
-12
-21
2
13
35
51
15
-42
-40
1
24
32
47
43
-18
-68
-59
4
60
65
40
28
37
36
3
-25
-6
32
41
15
6
53
113
114
68
58
94
110
100
104
105
65
31
55
88
73
40
12
-10
-23
-16
-13
-35
-69
-104
-119
-108
-61
-47
-82
-115
-100
-74
-108
-156
-160
-116
-60
-34
-52
-90
-109
-97
-81
-61
-44
-53
-74
-81
-63
-51
-32
-11
1
-21
-72
-84
-47
16
47
46
60
67
69
71
95
124
129
123
119
117
109
96
101
127
143
126
78
55
79
109
95
55
41
59
81
85
41
-21
-58
-32
22
15
-54
-123
-113
-56
-34
-75
-117
-108
-71
-89
-128
-119
-70
-35
-38
-27
-12
-20
-20
-8
16
35
47
39
-15
-44
-11
51
64
22
-6
-24
-35
-37
-34
-27
-26
-22
-27
-43
-49
-48
-40
-15
13
14
-10
-27
-13
13
42
60
48
23
13
17
33
46
58
61
40
20
11
17
16
20
25
21
-6
-35
-47
-51
-59
-73
-84
-78
-59
-37
-28
-34
-43
-54
-37
-19
-22
-44
-53
-32
0
46
75
50
4
2
33
51
40
43
46
43
59
81
82
78
99
108
75
37
46
74
99
113
114
72
19
20
51
62
44
27
43
76
101
100
83
63
33
11
18
34
19
-20
-46
-57
-59
-58
-74
-114
-134
-121
-102
-111
-126
-149
-182
-195
-172
-142
-156
-184
-184
-165
-160
-161
-147
-109
-84
-86
-96
-91
-67
-39
-26
-34
-27
4
33
37
62
124
155
109
55
78
162
217
193
131
87
86
112
114
93
74
85
101
97
96
113
131
128
116
115
113
100
84
67
68
92
121
120
82
40
19
30
56
55
24
-10
-26
-34
-45
-36
-34
-53
-94
-119
-112
-100
-97
-114
-129
-150
-182
-185
-158
-141
-172
-206
-193
-166
-155
-154
-147
-135
-130
-118
-104
-87
-51
-20
-14
-23
-18
0
22
49
78
85
72
74
91
119
132
135
147
153
161
167
184
192
176
154
132
127
132
132
121
106
95
83
58
32
21
26
11
-42
-78
-39
20
23
-20
-51
-46
-38
-35
-48
-65
-63
-56
-73
-99
-96
-74
-77
-91
-94
-92
-87
-73
-66
-90
-122
-121
-89
-75
-83
-86
-83
-90
-98
-75
-43
-37
-46
-36
-6
15
21
17
15
20
28
45
60
65
54
47
62
80
93
98
108
120
120
119
111
110
112
109
95
79
71
56
36
48
74
63
22
13
32
31
9
-8
-29
-58
-66
-49
-39
-54
-67
-61
-42
-26
-24
-39
-47
-50
-55
-62
-66
-75
-95
-90
-55
-20
-11
-21
-22
-14
-11
-23
-39
-38
-21
-21
-47
-63
-50
-28
-25
-29
-26
-21
-11
2
7
13
27
46
55
50
43
40
41
50
53
44
38
49
66
63
47
40
29
18
14
25
29
20
14
4
-15
-41
-46
-30
-19
-26
-35
-34
-27
-36
-37
-23
-9
-9
-34
-59
-71
-61
-50
-62
-69
-45
-1
21
15
14
17
16
7
10
25
30
30
41
70
87
74
50
40
39
43
51
69
73
55
43
50
62
63
55
45
25
4
-1
6
14
5
-6
-8
-6
-19
-32
-22
-11
-13
-23
-21
-22
-31
-27
-11
-19
-61
-91
-84
-71
-76
-90
-92
-94
-93
-88
-80
-77
-82
-68
-55
-57
-55
-37
-10
1
-8
-20
-19
10
37
37
15
11
36
50
47
43
51
60
83
121
150
134
96
74
73
81
90
104
109
95
83
90
103
100
86
71
60
54
42
35
40
42
23
1
11
13
-18
-46
-35
-14
-27
-50
-55
-63
-92
-118
-114
-87
-74
-72
-72
-76
-83
-94
-95
-86
-78
-84
-97
-99
-86
-76
-76
-90
-99
-87
-58
-39
-41
-46
-56
-74
-78
-48
-12
-12
-15
21
71
81
55
39
47
61
82
106
108
101
100
102
96
87
95
99
87
71
65
69
62
45
40
50
54
37
17
7
0
-7
-6
2
9
2
-16
-47
-74
-63
-32
-27
-51
-66
-67
-80
-89
-67
-38
-42
-60
-50
-30
-25
-36
-50
-74
-82
-64
-48
-57
-68
-48
-19
-13
-17
-4
22
36
28
26
36
41
28
19
28
47
56
59
51
46
46
51
45
24
33
71
100
98
82
80
80
71
48
30
40
68
68
39
7
-3
-3
16
35
27
-4
-17
-6
-3
-12
-29
-49
-72
-73
-62
-61
-83
-107
-108
-95
-73
-69
-74
-80
-80
-81
-84
-81
-76
-61
-45
-44
-50
-58
-64
-67
-49
-21
-16
-27
-21
-5
3
10
28
35
20
8
13
27
38
52
66
85
119
132
111
80
76
83
77
72
65
53
45
55
69
64
51
54
55
44
39
45
49
34
24
16
-1
-20
-20
-9
-9
-21
-33
-32
-24
-30
-58
-82
-82
-73
-67
-62
-58
-60
-52
-41
-39
-41
-43
-35
-34
-36
-31
-25
-20
-22
-19
-5
4
1
1
13
20
18
26
37
37
21
17
15
13
6
15
21
14
19
42
73
76
70
73
80
77
71
84
93
87
78
82
83
70
55
54
60
51
22
-2
-6
4
1
-4
-18
-37
-47
-46
-48
-66
-74
-77
-86
-96
-93
-94
-98
-95
-92
-106
-122
-111
-90
-90
-98
-92
-67
-42
-26
-30
-46
-55
-42
-11
14
21
-1
-19
-9
24
40
40
47
56
51
42
49
77
100
107
102
91
78
63
58
65
64
46
29
22
17
12
16
12
-3
-21
-37
-44
-34
-9
-9
-26
-33
-14
-6
-20
-46
-88
-157
-215
-188
-96
-36
-69
-141
-182
-192
-154
-35
78
53
-93
-172
-102
-3
90
195
246
185
89
76
117
167
219
238
170
50
-58
-78
-2
85
93
19
-48
-36
10
4
-58
-104
-56
-9
-13
-28
-13
30
71
58
-25
-59
50
188
205
156
136
128
89
54
45
-13
-109
-165
-160
-130
-89
-45
-55
-140
-205
-153
-45
40
58
40
49
89
160
249
328
384
384
327
224
106
61
106
184
209
151
20
-123
-198
-201
-199
-219
-223
-200
-198
-244
-324
-422
-478
-434
-328
-251
-232
-251
-306
-374
-378
-328
-293
-282
-218
-117
-64
-78
-109
-109
-47
85
234
327
344
368
407
467
504
506
509
556
676
776
788
753
727
707
667
586
439
222
70
73
149
155
29
-168
-372
-518
-579
-587
-583
-596
-616
-625
-634
-708
-850
-944
-888
-711
-545
-452
-448
-493
-502
-417
-295
-213
-149
-16
133
194
164
111
89
132
293
511
606
503
346
281
286
255
151
55
60
180
277
184
-55
-253
-296
-246
-217
-206
-168
-73
23
1
-101
-134
28
316
570
720
823
933
1003
1032
1076
1225
1432
1636
1709
1473
939
378
124
193
365
428
235
-225
-815
-1315
-1617
-1765
-1805
-1726
-1543
-1389
-1433
-1724
-2069
-2149
-1831
-1265
-709
-329
-147
-90
-34
105
313
569
905
1325
1687
1781
1533
1116
811
780
953
1108
1077
828
449
40
-362
-762
-1094
-1227
-1095
-847
-740
-923
-1304
-1622
-1647
-1371
-946
-522
-167
106
283
370
399
475
735
1245
1876
2371
2581
2566
2507
2530
2652
2814
2950
2932
2500
1563
371
-626
-1155
-1313
-1345
-1548
-2113
-2979
-3895
-4572
-4850
-4691
-4145
-3313
-2421
-1789
-1596
-1650
-1471
-802
276
1532
2684
3473
3751
3645
3415
3186
2989
2915
3001
3034
2649
1693
429
-731
-1522
-1933
-2121
-2247
-2441
-2784
-3265
-3751
-4024
-3913
-3337
-2338
-1127
-80
537
788
955
1287
1827
2495
3138
3580
3729
3539
3040
2446
1988
1788
1840
2068
2353
2475
2275
1813
1311
1009
710
-68
-1387
-2688
-3344
-3351
-3149
-3148
-3441
-3905
-4296
-4449
-4299
-3796
-2912
-1653
-217
1005
1614
1573
1376
1629
2398
3271
3870
4068
3838
3195
2292
1348
489
-212
-679
-942
-1252
-1922
-2987
-4013
-4460
-4160
-3413
-2625
-1939
-1330
-790
-330
96
606
1291
2178
3173
4011
4375
4153
3550
2916
2427
1966
1394
712
25
-670
-1452
-2320
-3110
-3583
-3586
-3150
-2443
-1620
-782
16
777
1550
2381
3242
4102
4964
5743
5996
5147
3195
891
-848
-1669
-1854
-1880
-2199
-3089
-4553
-6245
-7566
-7973
-7225
-5459
-3164
-1081
163
476
458
863
1897
3285
4718
6001
6832
6808
5855
4319
2653
1201
217
-233
-444
-986
-2199
-3796
-5180
-5948
-6026
-5434
-4266
-2841
-1597
-724
-89
510
1204
2056
3069
4103
4824
4993
4622
3930
3092
2085
962
-68
-848
-1450
-2129
-2915
-3604
-3911
-3678
-3014
-2079
-977
224
1420
2414
3157
3776
4458
5306
6221
6868
6550
4696
1586
-1676
-3984
-4913
-4776
-4259
-4163
-5013
-6639
-8221
-8697
-7633
-5459
-2775
30
2620
4467
5276
5327
5119
5012
5241
5873
6557
6528
5199
2802
116
-2248
-4089
-5283
-5732
-5653
-5596
-5843
-6100
-5910
-5056
-3632
-1767
380
2474
4166
5318
5985
6226
6038
5528
4872
4122
3200
2043
699
-720
-2153
-3537
-4683
-5348
-5458
-5192
-4777
-4246
-3496
-2435
-1103
322
1637
2723
3565
4206
4713
5121
5398
5503
5521
5547
5528
5212
4444
3033
579
-2979
-6763
-9318
-9848
-8682
-6768
-5115
-4497
-4944
-5597
-5248
-3319
-395
2621
5352
7673
9080
8967
7540
5616
3772
2320
1521
1291
930
-384
-2650
-5023
-6767
-7776
-8090
-7454
-5857
-3977
-2485
-1252
115
1594
2959
4279
5648
6680
6908
6397
5522
4387
2785
790
-1096
-2511
-3489
-4195
-4668
-4864
-4840
-4619
-4104
-3145
-1761
-262
983
1912
2646
3234
3584
3562
3214
2778
2493
2412
2397
2423
2552
2744
2924
3042
3094
2931
2424
1105
-1371
-4603
-7346
-8407
-7617
-5629
-3485
-2164
-2064
-2708
-3023
-2151
-253
1851
3777
5618
7063
7319
6164
4235
2026
-156
-1659
-1921
-1404
-1357
-2334
-3718
-4837
-5676
-6242
-5956
-4464
-2436
-727
666
2063
3237
3872
4230
4652
4829
4351
3497
2806
2208
1206
-334
-1933
-3172
-3950
-4193
-3839
-3103
-2395
-1813
-1134
-282
570
1275
1776
2012
1985
1842
1713
1514
1121
633
298
237
419
833
1523
2355
3088
3662
4161
4586
4739
4521
3561
1276
-2356
-6163
-8483
-8613
-7086
-5008
-3389
-2819
-3149
-3498
-2889
-1247
737
2640
4605
6490
7525
7203
5787
3625
973
-1482
-2826
-2985
-2894
-3317
-4092
-4753
-5213
-5396
-4907
-3564
-1897
-447
946
2582
4198
5360
5998
6109
5427
3940
2254
907
-189
-1327
-2435
-3227
-3722
-4045
-4122
-3820
-3212
-2381
-1155
454
1969
2893
3266
3295
2892
1982
956
271
-109
-440
-646
-539
-213
151
678
1582
2673
3572
4170
4622
4964
4979
4620
3732
1792
-1500
-5512
-8698
-9917
-9068
-6913
-4591
-3022
-2470
-2303
-1555
-11
1720
3165
4558
6104
7292
7485
6561
4620
1727
-1589
-4259
-5563
-5813
-5757
-5660
-5311
-4645
-3827
-2876
-1676
-357
866
2101
3572
5166
6473
7147
6950
5724
3596
1127
-1100
-2866
-4170
-4942
-5093
-4748
-4140
-3318
-2320
-1334
-475
430
1591
2819
3699
4006
3752
2994
1788
348
-965
-1888
-2361
-2354
-1802
-725
637
1981
3107
3918
4414
4692
4830
4839
4708
4483
3943
2345
-846
-5177
-9128
-11284
-11157
-9185
-6347
-3693
-1845
-646
560
2076
3507
4461
5182
6145
7213
7681
6989
5014
1932
-1717
-5005
-7141
-8066
-8244
-7924
-6875
-4989
-2635
-342
1549
2887
3609
3904
4182
4695
5307
5688
5514
4548
2660
37
-2770
-5190
-6876
-7631
-7283
-5854
-3717
-1386
754
2426
3457
3875
3941
3901
3741
3309
2532
1513
350
-942
-2291
-3483
-4202
-4152
-3236
-1606
384
2432
4278
5605
6188
6036
5483
4880
4427
4142
3892
3040
736
-3198
-7727
-11176
-12495
-11570
-8971
-5631
-2494
-72
1825
3627
5121
5728
5458
5142
5380
5788
5603
4421
2192
-935
-4404
-7309
-9031
-9597
-9212
-7706
-4889
-1248
2227
4808
6323
6767
6227
5135
4102
3421
3002
2654
2115
1004
-948
-3496
-5987
-7892
-8896
-8718
-7152
-4361
-967
2352
5054
6720
7148
6466
5121
3603
2217
1097
227
-506
-1275
-2175
-3106
-3845
-4128
-3688
-2370
-286
2169
4436
6040
6703
6430
5478
4234
3070
2232
1811
1835
1908
899
-2055
-6526
-10734
-12985
-12642
-9955
-5831
-1478
2090
4562
6295
7433
7485
6226
4492
3501
3393
3325
2648
1209
-1063
-4072
-7100
-9227
-10107
-9892
-8461
-5432
-1090
3331
6633
8404
8681
7530
5269
2698
638
-547
-884
-673
-480
-978
-2397
-4258
-5875
-6811
-6767
-5418
-2710
827
4384
7323
9155
9470
8059
5291
2060
-758
-2781
-4034
-4580
-4532
-4203
-3914
-3715
-3437
-2804
-1536
441
2817
5052
6719
7538
7407
6436
4979
3495
2343
1679
1415
1229
273
-2228
-6119
-10047
-12346
-12234
-9820
-5863
-1457
2349
5017
6673
7555
7414
6031
4035
2563
2026
1739
1033
-199
-1958
-4283
-6787
-8632
-9309
-8855
-7229
-4162
97
4390
7515
9043
9054
7596
4932
1836
-793
-2448
-2992
-2539
-1656
-1235
-1835
-3116
-4323
-5008
-4960
-3886
-1548
1691
4987
7589
8955
8682
6690
3530
174
-2668
-4765
-6001
-6266
-5635
-4510
-3283
-2073
-875
312
1555
2988
4601
6091
7072
7333
6862
5799
4423
3054
1972
1250
737
-270
-2607
-6286
-10138
-12482
-12477
-10250
-6504
-2162
1865
4925
6898
7965
7963
6656
4543
2806
2110
1850
1160
-161
-1965
-4218
-6724
-8768
-9673
-9339
-7813
-4860
-528
4141
7725
9565
9781
8533
5963
2664
-407
-2548
-3466
-3218
-2299
-1573
-1709
-2588
-3581
-4240
-4413
-3845
-2162
607
3856
6794
8765
9157
7601
4401
545
-2864
-5208
-6387
-6536
-5861
-4594
-3054
-1589
-432
396
1167
2229
3694
5266
6495
7051
6794
5739
4176
2643
1532
926
657
534
-51
-1966
-5355
-9094
-11440
-11495
-9404
-5811
-1587
2308
5129
6769
7523
7264
5730
3418
1553
803
558
19
-927
-2163
-3796
-5747
-7372
-8070
-7809
-6596
-4077
-194
4090
7422
9185
9420
8152
5474
2036
-1116
-3261
-4130
-3741
-2512
-1312
-982
-1577
-2497
-3246
-3671
-3549
-2433
-174
2758
5622
7674
8230
6895
3967
366
-2956
-5420
-6749
-6797
-5657
-3772
-1754
-63
1104
1772
2164
2643
3445
4519
5547
6157
6086
5283
3971
2552
1359
585
286
391
582
-127
-2483
-6111
-9448
-10954
-10218
-7599
-3898
-138
2827
4737
5911
6489
5999
4317
2307
1126
888
732
165
-710
-1894
-3534
-5331
-6556
-6893
-6473
-5141
-2498
1167
4650
6918
7803
7421
5706
2875
-224
-2646
-3916
-3903
-2788
-1301
-420
-593
-1395
-2193
-2750
-2943
-2494
-1111
1075
3567
5817
7183
7076
5326
2455
-684
-3447
-5430
-6311
-5996
-4737
-3022
-1321
70
974
1474
1886
2563
3527
4452
5062
5238
4924
4126
3045
1971
1090
497
309
552
1107
1302
41
-2969
-6711
-9368
-9895
-8360
-5417
-2030
924
2986
4276
5174
5485
4648
2842
1165
522
566
483
25
-784
-2071
-3764
-5257
-5946
-5885
-5250
-3742
-1085
2125
4706
6060
6290
5467
3579
1089
-1114
-2478
-2908
-2442
-1350
-356
-198
-867
-1735
-2365
-2710
-2657
-1879
-267
1799
3833
5399
6012
5313
3375
810
-1680
-3615
-4734
-4965
-4337
-3080
-1569
-149
970
1755
2328
2881
3471
3971
4268
4331
4101
3575
2903
2334
1985
1847
1857
1923
1834
797
-1870
-5837
-9547
-11350
-10738
-8105
-4336
-508
2510
4415
5560
6199
5949
4557
2659
1403
1120
1055
576
-389
-1834
-3763
-5780
-7128
-7500
-7064
-5691
-2985
800
4489
6991
8057
7811
6227
3566
634
-1735
-3170
-3572
-2980
-1889
-1188
-1362
-2106
-2858
-3330
-3353
-2603
-879
1528
4053
6174
7391
7272
5666
2994
3
-2694
-4700
-5746
-5724
-4811
-3408
-1829
-293
972
1882
2554
3181
3805
4322
4613
4632
4364
3889
3350
2838
2363
1905
1569
1270
164
-2518
-6437
-9952
-11460
-10653
-8000
-4312
-495
2636
4674
5935
6634
6301
4652
2470
1110
855
754
161
-875
-2293
-4172
-6163
-7455
-7694
-7089
-5558
-2696
1267
5098
7638
8674
8392
6755
3945
724
-2035
-3844
-4446
-3814
-2511
-1549
-1508
-2058
-2585
-2810
-2674
-1944
-349
1941
4419
6572
7829
7651
5843
2906
-282
-3106
-5212
-6369
-6431
-5487
-3915
-2123
-446
863
1770
2431
3064
3692
4183
4490
4570
4343
3791
3122
2543
2105
1804
1690
1805
1927
996
-1837
-6161
-10104
-11827
-11027
-8189
-4227
-217
2898
4742
5796
6359
5824
3946
1697
619
897
1237
891
-1
-1369
-3352
-5577
-7087
-7501
-7150
-5921
-3186
911
4931
7458
8327
7967
6397
3664
451
-2306
-3999
-4278
-3168
-1463
-442
-713
-1656
-2406
-2719
-2653
-2040
-568
1534
3788
5898
7391
7533
5918
3127
146
-2604
-5014
-6673
-7065
-6131
-4427
-2499
-612
990
2116
2758
3159
3552
3938
4262
4451
4371
3911
3125
2255
1529
1052
899
1037
1294
1387
615
-1655
-5235
-8743
-10490
-9909
-7409
-3918
-415
2348
3995
4781
5070
4699
3477
1849
828
766
869
471
-377
-1481
-2913
-4548
-5741
-6025
-5542
-4402
-2341
645
3720
5830
6648
6395
5100
2787
52
-2195
-3406
-3534
-2781
-1601
-708
-546
-903
-1282
-1462
-1473
-1207
-396
1026
2845
4692
6004
6165
4876
2505
-227
-2759
-4780
-6051
-6321
-5535
-3960
-1967
103
1904
3134
3759
4046
4224
4333
4311
4130
3817
3444
3086
2800
2526
2218
1789
1270
318
-1792
-5202
-8929
-11210
-11119
-8876
-5268
-1357
1915
4040
5180
5826
5875
4942
3272
1832
1303
1157
580
-513
-1902
-3598
-5496
-6975
-7395
-6815
-5491
-3224
94
3750
6563
7966
8110
7039
4686
1551
-1339
-3214
-3923
-3651
-2764
-1832
-1374
-1425
-1659
-1851
-1907
-1624
-674
950
2815
4574
6018
6636
5825
3587
685
-2128
-4564
-6312
-6922
-6190
-4466
-2404
-386
1391
2705
3422
3681
3814
3939
3978
3914
3772
3533
3154
2698
2266
1895
1567
1318
1168
956
-31
-2407
-5865
-9043
-10483
-9814
-7422
-4131
-851
1731
3404
4528
5294
5209
4020
2361
1321
1108
925
318
-582
-1761
-3350
-5053
-6078
-6106
-5484
-4263
-1999
1283
4532
6587
7183
6594
4919
2357
-377
-2449
-3469
-3466
-2660
-1506
-686
-611
-1091
-1704
-2157
-2259
-1752
-472
1341
3267
5007
6154
6181
4833
2451
-313
-2995
-5178
-6284
-6002
-4584
-2696
-827
919
2339
3140
3242
2967
2764
2765
2959
3327
3717
3847
3489
2778
2032
1453
1079
843
797
720
-233
-2666
-6178
-9136
-10226
-9322
-6898
-3699
-466
2090
3703
4809
5526
5359
4136
2550
1647
1373
955
162
-867
-2165
-3828
-5374
-6069
-5891
-5233
-3946
-1630
1387
4019
5559
6114
5770
4328
2061
-125
-1592
-2331
-2487
-2056
-1311
-872
-1037
-1543
-2004
-2196
-2013
-1274
76
1808
3679
5388
6417
6225
4697
2321
-309
-2818
-4749
-5676
-5466
-4387
-2867
-1186
312
1260
1577
1589
1764
2259
2915
3632
4329
4790
4692
3940
2811
1684
775
173
1
331
906
638
-1360
-4838
-8253
-10048
-9822
-7810
-4648
-1204
1648
3559
4945
5982
5981
4512
2336
840
352
41
-515
-1106
-1770
-2852
-4138
-4832
-4720
-4362
-3822
-2397
151
2889
4734
5566
5663
4868
3044
715
-1316
-2618
-3091
-2726
-1807
-1012
-817
-1082
-1387
-1537
-1499
-1135
-226
1174
2849
4559
5830
6036
4855
2655
112
-2335
-4298
-5295
-5090
-4019
-2703
-1419
-201
736
1150
1199
1413
2077
3006
3940
4725
5120
4769
3581
2018
689
-124
-436
-261
445
1525
2349
1765
-861
-4969
-8729
-10565
-10048
-7526
-3900
-212
2615
4336
5383
5771
4912
2767
455
-625
-453
30
362
481
41
-1270
-2932
-4048
-4598
-5064
-5006
-3406
-319
2832
4821
5667
5618
4416
2102
-494
-2399
-3194
-2894
-1676
-138
844
888
299
-470
-1201
-1736
-1749
-1033
294
2033
3862
5157
5288
4104
2115
-106
-2229
-3867
-4599
-4264
-3214
-1933
-641
452
1015
949
690
862
1606
2599
3532
4223
4438
3931
2741
1314
122
-592
-720
-201
897
2189
3195
3098
1138
-2688
-7103
-10104
-10631
-8766
-5406
-1705
1369
3261
4191
4513
3952
2302
245
-850
-411
761
1784
2343
2177
949
-1147
-3210
-4652
-5658
-6093
-5140
-2495
818
3392
4787
5213
4555
2726
359
-1553
-2441
-2256
-1065
765
2303
2710
1961
607
-891
-2273
-3179
-3187
-2209
-450
1790
3915
5181
5067
3650
1450
-943
-2833
-3634
-3360
-2558
-1758
-1007
-216
358
483
353
424
909
1708
2716
3802
4489
4302
3306
2153
1405
1065
965
1143
1648
2286
2317
852
-2346
-6516
-9954
-11352
-10243
-7128
-3264
143
2436
3844
4780
4970
4000
2236
903
822
1494
2081
2267
1924
682
-1499
-3859
-5579
-6637
-7095
-6271
-3642
14
3162
5062
5935
5753
4207
1728
-534
-1670
-1627
-687
804
2145
2489
1532
-250
-2139
-3664
-4485
-4232
-2768
-430
2110
4158
5226
5112
3936
2102
98
-1594
-2540
-2568
-1901
-1073
-500
-297
-462
-921
-1360
-1328
-621
568
1937
3284
4312
4622
4042
2900
1752
960
566
606
1124
1992
2810
3203
2557
203
-3916
-8509
-11468
-11658
-9293
-5514
-1561
1627
3505
4287
4454
4030
2905
1491
885
1612
2938
3844
3773
2462
-150
-3471
-6251
-7733
-8092
-7479
-5530
-2251
1317
3928
5197
5347
4416
2613
787
-118
104
991
2113
3107
3295
2144
-133
-2680
-4716
-5851
-5778
-4307
-1762
1065
3431
4924
5414
4863
3490
1748
109
-1013
-1435
-1225
-693
-286
-338
-949
-1966
-2931
-3307
-2736
-1241
775
2876
4604
5524
5389
4295
2743
1242
162
-224
191
1215
2341
3063
3212
2659
821
-2669
-7151
-10708
-11755
-10080
-6471
-2207
1411
3442
3885
3570
3034
2206
1202
781
1627
3217
4420
4615
3636
1294
-2197
-5609
-7623
-8085
-7546
-6040
-3285
131
2881
4173
4278
3607
2248
668
-211
133
1344
2724
3805
4091
3079
817
-1958
-4283
-5544
-5521
-4284
-2210
114
2163
3587
4154
3828
2873
1742
782
191
87
356
597
425
-228
-1153
-2198
-3193
-3748
-3385
-2006
-52
1949
3638
4672
4727
3825
2450
1170
276
-133
44
799
1839
2696
3095
3037
2509
1002
-1901
-5770
-9121
-10395
-9179
-6051
-2276
815
2328
2265
1571
1061
794
567
647
1682
3515
5140
5640
4699
2365
-1049
-4519
-6753
-7301
-6667
-5362
-3373
-908
1200
2246
2326
1953
1304
550
257
908
2335
3845
4899
5140
4185
1978
-896
-3406
-4823
-5088
-4456
-3176
-1482
265
1653
2451
2674
2467
2031
1594
1402
1524
1701
1570
1028
227
-701
-1728
-2690
-3224
-3089
-2388
-1382
-231
954
1881
2255
2084
1716
1482
1502
1748
2090
2408
2579
2639
2649
2639
2510
2164
1260
-746
-3989
-7548
-9696
-9479
-7238
-4206
-1555
16
319
-48
-180
289
1071
1916
3214
5059
6627
6938
5678
3118
-356
-3926
-6365
-7111
-6638
-5659
-4249
-2358
-539
539
812
728
547
437
888
2250
4150
5765
6566
6361
4964
2437
-588
-3195
-4796
-5283
-4734
-3353
-1631
-194
621
905
903
803
788
1033
1545
2149
2588
2645
2245
1414
259
-1045
-2200
-2930
-3166
-3005
-2536
-1791
-847
115
925
1573
2088
2431
2546
2480
2361
2193
1975
1800
1830
2100
2478
2769
2851
2252
276
-3203
-7088
-9585
-9820
-8042
-5241
-2473
-586
66
49
210
814
1536
2228
3388
5107
6576
6878
5705
3283
-65
-3543
-6011
-6861
-6416
-5393
-4104
-2659
-1399
-676
-404
-143
330
1034
2147
3775
5581
6889
7241
6500
4703
2135
-608
-2805
-4037
-4286
-3814
-3016
-2314
-1988
-1972
-1970
-1732
-1154
-205
1100
2548
3783
4439
4303
3411
1997
433
-986
-2016
-2542
-2624
-2420
-2116
-1759
-1378
-1025
-671
-198
484
1262
1949
2460
2784
2885
2792
2612
2497
2491
2577
2682
2747
2502
1211
-1630
-5559
-8895
-10159
-9015
-6227
-3101
-824
-70
-435
-801
-394
653
1848
3227
4968
6588
7239
6478
4441
1355
-2193
-5029
-6176
-5713
-4571
-3437
-2432
-1640
-1224
-1080
-793
-195
560
1486
2751
4235
5464
6088
5930
4845
2897
621
-1214
-2239
-2602
-2634
-2547
-2444
-2457
-2602
-2717
-2666
-2335
-1590
-299
1340
2758
3514
3496
2914
2034
1120
420
3
-208
-397
-668
-971
-1336
-1789
-2265
-2507
-2216
-1342
-108
1095
1976
2426
2469
2287
2130
2155
2368
2736
3254
3858
4399
4402
3018
-237
-4645
-8382
-9992
-9184
-6791
-4160
-2484
-2258
-2832
-3032
-2208
-634
1176
3200
5402
7231
8001
7428
5590
2717
-355
-2413
-2865
-2280
-1671
-1521
-1851
-2603
-3606
-4365
-4403
-3743
-2601
-998
1048
3151
4817
5840
6102
5484
4146
2693
1693
1212
941
577
-43
-1013
-2278
-3557
-4502
-4965
-4984
-4530
-3536
-2122
-631
662
1656
2303
2553
2548
2626
2935
3226
3146
2610
1737
602
-712
-1952
-2811
-3147
-3047
-2611
-1905
-1048
-279
263
699
1231
1903
2639
3375
4038
4505
4716
4723
4575
3963
2214
-1028
-5112
-8475
-9860
-9030
-6831
-4566
-3264
-3158
-3553
-3454
-2359
-569
1376
3354
5404
7245
8306
8213
6951
4772
2330
409
-617
-1090
-1629
-2546
-3761
-4947
-5739
-5818
-5145
-4013
-2800
-1658
-507
736
2107
3528
4747
5450
5569
5327
4919
4286
3265
1813
93
-1652
-3136
-4113
-4512
-4521
-4423
-4305
-4100
-3705
-3085
-2199
-1046
270
1546
2616
3444
4019
4244
4038
3488
2780
1986
1140
339
-290
-742
-1125
-1468
-1722
-1841
-1870
-1784
-1494
-1013
-452
143
862
1712
2572
3328
3968
4491
4836
4674
3416
793
-2564
-5291
-6353
-5687
-4153
-2954
-2977
-4253
-5872
-6580
-5682
-3465
-693
2099
4618
6546
7526
7449
6464
4940
3478
2660
2595
2732
2278
750
-1695
-4421
-6672
-7887
-7940
-7088
-5773
-4351
-2961
-1588
-125
1359
2627
3555
4320
5162
6034
6641
6661
5905
4349
2255
105
-1661
-2892
-3768
-4470
-5071
-5512
-5692
-5493
-4854
-3874
-2688
-1313
282
2009
3589
4723
5264
5271
4932
4427
3823
3065
2086
909
-351
-1533
-2498
-3161
-3530
-3627
-3422
-2877
-2033
-1021
26
1027
1932
2761
3565
4373
5127
5748
5957
5154
2883
-467
-3615
-5386
-5482
-4559
-3661
-3623
-4610
-5975
-6671
-6002
-4108
-1646
820
2980
4605
5492
5609
5060
4099
3170
2716
2830
3074
2808
1597
-502
-2936
-4918
-5866
-5729
-4959
-4123
-3569
-3322
-3154
-2720
-1811
-567
708
1885
3022
4105
4933
5311
5175
4577
3683
2791
2156
1754
1248
339
-963
-2424
-3746
-4642
-4920
-4673
-4182
-3601
-2853
-1913
-942
-88
646
1323
1938
2455
2863
3149
3226
3030
2647
2278
2047
1860
1510
893
48
-838
-1490
-1704
-1462
-973
-439
41
414
612
657
731
1099
1862
2567
2489
1259
-524
-1794
-1929
-1146
-284
-146
-1056
-2664
-4181
-4827
-4352
-3158
-1896
-979
-448
-186
-30
126
310
673
1408
2553
3746
4451
4270
3123
1346
-418
-1516
-1712
-1370
-1122
-1385
-2206
-3343
-4303
-4529
-3826
-2578
-1325
-281
627
1463
2156
2666
3033
3334
3633
3970
4318
4456
4074
3052
1593
45
-1278
-2153
-2540
-2643
-2781
-3133
-3640
-4056
-4120
-3706
-2862
-1762
-567
579
1545
2210
2553
2680
2717
2787
2958
3177
3235
2924
2242
1342
422
-371
-911
-1162
-1195
-1105
-957
-758
-520
-221
212
818
1558
2258
2524
1912
344
-1509
-2636
-2468
-1308
-82
278
-581
-2276
-3930
-4686
-4245
-3006
-1691
-785
-334
-161
-82
-13
69
270
773
1634
2625
3386
3595
3093
1993
754
-30
-95
252
378
-167
-1389
-2883
-4015
-4271
-3594
-2475
-1497
-912
-601
-283
213
945
1851
2828
3721
4371
4723
4747
4375
3530
2319
1056
38
-644
-1151
-1705
-2431
-3304
-4149
-4708
-4722
-4168
-3293
-2395
-1574
-752
139
1058
1889
2487
2760
2785
2711
2608
2429
2120
1677
1155
663
275
-41
-403
-795
-1069
-1082
-775
-181
612
1382
1891
2064
2039
2009
2062
2029
1564
418
-1176
-2543
-3019
-2504
-1623
-1294
-2030
-3534
-4980
-5508
-4719
-2907
-895
477
874
608
313
455
1046
1820
2557
3135
3414
3227
2517
1400
130
-955
-1509
-1355
-669
31
185
-411
-1450
-2304
-2423
-1663
-398
760
1349
1290
838
412
332
629
1060
1334
1354
1203
1015
851
690
492
266
120
168
383
573
462
-102
-1014
-1922
-2369
-2116
-1389
-721
-586
-1044
-1792
-2356
-2349
-1721
-747
136
676
874
912
995
1214
1539
1856
2090
2249
2361
2350
2106
1640
1143
819
751
881
1025
952
548
-31
-490
-591
-249
298
565
71
-1120
-2368
-2945
-2540
-1465
-403
-40
-655
-1961
-3181
-3530
-2757
-1360
-220
115
-281
-882
-1171
-1016
-549
63
731
1387
1934
2327
2547
2548
2339
2028
1799
1777
1857
1781
1298
370
-723
-1497
-1603
-1167
-717
-751
-1384
-2320
-3046
-3142
-2482
-1323
-186
490
627
511
478
671
1069
1540
1960
2242
2333
2201
1835
1257
539
-185
-744
-1035
-1103
-1073
-1078
-1174
-1348
-1548
-1703
-1732
-1579
-1247
-754
-156
420
817
954
903
811
828
978
1167
1265
1216
1066
883
729
618
549
527
584
723
922
1143
1324
1399
1366
1291
1242
1205
1005
396
-688
-1937
-2758
-2718
-1917
-982
-679
-1346
-2709
-4053
-4624
-4043
-2542
-868
195
315
-228
-773
-747
-39
1031
1993
2509
2505
2136
1723
1501
1503
1609
1656
1576
1371
1024
458
-316
-1073
-1481
-1332
-736
-85
185
-156
-972
-1824
-2224
-1906
-1038
-72
515
498
7
-578
-857
-653
-108
463
846
1019
1052
971
819
704
741
926
1142
1249
1208
1051
791
405
-56
-436
-551
-375
-142
-157
-574
-1228
-1761
-1849
-1435
-727
-86
205
59
-361
-715
-729
-336
311
953
1336
1348
1070
716
471
420
548
752
885
859
729
623
640
809
1112
1395
1393
930
119
-659
-1019
-831
-331
10
-156
-849
-1765
-2499
-2733
-2399
-1769
-1312
-1379
-1927
-2534
-2707
-2230
-1237
-108
751
1116
1058
855
789
992
1405
1835
2086
2091
1877
1504
1040
599
371
469
813
1134
1154
754
51
-642
-1008
-932
-546
-109
107
-61
-546
-1092
-1411
-1372
-1060
-672
-381
-262
-303
-416
-469
-337
6
473
893
1119
1128
1025
929
909
954
988
924
692
315
-134
-543
-806
-901
-880
-821
-772
-746
-748
-781
-809
-783
-666
-474
-261
-75
80
197
248
217
137
89
105
193
351
513
597
597
601
683
863
1123
1439
1734
1834
1621
1130
624
362
385
542
605
427
-63
-777
-1497
-1974
-2089
-1901
-1632
-1526
-1672
-1979
-2267
-2331
-1991
-1264
-470
13
83
-82
-235
-194
128
661
1177
1441
1370
1057
676
410
396
668
1087
1429
1504
1286
915
586
458
549
762
961
1007
833
463
32
-306
-456
-427
-324
-312
-501
-877
-1303
-1587
-1605
-1358
-976
-624
-448
-490
-655
-761
-694
-447
-105
216
432
517
498
420
335
280
269
283
283
222
92
-73
-212
-278
-244
-136
-46
-46
-100
-113
-26
149
355
520
578
528
418
313
247
221
204
195
236
339
450
497
445
318
181
128
205
386
588
719
748
684
598
533
488
395
205
-53
-339
-604
-815
-924
-951
-992
-1127
-1354
-1564
-1625
-1460
-1137
-819
-632
-589
-581
-500
-318
-56
260
590
814
844
711
535
394
306
278
317
416
513
555
525
477
425
357
298
328
462
578
526
288
0
-203
-290
-337
-395
-451
-482
-486
-486
-473
-420
-302
-151
-43
0
20
58
97
145
220
312
367
325
161
-113
-409
-601
-622
-511
-362
-271
-281
-383
-490
-501
-381
-166
91
341
520
586
553
464
368
318
317
340
343
328
308
277
245
211
170
107
28
-25
7
156
386
630
841
978
989
858
616
329
58
-137
-241
-318
-440
-630
-833
-980
-1019
-937
-773
-597
-459
-339
-198
-9
226
469
641
645
451
145
-130
-261
-228
-93
30
32
-125
-392
-674
-870
-915
-796
-565
-299
-74
69
108
65
27
87
261
448
538
496
367
234
149
130
154
167
132
56
-20
-70
-86
-54
4
63
110
140
132
57
-45
-103
-74
16
110
168
160
77
-60
-210
-329
-398
-383
-254
-59
90
125
80
11
-42
-39
30
102
107
88
126
230
300
278
221
227
303
358
332
255
186
122
37
-94
-235
-371
-498
-633
-700
-634
-443
-223
-38
99
192
265
323
384
447
515
553
529
413
223
17
-158
-289
-407
-526
-630
-699
-730
-723
-670
-557
-383
-162
79
291
444
549
645
744
827
869
839
723
533
309
78
-122
-241
-255
-216
-203
-251
-322
-340
-261
-101
77
222
305
309
235
119
3
-87
-157
-216
-273
-352
-468
-610
-755
-863
-872
-724
-448
-124
160
355
462
529
625
759
889
945
892
733
526
321
135
-49
-237
-415
-569
-681
-728
-721
-687
-627
-523
-355
-161
9
114
135
91
13
-44
-52
-26
1
14
14
-6
-44
-82
-104
-121
-133
-122
-76
-5
95
232
373
438
402
312
225
156
91
3
-109
-225
-300
-313
-300
-281
-241
-163
-52
35
65
57
86
211
394
559
652
655
571
450
358
330
337
328
254
104
-57
-171
-220
-221
-191
-150
-137
-162
-206
-249
-279
-298
-296
-248
-162
-84
-36
8
82
173
249
284
264
210
173
192
250
306
347
354
310
220
113
4
-101
-185
-219
-202
-173
-189
-269
-405
-562
-681
-703
-644
-587
-592
-627
-643
-600
-514
-432
-373
-312
-216
-99
20
144
267
364
435
498
568
632
650
598
485
366
268
199
176
199
231
215
142
65
33
48
73
86
111
154
161
81
-52
-154
-186
-162
-101
-48
-48
-107
-184
-233
-247
-212
-140
-59
25
128
233
288
276
234
198
189
237
326
379
335
214
80
-24
-105
-162
-202
-252
-320
-378
-379
-315
-230
-154
-82
-10
56
100
107
73
-12
-115
-188
-206
-172
-114
-51
-31
-76
-168
-277
-369
-407
-358
-227
-64
86
183
220
213
181
147
124
118
120
125
117
92
56
6
-49
-90
-102
-108
-127
-139
-122
-88
-40
25
99
143
134
105
100
151
231
306
360
393
398
358
298
252
233
206
151
71
-13
-88
-140
-157
-154
-168
-200
-223
-216
-202
-197
-183
-142
-98
-99
-134
-155
-144
-125
-127
-150
-158
-138
-112
-96
-81
-43
-11
11
52
115
165
174
170
175
162
113
60
39
51
65
71
74
61
14
-53
-104
-143
-186
-225
-220
-173
-121
-92
-94
-108
-121
-105
-52
20
91
148
186
184
137
81
50
44
40
46
78
133
184
203
182
119
35
-24
-17
45
102
129
122
75
-18
-135
-232
-288
-306
-281
-220
-138
-62
3
58
96
112
123
157
198
219
215
211
219
204
153
86
48
44
32
-29
-147
-280
-371
-383
-324
-230
-113
6
72
40
-74
-181
-219
-176
-78
35
99
86
24
-26
-39
-39
-57
-65
-48
-1
53
138
246
301
272
214
205
232
229
176
104
41
-4
-22
-17
-8
-31
-109
-201
-253
-260
-268
-293
-284
-205
-85
13
64
84
70
30
-26
-38
10
92
172
218
219
169
85
-5
-69
-62
32
171
290
347
320
211
71
-38
-88
-87
-52
-5
19
-8
-84
-193
-317
-434
-506
-493
-394
-256
-128
-50
-43
-97
-157
-176
-145
-66
50
189
295
321
262
155
50
-32
-87
-95
-59
2
60
97
113
125
143
152
134
107
89
79
71
56
45
37
32
26
26
42
48
24
-24
-56
-52
-25
15
70
121
151
165
162
139
89
27
-21
-24
14
62
84
63
6
-60
-104
-115
-113
-108
-100
-92
-81
-60
-29
-16
-7
36
89
77
-14
-83
-71
-39
-55
-95
-101
-83
-86
-82
-38
0
-32
-96
-95
-17
57
71
45
48
92
129
100
25
-39
-67
-80
-91
-85
-57
-21
9
22
20
2
-15
-36
-63
-91
-110
-110
-111
-108
-91
-44
16
50
45
18
8
29
59
85
115
148
151
108
35
-31
-92
-137
-156
-134
-94
-59
-45
-51
-74
-95
-98
-79
-43
-2
31
39
21
-5
-28
-45
-44
-13
35
89
155
226
269
267
216
141
81
74
112
149
177
207
232
213
151
88
54
50
68
108
153
174
149
90
6
-86
-153
-174
-170
-176
-192
-202
-209
-226
-250
-256
-246
-226
-195
-154
-110
-87
-66
-28
13
34
22
21
55
110
154
179
199
216
209
159
78
-2
-44
-41
-31
-58
-121
-166
-167
-135
-93
-43
14
49
46
16
-14
-42
-73
-107
-145
-186
-201
-206
-231
-272
-275
-220
-154
-100
-31
50
120
168
206
225
203
177
161
113
42
-1
9
13
-2
12
50
69
56
58
84
108
120
138
152
148
138
142
163
179
177
154
120
96
72
38
0
-27
-44
-67
-100
-116
-102
-51
22
65
53
26
42
103
142
145
137
122
86
40
-3
-56
-125
-193
-244
-291
-334
-348
-310
-242
-182
-134
-84
-40
-15
1
36
98
159
196
204
178
126
55
-8
-53
-77
-101
-133
-175
-208
-219
-218
-216
-220
-208
-189
-178
-167
-132
-61
21
81
116
149
184
217
242
258
246
184
100
31
-4
-30
-52
-63
-45
-9
37
94
155
198
217
227
244
251
237
188
116
41
-32
-111
-200
-265
-281
-249
-201
-158
-117
-73
-24
10
22
33
93
213
325
364
324
255
205
176
135
56
-27
-48
-16
-19
-92
-196
-243
-231
-200
-193
-191
-167
-147
-123
-83
-35
-51
-131
-176
-125
-37
-2
-31
-73
-88
-90
-97
-113
-127
-118
-76
-25
7
39
91
144
155
121
94
102
132
166
194
208
191
154
112
75
33
-10
-34
-33
-29
-34
-30
-6
23
21
1
-15
-17
-18
-26
-36
-44
-46
-41
-17
14
43
54
51
34
5
-27
-54
-79
-118
-170
-221
-248
-239
-187
-109
-37
10
42
83
124
169
234
297
318
290
242
188
128
79
52
28
-5
-56
-121
-199
-262
-289
-271
-222
-164
-121
-93
-66
-31
11
53
94
101
70
19
-38
-99
-145
-132
-53
9
-27
-126
-175
-101
44
153
161
97
45
63
102
101
88
143
271
341
264
77
-90
-127
-34
72
80
2
-52
-39
-18
-41
-122
-212
-214
-54
206
401
397
204
-16
-98
-6
123
143
43
-90
-179
-215
-202
-165
-116
-57
1
2
-97
-247
-336
-303
-194
-97
-68
-85
-82
-19
67
106
84
44
41
101
189
236
211
149
115
149
227
279
243
150
74
60
85
109
88
-6
-129
-198
-169
-100
-75
-110
-160
-160
-108
-56
-59
-95
-107
-71
-16
7
-8
-44
-63
-47
-21
-24
-65
-108
-123
-93
-43
-4
12
10
11
18
36
56
68
79
112
167
214
221
188
126
47
-26
-76
-96
-93
-78
-60
-34
-9
-14
-69
-135
-155
-125
-69
-8
48
88
103
109
111
112
105
97
90
78
55
26
6
-7
-34
-76
-112
-126
-134
-151
-175
-197
-187
-132
-71
-55
-73
-70
-36
-12
-9
-5
7
19
35
70
107
126
123
132
165
200
188
139
116
136
160
153
128
96
55
2
-22
-1
35
29
-39
-103
-115
-89
-89
-153
-230
-245
-190
-129
-121
-144
-159
-144
-128
-121
-96
-43
0
-4
6
88
197
248
244
239
256
267
252
202
144
104
84
59
4
-69
-135
-170
-168
-147
-120
-92
-49
-4
29
40
37
28
0
-37
-67
-74
-67
-69
-88
-118
-151
-183
-195
-187
-158
-113
-42
44
119
174
205
217
228
251
278
284
264
226
157
66
-18
-84
-154
-234
-286
-296
-280
-256
-218
-171
-126
-80
-20
56
130
187
222
240
233
195
125
37
-47
-109
-141
-154
-163
-173
-181
-179
-163
-136
-91
-22
67
145
194
219
240
256
252
236
208
169
109
30
-47
-109
-154
-195
-221
-220
-207
-193
-179
-148
-94
-19
69
140
191
217
223
215
194
167
126
78
22
-38
-85
-123
-151
-172
-178
-167
-158
-155
-138
-76
17
100
145
141
109
84
105
152
167
121
49
-6
-28
-35
-60
-103
-142
-153
-124
-81
-58
-65
-75
-50
-18
-4
3
22
45
45
29
18
11
17
31
43
38
12
-25
-58
-72
-70
-58
-35
-12
-3
-14
-25
-32
-41
-40
-24
1
17
30
51
76
84
73
62
55
56
60
60
62
54
44
36
36
19
-18
-53
-66
-65
-65
-56
-37
-29
-31
-26
-7
11
14
8
-3
-10
-10
-10
-12
-28
-67
-122
-158
-137
-89
-64
-64
-56
-24
0
10
19
45
91
141
168
178
194
210
197
147
89
36
-13
-49
-58
-50
-47
-49
-48
-45
-40
-24
17
68
105
122
117
96
62
39
34
30
6
-32
-68
-95
-117
-143
-166
-190
-193
-179
-151
-113
-67
-21
1
13
28
49
70
86
90
78
49
20
3
-10
-25
-35
-34
-40
-72
-102
-92
-54
-24
-11
11
45
75
91
90
81
67
73
92
100
76
36
14
17
16
-10
-47
-57
-29
6
14
9
11
20
22
20
22
18
14
14
19
24
27
29
26
6
-22
-42
-36
-20
-23
-46
-65
-60
-44
-30
-23
-21
-21
-17
-11
0
20
43
62
79
94
93
74
53
44
36
28
25
24
10
-14
-25
-21
-13
-14
-21
-31
-48
-64
-68
-55
-32
-10
1
6
10
12
1
-27
-51
-45
-12
18
26
15
-7
-37
-60
-66
-66
-63
-47
-25
-22
-42
-61
-64
-54
-40
-25
-8
14
36
46
27
-4
-25
-34
-25
-4
22
36
42
39
20
-13
-44
-51
-45
-27
-9
4
17
24
26
31
41
53
57
65
75
66
40
20
26
47
54
38
8
-10
-19
-29
-40
-42
-32
-23
-16
3
23
23
0
-16
-13
6
29
43
48
47
39
19
0
-4
-2
-17
-31
-22
11
36
42
39
29
30
38
46
49
56
60
41
10
-15
-18
-7
15
33
23
-7
-36
-45
-46
-48
-46
-45
-48
-44
-29
-9
-2
-12
-30
-51
-55
-49
-27
0
21
25
15
16
19
7
-20
-40
-44
-51
-65
-74
-72
-75
-84
-83
-59
-30
-15
-10
-7
-3
-7
-14
-4
22
47
63
70
57
29
9
11
20
25
32
37
30
19
17
16
5
-7
-10
7
37
67
85
78
64
49
35
20
1
-19
-30
-33
-40
-63
-92
-95
-61
-10
19
16
4
9
28
49
67
75
71
59
56
59
58
50
34
8
-19
-43
-64
-79
-83
-82
-73
-43
7
39
33
17
8
11
20
45
66
57
35
22
21
4
-25
-44
-53
-48
-39
-27
-18
-15
-15
-16
-11
8
26
35
33
20
0
-17
-29
-38
-46
-45
-38
-42
-67
-101
-125
-133
-111
-65
-27
-20
-18
17
58
76
66
58
56
61
71
74
55
27
-1
-20
-31
-32
-36
-45
-41
-25
-1
18
33
32
17
13
26
39
45
49
55
47
27
9
-1
1
1
-12
-35
-49
-38
-14
8
20
25
28
31
32
23
21
38
58
53
31
16
9
-9
-25
-32
-28
-36
-47
-52
-50
-40
-25
-13
-16
-15
-4
16
35
51
60
58
52
37
9
-25
-38
-28
-14
-14
-18
-11
1
-4
-24
-50
-57
-44
-14
5
7
7
3
-9
-32
-35
-18
-5
-7
-4
14
28
22
10
14
32
46
50
54
56
49
40
26
10
-2
-3
0
-11
-40
-67
-72
-57
-33
-16
-14
-11
0
17
22
19
17
17
14
10
8
7
13
23
34
31
10
-10
-11
1
19
41
53
52
44
45
43
25
3
-9
-14
-25
-36
-46
-57
-70
-75
-82
-88
-92
-94
-92
-79
-50
-28
-24
-21
-13
-5
0
8
16
16
21
40
60
62
42
21
20
39
55
47
27
12
1
-14
-32
-40
-39
-30
-22
-21
-25
-28
-21
-7
8
21
38
50
52
49
46
55
67
74
66
52
50
55
48
25
3
-13
-27
-38
-43
-42
-32
-18
-13
-21
-25
-25
-23
-20
-18
-19
-23
-25
-28
-36
-47
-63
-84
-97
-94
-79
-56
-25
0
11
19
29
46
63
81
93
90
86
86
84
65
31
7
3
9
-10
-43
-64
-61
-53
-59
-68
-66
-46
-21
2
10
4
-6
13
60
99
84
26
-26
-38
-19
-9
-23
-45
-41
-4
26
29
-4
-38
-38
-1
36
50
55
63
55
41
46
48
38
33
49
48
8
-25
-16
7
-2
-33
-62
-63
-42
-27
-21
-22
-17
-14
-11
-10
-17
-26
-31
-22
-11
-5
-2
0
9
24
31
23
5
-11
-18
-20
-23
-22
-24
-20
-15
-15
-10
13
39
37
24
26
37
40
28
11
-8
-28
-41
-41
-41
-35
-19
-8
-12
-26
-27
-13
-4
1
16
39
61
80
95
99
82
58
53
60
58
39
27
23
0
-37
-63
-70
-73
-73
-56
-33
-24
-30
-40
-40
-24
7
38
57
56
46
31
18
2
-17
-34
-40
-36
-38
-45
-55
-63
-65
-59
-48
-41
-38
-24
4
36
65
88
92
79
68
60
47
17
-10
-26
-38
-51
-62
-66
-69
-74
-88
-91
-72
-39
-10
9
33
49
27
-19
-29
12
61
69
40
11
3
20
24
-7
-46
-49
-10
16
23
18
41
70
73
52
50
99
138
123
69
44
51
48
23
3
5
18
18
-5
-32
-62
-93
-102
-82
-57
-56
-59
-39
-16
-3
12
37
56
56
40
19
3
-4
0
-3
-24
-57
-76
-73
-68
-71
-63
-34
-3
18
24
23
17
8
-2
-12
-15
-13
-9
-3
1
-11
-32
-44
-35
-19
-12
-18
-33
-40
-19
3
0
-23
-35
-22
-4
9
24
44
56
40
13
4
7
6
-4
-8
-9
1
21
32
19
-8
-23
-22
-12
-5
3
22
45
51
33
6
3
24
49
61
69
80
78
64
54
46
23
-2
-4
3
-9
-25
-30
-23
-23
-24
-11
2
3
-11
-20
-22
-16
-4
10
22
22
11
-2
-7
-10
-16
-20
-19
-10
-5
-7
-19
-31
-27
-13
0
-1
-2
-9
-31
-41
-31
-10
-14
-15
8
38
41
17
-9
-26
-18
16
38
19
-15
-20
1
13
0
-18
-30
-31
-27
-18
-14
-6
7
24
32
17
2
-1
10
16
13
8
-1
-11
-19
-20
-18
-15
-6
-5
-13
-16
1
34
49
34
9
-4
-1
2
-4
-8
-2
8
10
1
-10
-13
-13
-15
-13
-8
-9
-17
-14
1
-3
-30
-51
-34
5
23
26
25
21
11
8
16
16
1
-11
-8
-1
3
0
1
3
2
4
1
-2
-10
-12
0
9
3
-9
-10
1
13
18
17
5
-7
-11
-14
-22
-19
-5
8
15
11
7
5
9
17
16
14
12
6
7
25
44
38
6
-24
