-50
-26
9
-1
-35
-42
-4
38
29
-14
-46
-41
-9
14
24
21
-7
-33
-38
-7
31
29
-11
-41
-30
5
29
28
-1
-34
-45
-25
3
16
14
-3
-19
-19
-9
2
11
12
-3
-22
-25
-11
-8
-16
-11
5
11
1
-8
-5
2
4
6
13
10
4
4
7
8
10
20
21
14
16
26
28
22
29
37
26
5
-1
9
16
7
-5
-6
5
15
14
2
-7
-13
-20
-23
-19
-5
13
24
18
4
2
12
12
4
-2
6
19
24
21
13
19
37
45
34
15
-2
-20
-38
-44
-31
-13
-5
-5
-10
-12
-4
4
0
-19
-37
-36
-18
4
14
15
19
30
35
32
18
12
16
28
34
25
15
17
30
26
12
7
6
4
7
13
11
0
-5
-5
-11
-11
-9
-9
-20
-32
-30
-20
-12
-16
-21
-17
-9
-3
2
4
-6
-22
-27
-15
-7
-13
-22
-26
-30
-35
-32
-28
-23
-21
-20
-16
-6
2
4
7
12
10
3
-3
2
8
11
12
8
-1
-13
-19
-14
-1
1
-2
4
10
5
-6
-6
8
19
14
7
8
13
11
1
-5
-4
2
5
2
0
1
4
9
18
24
19
10
7
11
9
3
1
10
21
22
14
5
2
1
0
-5
-6
2
10
10
-1
-10
-10
-10
-15
-15
-8
-5
-14
-17
-10
-7
-8
5
22
6
-26
-41
-26
-19
-32
-34
-13
9
10
-5
-11
-6
0
4
2
-4
-7
-2
7
20
23
8
-13
-21
-12
-7
-13
-7
5
16
14
13
19
28
37
42
41
36
32
29
27
18
-4
-23
-30
-10
15
27
12
-27
-46
-29
11
26
12
-11
-22
-31
-34
-27
-17
-11
-20
-25
-25
-9
0
-8
-7
10
18
-11
-37
-24
4
24
22
7
-12
-13
17
36
16
-29
-46
-9
34
29
-17
-41
-29
-11
-6
3
18
27
22
4
-15
-22
-7
13
23
16
8
2
0
9
24
30
22
20
23
21
17
19
27
21
3
-8
-8
-6
-7
-6
6
17
10
-5
-7
-2
-3
-13
-19
-13
-3
7
6
-4
-11
-8
0
-4
-16
-23
-15
1
17
20
15
7
3
7
16
24
15
-6
-12
-2
10
8
2
-1
2
15
35
37
21
4
3
8
6
-1
-16
-16
5
22
15
-6
-12
-7
-8
-9
4
23
24
8
-7
-6
-2
-7
-11
-8
-4
-12
-21
-16
-8
-5
-11
-11
-2
6
7
-4
-10
-18
-18
-14
-12
-4
4
7
-2
-13
-17
-17
-14
-17
-23
-22
-13
3
20
1
-35
-60
-40
-8
-4
-11
-20
-17
-7
-2
-5
-15
-12
-2
-2
-14
-20
-16
-14
-15
-6
6
0
-24
-29
-12
0
-2
-5
5
7
2
2
13
16
7
7
21
31
22
7
0
3
10
15
22
31
23
1
-7
4
21
18
8
2
2
3
6
15
26
26
17
17
23
30
31
30
28
27
28
31
29
17
4
0
1
6
10
13
12
3
-6
0
14
25
21
18
19
11
-8
-22
-24
-15
-9
-5
-8
-22
-31
-35
-31
-21
-9
3
8
6
2
2
2
2
1
4
-1
-12
-24
-28
-9
9
5
-19
-33
-24
-16
-17
-18
-6
3
-4
-12
-11
1
6
2
-7
-22
-33
-30
-19
-9
-9
-25
-36
-30
-4
10
6
-2
-3
2
8
6
-14
-23
-3
18
6
-17
-10
30
51
24
-21
-42
-17
21
43
31
-6
-26
-10
30
50
31
-12
-40
-35
4
29
12
-22
-35
-7
29
41
25
5
9
33
50
50
47
39
27
14
10
11
8
10
15
15
14
13
17
15
11
8
5
7
12
16
14
5
-5
-14
-12
1
10
5
-1
1
10
13
12
12
5
-10
-25
-27
-13
-5
-9
-11
-8
-10
-21
-31
-30
-30
-25
-19
-16
-24
-43
-62
-71
-60
-42
-39
-51
-60
-50
-38
-35
-36
-21
-10
-17
-32
-31
-13
-9
-21
-32
-25
-14
-15
-25
-22
-4
15
18
14
11
7
-11
-33
-24
4
31
25
5
1
18
38
39
34
30
19
-1
-11
3
26
42
45
42
38
37
47
62
64
48
31
22
27
41
63
73
59
26
-4
-1
28
44
26
5
17
53
86
87
63
28
2
7
39
60
50
13
-5
-2
17
39
43
35
28
22
20
19
11
-2
-7
11
24
9
-24
-39
-27
-9
-9
-33
-50
-48
-46
-56
-74
-84
-86
-86
-90
-99
-105
-112
-120
-123
-122
-126
-134
-138
-136
-125
-110
-96
-95
-101
-101
-90
-77
-72
-69
-56
-36
-17
1
23
43
52
53
56
59
64
73
75
72
73
76
78
79
85
88
80
71
72
79
77
62
58
73
90
97
98
101
108
117
125
125
118
113
120
133
148
151
134
107
84
67
50
31
20
20
21
25
26
25
16
5
-3
-5
8
20
15
-5
-14
-7
-2
-3
5
24
22
0
-29
-51
-73
-103
-130
-154
-172
-185
-195
-206
-220
-232
-241
-245
-240
-231
-239
-268
-295
-296
-262
-227
-218
-231
-224
-181
-135
-111
-97
-68
-38
-15
-15
-2
43
95
99
59
44
82
136
147
122
108
142
194
220
203
183
180
193
219
233
225
193
161
138
125
118
117
113
104
106
112
109
84
62
58
68
77
80
79
70
60
64
74
76
64
59
69
73
61
53
58
56
33
16
8
5
10
26
51
64
62
51
49
55
64
66
67
70
66
63
60
65
68
65
53
33
7
-25
-58
-85
-101
-118
-148
-187
-226
-251
-269
-284
-305
-328
-349
-367
-379
-384
-385
-392
-400
-403
-389
-361
-335
-322
-320
-303
-261
-216
-179
-150
-116
-76
-30
15
52
83
112
136
148
154
166
188
212
239
263
280
279
278
288
299
299
292
283
269
245
225
214
205
185
153
121
99
98
99
87
55
23
15
24
23
4
-16
-10
11
20
14
13
35
55
60
65
57
43
41
82
123
115
67
26
43
84
110
98
73
76
101
132
147
134
111
104
137
184
205
193
176
181
201
209
170
107
56
25
-4
-44
-96
-147
-192
-230
-275
-322
-353
-377
-403
-441
-470
-492
-507
-515
-523
-534
-551
-555
-538
-497
-457
-424
-395
-356
-304
-263
-222
-180
-126
-74
-33
4
37
67
91
117
144
171
196
225
258
296
341
378
391
387
389
394
386
366
343
323
299
267
229
189
161
146
127
98
65
49
41
32
12
-16
-43
-67
-80
-90
-102
-112
-105
-81
-56
-40
-28
-9
15
33
52
88
130
167
185
193
204
218
234
240
245
254
267
286
297
290
274
270
284
292
289
285
279
271
256
235
211
196
183
151
76
-9
-78
-124
-170
-236
-332
-427
-487
-513
-529
-564
-630
-701
-742
-745
-736
-742
-761
-786
-792
-764
-705
-655
-624
-595
-530
-439
-349
-273
-208
-160
-111
-33
55
102
111
138
201
276
332
364
385
427
495
552
580
596
606
594
574
554
533
503
464
422
371
321
268
218
173
141
113
72
20
-27
-55
-76
-97
-122
-146
-160
-159
-161
-171
-172
-149
-118
-97
-84
-70
-47
-15
18
36
52
81
122
156
176
197
214
225
230
244
270
305
332
347
365
376
381
389
403
419
432
436
425
394
359
316
257
188
116
36
-50
-128
-194
-261
-352
-448
-520
-567
-612
-677
-736
-779
-821
-874
-912
-927
-925
-928
-926
-897
-834
-744
-668
-601
-516
-411
-312
-234
-165
-88
-9
56
103
153
227
299
345
367
400
463
532
584
603
609
623
641
650
645
616
571
516
470
434
373
289
196
135
101
65
4
-72
-116
-114
-117
-155
-216
-265
-287
-275
-234
-206
-211
-225
-196
-120
-31
25
32
24
43
99
157
186
205
232
279
325
353
356
349
354
369
379
384
396
418
438
455
477
503
528
545
539
505
446
383
319
244
143
27
-90
-203
-309
-412
-513
-611
-697
-762
-819
-874
-926
-968
-999
-1033
-1061
-1075
-1071
-1056
-1042
-1019
-979
-918
-831
-725
-597
-464
-337
-216
-101
9
104
180
243
299
356
408
456
502
547
593
647
708
758
784
803
817
821
800
746
673
594
508
412
312
220
129
33
-53
-114
-161
-205
-252
-285
-304
-319
-336
-350
-354
-353
-340
-309
-267
-225
-172
-96
-9
87
184
278
347
389
426
465
508
533
543
558
585
592
542
469
439
462
481
469
444
439
450
466
486
503
510
501
456
377
281
190
112
14
-124
-286
-434
-556
-669
-775
-870
-949
-1011
-1062
-1104
-1140
-1162
-1171
-1176
-1182
-1183
-1172
-1144
-1091
-1014
-919
-807
-675
-523
-357
-186
-19
134
271
386
471
538
597
646
676
691
709
715
717
726
753
787
809
813
798
756
692
616
534
423
286
144
4
-147
-297
-409
-479
-532
-581
-612
-613
-593
-565
-541
-524
-507
-478
-432
-374
-314
-253
-183
-95
16
140
280
432
577
700
798
876
931
962
988
1007
1000
950
881
809
740
681
637
612
591
570
552
539
530
517
486
421
325
201
54
-121
-312
-514
-730
-946
-1130
-1251
-1327
-1388
-1445
-1479
-1472
-1434
-1375
-1325
-1277
-1229
-1178
-1117
-1042
-946
-837
-715
-561
-372
-158
54
256
455
660
849
991
1081
1125
1141
1130
1083
1001
893
783
683
596
523
471
436
403
361
321
277
207
103
-10
-122
-253
-415
-578
-718
-816
-895
-969
-1008
-980
-868
-732
-604
-491
-371
-237
-103
22
128
197
233
276
365
488
583
627
656
724
813
890
947
995
1023
1017
996
981
963
929
886
844
803
753
699
649
615
607
604
602
605
596
539
396
189
-45
-314
-623
-948
-1260
-1548
-1827
-2066
-2232
-2315
-2331
-2309
-2227
-2074
-1867
-1637
-1412
-1182
-960
-747
-537
-316
-90
126
334
540
765
1005
1243
1458
1651
1813
1917
1926
1849
1711
1520
1260
942
610
300
10
-269
-513
-683
-765
-785
-775
-755
-733
-706
-681
-679
-696
-723
-765
-833
-892
-891
-815
-685
-518
-304
-32
274
557
781
951
1086
1165
1155
1071
949
804
636
461
313
207
128
72
44
38
50
74
111
167
229
296
361
435
531
649
767
874
989
1127
1254
1367
1484
1602
1654
1559
1315
947
490
-51
-665
-1305
-1918
-2480
-2991
-3422
-3710
-3824
-3789
-3646
-3397
-3009
-2488
-1919
-1393
-911
-431
47
496
897
1270
1622
1944
2232
2495
2742
2930
3033
3078
3070
2924
2567
2057
1497
907
259
-440
-1098
-1658
-2110
-2462
-2688
-2727
-2569
-2263
-1879
-1469
-1062
-675
-331
-38
206
408
549
637
735
888
1078
1262
1437
1618
1781
1895
1923
1843
1650
1344
941
472
-21
-506
-977
-1411
-1751
-1942
-1991
-1957
-1852
-1657
-1356
-982
-579
-172
234
647
1043
1401
1731
2043
2318
2508
2622
2693
2736
2743
2685
2524
2189
1643
885
-32
-1044
-2110
-3171
-4166
-5020
-5695
-6132
-6238
-5985
-5451
-4720
-3810
-2738
-1581
-413
699
1695
2545
3247
3814
4245
4537
4704
4738
4638
4452
4188
3810
3268
2574
1786
897
-113
-1205
-2282
-3279
-4166
-4885
-5356
-5498
-5265
-4688
-3852
-2833
-1657
-362
935
2099
3038
3727
4194
4481
4609
4553
4297
3868
3330
2737
2134
1493
753
-68
-859
-1528
-2121
-2710
-3282
-3739
-4013
-4084
-3952
-3649
-3195
-2617
-1908
-1066
-143
760
1546
2164
2656
3097
3484
3760
3896
3916
3840
3664
3425
3149
2780
2271
1656
1015
392
-211
-785
-1323
-1926
-2695
-3622
-4563
-5376
-6074
-6604
-6844
-6719
-6247
-5449
-4238
-2642
-889
801
2350
3755
4924
5753
6241
6384
6182
5676
4978
4176
3263
2275
1265
273
-686
-1596
-2421
-3203
-3987
-4694
-5245
-5632
-5866
-5848
-5443
-4673
-3585
-2164
-426
1459
3233
4784
6076
7050
7604
7672
7259
6396
5155
3688
2164
694
-691
-1995
-3188
-4227
-5041
-5581
-5893
-6030
-5966
-5577
-4815
-3754
-2470
-1007
555
2061
3391
4510
5362
5842
5870
5509
4895
4100
3170
2170
1206
361
-341
-840
-1090
-1108
-1000
-886
-809
-784
-823
-935
-1098
-1240
-1266
-1083
-637
-47
369
343
-165
-980
-1882
-2780
-3577
-4204
-4670
-4948
-4880
-4170
-2789
-1122
472
1908
3250
4421
5245
5655
5592
5007
3953
2683
1491
402
-676
-1748
-2692
-3355
-3674
-3679
-3547
-3460
-3410
-3317
-3158
-2836
-2200
-1297
-408
445
1601
3196
4859
6052
6650
6794
6593
5976
4871
3323
1395
-746
-2762
-4317
-5314
-5866
-6108
-6086
-5782
-5156
-4195
-3073
-1990
-931
262
1643
3039
4275
5286
5951
6149
5886
5296
4472
3377
2015
549
-745
-1691
-2310
-2657
-2737
-2549
-2152
-1611
-946
-254
294
602
757
924
1133
1334
1547
1840
2225
2689
3032
2746
1468
-607
-2881
-4889
-6531
-7643
-8131
-8144
-7718
-6504
-4069
-825
2160
4285
5693
6605
6949
6704
6031
4845
3056
1023
-603
-1532
-2071
-2520
-2998
-3496
-3835
-3796
-3399
-3088
-3137
-3208
-2923
-2246
-1190
353
2186
3735
4841
5904
7017
7620
7174
5842
4077
2076
-7
-1939
-3618
-5187
-6548
-7183
-6800
-5709
-4409
-3245
-2345
-1617
-782
340
1540
2505
3190
3798
4464
5093
5475
5424
4864
3819
2491
1195
113
-796
-1674
-2442
-2795
-2571
-1980
-1373
-900
-527
-216
94
507
1010
1468
1810
2133
2549
3040
3508
3839
3890
3296
1668
-936
-3994
-6835
-8952
-10118
-10126
-9078
-7298
-4983
-2136
1207
4359
6484
7352
7245
6506
5303
3838
2324
803
-633
-1733
-2216
-2119
-1882
-1855
-2147
-2669
-3227
-3620
-3734
-3656
-3373
-2640
-1389
258
2191
4280
6055
6953
7029
6754
6252
5085
3023
536
-1743
-3509
-4667
-5193
-5255
-5180
-4960
-4234
-2924
-1419
-244
388
576
567
681
1011
1377
1584
1674
1897
2323
2809
3116
3033
2548
1827
1152
692
340
-66
-589
-1111
-1423
-1447
-1321
-1227
-1075
-622
194
1213
2278
3273
4006
4347
4398
4344
4245
3977
3225
1496
-1401
-4955
-8248
-10526
-11558
-11229
-9538
-7022
-4225
-1229
2173
5505
7620
8111
7548
6478
5015
3328
1840
547
-832
-2036
-2460
-2075
-1654
-1810
-2482
-3477
-4499
-5060
-4786
-3867
-2722
-1224
765
2856
4632
6039
6966
6965
6009
4772
3720
2520
741
-1232
-2637
-3235
-3312
-3171
-2991
-3030
-3281
-3220
-2491
-1474
-744
-372
54
782
1632
2279
2390
1877
983
152
-281
-420
-519
-642
-595
-149
687
1606
2133
2009
1336
407
-501
-1213
-1664
-1824
-1569
-708
749
2506
4148
5314
5808
5627
4983
4116
3157
2115
524
-2095
-5454
-8565
-10445
-10894
-10074
-8011
-5188
-2382
71
2536
5099
6804
6942
6012
4872
3714
2428
1313
487
-397
-1465
-2300
-2546
-2673
-3253
-4140
-4912
-5259
-4998
-3960
-2226
-305
1592
3504
5100
5897
5865
5315
4329
2913
1538
723
349
-128
-814
-1290
-1317
-1071
-840
-823
-1147
-1717
-1960
-1409
-325
641
1029
911
632
488
490
393
-8
-677
-1221
-1241
-677
152
877
1349
1556
1537
1315
822
3
-1100
-2221
-2943
-2960
-2288
-1182
207
1743
3208
4438
5296
5644
5382
4694
3930
3337
2621
897
-2245
-6139
-9484
-11279
-11362
-9876
-7280
-4450
-1845
829
4039
7097
8479
7860
6308
4801
3391
2041
972
-94
-1538
-2966
-3455
-3078
-3022
-3808
-4861
-5418
-5194
-4132
-2230
-82
1661
3156
4708
5841
5853
4884
3552
2033
444
-604
-690
-408
-579
-1021
-1044
-522
0
101
-240
-894
-1414
-1201
-175
1082
1874
1837
1160
351
-266
-651
-1035
-1505
-1744
-1374
-202
1388
2855
3900
4312
4083
3287
1988
240
-1790
-3719
-5031
-5285
-4572
-3311
-1716
161
2086
3676
4792
5402
5355
4706
3839
3170
2328
219
-3314
-7183
-9956
-10968
-10313
-8046
-4902
-2054
184
2496
5292
7520
7919
6715
5056
3517
1991
629
-435
-1528
-2830
-3840
-3899
-3512
-3615
-4143
-4402
-3885
-2686
-1022
942
2670
3820
4587
5038
4834
3771
2195
581
-797
-1629
-1623
-1023
-520
-440
-468
-288
45
272
275
-14
-519
-689
-120
880
1448
1130
130
-1161
-2223
-2672
-2410
-1780
-1161
-269
1310
3372
5086
5870
5853
5268
4148
2601
848
-916
-2601
-3851
-4137
-3352
-2038
-838
234
1415
2591
3426
3738
3630
3231
2680
2208
1284
-1017
-4658
-8546
-11030
-11341
-9641
-6406
-2797
187
2465
4775
7296
8740
8093
5979
3757
1913
347
-809
-1736
-2870
-4255
-5084
-4819
-4395
-4642
-5077
-4755
-3356
-1296
1164
3633
5345
6163
6483
6252
4922
2543
35
-1877
-3044
-3358
-2643
-1289
-156
458
902
1393
1661
1459
920
223
-419
-645
-257
332
307
-562
-1843
-2957
-3560
-3502
-2703
-1571
-549
583
2295
4399
5876
6101
5398
4266
2810
1099
-427
-1554
-2408
-2886
-2490
-1058
640
1823
2495
3062
3640
3965
3892
3468
2805
1673
-569
-3922
-7665
-10737
-12214
-11647
-8866
-4717
-726
2313
4742
7084
8707
8622
7014
4963
3034
1175
-308
-1189
-1950
-3126
-4402
-4914
-4893
-5264
-5899
-5875
-4603
-2401
273
3109
5368
6490
6595
5927
4355
1854
-945
-3249
-4570
-4679
-3562
-1676
195
1629
2677
3328
3430
2962
2169
1261
398
-50
97
389
122
-771
-1752
-2434
-2901
-3202
-3023
-2298
-1308
-165
1382
3207
4438
4559
3958
3146
1980
322
-1275
-2170
-2367
-2149
-1398
11
1577
2631
3181
3676
4176
4361
4151
3828
3458
2125
-914
-5005
-8889
-11492
-12348
-11075
-7700
-3561
8
2852
5541
7902
8797
7804
5867
3955
2067
254
-1005
-1675
-2280
-3173
-3816
-3892
-4087
-4725
-5218
-4730
-3133
-898
1694
4243
6134
7017
6809
5421
2908
-118
-2848
-4825
-5777
-5474
-3964
-1911
-43
1441
2503
3070
3092
2804
2355
1698
1012
696
764
618
-242
-1647
-2923
-3655
-3738
-3002
-1443
433
2001
3301
4628
5580
5415
3998
1953
-49
-1784
-3173
-3951
-3869
-3056
-1794
-171
1647
3054
3610
3620
3569
3595
3529
3501
3352
1897
-1385
-5524
-8986
-10928
-11309
-9781
-6481
-2695
523
3342
6217
8413
8760
7378
5538
3791
1781
-264
-1858
-2997
-4037
-4826
-4664
-3992
-3801
-4042
-3846
-2696
-965
997
3060
4808
5821
6001
5293
3456
677
-2196
-4366
-5402
-5141
-3639
-1494
441
1823
2759
3284
3281
2840
2152
1193
22
-939
-1326
-1309
-1403
-1841
-2243
-2178
-1662
-887
191
1554
2762
3549
4228
4943
5191
4499
2965
1077
-770
-2426
-3634
-4004
-3436
-2288
-944
587
2113
3153
3499
3402
3227
2977
2675
1887
-248
-3705
-7478
-10125
-10909
-9883
-7211
-3691
-368
2416
4983
7249
8221
7366
5466
3728
2381
1110
-83
-1233
-2445
-3775
-4682
-4716
-4508
-4540
-4330
-3099
-934
1453
3686
5448
6322
6197
5223
3331
397
-2885
-5444
-6777
-6935
-5965
-3818
-1030
1547
3453
4659
5158
4907
4206
3361
2362
1053
-559
-2072
-3220
-4106
-4649
-4505
-3492
-1959
-244
1676
3539
4821
5402
5488
5173
4352
3018
1424
-122
-1450
-2426
-2811
-2435
-1437
-207
1104
2384
3371
3903
3987
3780
3436
2795
959
-2510
-6876
-10745
-12750
-12337
-9487
-5053
-683
2606
5018
7140
8567
8255
6257
3870
1960
401
-838
-1690
-2390
-3349
-4507
-5084
-5060
-5077
-5044
-4073
-1719
1220
3915
6162
7709
8129
7308
5372
2330
-1328
-4551
-6517
-7021
-6280
-4465
-2038
291
2017
3037
3413
3242
2765
2351
1957
1273
251
-857
-1779
-2645
-3613
-4259
-4003
-2760
-851
1462
3908
5658
6197
5878
5099
3817
1973
-56
-1751
-2751
-3039
-2743
-1969
-903
185
1069
1905
2704
3169
3288
3358
3630
3916
3155
571
-3419
-7733
-10954
-12129
-10922
-7756
-3894
-281
2991
5994
8253
8802
7409
5125
2974
1095
-467
-1618
-2473
-3278
-4091
-4435
-4292
-4288
-4513
-4177
-2570
-57
2491
4631
6149
6715
6237
4865
2558
-549
-3668
-5813
-6442
-5688
-3947
-1580
972
3111
4347
4593
4079
3153
2078
1082
167
-999
-2438
-3576
-4123
-4250
-4079
-3400
-2106
-468
1420
3524
5365
6423
6525
5845
4753
3320
1477
-552
-2198
-3032
-3043
-2337
-1048
401
1623
2648
3526
4089
4133
3696
3044
1593
-1446
-5601
-9735
-12482
-12888
-10566
-6055
-1196
2511
5028
6939
8249
8298
6727
4336
2223
654
-358
-989
-1629
-2607
-3868
-4708
-4974
-5256
-5605
-5178
-3220
-38
3403
6204
7792
7981
6975
5057
2129
-1603
-5170
-7480
-7968
-6709
-4193
-1118
1702
3726
4858
5256
5047
4386
3470
2545
1671
585
-861
-2429
-3883
-5256
-6354
-6540
-5328
-2965
-24
3031
5614
7238
7654
6828
5059
2751
311
-1825
-3164
-3430
-2910
-1945
-545
1070
2322
2915
2954
2738
2507
2451
2670
2992
2478
261
-3353
-7324
-10371
-11681
-10801
-7853
-3993
-364
2808
5614
7675
8168
6877
4713
2624
882
-382
-1168
-1676
-2223
-2984
-3558
-3849
-4281
-4881
-4917
-3695
-1341
1485
4131
6095
7038
6913
5726
3306
-92
-3576
-6181
-7260
-6736
-4894
-2252
480
2701
4129
4749
4625
3886
2790
1733
806
-326
-1740
-2998
-3721
-3821
-3274
-1990
-236
1436
2872
4122
4984
5155
4437
3049
1529
268
-667
-1292
-1504
-1281
-781
-15
1002
1928
2451
2579
2523
2496
2472
2510
2295
595
-2889
-7060
-10456
-12044
-11423
-8363
-3723
640
3721
5882
7497
8203
7265
4940
2557
778
-466
-1232
-1705
-2206
-3095
-4063
-4476
-4507
-4548
-4291
-2977
-463
2581
5257
6887
7100
5944
3884
1132
-2272
-5593
-7672
-7852
-6246
-3405
11
3219
5461
6418
6205
5108
3580
2067
851
-55
-957
-2244
-3777
-5041
-5932
-6353
-5889
-4072
-1166
2070
5175
7543
8624
8324
6737
4151
1170
-1535
-3511
-4401
-3974
-2503
-682
1122
2701
3671
3953
3726
3181
2458
1812
1530
1523
715
-1675
-5247
-8916
-11433
-12072
-10301
-6409
-1879
1962
4970
7423
9010
8902
6976
4237
1643
-499
-2018
-2882
-3240
-3470
-3800
-3852
-3515
-3186
-3019
-2493
-1065
1162
3487
5213
5982
5762
4719
2862
151
-2934
-5595
-7196
-7336
-5981
-3437
-342
2510
4561
5633
5761
5214
4293
3264
2257
1026
-782
-2860
-4563
-5549
-5827
-5353
-3790
-1367
1399
4033
5985
6868
6612
5401
3641
1746
-65
-1698
-2899
-3243
-2745
-1818
-661
527
1616
2589
3428
4075
4421
4500
4426
3659
1029
-3403
-8464
-12503
-14181
-12825
-8533
-2997
1686
4907
7154
8613
8707
6927
3949
1129
-787
-1643
-1695
-1551
-1705
-2373
-3082
-3385
-3643
-4110
-4126
-2828
-64
3339
6272
7877
7710
6050
3472
192
-3578
-6972
-8916
-8798
-6789
-3423
540
4029
6155
6746
6189
4939
3421
1996
906
50
-923
-2315
-3805
-5016
-5970
-6419
-5717
-3514
-311
3263
6672
9005
9608
8626
6411
3427
333
-2355
-4344
-5288
-4907
-3473
-1524
591
2334
3283
3630
3704
3548
3245
3000
2997
2481
332
-3327
-7595
-11149
-12886
-12007
-8370
-3402
1011
4337
6968
8837
9169
7445
4429
1327
-1291
-3019
-3755
-3844
-3808
-3956
-3930
-3552
-3219
-3065
-2605
-1336
866
3591
6099
7566
7484
6041
3736
720
-2779
-6013
-8031
-8302
-6990
-4422
-1049
2316
4773
5993
6104
5442
4326
3068
1920
723
-874
-2824
-4382
-5188
-5406
-5088
-3926
-1903
610
3408
6040
7684
7892
6847
4970
2803
700
-1174
-2598
-3205
-2966
-2222
-1106
220
1390
2285
3112
3895
4455
4687
4627
3436
138
-4633
-9479
-12843
-13755
-11799
-7247
-1841
2564
5452
7242
8199
7967
6265
3890
1776
220
-647
-1063
-1454
-2293
-3623
-4884
-5754
-6291
-6236
-5015
-2485
958
4438
7071
8200
7529
5376
2269
-1424
-5003
-7493
-8129
-6757
-3951
-440
3028
5648
6866
6624
5254
3434
1799
690
120
-332
-1245
-2840
-4545
-5843
-6704
-6774
-5454
-2720
733
4347
7518
9336
9410
8018
5604
2684
-131
-2331
-3581
-3664
-2796
-1615
-418
730
1511
1842
2074
2396
2649
2767
3007
3294
2381
-457
-4642
-8881
-11806
-12558
-10460
-6006
-1068
2850
5642
7635
8639
8046
5877
3130
557
-1404
-2537
-2963
-2982
-3068
-3284
-3352
-3316
-3353
-3176
-2343
-661
1640
3977
5653
6098
5243
3473
1001
-2032
-5081
-7266
-7838
-6697
-4259
-1101
2132
4714
6224
6577
5957
4797
3479
2396
1607
546
-1345
-3702
-5605
-6555
-6454
-5303
-3268
-906
1536
3946
5792
6602
6281
5038
3441
1991
798
-225
-940
-1110
-990
-734
-236
441
1068
1665
2464
3455
4242
4543
3662
655
-3999
-8947
-12495
-13467
-11485
-6931
-1509
2962
5891
7444
7793
6955
5032
2909
1365
404
-24
-146
-354
-1158
-2726
-4445
-5715
-6467
-6440
-5126
-2429
1090
4485
6964
7964
7116
4708
1525
-1895
-5021
-7104
-7420
-5870
-3169
-154
2618
4528
5169
4615
3344
2093
1311
1121
1341
1444
812
-857
-2923
-4836
-6289
-6668
-5365
-2472
1041
4477
7129
8199
7624
5925
3617
1208
-802
-2142
-2661
-2236
-1093
6
740
1204
1397
1433
1609
1974
2275
2435
2701
2661
1016
-2439
-6846
-10689
-12597
-11749
-8056
-2986
1461
4486
6408
7412
7265
5782
3615
1637
200
-477
-553
-592
-1138
-2242
-3311
-3891
-4238
-4411
-3919
-2389
53
2820
5162
6337
5860
4055
1722
-781
-3260
-5290
-6240
-5735
-4033
-1673
817
2862
4093
4459
4114
3446
2769
2217
1838
1347
183
-1709
-3680
-5084
-5635
-5225
-3735
-1546
878
3320
5195
5874
5387
4235
2883
1698
877
327
-137
-366
-262
74
477
718
736
817
1390
2435
3610
4545
4756
3060
-870
-6032
-10862
-13693
-13506
-10074
-4707
406
3952
5948
6740
6468
5171
3312
1827
1082
1069
1519
1750
1089
-670
-2981
-4963
-6273
-6774
-6088
-4018
-778
2882
5909
7416
7001
4945
2091
-923
-3656
-5583
-6199
-5284
-3189
-628
1732
3324
3845
3441
2546
1759
1520
1860
2496
2869
2348
541
-2141
-4807
-6896
-7784
-6897
-4202
-541
3138
6150
7705
7469
5881
3678
1570
87
-699
-981
-883
-493
-148
-62
-11
-3
-4
319
1148
2218
3125
3757
4006
2926
-58
-4352
-8780
-11842
-12437
-10003
-5366
-605
2777
4673
5527
5590
4798
3333
1993
1329
1441
1998
2280
1673
-53
-2438
-4570
-5989
-6547
-6022
-4283
-1463
1860
4767
6398
6295
4685
2371
15
-2032
-3499
-4141
-3792
-2650
-1177
208
1150
1548
1554
1433
1532
2013
2710
3362
3669
3115
1323
-1219
-3726
-5608
-6336
-5534
-3401
-764
1856
4131
5450
5481
4411
2893
1757
1335
1261
1069
751
415
-64
-536
-733
-742
-586
38
1270
2834
4261
5203
4878
2185
-2471
-7766
-11941
-13518
-11773
-7127
-1622
2516
4610
5129
4547
3268
1680
604
561
1349
2680
3935
4162
2761
-130
-3429
-6040
-7503
-7482
-5822
-2804
895
4250
6312
6554
4980
2418
-131
-2187
-3495
-3798
-3020
-1526
-16
1100
1685
1562
893
152
-146
290
1402
2918
4276
4612
3382
779
-2362
-5145
-7089
-7456
-5804
-2615
1040
4174
6182
6560
5432
3565
1793
715
477
729
1028
1229
1145
570
-327
-1112
-1561
-1462
-590
885
2370
3507
4234
4454
3301
237
-4061
-8378
-11259
-11662
-9051
-4386
-6
2488
3270
3101
2424
1493
744
786
1609
2861
4141
4695
3779
1164
-2351
-5343
-7036
-7349
-6252
-3902
-803
2190
4238
4889
4113
2392
597
-648
-1132
-946
-470
-17
291
408
230
-314
-978
-1267
-919
64
1473
2816
3742
3981
3214
1224
-1450
-3793
-5187
-5266
-3917
-1471
1093
2947
3772
3568
2774
2001
1594
1703
2272
2857
3013
2639
1856
683
-582
-1436
-1718
-1457
-573
861
2461
3766
4587
4254
1656
-2847
-7853
-11473
-12330
-9920
-4902
413
3716
4514
3693
2152
474
-817
-918
338
2214
4014
5150
4863
2773
-724
-4242
-6535
-7259
-6350
-4073
-1067
1807
3726
4263
3400
1472
-603
-1898
-2142
-1570
-525
637
1514
1738
1380
755
54
-444
-449
128
1169
2394
3488
4009
3394
1502
-1076
-3481
-5189
-5920
-5433
-3721
-1427
849
2844
4139
4348
3630
2702
2185
2203
2474
2625
2396
1808
959
2
-750
-1193
-1384
-1162
-312
1013
2270
3031
3243
3096
2351
296
-2990
-6617
-9311
-10084
-8448
-4791
-905
1447
1953
1445
804
454
518
1135
2227
3359
4133
4242
3326
1241
-1625
-4245
-5734
-5918
-4910
-3083
-967
916
2147
2530
2012
848
-281
-777
-581
-17
542
848
748
239
-368
-694
-599
-145
567
1468
2434
3190
3445
3093
2081
449
-1419
-2932
-3646
-3574
-2921
-1871
-789
144
902
1430
1730
1974
2418
3009
3519
3736
3445
2622
1533
503
-313
-821
-952
-712
-126
790
1804
2605
2945
2886
2143
-227
-3959
-7885
-10475
-10699
-8309
-3796
790
3302
3342
2013
514
-528
-781
137
2067
4043
5278
5445
4169
1386
-2218
-5169
-6371
-5971
-4391
-2156
-36
1365
1807
1452
544
-643
-1412
-1189
-187
935
1606
1677
1222
357
-523
-906
-613
232
1288
2212
2877
3185
3085
2574
1560
23
-1747
-3087
-3629
-3385
-2538
-1424
-533
-16
446
955
1384
1784
2318
2944
3470
3622
3167
2153
987
-3
-627
-726
-391
18
363
893
1551
2010
2067
1834
1490
1015
-153
-2337
-5036
-7414
-8531
-7785
-5137
-1823
374
894
505
119
92
429
1166
2259
3333
3974
3958
3001
973
-1595
-3608
-4202
-3563
-2435
-1340
-489
102
405
339
-49
-591
-885
-526
382
1248
1487
975
65
-783
-1217
-999
-151
1097
2336
3144
3338
3009
2264
1239
127
-915
-1691
-1976
-1754
-1294
-1000
-1040
-1355
-1728
-1628
-831
463
1875
3048
3784
3938
3506
2593
1465
537
95
96
354
673
820
796
785
982
1301
1548
1579
1456
617
-1680
-4860
-7731
-9108
-8473
-5769
-1767
1429
2314
1374
-69
-1019
-1189
-351
1570
3820
5359
5614
4525
2141
-960
-3658
-4820
-4298
-2906
-1332
-48
586
411
-411
-1372
-2033
-2111
-1272
292
1797
2419
1952
886
-210
-958
-1075
-415
878
2337
3352
3516
2876
1830
835
223
-50
-193
-349
-534
-753
-1152
-1714
-2365
-2975
-3025
-2093
-413
1369
2744
3516
3568
3027
2227
1412
816
690
974
1374
1663
1613
1180
663
427
527
671
710
681
531
257
-513
-2218
-4500
-6482
-7217
-6336
-4138
-1550
167
471
-66
-617
-746
-396
443
1766
3171
4023
3934
2890
1095
-850
-2136
-2300
-1640
-869
-338
-107
-263
-830
-1605
-2206
-2262
-1615
-315
1091
1759
1292
75
-1058
-1519
-1191
-161
1384
2971
3997
4068
3238
1860
429
-471
-548
-86
340
446
213
-309
-1069
-1952
-2736
-3100
-2639
-1228
667
2264
2973
2701
1851
993
509
494
855
1450
2064
2469
2528
2179
1515
839
492
596
927
1128
921
478
-291
-1914
-4239
-6449
-7472
-6860
-4688
-1638
656
1092
-3
-1500
-2374
-2221
-989
1033
3116
4495
4720
3785
1929
-329
-2021
-2363
-1479
-236
576
687
132
-852
-1877
-2571
-2669
-2103
-964
391
1234
981
-162
-1343
-1800
-1321
-111
1513
3058
3985
3934
2979
1681
674
373
865
1798
2401
2052
826
-741
-2188
-3281
-3773
-3437
-2306
-720
701
1386
1142
231
-678
-821
56
1448
2656
3388
3560
3081
2132
1149
443
152
362
954
1477
1480
886
-21
-796
-1051
-916
-1136
-2194
-3778
-4965
-5102
-4201
-2728
-1436
-809
-738
-865
-915
-839
-538
218
1450
2818
3670
3493
2357
833
-271
-634
-523
-251
30
220
75
-415
-1034
-1648
-2185
-2397
-2065
-1297
-601
-378
-506
-545
-253
238
742
1216
1666
2047
2295
2326
2141
1892
1818
1964
1991
1521
547
-529
-1385
-1945
-2144
-1976
-1605
-1169
-687
-281
-216
-453
-622
-426
153
907
1569
2008
2275
2351
2129
1673
1217
965
1036
1462
1939
2024
1590
950
482
320
76
-945
-2733
-4478
-5336
-5103
-4063
-2691
-1813
-1858
-2388
-2783
-2688
-1990
-614
1242
3009
4086
4072
2995
1336
-114
-643
-77
987
1690
1731
1273
486
-600
-1726
-2508
-2702
-2233
-1310
-423
-167
-818
-1926
-2632
-2401
-1380
-31
1337
2552
3389
3662
3317
2519
1775
1647
2187
2817
2814
1945
525
-874
-1827
-2188
-2140
-2006
-1885
-1638
-1201
-932
-1092
-1398
-1298
-571
531
1523
1999
1907
1468
935
537
495
830
1383
1993
2458
2431
1801
932
266
31
270
806
1232
1103
102
-1634
-3587
-5080
-5598
-4996
-3501
-1899
-993
-1027
-1676
-2409
-2609
-1807
-148
1674
2974
3513
3334
2564
1461
487
186
695
1537
2090
2031
1259
-116
-1564
-2402
-2436
-1976
-1346
-814
-747
-1323
-2204
-2850
-2881
-2138
-659
1203
2774
3500
3287
2479
1610
1119
1261
1931
2615
2791
2315
1406
253
-973
-1958
-2330
-2021
-1253
-428
-17
-285
-1022
-1697
-1932
-1673
-999
-80
792
1386
1577
1351
885
594
817
1522
2374
2955
2996
2529
1878
1332
926
645
524
300
-372
-1526
-2794
-3761
-4143
-3754
-2887
-2259
-2289
-2778
-3269
-3416
-2934
-1779
-285
1046
1904
2241
2119
1738
1373
1273
1511
1955
2331
2393
1995
1152
132
-703
-1150
-1247
-1072
-714
-473
-655
-1209
-1804
-2189
-2203
-1683
-673
396
1053
1182
946
586
438
772
1508
2199
2535
2519
2246
1745
1090
492
180
167
276
243
-127
-899
-1815
-2451
-2566
-2305
-1907
-1355
-732
-196
44
-15
-163
-157
143
634
1136
1593
1876
1804
1516
1309
1298
1389
1705
2287
2707
2545
1933
1125
57
-1250
-2378
-3029
-3250
-3086
-2604
-2181
-2244
-2696
-3087
-3148
-2784
-1921
-735
294
814
865
651
321
116
308
934
1702
2264
2432
2209
1715
1151
746
595
618
668
655
519
124
-592
-1395
-1955
-2116
-1942
-1529
-991
-582
-440
-492
-588
-579
-342
204
916
1530
1884
1925
1692
1303
914
610
394
284
304
374
370
225
-29
-312
-544
-682
-723
-703
-681
-697
-750
-805
-865
-909
-835
-538
-18
604
1171
1548
1684
1661
1593
1529
1458
1406
1382
1308
1077
650
96
-479
-863
-893
-679
-509
-583
-926
-1427
-1926
-2207
-2219
-2092
-1951
-1816
-1626
-1386
-1118
-812
-421
3
406
765
1080
1307
1471
1583
1605
1459
1183
872
634
473
331
170
-21
-213
-405
-540
-635
-680
-605
-440
-388
-486
-531
-386
-217
-90
-17
-10
-51
0
199
442
651
769
812
797
779
710
576
344
42
-239
-395
-523
-769
-1025
-1078
-900
-616
-302
-44
83
98
111
158
161
80
-22
-16
196
575
951
1151
1196
1233
1349
1483
1558
1555
1470
1314
1096
798
391
-33
-357
-570
-798
-1098
-1393
-1563
-1564
-1416
-1179
-983
-968
-1103
-1174
-1039
-774
-536
-389
-352
-421
-508
-474
-293
-75
67
72
-47
-229
-325
-212
74
362
469
366
163
-18
-106
-111
-84
-72
-61
-7
77
171
282
405
507
552
544
480
370
286
296
389
435
326
103
-96
-145
-25
188
358
380
240
14
-160
-193
-117
-64
-58
-39
8
29
7
-39
-56
1
123
240
353
496
663
796
852
841
799
767
804
918
999
926
695
421
211
112
46
-134
-483
-873
-1144
-1216
-1168
-1152
-1300
-1596
-1839
-1819
-1515
-1103
-826
-674
-498
-264
-167
-244
-310
-203
-31
63
143
229
378
512
545
444
240
77
-11
0
89
155
97
-94
-323
-464
-451
-286
-46
173
298
317
318
394
555
751
935
1049
1056
965
844
712
548
354
187
107
117
136
74
-60
-187
-255
-315
-424
-594
-772
-869
-848
-740
-629
-549
-452
-315
-139
73
340
649
971
1307
1643
1910
2042
2045
1948
1756
1477
1127
725
285
-132
-464
-718
-919
-1093
-1262
-1456
-1658
-1779
-1764
-1661
-1542
-1434
-1357
-1319
-1260
-1094
-822
-549
-339
-149
75
324
536
647
622
459
222
1
-187
-379
-550
-663
-718
-755
-773
-693
-521
-281
3
311
585
720
708
644
662
768
920
1089
1284
1453
1533
1478
1254
937
697
635
682
662
441
33
-415
-725
-896
-1041
-1260
-1473
-1530
-1372
-1078
-760
-538
-420
-287
-11
342
635
779
833
901
1038
1164
1196
1110
962
852
911
1119
1204
1011
703
558
531
428
161
-140
-362
-513
-589
-644
-720
-821
-896
-930
-944
-912
-803
-653
-523
-421
-365
-372
-447
-570
-718
-867
-987
-1068
-1104
-1108
-1099
-1099
-1089
-1048
-956
-812
-623
-372
-64
261
510
603
597
623
742
907
1047
1164
1266
1350
1397
1396
1322
1126
838
529
295
137
10
-96
-189
-279
-409
-543
-592
-525
-380
-217
-82
4
56
120
191
211
162
85
10
-9
20
62
73
83
95
56
-51
-163
-206
-184
-101
26
151
205
192
177
190
204
222
285
424
607
782
919
1000
1047
1040
936
757
537
329
148
-13
-185
-453
-810
-1191
-1491
-1616
-1627
-1589
-1573
-1572
-1542
-1451
-1295
-1106
-913
-733
-591
-467
-300
-71
160
335
430
471
538
625
732
820
849
779
556
323
188
119
-8
-206
-297
-211
-34
58
76
130
272
480
611
654
658
726
863
885
758
583
535
518
424
285
215
166
-48
-358
-591
-679
-730
-772
-726
-608
-532
-533
-585
-666
-718
-632
-384
-103
114
292
473
619
711
759
768
737
722
800
933
1011
941
724
428
157
12
13
111
231
318
333
231
9
-287
-533
-625
-551
-383
-259
-236
-279
-324
-327
-314
-342
-484
-718
-931
-1045
-1083
-1093
-1081
-1033
-995
-1005
-1052
-1092
-1069
-919
-621
-255
49
233
351
469
614
729
779
761
721
735
820
942
1006
964
857
751
672
625
583
520
415
300
193
61
-125
-335
-494
-596
-643
-617
-486
-305
-183
-147
-167
-209
-235
-182
-17
204
378
488
574
632
576
390
165
-26
-176
-292
-372
-398
-335
-194
-103
-119
-172
-177
-115
-18
111
243
358
488
644
789
848
846
861
930
1020
1070
1054
979
816
577
277
-86
-480
-795
-897
-847
-830
-950
-1121
-1250
-1307
-1284
-1223
-1217
-1261
-1260
-1117
-897
-695
-479
-244
-40
60
76
102
179
270
330
361
380
381
375
376
362
301
195
109
88
129
179
163
62
-56
-124
-133
-119
-105
-59
29
156
312
452
529
530
494
457
390
285
171
119
165
256
311
260
112
-89
-272
-369
-365
-284
-174
-91
-51
-67
-131
-238
-349
-386
-317
-163
-1
115
147
112
50
-23
-68
-52
64
234
402
566
727
835
817
694
571
525
515
495
455
409
378
375
393
389
288
108
-88
-224
-274
-268
-237
-221
-253
-356
-532
-731
-861
-876
-787
-660
-551
-520
-594
-744
-895
-958
-919
-816
-716
-609
-425
-179
3
42
-29
-125
-182
-147
-4
187
310
326
312
342
383
366
292
238
264
354
440
441
372
317
337
393
386
285
166
154
279
441
501
405
274
209
195
152
72
30
18
-45
-124
-91
29
72
-23
-124
-161
-197
-260
-322
-351
-363
-382
-408
-424
-374
-265
-176
-152
-189
-228
-255
-245
-172
-59
59
145
209
267
342
476
666
863
993
1019
940
805
673
569
487
433
434
462
449
352
184
-24
-223
-369
-451
-511
-575
-635
-674
-692
-709
-747
-827
-933
-1018
-1017
-926
-792
-669
-557
-454
-359
-285
-239
-224
-230
-209
-135
-38
29
42
26
6
8
24
41
64
116
211
336
468
563
581
561
564
617
671
693
697
668
581
456
359
312
266
194
120
79
70
62
46
13
-36
-110
-216
-362
-509
-581
-548
-456
-365
-257
-124
-62
-119
-199
-221
-215
-244
-274
-227
-89
96
238
263
149
7
-39
59
237
381
431
429
463
577
630
545
407
329
346
360
357
360
424
482
438
302
184
154
193
208
139
21
-54
-63
-83
-195
-383
-582
-721
-790
-836
-841
-783
-682
-616
-625
-682
-715
-655
-492
-298
-167
-120
-125
-159
-212
-251
-258
-254
-252
-222
-144
-43
43
108
131
108
76
64
72
93
157
283
432
541
584
555
468
388
348
338
305
238
154
96
84
84
38
-81
-215
-279
-246
-145
-33
51
92
108
122
124
91
34
-7
-13
29
84
119
105
52
-9
-87
-182
-291
-364
-380
-349
-279
-195
-134
-151
-252
-375
-434
-399
-285
-131
32
195
347
477
557
536
487
513
659
875
1060
1177
1191
1095
914
702
524
442
486
584
610
490
264
22
-195
-369
-488
-585
-665
-739
-801
-864
-924
-953
-944
-882
-780
-716
-719
-713
-631
-503
-418
-410
-455
-519
-542
-475
-373
-316
-342
-390
-360
-199
31
216
252
207
188
233
305
322
334
365
421
507
580
612
575
506
444
427
456
494
471
398
337
274
159
-10
-178
-321
-425
-476
-457
-405
-363
-362
-387
-418
-416
-361
-259
-131
-4
77
97
87
77
42
-57
-167
-194
-118
-8
71
99
72
2
-63
-81
-73
-76
-44
62
228
387
493
549
561
562
593
671
794
925
1041
1115
1114
989
760
522
366
295
249
228
236
233
166
21
-152
-337
-503
-611
-640
-626
-619
-645
-708
-793
-865
-881
-860
-839
-810
-756
-703
-699
-702
-653
-554
-463
-407
-369
-335
-290
-254
-211
-185
-181
-171
-97
37
132
163
166
205
260
297
328
387
499
595
591
505
422
409
435
448
422
370
304
213
132
75
47
14
-9
-15
-23
-2
14
-15
-105
-156
-153
-169
-217
-216
-129
-22
44
29
-26
-55
-96
-199
-307
-276
-110
21
29
-34
-51
-23
11
42
59
48
16
35
89
160
240
314
341
321
344
408
445
447
467
515
538
516
466
401
330
268
224
172
98
11
-68
-130
-162
-149
-108
-92
-131
-223
-334
-418
-428
-361
-279
-249
-262
-298
-357
-430
-485
-478
-438
-403
-399
-419
-450
-473
-485
-486
-472
-445
-405
-336
-214
-73
32
76
96
112
116
125
191
329
460
514
492
432
312
125
-53
-97
-18
82
143
175
201
216
219
168
39
-94
-144
-95
-13
70
133
148
120
99
94
86
104
183
298
348
318
275
228
132
4
-82
-107
-136
-210
-290
-340
-342
-320
-356
-441
-498
-458
-350
-266
-198
-132
-87
-94
-85
30
206
327
366
400
489
599
685
710
681
650
633
649
656
621
535
431
356
266
171
116
108
50
-66
-113
-46
47
105
167
239
265
191
-7
-216
-297
-237
-184
-230
-279
-281
-307
-439
-616
-712
-715
-713
-770
-837
-866
-874
-883
-876
-843
-815
-785
-709
-551
-363
-219
-146
-117
-103
-69
11
120
223
275
288
285
268
265
280
315
357
395
424
404
341
276
236
210
181
162
148
135
122
120
131
147
144
127
124
129
112
39
-4
1
12
-12
-49
-64
-99
-133
-112
-65
-81
-149
-193
-189
-160
-98
15
118
158
154
125
95
97
122
127
110
121
178
255
363
497
603
667
713
734
705
643
592
553
513
475
427
374
335
285
203
118
99
141
202
229
194
99
-11
-80
-103
-142
-233
-360
-471
-522
-547
-583
-637
-677
-698
-728
-789
-874
-933
-932
-889
-815
-750
-741
-786
-802
-700
-517
-346
-269
-267
-232
-99
39
93
93
117
156
190
270
400
470
398
302
308
344
332
310
336
369
389
415
404
334
295
299
249
150
84
79
56
0
-41
-71
-103
-120
-96
-58
-64
-107
-128
-96
-68
-75
-82
-64
-34
16
97
190
232
222
193
159
136
111
97
83
68
68
81
107
138
165
184
170
134
99
90
94
75
44
26
38
63
82
93
103
118
143
189
233
237
203
166
143
123
113
107
90
50
15
23
72
131
163
155
117
88
84
89
58
-18
-115
-184
-210
-206
-225
-293
-398
-498
-562
-573
-538
-482
-447
-453
-491
-531
-560
-592
-592
-536
-443
-390
-398
-394
-333
-225
-133
-77
-36
10
54
95
155
208
240
264
280
250
172
99
71
87
138
197
217
200
187
195
194
170
84
-24
-77
-57
-29
-56
-105
-102
-41
43
83
95
110
150
229
305
318
199
71
41
97
154
176
186
187
185
212
246
264
230
186
188
225
242
187
130
98
78
59
54
78
125
184
209
199
201
250
303
308
276
222
164
115
84
67
62
66
58
36
11
-10
-40
-51
-13
53
93
92
80
68
27
-47
-122
-178
-226
-282
-325
-338
-331
-330
-341
-370
-409
-436
-431
-400
-389
-412
-456
-507
-561
-599
-603
-572
-515
-456
-384
-315
-250
-209
-188
-162
-147
-155
-176
-184
-171
-148
-97
-12
72
117
120
120
134
169
220
267
304
330
341
328
290
249
216
184
161
166
207
254
289
303
279
220
176
166
164
166
198
244
257
236
215
180
106
58
102
199
283
324
313
266
204
157
131
120
85
23
-7
31
112
173
169
100
24
23
105
164
146
80
29
-5
-76
-145
-144
-62
-25
-53
-53
30
148
215
210
145
85
90
87
5
-109
-159
-145
-135
-143
-158
-170
-167
-146
-91
-20
3
-51
-175
-317
-430
-486
-487
-487
-537
-615
-680
-699
-670
-603
-515
-439
-395
-384
-379
-375
-339
-275
-206
-162
-142
-118
-101
-84
-61
-34
-14
10
85
197
289
318
311
306
313
314
299
267
229
216
224
241
256
273
278
255
229
234
244
240
229
225
227
220
193
146
102
121
173
224
267
314
356
363
352
310
253
208
186
168
145
144
150
150
144
136
123
95
86
92
108
105
54
-7
-52
-71
-94
-113
-126
-167
-223
-247
-206
-145
-93
-53
-24
-23
-49
-79
-104
-97
-73
-71
-114
-156
-137
-95
-82
-84
-66
-33
-18
-7
34
74
82
50
10
-17
-53
-115
-189
-250
-271
-277
-295
-299
-249
-164
-145
-224
-307
-325
-310
-310
-322
-330
-344
-372
-394
-405
-399
-360
-287
-191
-96
-15
41
76
97
90
43
-30
-101
-124
-93
-35
25
74
109
115
106
108
154
231
309
361
388
393
364
317
282
274
273
283
328
401
450
456
429
394
361
326
291
248
196
148
111
82
47
1
-47
-91
-114
-91
-45
-18
-33
-48
-43
-36
-50
-104
-168
-204
-200
-179
-174
-162
-129
-79
-37
-23
-18
11
64
102
111
82
39
-8
-33
-31
-24
-13
-6
16
55
101
138
145
127
106
98
105
85
46
28
26
7
-39
-83
-125
-155
-152
-131
-159
-244
-322
-357
-351
-333
-318
-320
-347
-386
-427
-446
-428
-378
-336
-288
-214
-124
-33
27
43
6
-44
-58
-42
-20
-23
-33
-31
4
69
96
80
68
110
219
320
354
323
278
274
284
254
176
108
132
242
359
406
370
308
286
328
383
378
288
170
92
73
73
33
-45
-99
-84
-26
9
9
10
12
16
26
33
8
-48
-87
-92
-101
-134
-163
-178
-176
-159
-134
-111
-108
-110
-103
-96
-94
-87
-79
-69
-70
-73
-81
-91
-81
-55
-19
23
73
136
208
270
298
276
238
210
193
165
112
56
33
49
62
52
27
13
19
47
71
52
5
-42
-82
-130
-178
-219
-285
-369
-429
-428
-400
-370
-351
-355
-370
-369
-358
-359
-375
-373
-360
-356
-358
-348
-316
-268
-194
-108
-20
51
97
129
143
159
190
241
269
266
263
286
315
326
329
325
321
317
321
329
325
298
267
231
223
219
175
95
41
73
103
84
42
42
86
130
158
146
114
92
94
72
25
3
-9
-65
-167
-213
-150
-76
-76
-128
-156
-120
-67
-37
-45
-98
-137
-116
-67
-62
-132
-202
-194
-100
9
64
54
56
109
191
251
263
222
170
129
97
56
18
18
37
50
54
57
57
53
53
45
18
-7
-17
-35
-68
-105
-131
-138
-134
-122
-115
-90
-46
-22
-45
-87
-100
-100
-120
-166
-205
-220
-236
-260
-303
-355
-380
-360
-320
-284
-240
-179
-140
-130
-103
-44
8
33
66
97
99
82
83
110
145
178
190
185
171
192
234
255
240
206
174
143
101
65
35
4
8
57
132
162
152
143
155
156
140
117
101
87
71
49
27
37
62
55
5
-23
-1
14
-14
-53
-55
-55
-87
-139
-192
-232
-251
-227
-188
-156
-145
-136
-112
-82
-42
-24
-7
40
96
99
37
-17
-2
62
88
30
-58
-82
-26
51
93
74
18
-13
41
149
181
115
26
6
50
107
118
66
9
41
149
213
193
132
76
22
13
80
155
130
19
-64
-67
-37
-21
-28
-42
-60
-51
-25
-12
-12
-16
-22
-61
-117
-163
-167
-141
-120
-116
-125
-129
-124
-93
-55
-32
-28
-26
-35
-61
-87
-92
-94
-103
-96
-70
-50
-49
-53
-39
-12
9
13
1
4
18
21
-1
-26
-25
-5
11
20
20
18
14
17
35
63
95
110
103
86
67
55
52
51
44
18
-13
-21
5
36
33
7
-10
-5
-9
-32
-66
-97
-119
-129
-142
-153
-161
-157
-143
-113
-76
-58
-45
-17
27
48
49
53
48
18
-9
-5
27
57
102
151
179
184
180
202
260
316
337
303
253
222
215
214
166
88
40
61
108
155
189
188
123
30
0
33
61
41
-7
-56
-91
-108
-130
-181
-239
-243
-211
-196
-223
-243
-234
-233
-275
-305
-246
-172
-167
-221
-253
-216
-144
-80
-55
-73
-88
-70
-6
70
107
89
73
91
103
83
57
45
34
22
28
47
51
40
24
14
15
39
76
90
77
57
38
13
-11
-14
-9
-1
4
16
35
50
46
13
-15
-20
-26
-55
-85
-79
-62
-67
-91
-105
-103
-88
-62
-34
-10
9
11
-12
-45
-68
-70
-68
-66
-55
-17
36
79
109
135
153
160
175
199
216
211
200
197
192
195
192
177
150
122
122
133
142
137
127
120
105
81
59
47
32
7
-23
-46
-69
-99
-100
-64
-35
-45
-77
-90
-93
-117
-153
-175
-177
-166
-155
-155
-181
-228
-264
-270
-255
-229
-216
-215
-199
-157
-108
-74
-70
-80
-46
29
81
59
39
73
129
136
97
69
87
159
190
151
100
113
137
101
50
55
72
35
-11
-28
-3
25
25
-24
-80
-86
-38
10
11
-25
-77
-95
-63
-19
-27
-83
-147
-165
-134
-89
-56
-39
-27
-13
-9
-22
-47
-63
-56
-37
-29
-27
-20
-2
22
47
67
77
93
131
187
231
270
305
322
310
287
253
186
116
84
98
120
140
146
118
65
35
34
26
14
16
30
20
-12
-52
-82
-101
-108
-108
-93
-71
-52
-34
-15
-10
-32
-63
-81
-97
-136
-183
-208
-212
-203
-195
-184
-170
-162
-147
-134
-126
-112
-88
-60
-53
-74
-75
-43
-23
-43
-74
-77
-62
-65
-97
-124
-116
-68
-7
34
59
62
41
9
-10
-10
-13
-12
-1
13
12
8
19
49
88
109
118
115
109
105
87
74
65
72
72
54
36
27
34
38
44
50
49
44
44
56
79
96
94
87
84
88
89
88
95
91
84
90
116
136
128
114
112
109
82
51
66
94
62
-8
-20
31
60
25
-20
-20
19
62
67
40
21
21
12
-8
-21
-25
-34
-48
-56
-58
-57
-44
-27
-32
-64
-89
-93
-92
-99
-100
-96
-124
-174
-210
-214
-215
-224
-220
-210
-204
-208
-205
-188
-168
-158
-170
-188
-179
-146
-124
-119
-115
-99
-82
-72
-58
-50
-51
-49
-33
-3
33
65
84
86
92
98
103
112
126
146
158
169
172
169
165
162
168
160
129
82
50
40
25
2
3
42
77
74
66
80
107
121
133
137
129
108
91
83
81
97
103
78
34
20
21
5
-13
-12
17
41
54
38
5
-28
-42
-28
-14
-17
-29
-8
41
81
87
58
27
15
55
105
121
88
42
43
72
88
64
25
-10
-36
-40
-1
20
-8
-54
-62
-34
-23
-40
-74
-107
-136
-159
-175
-168
-162
-166
-176
-198
