2
-5
-6
-11
-13
17
40
28
4
7
34
39
23
14
13
11
13
20
23
24
40
49
40
25
35
42
19
-8
-12
-4
-3
2
10
18
25
16
-7
-30
-21
6
16
9
3
10
12
-7
-20
-19
-18
-24
-23
-5
-6
-20
-27
-23
-23
-31
-11
19
24
2
-33
-40
-21
-5
-9
-27
-22
-1
10
-4
-29
-52
-61
-43
3
43
49
48
37
26
20
34
47
34
17
25
42
48
31
-7
-44
-41
5
27
7
-15
-10
4
17
29
26
17
25
45
45
17
2
15
35
42
31
31
42
43
35
37
44
32
5
-11
-6
-3
-11
-33
-45
-38
-20
-5
3
16
16
17
30
38
17
-22
-30
-6
7
-7
-20
-14
-18
-44
-63
-53
-31
-27
-42
-54
-54
-37
-22
-28
-39
-15
20
24
-5
-24
-23
-31
-39
-31
-7
1
-19
-39
-33
-11
3
-9
-29
-34
-32
-25
-24
-17
-16
-24
-29
-22
-7
3
13
27
35
28
12
-1
-2
-3
-9
-14
-18
-30
-39
-38
-25
-4
6
17
23
17
1
-21
-41
-54
-39
-19
-30
-58
-33
34
74
59
7
-21
-30
-19
-16
-31
-27
2
38
57
67
71
68
48
29
31
44
59
61
66
69
48
29
12
12
19
34
53
61
68
70
72
53
30
15
16
27
32
32
35
34
19
3
1
8
13
5
-11
-28
-39
-33
-25
-24
-45
-63
-50
-11
12
-1
-13
-20
-30
-44
-44
-34
-37
-55
-72
-62
-38
-22
-22
-32
-43
-66
-79
-82
-83
-91
-90
-71
-58
-72
-82
-68
-54
-59
-66
-55
-37
-23
-6
16
30
41
48
61
71
72
56
39
40
67
92
92
90
104
126
126
102
96
120
132
118
100
118
148
145
118
86
67
43
34
38
35
30
25
17
3
11
23
28
19
30
48
36
17
-8
-17
-13
0
12
6
4
9
-2
-22
-24
-21
-39
-76
-75
-51
-54
-76
-82
-77
-98
-126
-139
-139
-150
-164
-178
-196
-212
-213
-193
-178
-172
-170
-166
-172
-180
-167
-132
-92
-69
-56
-52
-53
-49
-38
-17
3
14
16
26
51
80
103
119
126
115
100
104
120
129
121
114
115
123
129
121
119
110
98
93
94
112
123
130
119
91
68
48
32
2
-23
-42
-70
-83
-71
-51
-56
-77
-78
-54
-36
-33
-34
-42
-60
-76
-70
-42
-2
21
19
-2
-19
-23
-11
21
44
47
41
50
69
71
70
73
81
81
84
107
132
145
150
164
185
184
173
166
168
164
139
115
101
89
77
67
63
52
23
-17
-54
-65
-56
-57
-88
-126
-150
-171
-193
-198
-183
-186
-212
-237
-238
-231
-233
-245
-257
-250
-227
-200
-180
-167
-161
-145
-111
-71
-66
-80
-72
-33
9
29
39
49
69
93
105
102
95
104
114
119
126
136
149
151
146
135
132
140
137
118
98
87
68
34
16
12
12
-7
-17
-23
-32
-49
-66
-79
-85
-87
-88
-78
-65
-64
-80
-89
-80
-79
-77
-67
-52
-49
-47
-37
-28
-10
23
49
43
45
75
115
131
142
159
163
148
138
161
185
188
166
149
148
165
181
181
169
160
154
140
135
132
115
81
56
37
6
-37
-54
-57
-58
-79
-126
-183
-216
-217
-222
-249
-274
-272
-270
-279
-278
-261
-242
-238
-230
-213
-200
-189
-185
-175
-165
-153
-140
-126
-95
-52
-21
-12
-4
13
22
22
35
45
40
51
107
167
191
186
166
141
139
155
166
150
132
129
134
145
144
136
136
151
143
105
63
43
35
22
10
-4
-22
-34
-36
-40
-45
-59
-71
-81
-93
-102
-103
-83
-56
-51
-46
-31
-11
-18
-31
-14
13
36
42
58
76
88
102
119
123
111
101
119
144
151
152
165
183
183
170
157
160
173
177
152
110
77
42
19
8
4
-30
-84
-108
-108
-131
-187
-210
-196
-188
-217
-239
-231
-234
-266
-300
-296
-270
-243
-222
-204
-208
-226
-215
-166
-107
-76
-75
-94
-107
-92
-54
-15
15
40
52
56
65
86
108
126
131
107
75
83
126
156
149
146
158
163
153
137
123
114
115
118
118
113
106
90
52
9
-18
-31
-42
-47
-46
-51
-73
-83
-84
-91
-95
-86
-74
-80
-79
-61
-50
-66
-74
-65
-60
-64
-39
11
54
69
75
94
100
99
96
119
156
175
173
170
184
189
171
160
177
182
161
149
175
192
177
160
148
127
97
74
57
36
13
-6
-20
-28
-43
-90
-151
-186
-197
-209
-235
-253
-267
-270
-264
-260
-273
-311
-339
-330
-295
-274
-275
-280
-260
-226
-200
-178
-152
-116
-75
-38
-23
-25
-29
-24
-4
35
89
119
120
118
134
158
169
181
201
220
231
230
230
236
242
250
232
201
174
163
157
139
112
85
67
54
23
-26
-52
-54
-56
-70
-81
-81
-90
-93
-91
-93
-104
-121
-123
-118
-102
-85
-70
-51
-34
-38
-68
-78
-52
-24
-5
30
81
112
118
132
143
142
151
188
232
248
240
232
228
234
247
248
239
219
201
183
147
116
98
96
92
65
25
-17
-61
-120
-181
-225
-237
-244
-269
-303
-331
-343
-356
-374
-376
-358
-336
-326
-333
-333
-318
-293
-268
-252
-233
-210
-181
-146
-119
-96
-91
-93
-87
-57
-20
-4
4
32
74
100
115
139
177
200
206
206
218
235
244
243
235
227
214
195
172
161
173
191
191
167
134
111
80
49
32
26
22
2
-26
-48
-64
-64
-63
-70
-92
-121
-128
-107
-87
-93
-97
-89
-80
-78
-55
-18
-4
-2
8
27
41
69
111
141
150
169
205
232
229
219
223
238
245
239
236
244
256
255
235
196
148
107
68
47
30
6
-31
-66
-77
-86
-127
-177
-204
-206
-217
-252
-287
-323
-360
-389
-394
-384
-373
-368
-354
-336
-325
-319
-312
-294
-267
-216
-160
-133
-132
-132
-115
-78
-37
2
28
45
63
83
98
110
126
154
180
183
169
171
201
245
257
232
191
162
165
174
171
155
142
125
106
93
91
77
45
26
37
53
35
6
-7
7
8
-11
-36
-48
-44
-34
-35
-48
-57
-64
-58
-54
-38
-12
19
50
59
67
71
89
108
114
119
133
171
199
206
202
207
225
256
285
292
270
241
227
221
199
145
90
59
48
31
-2
-40
-68
-100
-133
-174
-222
-261
-283
-295
-320
-336
-339
-350
-380
-401
-395
-405
-432
-428
-379
-338
-344
-362
-355
-316
-267
-214
-166
-120
-105
-100
-87
-56
-25
-5
24
53
83
111
137
160
173
184
206
230
255
261
272
283
280
263
253
261
259
245
237
237
220
182
146
115
86
51
19
-13
-50
-73
-78
-69
-75
-100
-123
-129
-128
-138
-149
-153
-134
-109
-98
-100
-93
-63
-39
-37
-30
-3
36
71
104
142
178
197
208
229
267
294
296
301
328
353
347
343
356
348
302
248
216
187
149
124
121
116
87
37
-15
-62
-109
-158
-205
-238
-265
-291
-330
-368
-393
-409
-426
-441
-440
-445
-451
-442
-416
-387
-372
-366
-366
-358
-335
-292
-245
-206
-187
-181
-162
-130
-96
-79
-48
3
50
83
98
118
142
169
195
219
244
261
270
270
273
287
301
304
287
261
237
229
233
201
154
115
116
121
103
79
55
31
-3
-34
-50
-69
-101
-122
-122
-114
-115
-112
-106
-98
-90
-85
-87
-81
-62
-51
-48
-37
3
57
85
85
89
129
187
237
275
311
339
355
366
375
389
400
399
382
367
353
327
287
240
195
153
117
84
44
5
-40
-97
-166
-224
-247
-261
-311
-391
-442
-434
-417
-436
-467
-472
-455
-442
-449
-456
-453
-439
-420
-404
-392
-388
-379
-345
-285
-225
-183
-164
-150
-117
-70
-28
-15
-9
19
69
127
172
202
221
235
251
256
279
311
334
310
250
209
216
257
278
269
249
231
198
157
122
98
69
43
29
11
-20
-56
-71
-89
-103
-116
-114
-121
-140
-145
-141
-156
-184
-182
-146
-103
-64
-17
19
37
57
93
121
142
184
233
262
273
299
339
368
396
427
450
451
440
428
408
378
346
313
285
248
188
113
45
-3
-49
-104
-154
-201
-249
-294
-328
-355
-387
-415
-434
-447
-462
-481
-489
-477
-452
-459
-501
-510
-450
-379
-364
-365
-350
-328
-309
-267
-213
-179
-167
-146
-102
-56
-7
41
89
116
133
153
177
197
217
256
292
307
315
319
313
302
295
291
278
267
251
229
200
176
149
118
85
51
31
22
16
-6
-35
-71
-126
-164
-157
-121
-118
-153
-173
-171
-163
-168
-155
-124
-103
-91
-60
-17
15
42
84
133
164
188
226
278
320
342
355
377
407
430
431
416
390
366
349
346
346
319
275
232
201
157
102
54
5
-51
-108
-151
-201
-249
-276
-303
-344
-373
-378
-384
-414
-440
-464
-488
-501
-485
-469
-482
-502
-494
-451
-417
-397
-367
-317
-278
-259
-231
-192
-151
-115
-54
10
34
37
57
97
136
167
188
190
204
239
260
245
233
262
295
295
265
239
230
228
223
209
193
174
148
114
90
74
61
52
49
44
20
-25
-73
-108
-131
-163
-191
-182
-142
-110
-99
-90
-67
-49
-45
-44
-31
-5
33
88
144
188
217
253
305
362
400
420
426
417
400
387
389
395
392
380
355
318
262
208
167
131
89
37
-11
-72
-135
-180
-212
-245
-288
-320
-336
-347
-365
-386
-402
-404
-405
-410
-426
-451
-449
-421
-403
-412
-412
-376
-352
-372
-383
-343
-277
-218
-175
-131
-89
-56
-31
-15
6
47
104
147
165
185
218
247
257
253
244
246
253
256
244
235
233
228
210
181
157
139
138
129
82
8
-59
-73
-54
-51
-79
-119
-125
-121
-131
-159
-179
-184
-191
-185
-156
-133
-145
-154
-115
-51
2
39
89
148
205
246
270
309
369
419
427
403
388
381
371
360
359
371
374
353
319
279
231
178
131
81
10
-60
-91
-111
-158
-215
-241
-237
-253
-289
-303
-299
-312
-351
-375
-374
-379
-401
-410
-401
-378
-352
-324
-293
-271
-269
-282
-288
-269
-227
-178
-127
-83
-30
31
86
107
105
101
121
153
181
196
210
240
276
300
308
309
301
280
256
228
201
177
152
124
98
81
67
29
-11
-50
-84
-109
-120
-114
-109
-111
-130
-167
-202
-211
-215
-230
-240
-227
-205
-187
-164
-123
-86
-62
-51
-38
-12
24
67
111
169
247
307
312
300
315
363
393
406
400
375
345
333
334
311
271
224
188
156
147
135
101
43
-20
-71
-124
-170
-190
-200
-221
-256
-278
-279
-279
-281
-300
-335
-357
-346
-316
-295
-289
-280
-262
-245
-230
-210
-184
-156
-141
-130
-108
-80
-53
-41
-19
22
68
92
98
112
152
190
213
219
215
213
205
205
215
225
212
173
139
145
175
187
159
128
114
92
47
-8
-50
-76
-94
-111
-143
-174
-187
-191
-200
-212
-201
-181
-177
-186
-186
-161
-126
-101
-85
-77
-64
-33
21
73
109
135
176
226
258
262
253
251
264
281
288
276
253
224
182
142
117
99
64
29
7
-25
-78
-135
-157
-154
-167
-200
-238
-263
-267
-257
-235
-228
-245
-275
-279
-255
-237
-238
-244
-235
-215
-181
-122
-74
-64
-67
-39
13
55
80
110
132
137
134
149
172
179
176
192
232
273
293
294
265
222
198
205
211
190
165
161
164
149
106
62
44
29
0
-49
-78
-87
-97
-127
-166
-192
-202
-196
-193
-209
-240
-259
-260
-236
-201
-179
-171
-162
-141
-124
-115
-89
-33
25
69
107
143
174
198
229
251
251
236
230
249
277
291
279
272
259
227
189
172
177
166
134
93
51
13
-33
-77
-126
-169
-203
-217
-225
-251
-280
-299
-291
-280
-276
-283
-282
-267
-245
-232
-233
-227
-214
-197
-183
-155
-122
-97
-82
-73
-49
-11
47
103
132
135
145
178
217
237
247
265
270
262
257
263
279
296
312
303
264
230
209
182
140
93
46
3
-21
-28
-50
-97
-142
-168
-184
-201
-216
-237
-257
-280
-300
-321
-323
-300
-262
-220
-184
-156
-137
-109
-63
-11
26
60
98
142
185
214
224
210
208
231
260
281
281
254
206
169
167
171
154
116
63
18
-10
-38
-88
-155
-199
-196
-174
-169
-190
-215
-230
-239
-251
-256
-255
-252
-244
-229
-199
-173
-161
-164
-173
-161
-126
-82
-49
-41
-46
-44
-11
44
102
143
166
185
211
245
263
261
264
286
317
333
341
345
342
333
321
309
294
280
255
227
206
191
169
139
112
69
6
-54
-99
-130
-155
-174
-185
-209
-236
-252
-257
-272
-294
-301
-281
-256
-234
-222
-213
-203
-184
-141
-93
-51
-13
26
67
99
123
129
118
110
119
132
150
179
197
183
128
64
14
-19
-30
-41
-65
-110
-159
-183
-195
-215
-245
-265
-266
-276
-291
-299
-288
-279
-280
-268
-243
-216
-201
-181
-165
-154
-139
-118
-105
-106
-84
-37
-3
4
14
58
108
140
165
201
245
280
297
295
295
310
337
358
357
349
351
362
367
357
342
324
296
262
232
207
172
134
110
104
96
76
53
40
23
-9
-50
-82
-91
-92
-99
-119
-130
-131
-127
-131
-136
-129
-107
-81
-49
-23
6
38
78
116
137
134
105
80
83
102
115
115
93
50
2
-37
-76
-120
-154
-172
-186
-212
-251
-288
-301
-299
-298
-321
-352
-364
-364
-363
-362
-336
-294
-281
-301
-314
-289
-228
-187
-193
-215
-204
-163
-125
-102
-78
-46
-5
43
81
95
94
111
156
209
247
261
256
249
257
285
318
341
359
374
373
363
343
321
299
286
284
274
254
228
204
180
147
101
59
35
30
21
13
2
-17
-43
-62
-78
-99
-115
-124
-113
-90
-53
-25
-12
0
14
37
65
94
116
134
143
131
104
85
81
87
78
54
18
-24
-62
-83
-99
-134
-176
-212
-235
-263
-299
-334
-355
-344
-321
-326
-372
-415
-419
-394
-372
-359
-352
-350
-335
-296
-252
-229
-222
-210
-174
-132
-95
-66
-38
-20
-16
-13
10
41
75
113
153
187
221
255
281
300
317
343
360
373
373
366
356
348
340
318
291
280
269
236
195
174
175
179
176
160
130
102
81
62
57
51
34
1
-26
-18
12
47
71
80
87
109
154
193
219
239
268
277
244
197
165
167
172
173
155
121
84
43
-9
-80
-145
-186
-216
-255
-297
-332
-367
-417
-463
-487
-504
-527
-545
-539
-517
-502
-499
-499
-486
-459
-426
-400
-370
-328
-289
-271
-273
-247
-192
-125
-71
-22
10
7
-9
9
70
122
146
157
180
219
252
266
273
295
335
355
350
340
349
361
344
317
294
281
266
256
250
222
176
134
115
101
88
58
27
8
1
-16
-50
-72
-84
-99
-110
-104
-90
-70
-45
-7
47
109
165
204
247
290
320
334
337
337
321
305
312
339
350
315
254
194
141
75
7
-46
-92
-141
-197
-239
-276
-322
-382
-431
-453
-462
-474
-492
-502
-512
-523
-529
-518
-487
-445
-404
-387
-386
-385
-364
-323
-281
-250
-226
-182
-122
-57
-4
33
50
56
74
109
135
155
174
220
270
296
294
294
304
310
314
323
330
302
274
271
280
260
206
176
183
196
170
105
44
5
-9
-19
-31
-35
-36
-35
-46
-74
-105
-118
-103
-67
-24
10
50
112
215
330
405
419
395
373
363
361
371
389
388
358
310
253
189
116
58
14
-31
-87
-162
-226
-270
-301
-334
-376
-408
-423
-436
-464
-502
-527
-532
-519
-489
-458
-430
-404
-365
-333
-336
-350
-350
-323
-290
-249
-195
-147
-100
-49
-5
24
42
85
132
160
178
206
239
241
247
284
337
354
339
332
338
340
315
281
239
204
185
180
177
159
125
79
43
20
-7
-44
-66
-69
-88
-107
-103
-66
-23
28
99
171
239
313
407
490
536
550
549
527
462
364
290
271
266
215
113
12
-68
-143
-234
-328
-424
-531
-650
-740
-789
-819
-861
-888
-862
-805
-765
-763
-768
-765
-740
-686
-597
-496
-397
-289
-156
-24
73
138
202
271
346
429
522
618
717
794
836
850
866
897
912
895
848
779
699
613
527
446
367
277
166
28
-113
-238
-361
-466
-558
-640
-712
-756
-772
-774
-772
-770
-776
-786
-759
-686
-597
-499
-384
-240
-83
75
242
410
579
754
928
1082
1198
1308
1459
1640
1806
1874
1819
1676
1482
1231
893
531
231
-9
-245
-515
-801
-1097
-1404
-1689
-1939
-2167
-2401
-2597
-2691
-2660
-2543
-2392
-2215
-1971
-1658
-1307
-971
-654
-329
9
362
723
1092
1446
1763
2040
2267
2415
2451
2386
2258
2101
1922
1713
1487
1271
1074
858
590
286
-20
-327
-656
-982
-1266
-1479
-1616
-1681
-1681
-1640
-1564
-1473
-1369
-1244
-1103
-955
-804
-610
-345
-41
259
551
845
1097
1251
1332
1402
1459
1442
1366
1294
1256
1223
1180
1158
1162
1165
1127
1064
1015
992
960
912
828
681
443
137
-210
-605
-1002
-1356
-1653
-1910
-2132
-2301
-2421
-2515
-2583
-2616
-2593
-2508
-2371
-2172
-1914
-1616
-1299
-942
-523
-59
390
788
1126
1410
1657
1871
2041
2167
2260
2313
2293
2195
2039
1832
1560
1225
862
494
124
-237
-568
-843
-1074
-1276
-1449
-1578
-1658
-1700
-1707
-1677
-1587
-1432
-1223
-969
-694
-409
-127
150
407
637
853
1065
1243
1375
1477
1565
1624
1628
1579
1476
1328
1170
1028
883
719
564
457
393
350
342
406
523
632
718
814
878
818
617
343
42
-329
-742
-1128
-1414
-1613
-1784
-1953
-2134
-2290
-2404
-2479
-2514
-2519
-2471
-2362
-2190
-1931
-1581
-1164
-706
-231
232
635
948
1210
1444
1640
1799
1946
2095
2226
2298
2300
2215
2036
1769
1424
1038
651
277
-83
-419
-697
-899
-1049
-1170
-1289
-1386
-1446
-1476
-1481
-1451
-1359
-1200
-993
-751
-480
-205
38
251
460
644
786
897
998
1070
1099
1106
1120
1144
1147
1107
1018
913
802
688
591
531
523
559
646
781
931
1096
1280
1433
1465
1337
1074
707
228
-324
-868
-1325
-1674
-1927
-2128
-2294
-2427
-2498
-2507
-2497
-2490
-2487
-2469
-2413
-2264
-1982
-1589
-1123
-577
20
576
1034
1409
1725
1955
2090
2160
2192
2187
2139
2063
1953
1792
1554
1250
894
493
44
-429
-864
-1220
-1478
-1658
-1778
-1842
-1845
-1786
-1668
-1503
-1328
-1140
-928
-676
-411
-144
154
484
807
1084
1323
1534
1712
1843
1912
1897
1790
1602
1368
1135
927
738
555
380
232
131
86
82
97
137
218
346
506
689
839
909
861
691
411
22
-436
-907
-1316
-1629
-1859
-2057
-2206
-2282
-2281
-2217
-2136
-2046
-1966
-1875
-1746
-1555
-1289
-977
-635
-240
229
722
1170
1546
1882
2158
2329
2378
2337
2254
2112
1901
1625
1307
973
635
295
-63
-425
-768
-1083
-1377
-1651
-1885
-2044
-2122
-2115
-2039
-1902
-1714
-1464
-1152
-792
-415
-51
274
548
773
975
1183
1394
1594
1771
1917
2017
2057
2045
1995
1886
1708
1482
1231
988
773
603
468
386
389
464
569
694
847
939
877
623
213
-312
-929
-1559
-2116
-2541
-2832
-3015
-3115
-3117
-3028
-2864
-2661
-2442
-2210
-1997
-1814
-1619
-1353
-1002
-580
-69
538
1177
1750
2232
2633
2946
3136
3190
3116
2930
2653
2326
1959
1563
1161
767
380
-21
-426
-827
-1230
-1616
-1963
-2265
-2535
-2745
-2833
-2764
-2595
-2358
-2065
-1698
-1271
-805
-325
106
470
778
1064
1321
1529
1691
1836
1991
2147
2263
2317
2326
2299
2226
2094
1890
1633
1356
1123
948
843
815
861
966
1099
1211
1212
1055
718
230
-414
-1196
-2028
-2776
-3336
-3723
-3970
-4048
-3916
-3605
-3190
-2748
-2319
-1940
-1636
-1381
-1144
-896
-609
-251
204
748
1350
1964
2546
3063
3468
3715
3762
3605
3284
2852
2350
1791
1190
600
83
-360
-759
-1126
-1425
-1659
-1866
-2092
-2324
-2538
-2701
-2795
-2803
-2705
-2481
-2116
-1625
-1042
-419
197
748
1198
1522
1727
1818
1804
1725
1641
1591
1576
1569
1555
1562
1603
1661
1684
1659
1588
1468
1318
1209
1186
1232
1313
1432
1499
1427
1208
872
431
-202
-1010
-1865
-2621
-3240
-3745
-4137
-4364
-4404
-4252
-3930
-3505
-3004
-2470
-1937
-1465
-1040
-636
-239
137
527
963
1435
1931
2419
2906
3360
3735
3941
3954
3800
3500
3035
2402
1667
904
173
-486
-1042
-1471
-1747
-1897
-1980
-2042
-2094
-2151
-2224
-2300
-2342
-2329
-2257
-2103
-1827
-1402
-866
-298
275
867
1436
1890
2182
2338
2379
2288
2068
1774
1482
1247
1099
1040
1051
1129
1286
1496
1689
1841
1968
2063
2090
2006
1791
1446
966
366
-354
-1146
-1929
-2608
-3147
-3558
-3875
-4083
-4164
-4123
-3967
-3737
-3431
-3058
-2644
-2207
-1741
-1231
-690
-157
396
989
1600
2172
2658
3044
3329
3504
3548
3465
3283
3024
2661
2177
1615
1036
482
-33
-512
-934
-1283
-1540
-1726
-1874
-1990
-2073
-2109
-2086
-2005
-1877
-1701
-1443
-1099
-702
-282
137
535
889
1206
1474
1672
1776
1792
1731
1618
1494
1348
1182
1050
980
943
908
933
1065
1254
1451
1643
1847
2027
2085
1965
1649
1154
494
-333
-1262
-2186
-2985
-3593
-4029
-4309
-4413
-4317
-4035
-3644
-3198
-2717
-2228
-1769
-1377
-1048
-733
-395
2
468
996
1570
2162
2741
3253
3655
3895
3942
3789
3464
2981
2340
1567
737
-57
-769
-1389
-1887
-2225
-2409
-2464
-2431
-2328
-2187
-2033
-1879
-1727
-1577
-1406
-1177
-876
-504
-66
431
952
1446
1886
2275
2577
2722
2684
2508
2261
1943
1551
1162
863
687
609
615
730
956
1261
1595
1906
2174
2342
2327
2070
1552
808
-125
-1183
-2265
-3244
-4008
-4533
-4858
-4977
-4861
-4497
-3969
-3379
-2748
-2098
-1491
-1012
-667
-389
-126
143
444
825
1309
1850
2391
2903
3392
3816
4073
4093
3887
3518
2978
2199
1210
170
-770
-1589
-2311
-2882
-3201
-3248
-3104
-2850
-2525
-2143
-1756
-1438
-1219
-1069
-916
-735
-528
-278
62
505
1017
1570
2139
2671
3065
3257
3237
3044
2703
2231
1682
1127
636
256
21
-24
151
526
1028
1581
2104
2475
2590
2391
1880
1066
-38
-1343
-2666
-3815
-4680
-5263
-5563
-5544
-5162
-4463
-3579
-2643
-1733
-904
-238
198
408
486
513
544
625
804
1113
1546
2092
2716
3345
3881
4219
4313
4160
3753
3035
1987
742
-527
-1684
-2691
-3484
-3979
-4144
-4005
-3636
-3111
-2486
-1819
-1184
-653
-287
-75
29
65
87
139
299
611
1055
1585
2138
2662
3092
3384
3529
3518
3287
2819
2182
1519
921
407
31
-118
11
358
827
1289
1630
1753
1594
1126
319
-788
-2072
-3365
-4501
-5425
-6092
-6424
-6320
-5755
-4817
-3643
-2342
-1013
237
1255
1930
2287
2414
2357
2134
1834
1583
1460
1484
1673
2045
2549
3066
3467
3671
3646
3310
2593
1519
242
-1084
-2372
-3566
-4520
-5081
-5187
-4902
-4331
-3532
-2558
-1496
-465
435
1139
1623
1871
1905
1782
1618
1502
1480
1573
1805
2179
2636
3065
3401
3629
3706
3586
3248
2755
2202
1639
1084
578
235
153
267
378
367
242
45
-300
-936
-1849
-2882
-3871
-4768
-5583
-6232
-6593
-6552
-6094
-5281
-4187
-2876
-1465
-102
1106
2137
2971
3518
3738
3678
3466
3168
2811
2451
2203
2125
2160
2228
2307
2404
2436
2232
1674
823
-170
-1213
-2314
-3425
-4396
-5069
-5409
-5452
-5176
-4530
-3543
-2374
-1186
-61
968
1835
2469
2853
3016
2996
2830
2581
2346
2198
2149
2177
2330
2645
3074
3471
3743
3889
3914
3797
3535
3201
2847
2459
1946
1264
433
-479
-1413
-2409
-3442
-4411
-5165
-5674
-6044
-6283
-6327
-6087
-5586
-4924
-4154
-3252
-2224
-1159
-169
728
1565
2307
2891
3317
3674
3970
4115
4071
3920
3759
3563
3239
2776
2251
1719
1109
331
-574
-1474
-2257
-2967
-3653
-4265
-4655
-4762
-4667
-4421
-3993
-3336
-2548
-1744
-951
-150
628
1326
1923
2443
2860
3125
3250
3290
3288
3231
3106
2944
2813
2764
2776
2784
2767
2787
2891
3014
3048
2997
2911
2719
2276
1526
578
-486
-1687
-3002
-4288
-5348
-6117
-6669
-7007
-7041
-6650
-5887
-4914
-3828
-2627
-1355
-174
784
1539
2174
2678
3010
3203
3346
3472
3553
3572
3583
3644
3711
3692
3484
3107
2583
1864
881
-331
-1572
-2689
-3689
-4603
-5315
-5659
-5632
-5333
-4787
-3972
-2958
-1898
-899
6
818
1529
2085
2447
2639
2743
2801
2790
2710
2613
2563
2559
2572
2606
2665
2733
2761
2748
2740
2758
2763
2733
2665
2463
2053
1426
633
-308
-1413
-2612
-3767
-4751
-5474
-5988
-6319
-6420
-6185
-5601
-4800
-3866
-2795
-1610
-448
549
1355
2043
2622
3040
3275
3393
3464
3496
3465
3387
3337
3324
3278
3102
2805
2415
1857
1035
-16
-1124
-2156
-3117
-4033
-4823
-5322
-5474
-5349
-5006
-4412
-3545
-2491
-1378
-311
650
1446
2057
2498
2809
3008
3088
3053
2929
2780
2670
2605
2601
2689
2885
3119
3323
3505
3684
3821
3846
3682
3260
2548
1536
273
-1197
-2793
-4343
-5658
-6572
-7095
-7340
-7324
-6970
-6192
-5119
-3938
-2751
-1552
-368
705
1554
2178
2642
2987
3238
3429
3608
3753
3819
3821
3841
3877
3835
3621
3231
2708
2029
1116
-52
-1362
-2613
-3700
-4660
-5500
-6086
-6238
-5970
-5448
-4764
-3867
-2725
-1472
-305
691
1563
2317
2908
3284
3472
3529
3506
3442
3373
3321
3281
3261
3299
3422
3598
3736
3773
3719
3652
3598
3436
2980
2176
1104
-132
-1539
-3127
-4748
-6144
-7140
-7760
-8084
-8055
-7582
-6687
-5526
-4220
-2797
-1290
160
1407
2392
3145
3705
4056
4219
4264
4289
4299
4240
4116
4051
4080
4058
3822
3383
2869
2236
1321
70
-1340
-2697
-3937
-5104
-6113
-6756
-6913
-6659
-6148
-5399
-4370
-3077
-1686
-375
793
1831
2711
3344
3728
3908
3885
3670
3362
3118
2982
2883
2798
2795
2961
3233
3473
3601
3679
3750
3757
3589
3125
2343
1277
32
-1338
-2821
-4353
-5769
-6881
-7559
-7857
-7844
-7527
-6851
-5828
-4602
-3296
-1954
-603
666
1733
2545
3179
3699
4105
4361
4489
4529
4472
4341
4222
4182
4123
3907
3470
2890
2216
1378
282
-1036
-2370
-3533
-4515
-5393
-6115
-6500
-6444
-6048
-5443
-4638
-3595
-2377
-1133
28
1059
1948
2661
3203
3574
3788
3844
3758
3605
3456
3327
3220
3193
3296
3529
3802
4025
4141
4185
4174
3981
3445
2497
1225
-273
-1974
-3823
-5626
-7121
-8136
-8702
-8902
-8731
-8089
-6923
-5361
-3642
-1932
-273
1298
2655
3672
4337
4723
4922
4990
4970
4880
4735
4543
4327
4167
4086
3980
3669
3106
2366
1467
328
-1069
-2571
-3960
-5160
-6193
-7022
-7462
-7386
-6837
-5950
-4794
-3417
-1945
-506
816
1978
2908
3568
3971
4167
4192
4054
3778
3443
3183
3043
2961
2871
2828
2910
3088
3233
3290
3302
3338
3290
2935
2158
1024
-303
-1762
-3349
-4975
-6436
-7535
-8192
-8491
-8432
-7939
-6963
-5619
-4103
-2515
-901
635
1963
3025
3840
4409
4703
4765
4721
4673
4622
4517
4361
4235
4165
4075
3843
3422
2848
2102
1090
-218
-1704
-3164
-4456
-5566
-6483
-7107
-7270
-6933
-6226
-5270
-4061
-2637
-1184
117
1220
2156
2894
3403
3732
3937
3999
3865
3581
3303
3170
3175
3255
3395
3645
3987
4334
4571
4676
4632
4309
3563
2360
869
-789
-2620
-4602
-6528
-8110
-9164
-9725
-9839
-9456
-8502
-7059
-5357
-3579
-1772
15
1624
2896
3776
4359
4729
4898
4896
4827
4791
4775
4716
4671
4748
4882
4869
4568
4052
3374
2430
1094
-577
-2335
-3947
-5354
-6575
-7492
-7905
-7724
-7092
-6138
-4878
-3331
-1658
-86
1260
2365
3226
3797
4049
4021
3837
3577
3271
2961
2762
2730
2823
2987
3250
3647
4079
4394
4522
4525
4445
4103
3315
2050
511
-1129
-2888
-4775
-6609
-8063
-8934
-9332
-9403
-9087
-8228
-6871
-5264
-3627
-1982
-329
1189
2407
3267
3879
4299
4488
4491
4468
4521
4541
4436
4346
4447
4661
4715
4467
3993
3379
2524
1271
-354
-2109
-3730
-5140
-6364
-7292
-7714
-7522
-6844
-5828
-4516
-2957
-1309
241
1580
2662
3465
3933
4064
3948
3709
3393
3006
2634
2432
2472
2690
3013
3458
4054
4726
5275
5583
5566
5159
4293
2964
1270
-703
-2890
-5126
-7141
-8711
-9762
-10352
-10427
-9885
-8707
-7078
-5263
-3406
-1528
261
1787
2926
3697
4206
4470
4491
4354
4236
4243
4336
4466
4671
4963
5219
5263
5010
4491
3701
2537
963
-860
-2680
-4373
-5962
-7344
-8276
-8568
-8262
-7482
-6276
-4688
-2858
-992
746
2231
3388
4181
4614
4716
4545
4158
3638
3102
2693
2522
2582
2811
3147
3607
4178
4734
5126
5329
5294
4885
3938
2478
684
-1332
-3516
-5718
-7653
-9071
-9913
-10260
-10083
-9308
-7933
-6144
-4194
-2225
-311
1418
2787
3693
4188
4385
4313
4017
3624
3318
3138
3044
3080
3357
3833
4257
4417
4315
4015
3448
2443
957
-841
-2699
-4427
-5954
-7151
-7853
-7939
-7439
-6471
-5094
-3390
-1505
337
1967
3296
4227
4690
4700
4381
3833
3110
2306
1575
1072
870
963
1302
1874
2680
3617
4484
5140
5579
5702
5307
4276
2747
927
-1131
-3392
-5632
-7507
-8792
-9494
-9706
-9395
-8492
-7049
-5287
-3425
-1571
210
1751
2875
3539
3842
3888
3673
3254
2810
2540
2470
2507
2665
3053
3628
4116
4304
4234
3999
3473
2430
886
-888
-2653
-4320
-5864
-7091
-7763
-7769
-7181
-6143
-4704
-2929
-999
839
2393
3628
4494
4897
4801
4338
3684
2918
2085
1341
914
886
1167
1658
2361
3265
4241
5076
5666
5901
5669
4856
3480
1691
-429
-2820
-5306
-7535
-9177
-10148
-10542
-10365
-9519
-8005
-6065
-4012
-1995
-29
1745
3087
3850
4131
4137
3915
3479
2949
2552
2387
2353
2449
2805
3480
4228
4725
4855
4689
4223
3266
1714
-229
-2209
-4043
-5761
-7265
-8236
-8438
-7894
-6798
-5254
-3328
-1201
855
2612
3997
4975
5447
5350
4790
3956
2956
1841
781
31
-276
-199
181
839
1784
2937
4081
5006
5652
5943
5720
4806
3261
1350
-744
-2962
-5220
-7243
-8691
-9424
-9557
-9162
-8187
-6645
-4790
-2907
-1091
647
2130
3140
3595
3617
3381
2919
2276
1607
1183
1111
1270
1569
2076
2809
3568
4072
4248
4159
3770
2894
1452
-341
-2154
-3765
-5188
-6360
-7065
-7104
-6486
-5374
-3844
-1968
62
1970
3505
4606
5247
5382
5000
4211
3225
2147
1038
13
-693
-927
-731
-226
547
1606
2858
4055
5038
5661
5776
5225
3981
2218
81
-2289
-4714
-6888
-8501
-9410
-9687
-9406
-8503
-6925
-4850
-2628
-521
1401
3021
4171
4731
4725
4315
3608
2716
1799
1071
659
506
567
936
1658
2535
3237
3606
3689
3457
2714
1319
-509
-2417
-4172
-5762
-7112
-7950
-8051
-7374
-6100
-4368
-2246
95
2358
4248
5655
6548
6856
6563
5776
4683
3415
2069
814
-123
-552
-498
-77
631
1632
2862
4093
5041
5425
5163
4252
2792
844
-1541
-4187
-6774
-8933
-10416
-11172
-11207
-10484
-8947
-6696
-4055
-1406
1030
3208
5015
6271
6824
6732
6141
5136
3878
2604
1546
766
278
227
687
1472
2251
2817
3181
3315
2999
2002
368
-1560
-3456
-5249
-6941
-8308
-9002
-8831
-7846
-6226
-4118
-1664
972
3532
5719
7320
8243
8466
8025
7026
5622
3951
2197
629
-493
-1055
-1138
-816
-84
1057
2416
3704
4641
5034
4798
3876
2334
248
-2235
-4907
-7464
-9553
-10948
-11605
-11500
-10549
-8733
-6267
-3472
-638
2053
4416
6252
7420
7834
7560
6716
5467
4051
2672
1481
545
-31
-125
244
893
1574
2125
2486
2549
2094
958
-733
-2634
-4479
-6212
-7762
-8868
-9232
-8734
-7478
-5618
-3268
-582
2215
4843
7040
8615
9450
9518
8882
7690
6115
4305
2436
744
-548
-1347
-1639
-1423
-702
463
1841
3128
3979
4232
3846
2817
1199
-969
-3518
-6153
-8520
-10301
-11389
-11747
-11308
-9972
-7776
-5011
-2043
869
3576
5865
7516
8383
8458
7865
6744
5299
3742
2263
1011
72
-413
-360
141
836
1474
1970
2257
2172
1494
179
-1583
-3515
-5433
-7269
-8832
-9796
-9897
-9065
-7469
-5313
-2760
42
2899
5513
7634
9102
9796
9704
8935
7634
5904
3896
1898
231
-930
-1536
-1623
-1214
-340
890
2212
3394
4234
4586
4287
3248
1578
-603
-3147
-5831
-8280
-10151
-11294
-11718
-11371
-10132
-8018
-5318
-2411
411
3019
5258
6927
7859
7987
7441
6374
4959
3435
2050
970
217
-146
9
660
1557
2384
2978
3287
3197
2524
1184
-651
-2686
-4730
-6701
-8439
-9606
-9934
-9357
-8029
-6105
-3676
-885
2015
4666
6811
8317
9085
9074
8350
7105
5532
3779
2036
562
-432
-922
-935
-476
457
1757
3159
4344
5001
5032
4429
3213
1410
-908
-3577
-6318
-8778
-10651
-11807
-12215
-11780
-10395
-8109
-5252
-2235
642
3250
5461
7104
8019
8160
7619
6536
5117
3609
2221
1088
336
121
478
1189
1951
2594
3095
3382
3224
2377
840
-1118
-3196
-5260
-7257
-8985
-10101
-10342
-9687
-8280
-6227
-3635
-719
2190
4790
6898
8382
9123
9098
8425
7245
5638
3743
1863
338
-677
-1203
-1269
-838
103
1411
2819
4080
4932
5174
4682
3470
1639
-711
-3434
-6257
-8798
-10695
-11790
-12102
-11635
-10335
-8238
-5577
-2682
158
2802
5072
6767
7700
7833
7329
6312
4935
3420
2028
926
169
-139
108
839
1793
2676
3367
3811
3867
3295
1977
95
-2036
-4190
-6292
-8188
-9520
-9983
-9512
-8290
-6437
-4026
-1240
1628
4259
6432
7974
8773
8823
8188
7002
5418
3610
1782
199
-901
-1439
-1441
-918
117
1535
3050
4395
5326
5660
5277
4152
2373
32
-2693
-5519
-8095
-10127
-11474
-12084
-11876
-10741
-8699
-6014
-3068
-167
2522
4811
6500
7448
7632
7179
6220
4912
3431
1992
801
-44
-439
-288
367
1284
2205
3012
3593
3755
3280
2102
354
-1732
-3920
-6056
-7936
-9256
-9757
-9382
-8249
-6452
-4075
-1310
1552
4202
6415
8008
8861
8956
8378
7243
5643
3721
1764
122
-1001
-1593
-1694
-1291
-368
973
2484
3912
4969
5440
5203
4240
2633
436
-2197
-4999
-7631
-9774
-11251
-11985
-11895
-10886
-8963
-6405
-3569
-724
2000
4414
6272
7416
7810
7548
6714
5433
3929
2442
1166
169
-449
-532
-56
782
1677
2474
3108
3409
3094
2028
395
-1518
-3526
-5566
-7482
-8960
-9693
-9570
-8661
-7051
-4815
-2093
830
3628
6032
7871
8998
9333
8908
7853
6295
4371
2348
555
-783
-1621
-1940
-1678
-820
523
2064
3549
4730
5404
5426
4708
3316
1324
-1171
-3981
-6762
-9122
-10810
-11769
-11944
-11215
-9552
-7148
-4315
-1373
1476
4038
6079
7416
7937
7710
6860
5538
3976
2403
1031
-50
-760
-946
-542
315
1318
2239
2988
3459
3449
2750
1398
-393
-2384
-4469
-6536
-8273
-9350
-9562
-8960
-7667
-5717
-3197
-313
2556
5094
7097
8415
8968
8758
7889
6488
4702
2759
931
-536
-1509
-1948
-1828
-1152
35
1549
3117
4497
5427
5726
5277
4121
2358
43
-2661
-5454
-7979
-9993
-11379
-12008
-11744
-10502
-8411
-5745
-2828
90
2829
5137
6808
7708
7858
7380
6355
4947
3402
1976
799
-128
-661
-611
20
955
1876
2668
3252
3456
3039
1925
285
-1656
-3732
-5844
-7745
-9107
-9707
-9495
-8537
-6860
-4524
-1742
1159
3841
6108
7814
8804
9018
8504
7415
5855
3985
2050
349
-907
-1658
-1873
-1507
-563
808
2328
3790
5014
5760
5791
4991
3493
1442
-1056
-3842
-6604
-8983
-10763
-11870
-12209
-11624
-10071
-7753
-5007
-2129
703
3305
5419
6850
7515
7500
6877
5736
4297
2846
1590
565
-169
-437
-129
656
1638
2564
3313
3791
3802
3134
1802
28
-1985
-4169
-6393
-8290
-9510
-9936
-9630
-8600
-6777
-4266
-1398
1475
4099
6327
7941
8761
8768
8112
6950
5367
3507
1656
111
-972
-1554
-1609
-1092
-33
1400
2933
4367
5518
6161
6074
5154
3548
1429
-1093
-3906
-6708
-9078
-10734
-11648
-11854
-11243
-9716
-7419
-4698
-1873
890
3410
5409
6697
7242
7133
6421
5189
3721
2351
1240
356
-283
-466
-66
758
1678
2499
3200
3696
3732
3069
1753
17
-1949
-4069
-6193
-7992
-9182
-9627
-9327
-8269
-6457
-4027
-1273
1471
3967
6049
7527
8259
8277
7713
6627
5056
3197
1386
-90
-1127
-1706
-1794
-1335
-345
996
2459
3869
5098
5861
5886
5089
3641
1737
-582
-3241
-5954
-8316
-10054
-11114
-11477
-11019
-9675
-7588
-5063
-2383
266
2727
4758
6159
6869
6964
6510
5515
4177
2828
1682
750
41
-274
-74
543
1316
2049
2712
3245
3431
2998
1887
314
-1505
-3452
-5429
-7175
-8421
-9023
-8923
-8099
-6553
-4420
-1952
580
2962
5044
6643
7591
7855
7522
6664
5308
3620
1914
491
-549
-1227
-1465
-1153
-291
911
2230
3537
4745
5638
5926
5467
4315
2635
521
-1945
-4584
-7059
-9033
-10330
-10948
-10881
-10046
-8468
-6338
-3897
-1357
1106
3239
4832
5829
6242
6125
5493
4455
3248
2117
1200
512
115
145
613
1312
1972
2502
2933
3183
3012
2256
1004
-553
-2272
-4075
-5798
-7202
-8102
-8381
-7987
-6920
-5260
-3188
-909
1366
3433
5119
6271
6827
6842
6402
5537
4261
2746
1280
119
-663
-1078
-1087
-662
168
1233
2378
3498
4528
5293
5535
5095
3996
2405
431
-1843
-4262
-6547
-8398
-9654
-10301
-10283
-9529
-8088
-6163
-3956
-1636
602
2530
4001
4993
5478
5468
4997
4173
3198
2277
1531
959
595
573
924
1480
2018
2468
2831
3006
2797
2079
921
-517
-2099
-3739
-5300
-6552
-7309
-7476
-7054
-6091
-4660
-2903
-965
1011
2869
4436
5541
6110
6193
5855
5107
3974
2625
1343
328
-400
-863
-1003
-731
-73
812
1790
2783
3739
4528
4899
4681
3842
2535
903
-1001
-3120
-5257
-7118
-8481
-9311
-9589
-9250
-8250
-6685
-4739
-2629
-546
1341
2910
4103
4868
5185
5041
4477
3658
2816
2096
1493
976
662
693
1023
1451
1827
2145
2370
2331
1864
999
-102
-1325
-2645
-3982
-5137
-5926
-6270
-6177
-5666
-4719
-3358
-1711
18
1659
3123
4315
5108
5457
5414
5042
4345
3355
2237
1210
370
-288
-737
-845
-570
-19
666
1445
2315
3221
3973
4302
4068
3318
2224
817
-941
-2930
-4863
-6480
-7709
-8566
-8943
-8695
-7820
-6485
-4831
-2939
-929
967
2587
3912
4884
5391
5351
4840
4109
3352
2610
1829
1079
604
508
655
856
1100
1425
1689
1685
1342
766
-4
-998
-2178
-3370
-4383
-5155
-5646
-5791
-5495
-4735
-3603
-2236
-747
791
2274
3517
4399
4938
5203
5161
4730
3950
2991
1999
1034
164
-487
-814
-809
-539
-44
670
1561
2538
3418
3998
4184
3915
3184
1991
398
-1462
-3417
-5276
-6864
-8084
-8844
-9027
-8579
-7526
-5949
-4011
-1920
110
1937
3500
4663
5324
5470
5170
4572
3807
2957
2031
1103
376
3
-38
148
518
1046
1602
1983
2044
1774
1205
369
-704
-1920
-3149
-4288
-5221
-5813
-5975
-5696
-5021
-3956
-2540
-896
784
2316
3587
4562
5232
5518
5340
4739
3873
2873
1789
696
-270
-979
-1339
-1322
-934
-231
695
1771
2908
3972
4720
4949
4582
3697
2388
689
-1335
-3489
-5502
-7144
-8368
-9150
-9381
-8916
-7727
-5988
-3961
-1834
257
2138
3643
4661
5177
5196
4746
3979
3071
2143
1244
453
-53
-128
168
650
1188
1803
2457
2939
3027
2673
2003
1094
-76
-1495
-2999
-4365
-5460
-6218
-6544
-6334
-5596
-4454
-3034
-1416
305
1948
3331
4378
5079
5408
5280
4689
3772
2726
1677
660
-241
-875
-1130
-1018
-594
120
1074
2155
3222
4180
4900
5190
4918
4047
2695
994
-974
-3108
-5205
-6981
-8248
-9010
-9275
-8992
-8108
-6669
-4835
-2834
-874
903
2406
3536
4192
4387
4198
3728
3093
2412
1779
1248
883
775
976
1415
1966
2511
2997
3340
3409
3083
2361
1352
156
-1196
-2669
-4118
-5352
-6196
-6596
-6574
-6136
-5268
-3972
-2396
-743
833
2240
3420
4316
4886
5091
4900
4329
3500
2591
1719
913
218
-235
-347
-173
188
691
1325
2032
2730
3349
3802
3926
3601
2819
1702
413
-1010
-2578
-4199
-5637
-6674
-7293
-7576
-7511
-7002
-6055
-4813
-3445
-1998
-526
820
1905
2690
3210
3472
3470
3262
2947
2608
2288
1995
1791
1767
1936
2186
2389
2534
2645
2629
2335
1716
890
-54
-1105
-2254
-3391
-4366
-5097
-5538
-5674
-5488
-4991
-4184
-3088
-1782
-396
912
2034
2942
3652
4126
4277
4103
3710
3207
2621
1948
1274
717
373
230
219
313
525
877
1314
1755
2160
2514
2763
2755
2394
1708
806
-262
-1488
-2799
-4034
-5072
-5872
-6449
-6738
-6622
-6083
-5206
-4094
-2788
-1367
12
1214
2197
2964
3507
3789
3807
3631
3355
3029
2640
2223
1890
1711
1640
1597
1561
1579
1599
1490
1160
647
26
-725
-1618
-2583
-3491
-4259
-4851
-5215
-5291
-5041
-4495
-3694
-2657
-1437
-152
1055
2132
3090
3879
4376
4511
4373
4087
3675
3075
2311
1549
969
608
372
236
258
476
821
1203
1576
1920
2228
2426
2401
2048
1359
410
-751
-2083
-3473
-4763
-5798
-6516
-6893
-6894
-6490
-5716
-4664
-3390
-1929
-380
1059
2276
3253
3978
4402
4498
4319
3948
3450
2855
2198
1597
1177
951
845
810
855
953
982
834
490
-1
-628
-1390
-2234
-3072
-3855
-4522
-4943
-5055
-4876
-4462
-3810
-2872
-1709
-451
761
1862
2844
3691
4334
4687
4713
4442
3976
3398
2760
2079
1409
823
327
-107
-448
-637
-673
-616
-492
-289
-33
242
529
816
1016
1047
891
570
110
-488
-1189
-1917
-2588
-3131
-3527
-3777
-3846
-3676
-3251
-2608
-1805
-892
44
904
1602
2109
2427
2569
2546
2389
2149
1840
1471
1068
703
450
305
230
204
245
355
438
384
174
-120
-463
-871
-1351
-1857
-2344
-2760
-3028
-3104
-2988
-2708
-2277
-1673
-895
-17
836
1584
2259
2861
3303
3503
3441
3181
2784
2277
1672
996
319
-286
-794
-1163
-1370
-1420
-1315
-1061
-668
-164
407
1002
1566
2083
2509
2744
2717
2433
1964
1304
413
-642
-1675
-2526
-3189
-3726
-4095
-4209
-4033
-3601
-2968
-2205
-1386
-559
215
870
1337
1609
1690
1611
1449
1253
1021
750
510
401
456
585
710
822
962
1086
1074
885
581
236
-152
-603
-1088
-1545
-1911
-2149
-2275
-2282
-2139
-1821
-1375
-853
-285
297
802
1164
1422
1616
1717
1660
1487
1286
1065
770
407
71
-149
-279
-381
-468
-484
-377
-166
74
291
508
780
1105
1423
1737
2073
2414
2663
2770
2750
2593
2251
1665
881
-1
-893
-1773
-2631
-3404
-4013
-4409
-4605
-4613
-4413
-4000
-3408
-2701
-1923
-1112
-334
359
922
1344
1626
1763
1767
1655
1518
1424
1379
1349
1346
1417
1559
1711
1814
1851
1809
1669
1375
942
425
-129
-730
-1387
-2032
-2591
-3014
-3278
-3354
-3222
-2886
-2384
-1793
-1164
-522
110
693
1184
1587
1865
1967
1898
1739
1576
1390
1139
880
720
705
781
894
1057
1281
1542
1817
2101
2367
2540
2585
2544
2427
2177
1740
1131
400
-411
-1284
-2192
-3088
-3861
-4401
-4732
-4947
-5052
-4935
-4532
-3931
-3240
-2507
-1724
-928
-196
439
992
1488
1906
2231
2476
2666
2781
2801
2771
2756
2762
2713
2542
2256
1894
1474
985
428
-162
-757
-1351
-1951
-2541
-3048
-3399
-3560
-3560
-3452
-3235
-2876
-2354
-1698
-994
-311
309
903
1493
2038
2448
2689
2829
2918
2939
2847
2647
2365
2032
1671
1321
1013
739
477
221
-23
-257
-482
-674
-806
-896
-934
-903
-787
-583
-320
-32
258
543
821
1041
1140
1100
903
557
91
-420
-933
-1447
-1956
-2396
-2715
-2903
-2966
-2869
-2583
-2152
-1655
-1134
-579
-10
503
907
1188
1349
1402
1371
1284
1162
1025
888
732
566
430
358
327
292
250
206
149
48
-102
-272
-440
-596
-750
-887
-970
-967
-880
-728
-517
-261
29
334
629
884
1075
1202
1259
1254
1195
1073
881
632
355
67
-214
-468
-656
-748
-738
-651
-522
-359
-168
37
239
432
621
811
994
1166
1336
1498
1650
1786
1898
1961
1933
1776
1473
1014
416
-269
-976
-1676
-2369
-3049
-3662
-4132
-4417
-4493
-4362
-4025
-3513
-2878
-2164
-1416
-667
34
666
1229
1720
2125
2397
2503
2467
2373
2279
2184
2081
1985
1892
1775
1637
1492
1314
1083
819
526
165
-273
-728
-1159
-1543
-1864
-2137
-2350
-2456
-2404
-2203
-1886
-1423
-814
-154
437
918
1304
1603
1800
1872
1796
1573
1252
899
573
297
68
-113
-229
-268
-236
-148
-8
156
296
386
426
442
415
339
245
170
128
106
86
96
186
418
739
1033
1211
1258
1199
1018
682
182
-425
-1052
-1661
-2274
-2874
-3378
-3710
-3850
-3776
-3486
-3006
-2415
-1763
-1062
-343
349
973
1504
1919
2185
2294
2283
2209
2095
1927
1704
1463
1236
1033
851
697
575
480
396
290
158
10
-161
-362
-600
-851
-1114
-1366
-1567
-1672
-1677
-1612
-1475
-1240
-897
-482
-45
391
824
1224
1542
1740
1794
1727
1579
1376
1110
782
424
75
-243
-533
-778
-940
-982
-918
-807
-682
-549
-387
-205
-33
110
229
356
492
626
747
861
991
1156
1357
1570
1747
1846
1873
1823
1687
1407
951
353
-337
-1057
-1787
-2512
-3186
-3751
-4155
-4370
-4384
-4186
-3783
-3232
-2578
-1851
-1045
-172
697
1477
2119
2610
2952
3135
3150
3033
2821
2532
2173
1803
1482
1201
903
596
343
156
-23
-226
-412
-553
-678
-835
-1030
-1240
-1436
-1592
-1688
-1721
-1682
-1564
-1353
-1059
-705
-294
169
663
1144
1561
1897
2123
2221
2189
2024
1730
1303
772
191
-365
-832
-1193
-1460
-1649
-1718
-1670
-1530
-1344
-1122
-873
-614
-335
-66
165
339
476
587
679
771
877
1014
1187
1382
1575
1762
1971
2153
2219
2129
1894
1541
1048
407
-326
-1070
-1766
-2418
-3022
-3527
-3856
-3968
-3880
-3633
-3247
-2735
-2121
-1440
-733
-36
601
1156
1624
1994
2233
2331
2336
2283
2158
1963
1727
1471
1206
975
826
721
588
414
246
96
-71
-263
-452
-635
-834
-1057
-1264
-1414
-1495
-1497
-1456
-1382
-1260
-1065
-813
-553
-265
43
338
579
786
990
1167
1275
1309
1279
1190
1040
821
569
320
65
-234
-568
-885
-1138
-1325
-1450
-1491
-1454
-1344
-1185
-978
-734
-454
-126
250
641
990
1288
1544
1768
1939
2062
2167
2247
2260
2197
2093
1987
1880
1755
1600
1412
1179
876
468
-37
-606
-1209
-1818
-2412
-2979
-3500
-3943
-4268
-4428
-4397
-4157
-3743
-3211
-2572
-1835
-1027
-208
572
1298
1927
2427
2776
2983
3036
2940
2718
2390
1994
1574
1186
859
587
356
165
31
-38
-54
-40
-20
-38
-121
-253
-411
-606
-845
-1118
-1388
-1626
-1794
-1884
-1904
-1861
-1706
-1394
-972
-502
-24
472
956
1387
1731
1973
2092
2086
1980
1764
1449
1066
684
342
42
-220
-455
-654
-806
-881
-868
-775
-628
-462
-284
-100
62
167
219
256
293
314
304
277
250
237
264
346
462
570
646
711
808
948
1093
1194
1233
1207
1087
852
516
107
-353
-838
-1324
-1794
-2223
-2599
-2902
-3114
-3206
-3159
-2994
-2736
-2386
-1965
-1480
-945
-350
269
834
1309
1696
2040
2323
2502
2573
2562
2480
2312
2054
1783
1548
1331
1094
818
510
185
-121
-374
-569
-721
-856
-998
-1160
-1320
-1455
-1529
-1532
-1494
-1444
-1366
-1243
-1086
-888
-633
-325
-4
308
608
893
1157
1387
1569
1716
1827
1889
1862
1718
1476
1186
879
546
177
-214
-584
-906
-1157
-1373
-1587
-1767
-1848
-1813
-1696
-1525
-1314
-1092
-867
-613
-330
-40
222
455
659
797
847
838
859
939
1031
1072
1063
1056
1074
1129
1216
1330
1440
1499
1492
1429
1305
1109
828
459
20
-439
-883
-1316
-1747
-2151
-2492
-2758
-2928
-2970
-2868
-2660
-2362
-2000
-1590
-1141
-678
-223
199
594
973
1306
1572
1744
1828
1842
1807
1734
1628
1490
1319
1129
938
776
638
478
268
50
-114
-216
-301
-388
-484
-579
-663
-733
-773
-771
-751
-755
-792
-800
-747
-665
-587
-493
-366
-223
-71
104
294
456
574
674
784
884
925
876
758
627
503
349
137
-107
-337
-529
-694
-829
-929
-1002
-1048
-1020
-909
-763
-633
-511
-374
-226
-67
106
276
422
537
625
699
765
834
906
968
1024
1069
1099
1110
1120
1130
1138
1139
1153
1157
1116
1052
974
866
688
444
164
-167
-559
-987
-1408
-1778
-2090
-2364
-2604
-2794
-2901
-2906
-2810
-2601
-2289
-1902
-1487
-1081
-651
-162
363
845
1230
1526
1752
1914
2029
2081
2036
1907
1736
1536
1303
1081
907
771
627
481
345
214
81
-59
-191
-329
-470
-603
-713
-809
-909
-1003
-1058
-1087
-1110
-1104
-1031
-897
-745
-576
-378
-172
12
160
286
391
472
562
647
694
701
692
673
624
574
559
564
539
458
350
251
164
51
-125
-337
-497
-591
-681
-794
-869
-833
-705
-539
-363
-171
16
192
350
522
694
823
863
820
749
669
579
468
361
293
263
272
314
411
547
684
802
887
936
928
839
657
372
-14
-466
-940
-1381
-1765
-2098
-2379
-2582
-2667
-2632
-2485
-2230
-1869
-1439
-979
-510
-54
363
716
1003
1224
1395
1527
1600
1591
1533
1456
1342
1160
940
759
628
508
371
233
128
45
-16
-70
-138
-241
-366
-458
-517
-582
-661
-704
-691
-664
-662
-666
-617
-497
-325
-163
-53
20
93
183
267
316
323
313
320
341
339
303
270
257
241
209
175
154
127
63
-18
-101
-200
-328
-462
-560
-608
-624
-591
-505
-360
-179
14
201
361
495
627
751
845
897
911
907
873
815
751
675
569
435
318
252
204
136
39
-49
-105
-134
-145
-130
-86
-30
13
22
-13
-73
-117
-93
-13
65
83
4
-149
-331
-499
-652
-795
-936
-1067
-1186
-1266
-1280
-1232
-1139
-1029
-904
-757
-595
-452
-338
-205
-14
196
340
427
532
665
761
779
771
779
792
771
722
665
612
567
507
421
319
225
143
50
-60
-182
-303
-406
-471
-511
-542
-576
-586
-557
-494
-416
-348
-301
-245
-144
-19
70
115
160
227
315
416
510
578
607
614
620
620
598
543
475
405
299
154
19
-95
-215
-358
-499
-619
-707
-745
-722
-679
-638
-595
-495
-329
-141
17
124
234
365
459
503
534
591
632
624
597
560
510
446
369
267
157
73
8
-63
-140
-182
-179
-133
-66
-15
17
46
84
113
127
156
210
263
276
243
189
108
-23
-180
-305
-385
-467
-562
-625
-646
-667
-696
-705
-669
-616
-563
-502
-433
-364
-304
-249
-236
-262
-268
-219
-157
-129
-98
-29
67
155
250
368
489
581
628
659
686
721
751
750
710
640
565
476
373
264
156
33
-104
-243
-374
-495
-608
-694
-737
-748
-760
-778
-756
-664
-519
-365
-208
-51
94
218
319
415
496
527
510
478
447
401
343
304
269
198
111
59
38
19
-6
-6
6
-4
-30
-48
-44
-25
-30
-70
-126
-174
-215
-265
-322
-375
-373
-280
-134
-10
66
150
270
384
443
461
486
519
515
449
360
273
186
96
5
-76
-131
-148
-139
-137
-123
-73
37
205
382
500
521
504
487
455
388
317
252
138
-35
-214
-354
-475
-588
-673
-728
-758
-773
-767
-757
-769
-805
-830
-792
-693
-573
-468
-365
-247
-139
-78
-45
18
110
203
260
287
288
292
313
345
369
387
405
386
321
262
271
321
341
319
293
260
194
93
7
-48
-98
-167
-220
-224
-217
-230
-259
-267
-273
-292
-284
-215
-102
-13
40
80
128
190
245
300
345
365
357
334
346
407
471
456
330
153
14
-47
-66
-76
-111
-160
-206
-249
-280
-302
-295
-276
-256
-230
-198
-149
-86
-21
19
37
56
87
121
143
153
166
189
209
216
231
265
274
235
188
171
159
105
25
-45
-84
-109
-143
-203
-269
-329
-370
-373
-346
-309
-279
-260
-225
-194
-172
-124
-32
94
168
166
113
43
-23
-82
-131
-179
-226
-260
-272
-261
-224
-173
-101
-28
16
39
65
127
199
257
291
290
252
189
137
108
80
61
63
56
36
31
59
100
127
141
143
151
196
237
217
144
59
-12
-69
-79
-60
-68
-97
-100
-63
-18
22
57
65
62
89
142
167
148
114
69
7
-37
-20
20
17
-24
-36
-8
5
-29
-77
-124
-183
-254
-299
-304
-290
-285
-301
-321
-303
-240
-168
-103
-40
24
92
167
247
314
357
387
410
429
436
408
346
269
188
110
42
14
6
5
4
18
54
79
82
69
50
24
-10
-51
-97
-164
-246
-309
-331
-316
-317
-353
-368
-297
-163
-53
-2
22
45
70
84
96
95
79
49
14
-20
-86
-177
-268
-337
-381
-404
-396
-372
-324
-250
-186
-151
-117
-49
40
93
102
114
133
145
138
144
177
203
209
210
212
218
229
255
288
303
298
272
250
231
202
128
30
-56
-106
-134
-174
-237
-323
-379
-366
-299
-222
-165
-107
-47
8
61
115
150
159
175
197
218
234
246
244
206
158
142
159
203
261
313
332
288
228
181
145
97
23
-56
-125
-176
-224
-300
-397
-471
-489
-451
-393
-336
-291
-251
-191
-116
-41
22
75
140
195
222
215
187
146
72
-38
-167
-249
-242
-174
-146
-170
-168
-105
-45
-8
48
143
212
220
187
130
67
8
-59
-151
-246
-277
-243
-203
-188
-180
-158
-118
-71
-20
30
81
145
200
239
285
347
409
437
414
339
257
222
237
240
188
125
105
107
89
44
2
-38
-86
-148
-206
-258
-303
-338
-366
-367
-338
-301
-288
-296
-284
-225
-126
-29
48
129
209
248
239
216
218
212
187
161
148
146
139
108
57
1
-40
-55
-69
-76
-83
-94
-100
-83
-28
11
24
16
7
-5
-8
-18
-56
-117
-157
-176
-197
-196
-163
-118
-107
-117
-112
-85
-51
-15
9
-9
-50
-59
-25
25
53
80
93
108
148
196
227
222
201
172
135
104
103
132
159
160
134
116
116
119
114
115
156
216
244
212
171
165
195
221
229
218
197
180
155
93
6
-47
-46
-42
-77
-131
-173
-194
-228
-286
-338
-351
-334
-330
-359
-405
-438
-442
-421
-384
-331
-249
-163
-99
-72
-50
-13
-7
-50
-91
-73
-16
22
36
46
34
11
24
81
148
169
152
123
86
50
44
77
116
118
97
92
117
134
114
75
41
16
-32
-81
-90
-59
-34
-57
-85
-73
-36
-9
-9
-19
-35
-51
-60
-56
-56
-53
-32
11
42
47
49
80
100
71
16
-11
11
24
6
-31
-69
-97
-99
-51
2
19
12
8
-12
-40
-21
51
104
99
98
109
113
109
125
157
157
137
136
155
172
165
153
144
116
81
52
47
38
7
-17
-11
4
1
-29
-50
-57
-70
-78
-75
-48
-24
-14
-19
-34
-44
-51
-50
-37
-20
-13
-32
-49
-47
-36
-37
-37
-19
12
35
51
52
39
28
21
7
-41
-107
-146
-150
-150
-175
-211
-226
-214
-167
-110
-71
-57
-47
-31
-33
-50
-53
-26
-2
-3
-15
-7
29
62
82
105
145
189
225
239
236
225
214
201
177
152
140
137
113
60
-5
-48
-64
-80
-106
-126
-132
-129
-128
-135
-143
-151
-149
-131
-99
-59
-37
-33
-25
7
36
33
24
39
47
24
-7
0
41
69
57
8
-31
-60
-85
-98
-94
-91
-112
-118
-76
-16
28
42
32
6
-16
-37
-58
-70
-57
-32
-28
-42
-46
-19
29
60
68
66
73
62
26
6
33
91
134
164
178
171
140
103
87
92
102
105
102
108
127
123
79
24
3
9
10
-7
-28
-50
-77
-106
-133
-152
-169
-179
-186
-207
-236
-245
-225
-190
-166
-153
-134
-111
-84
-60
-25
12
24
51
129
233
299
316
333
368
408
429
415
364
310
275
255
214
141
59
-1
-37
-70
-108
-164
-236
-315
-378
-408
-418
-410
-376
-330
-295
-281
-261
-224
-195
-178
-147
-67
42
128
186
235
276
300
314
331
337
310
271
235
196
155
124
99
43
-32
-97
-134
-160
-184
-204
-227
-237
-239
-235
-252
-273
-259
-193
-101
-27
18
40
50
56
72
107
130
133
135
149
152
116
84
80
79
48
15
20
25
-14
-81
-113
-114
-127
-167
-203
-206
-176
-128
-88
-69
-72
-75
-79
-78
-86
-105
-102
-72
-10
48
93
131
175
230
277
296
281
263
256
248
192
114
74
80
70
13
-32
-49
-57
-92
-121
-138
-140
-127
-107
-97
-104
-95
-63
-36
-55
-106
-164
-200
-226
-231
-191
-109
-26
-8
-32
-40
10
119
236
309
309
292
314
346
326
259
202
170
157
144
101
33
-32
-60
-63
-76
-98
-112
-114
-125
-153
-180
-185
-196
-217
-229
-194
-118
-42
4
14
13
24
60
106
143
164
183
197
191
176
169
155
128
109
110
105
73
43
22
-9
-50
-87
-110
-140
-194
-236
-234
-196
-160
-156
-163
-167
-167
-145
-109
-54
-11
8
13
12
24
53
96
124
119
112
129
151
135
89
49
37
49
68
73
31
-44
-118
-147
-125
-86
-86
-134
-179
-172
-113
-64
-58
-65
-39
-5
14
16
31
59
85
84
57
44
60
81
69
34
-1
-33
-38
-8
34
35
-21
-71
-81
-67
-66
-74
-65
-35
8
45
52
35
22
25
40
55
77
84
68
26
-16
-29
-13
24
47
53
45
42
39
26
18
25
34
21
-2
-29
-47
-38
-14
-23
-73
-113
-103
-78
-65
-52
-47
-74
-116
-139
-126
-94
-55
-17
4
23
55
91
104
99
106
127
126
86
55
66
90
89
69
56
61
70
79
84
92
113
102
45
-9
-12
21
32
4
-37
-54
-41
-43
-76
-101
-86
-44
-1
53
98
102
61
23
4
-14
-55
-107
-138
-142
-124
-105
-71
-45
-21
15
72
114
106
76
40
7
-22
-21
-9
-1
-1
6
4
-12
-40
-72
-91
-92
-69
-37
13
56
73
61
48
23
-27
-74
-89
-75
-68
-67
-56
-37
-3
29
41
39
35
46
53
57
56
60
47
17
-5
-13
-10
-35
-84
-119
-117
-95
-80
-63
-45
-41
-31
13
74
107
95
70
47
44
62
96
109
91
77
98
154
196
197
161
123
95
55
5
-43
-72
-109
-147
-150
-121
-100
-129
-186
-238
-249
-210
-161
-128
-99
-60
-39
-47
-46
-25
-13
-37
-60
-47
-10
10
-18
-46
-36
1
25
19
35
86
155
203
216
207
195
180
155
124
78
38
26
44
68
74
74
77
75
72
67
57
34
-6
-46
-76
-97
-123
-164
-205
-207
-159
-113
-115
-138
-116
-41
25
40
18
1
31
89
142
166
153
131
111
86
48
10
-7
-5
0
3
0
-16
-33
-42
-29
-17
-18
-35
-78
-130
-168
-171
-150
-129
-110
-93
-87
-87
-62
-7
46
69
69
69
70
89
113
132
135
129
127
118
108
88
67
56
73
98
115
102
68
35
31
37
14
-24
-42
-40
-47
-57
-66
-96
-134
-152
-160
-191
-229
-229
-220
-221
-198
-129
-76
-82
-102
-77
-28
-1
-2
-12
-5
29
93
146
146
132
155
218
265
274
261
221
156
92
66
87
110
92
21
-72
-139
-160
-154
-129
-90
-55
-63
-122
-183
-193
-155
-104
-71
-45
-17
-3
-8
-14
-26
-34
-39
-27
3
31
41
33
28
33
33
31
34
44
57
59
63
74
91
93
81
74
70
72
75
89
77
8
-64
-98
-63
-20
-12
-30
-49
-42
-37
-32
-7
8
2
-10
-3
13
23
46
85
122
142
130
100
75
70
59
39
19
5
-11
-19
0
14
-8
-64
-113
-138
-138
-122
-112
-118
-139
-146
-129
-85
-41
-28
-21
5
42
63
56
38
10
11
43
62
46
26
45
59
45
30
50
77
75
