4.97734 -0.00604865 -1.45327 1.12511 2.56646 0.0867844 0.983436 0.528621 0.292926 0.182073 0.114454 0.0846431 
4.98204 0.46809 -1.25052 1.85853 2.84806 -0.0990574 1.06671 1.18505 0.820919 0.403415 0.111455 0.0724152 
5.93763 0.0249387 -1.32394 3.11272 2.19121 -0.352193 1.43562 0.991632 0.822498 -0.027837 0.210272 0.0831941 
3.23588 1.24348 0.762882 1.927 1.94046 0.929959 0.801083 0.919699 0.451096 0.116537 0.186558 0.0404652 
4.04922 1.59029 0.364823 0.934541 1.34315 1.13794 1.73916 1.79247 0.625243 0.0629939 0.0965706 -0.00360651 
3.33685 2.24894 1.3168 0.812047 0.828702 1.21855 1.3787 1.09919 0.615893 0.194613 -0.0480191 -0.0468876 
2.81852 1.62311 0.910588 0.954451 1.40278 1.69026 1.57066 0.98822 0.421266 0.143696 0.0310622 -0.0440263 
4.55867 2.45019 0.114502 -0.48506 0.500239 1.87537 2.44512 1.79583 0.552807 -0.00394513 -0.124879 -0.0745086 
5.47204 2.51045 -0.279403 -0.410422 0.88763 1.8025 2.40492 1.81225 0.415773 -0.000694793 -0.192462 -0.0733331 
4.38428 2.4988 0.421877 -0.182799 0.767713 2.02047 2.31025 1.54578 0.414278 -0.130816 -0.243516 -0.0873885 
3.49828 1.96665 0.586601 0.391721 1.23655 2.00878 2.09251 1.39334 0.35667 -0.243542 -0.276468 -0.075634 
3.18551 1.72086 0.520244 0.432316 1.33644 2.21176 2.07412 1.16535 0.326187 -0.134339 -0.264643 -0.0714353 
4.34288 2.39013 0.222491 0.080601 1.67267 2.85651 2.51035 1.20597 0.175157 -0.107568 -0.312292 -0.0549938 
6.21041 1.96633 -0.642339 0.581552 2.34171 3.06118 2.96099 1.63552 -0.298611 -0.239841 -0.205921 -0.015009 
4.08833 2.17524 0.397057 0.566595 2.14031 3.03787 2.64083 1.28085 0.116099 -0.284679 -0.259692 -0.00291286 
3.02016 1.66327 0.85968 1.1336 2.05618 2.7054 2.40468 1.33123 0.183961 -0.348942 -0.267454 0.0169598 
3.32635 1.94437 0.749195 0.809604 2.00404 2.968 2.64617 1.40976 0.109046 -0.417988 -0.248142 0.0155461 
6.21174 1.15481 -0.254195 1.89193 2.48319 2.40081 3.13163 1.90763 -0.0159769 -0.544374 -0.212129 0.0387831 
4.79819 1.92991 0.140546 1.03626 2.30756 2.79469 2.79541 1.44586 -0.0478308 -0.399751 -0.183986 0.0329272 
3.48109 2.11939 0.910218 0.788877 1.68218 2.49507 2.37529 1.13144 -0.100678 -0.429262 -0.0497989 0.0185413 
2.96655 1.74218 1.05987 1.21959 1.6732 1.95562 1.69637 0.751469 -0.097413 -0.216881 0.0981473 0.00654503 
4.11768 2.23525 0.929408 1.2633 1.95506 1.75726 1.46729 0.978101 0.125546 -0.274736 0.069485 0.0287738 
4.09075 1.98949 0.729465 1.55235 2.39597 1.66701 1.10648 0.752414 0.398719 0.0646114 0.090689 0.0123872 
5.53645 1.52454 -0.00956918 2.36833 2.48474 0.758189 1.12961 1.07224 0.38818 -0.0513305 0.0247379 0.0600095 
4.16982 1.73639 0.60207 1.7171 2.02143 1.13702 0.913632 0.857105 0.188255 -0.167939 0.0917882 0.0465471 
3.58132 1.7648 0.877491 1.34047 1.80165 1.32056 1.05007 0.652038 0.249427 0.0293727 0.0597853 0.00784588 
4.91384 1.67594 0.0782752 1.81485 1.95018 0.725541 1.23687 0.729529 0.381003 0.0963867 0.0480282 0.0196416 
4.19296 1.63405 0.504004 1.53121 2.33492 1.57958 0.843045 0.508805 0.0591811 0.177304 0.135142 0.0285074 
5.6008 1.3762 -0.476204 1.45081 2.53411 0.935604 1.32593 0.849141 0.043861 0.149875 0.142966 0.0698117 
5.5534 1.35655 -0.457292 1.40821 2.23987 1.06267 1.37941 0.867435 0.100777 0.216824 0.197234 0.0685741 
4.72671 1.68738 0.0935522 1.12317 2.19777 1.21851 0.979691 0.686279 0.333372 0.29559 0.187581 0.0408477 
4.2798 1.59542 0.143287 0.880119 1.45465 0.956985 1.02715 0.8752 0.220656 -0.0423625 0.0261544 0.0131861 
4.68541 1.36606 -0.245633 1.15248 1.43798 0.949135 1.32645 1.13943 0.39525 -0.124568 -0.0202359 0.0250602 
5.48898 1.34368 -0.661508 1.48222 2.2455 1.11501 2.09128 1.6315 0.218061 -0.373329 -0.148472 0.0659704 
6.12522 1.4212 -0.518709 1.63177 2.35915 1.41042 2.80217 1.69061 0.383273 -0.460369 -0.166918 0.0613175 
4.33744 1.968 0.64477 1.58333 2.78864 2.83055 2.52614 1.64317 0.343175 -0.402085 -0.275787 0.0229983 
4.05668 2.24729 1.14172 1.53778 2.36486 2.78381 2.71973 1.60122 0.163416 -0.422709 -0.299924 0.00838107 
6.21491 1.84403 -0.014905 1.17041 2.75002 2.74527 3.20049 1.63281 -0.359955 -0.472077 -0.305832 -0.0208105 
3.84268 2.64603 0.957154 0.275376 1.18268 2.53189 2.64397 1.27234 -0.261333 -0.755524 -0.36021 -0.0556516 
4.54352 3.03958 0.579104 -0.23441 1.17936 2.40655 2.30424 1.10263 -0.366917 -0.88801 -0.380031 -0.0595961 
4.19081 1.81673 0.0518171 0.321697 2.35892 3.15121 2.18757 0.713358 -0.307293 -0.607955 -0.49891 -0.0632516 
3.76786 2.19861 0.375508 -0.230072 0.642849 1.98691 2.40694 1.21634 -0.469637 -1.00586 -0.266848 -0.079233 
4.99845 2.25412 -0.512723 -0.391752 1.06807 2.04297 1.99095 1.28156 -0.155416 -0.967846 -0.37435 -0.0591076 
3.44647 1.68707 0.144139 0.126856 1.28945 2.25692 2.19896 1.05389 -0.370549 -0.919127 -0.36812 -0.0776674 
4.1898 1.65829 -0.272142 -0.0345096 1.34645 2.28856 2.20949 1.1131 -0.3009 -0.895379 -0.393733 -0.0736359 
3.80992 1.89759 -0.095641 -0.37009 0.88443 2.0537 2.12966 1.07896 -0.28375 -0.839752 -0.358886 -0.104973 
7.90034 1.23256 -1.92591 0.182987 1.66051 1.58605 2.35909 1.90958 -0.24084 -1.02564 -0.585167 -0.0633893 
3.60696 1.73037 -0.0589263 -0.262826 0.959179 2.09058 2.05614 0.9379 -0.319487 -0.772351 -0.46657 -0.121826 
4.64283 1.88196 -0.341028 -0.243554 1.18022 2.09704 2.01775 1.02341 -0.274844 -0.7719 -0.530375 -0.126531 
3.88502 1.85157 -0.0508064 -0.198208 0.957668 1.93951 1.9112 0.965227 -0.272577 -0.817635 -0.52506 -0.126958 
5.55515 2.14366 -0.474798 -0.190703 1.14531 1.95711 2.02607 1.08163 -0.279711 -0.851903 -0.547508 -0.117259 
4.56268 2.02242 -0.213244 0.0370539 1.44325 1.93994 1.8265 1.17533 -0.213643 -0.976621 -0.569427 -0.121934 
4.50491 1.72292 -0.323906 0.0586738 1.55713 2.25189 1.89288 0.888265 -0.267486 -0.857287 -0.565422 -0.116566 
3.74182 1.7031 -0.0494333 0.0426202 1.23095 2.02653 1.84841 0.826397 -0.404965 -0.927168 -0.556621 -0.10657 
5.45415 1.81426 -0.847641 0.0109511 1.61119 1.9788 1.76096 0.953976 -0.400913 -0.900111 -0.564182 -0.10466 
6.78218 1.95927 -2.05974 0.108706 1.81264 1.68814 1.61381 1.08523 -0.355043 -0.823021 -0.605637 -0.0963372 
4.58957 1.83205 -0.571842 -0.414127 1.45901 2.54962 1.95072 0.63562 -0.412046 -0.755042 -0.508332 -0.100917 
3.91664 1.80855 -0.246906 -0.333277 1.17758 2.30808 2.03592 0.808278 -0.381445 -0.827055 -0.527759 -0.107862 
4.84482 2.04886 -0.742097 -0.628494 1.31646 2.39277 1.97477 0.790915 -0.358345 -0.837388 -0.524348 -0.118141 
6.37898 2.09539 -1.68706 -0.423491 1.63017 1.67356 1.66337 1.22113 -0.380387 -0.745083 -0.585104 -0.113434 
5.04832 1.8134 -0.707885 -0.17943 1.38478 1.98001 1.82057 1.01624 -0.256034 -0.822378 -0.529052 -0.118958 
4.15286 1.69489 -0.323718 0.00275399 1.35727 1.97785 1.77876 1.04225 -0.138883 -0.813622 -0.50969 -0.119376 
4.32225 1.9517 -0.188166 -0.117217 1.05398 1.75859 1.79309 1.07214 -0.10545 -0.795994 -0.475978 -0.119197 
4.64992 1.91226 -0.47966 -0.177165 1.33483 1.93614 1.75603 0.995164 -0.05306 -0.680707 -0.469156 -0.120157 
5.19815 1.99472 -0.812735 -0.280947 1.19151 1.70913 1.84401 1.11783 -0.0863801 -0.613156 -0.493252 -0.134933 
4.98035 2.05338 -0.647183 -0.308661 1.24566 1.78426 1.67153 1.01222 -0.142556 -0.612941 -0.470951 -0.128636 
4.7975 2.00445 -0.56095 -0.405297 1.08143 1.7637 1.65985 0.909888 -0.166975 -0.579315 -0.463519 -0.13577 
4.35886 1.94448 -0.295358 -0.327384 1.12365 1.9664 1.66283 0.744717 -0.161583 -0.528908 -0.468534 -0.138515 
6.61555 2.10743 -1.69748 -0.0623278 1.80827 1.65918 1.93801 1.19528 -0.484773 -0.535002 -0.456263 -0.0963745 
6.15135 2.3041 -1.32657 -0.478412 1.62218 2.24653 2.13572 1.00994 -0.449943 -0.448568 -0.401357 -0.106086 
4.77628 2.41898 -0.228526 -0.587368 0.991779 2.47041 2.1812 0.747209 -0.25469 -0.285526 -0.401756 -0.108501 
4.07478 2.06359 0.0311765 -0.250289 0.948111 2.03446 2.01991 0.983859 -0.0431931 -0.37462 -0.378721 -0.120726 
4.12566 2.08772 0.088058 -0.235348 0.873087 1.98287 2.05536 1.09251 0.155528 -0.228387 -0.377194 -0.136246 
4.43458 2.24299 0.201467 0.0897333 1.10053 1.67295 1.8162 1.37316 0.414291 -0.221247 -0.4222 -0.159371 
4.48517 2.22224 0.244646 0.202319 0.90641 1.47655 1.99848 1.51871 0.4049 -0.160808 -0.41435 -0.159827 
3.55084 2.09381 0.795551 0.496125 0.913559 1.50609 1.847 1.36487 0.424325 -0.312621 -0.397104 -0.128467 
3.37415 2.20652 1.20912 0.833278 1.0837 1.42726 1.36736 0.899682 0.333649 -0.143865 -0.266552 -0.0828329 
3.39442 2.21524 1.30532 1.15328 1.30413 1.41559 1.59582 1.1427 0.266966 -0.287864 -0.245388 -0.0633789 
4.22729 2.53377 1.1546 0.989437 1.26258 1.45967 1.64113 1.4113 0.362725 -0.32175 -0.241156 -0.0783238 
6.0058 2.07304 -0.144427 1.53323 2.27089 1.17356 2.12187 1.50679 0.0960424 -0.27287 -0.265156 -0.0404913 
4.50898 2.26881 0.612105 1.07519 1.83025 1.81564 1.57983 1.20788 0.409842 -0.0499414 -0.202441 -0.0618491 
4.01705 2.39578 0.903532 0.811424 1.47895 2.01662 2.01437 1.31456 0.342731 -0.209626 -0.224969 -0.0450708 
4.54885 2.07457 0.256929 0.841834 1.97386 1.93256 1.94064 1.26568 0.379574 0.0485003 -0.146598 -0.0357065 
5.07381 1.88722 0.493222 1.69916 1.69779 1.50662 2.33216 1.50706 0.0904069 -0.00768628 -0.206439 -0.0604801 
3.96035 1.97477 0.936333 1.3591 1.56872 1.36031 1.60123 1.33131 0.412124 -0.0620725 -0.224518 -0.0574091 
3.92201 1.9042 0.995875 1.45583 1.31205 0.926119 1.23943 0.971065 0.271085 0.104198 -0.049973 -0.0364476 
4.18166 1.67013 0.657887 1.48785 1.90431 1.16417 1.50965 1.08356 0.215263 -0.10783 -0.0581537 -0.0117314 
4.34134 1.6102 0.0888334 1.35975 1.8853 1.33727 1.30779 1.02643 0.457997 0.0174104 0.038844 -0.00134986 
4.02001 1.77544 0.466297 1.36106 2.22728 1.55503 1.2322 0.908806 0.484558 0.157225 0.109536 0.0104077 
5.17253 1.58854 -0.153481 1.82068 2.36117 1.47691 1.37185 0.85053 0.401748 0.337038 0.105222 0.00100755 
4.09936 1.91475 0.689009 1.42247 2.06735 1.47138 0.802749 0.839309 0.634043 0.494625 0.0745306 -0.0273121 
3.75936 1.90083 1.07175 1.66795 1.83404 1.3392 1.34029 1.18399 0.694728 0.229975 -0.0764171 -0.0296789 
3.62716 2.0891 1.10346 1.40801 1.66262 1.30271 0.857188 0.837039 0.670808 0.227509 -0.0267483 -0.029075 
4.89595 1.63896 0.0837351 1.91484 2.82133 1.52157 1.30785 1.11711 0.843457 0.248223 -0.111106 -0.0447352 
5.02528 1.71782 -0.135258 2.00079 2.67375 1.33116 1.30933 1.08544 0.727241 0.12954 -0.0260638 -0.00072904 
3.55494 1.98086 1.0683 1.48685 1.98004 1.60173 1.13667 0.787214 0.386472 0.217904 0.218175 0.0214913 
3.54398 2.15355 1.24771 1.38118 1.55346 1.11151 0.788765 0.810117 0.663498 0.327688 0.123386 -0.00702549 
4.06633 2.11325 0.80402 1.29563 1.8957 1.39319 1.03051 0.810148 0.499649 0.251221 0.110288 0.00617215 
4.79162 1.92001 0.497201 1.35458 2.1836 1.30593 1.10284 1.00782 0.613417 0.311473 0.0952811 0.0137823 
4.01996 2.21251 0.914679 1.0136 1.62067 1.65827 1.58198 1.08416 0.702752 0.130588 0.068659 0.0104183 
4.59843 2.13183 0.546312 1.26061 2.02812 1.59409 1.21486 1.31233 0.604257 0.135115 0.101982 0.0350846 