4.79303 0.595832 -0.730255 1.08731 1.62357 -0.190169 0.40542 0.757521 -0.0724808 0.0472793 -0.00835907 0.0411719 
5.49879 0.394351 -1.18485 1.86283 1.99639 -0.968302 0.809399 0.488319 0.233081 -0.0130385 -0.0325406 0.0220207 
2.81382 1.84362 1.02357 0.502147 0.212122 0.34605 0.652775 0.622319 0.284511 -0.0126351 -0.0709728 -0.0740698 
2.8745 2.29595 1.95248 1.69306 1.45465 1.17369 0.900524 0.632478 0.351059 0.146325 0.0557009 -0.0170693 
4.03379 3.25971 2.32623 1.5455 1.03039 0.72025 0.62862 0.455453 0.295288 0.201833 0.204702 0.0242155 
8.31452 2.75282 2.50463 1.42347 1.97716 -0.216124 0.800746 0.787055 0.198391 -0.0317858 -0.154353 -0.00948719 
4.83942 4.21959 3.05924 2.1772 1.21481 0.356618 -0.136028 -0.030292 0.0616266 -0.0662726 0.0357944 0.00342889 
3.46051 3.08083 2.62596 1.98821 1.29525 0.692739 0.159172 -0.167324 -0.205712 -0.0472161 0.0972202 -0.0260945 
5.14922 4.26017 3.25894 2.51553 1.47486 0.29851 -0.346119 -0.300453 -0.220049 -0.215223 -0.0376667 -0.010617 
3.99979 3.65635 3.19986 2.4428 1.37371 0.350442 -0.156435 -0.260351 -0.248324 -0.176052 0.0222906 -0.0238598 
4.41792 3.99718 3.22984 2.3583 1.50904 0.679509 0.026805 -0.316298 -0.37853 -0.259455 -0.0143132 -0.029272 
3.82518 3.53305 3.14715 2.53985 1.57569 0.46648 -0.31773 -0.562097 -0.447874 -0.256018 -0.000971859 -0.0441277 
4.21097 4.15625 3.84749 3.11065 1.84159 0.428302 -0.586744 -0.818721 -0.64761 -0.491404 -0.147803 -0.0765354 
3.98928 3.77127 3.36903 2.61527 1.58182 0.4936 -0.306915 -0.762996 -0.792147 -0.470306 0.0263727 -0.0498318 
4.48421 4.11768 3.48604 2.69585 1.68794 0.393119 -0.475135 -0.823553 -0.732313 -0.500973 -0.096723 -0.0538039 
3.98099 3.65925 3.07623 2.25631 1.35438 0.58913 -0.0551313 -0.487639 -0.588566 -0.361622 -0.010403 -0.0437823 
3.75158 3.63288 3.40197 2.85264 1.99387 1.02252 0.154756 -0.362556 -0.530724 -0.398767 -0.0615796 -0.0892787 
4.08236 3.69559 3.18304 2.6066 1.95323 1.16413 0.324779 -0.210324 -0.459351 -0.355114 -0.0765105 -0.0692355 
4.69067 4.31848 3.64214 3.08285 2.50259 1.3735 0.227367 -0.447161 -0.63526 -0.550127 -0.145834 -0.0971808 
3.84079 3.52053 3.09919 2.49597 1.6471 0.85343 0.203708 -0.208111 -0.416505 -0.351159 -0.106611 -0.0691694 
3.6726 3.60059 3.46246 2.98233 2.1579 1.2368 0.226536 -0.386335 -0.596344 -0.413127 -0.0808566 -0.102008 
3.89435 3.65986 3.35612 2.78526 1.95111 1.03519 0.211407 -0.329994 -0.578358 -0.438474 -0.103687 -0.0875241 
4.35918 4.09654 3.76363 3.27792 2.38937 1.12831 0.110599 -0.430571 -0.715628 -0.588126 -0.136155 -0.108777 
4.66951 4.10973 3.4274 2.83877 2.0061 1.03914 0.1082 -0.422993 -0.62656 -0.565938 -0.16999 -0.0874744 
3.98724 3.94954 3.92177 3.5748 2.60768 1.3086 0.0663633 -0.521321 -0.728173 -0.559382 -0.0957774 -0.132569 
4.01876 3.84712 3.58298 3.04332 2.09339 0.969599 0.0601997 -0.459058 -0.65307 -0.533119 -0.146798 -0.105716 
4.49789 4.25562 3.89134 3.26904 2.27665 1.02847 0.0650475 -0.462794 -0.707666 -0.627291 -0.198362 -0.116128 
4.35099 3.96303 3.47312 2.83631 1.92235 0.905365 0.0998028 -0.456242 -0.660168 -0.551719 -0.163993 -0.0914871 
3.91021 3.71197 3.48097 2.90504 2.03892 1.00283 0.0768052 -0.446101 -0.672734 -0.50742 -0.137926 -0.102369 
4.63714 4.50892 4.01341 3.39412 2.53342 1.40202 0.405694 -0.377926 -0.722898 -0.669962 -0.170484 -0.119463 
4.00698 3.82279 3.50631 2.89819 2.0272 0.995757 0.156686 -0.387112 -0.632294 -0.504251 -0.131045 -0.0986431 
4.08586 3.83806 3.43717 2.73917 1.91154 1.02115 0.252032 -0.311554 -0.632708 -0.458143 -0.117732 -0.0846239 
3.31026 2.92056 2.57948 2.09971 1.48597 0.847677 0.26815 -0.167272 -0.359769 -0.350832 -0.193911 -0.0650185 
4.20076 4.13978 3.93154 3.31886 2.47871 1.47839 0.43959 -0.420881 -0.786296 -0.582546 -0.0730931 -0.112943 
3.70518 3.50449 3.23756 2.72505 1.94032 1.04275 0.218424 -0.360904 -0.534505 -0.412221 -0.12773 -0.0922763 
4.27149 4.1376 3.80252 3.18219 2.33447 1.30518 0.366232 -0.39356 -0.770791 -0.592551 -0.128695 -0.115205 
3.18306 2.76163 2.42847 1.94879 1.36789 0.774974 0.271609 -0.0953544 -0.321118 -0.357575 -0.236441 -0.0723715 
3.9451 3.57251 3.19385 2.61452 1.84832 1.04305 0.334684 -0.187028 -0.480243 -0.447669 -0.143174 -0.0892338 
3.48768 3.22086 2.94693 2.48616 1.80717 1.06587 0.429191 -0.0373791 -0.277822 -0.335139 -0.196621 -0.0872318 
5.21973 4.66284 3.87358 3.55872 3.04863 1.80057 0.558287 -0.262889 -0.428879 -0.605259 -0.209761 -0.121568 
3.70786 3.52242 3.35599 2.89316 2.15244 1.26944 0.515072 0.0266388 -0.216256 -0.237795 -0.10634 -0.0767954 
3.76033 3.51203 3.25835 2.77919 2.10972 1.33072 0.644276 0.157118 -0.115156 -0.193666 -0.074064 -0.0592157 
3.52921 3.28059 3.07263 2.68503 2.17266 1.56064 0.902947 0.345871 -0.029283 -0.107539 -0.0346957 -0.0410104 
3.81113 3.60907 3.40629 2.95042 2.27212 1.50542 0.808398 0.270977 -0.0581114 -0.128282 0.00157228 -0.0417222 
3.52314 3.23202 3.01629 2.67566 2.11439 1.4154 0.765094 0.297748 -0.0171952 -0.107088 -0.0401239 -0.0382893 
3.29513 2.99192 2.78007 2.40551 1.91524 1.35238 0.801648 0.326374 0.0174253 -0.110756 -0.0973334 -0.0387772 
3.98616 3.91149 3.75755 3.32472 2.63091 1.68838 0.763732 0.0693671 -0.326972 -0.302966 -0.00619458 -0.0763469 
3.73692 3.51709 3.22276 2.68737 2.07341 1.44877 0.76915 0.192114 -0.160582 -0.221323 -0.0797518 -0.0594175 
3.37107 3.06727 2.79286 2.35864 1.79582 1.22147 0.698534 0.275167 -0.0446295 -0.197257 -0.185539 -0.0569798 
3.18737 2.79357 2.52244 2.1514 1.67275 1.12815 0.600569 0.154884 -0.12822 -0.235369 -0.199834 -0.0627871 
3.25339 2.93806 2.74 2.38714 1.92954 1.40404 0.841775 0.312344 -0.0805257 -0.22188 -0.19569 -0.0636467 
3.19359 2.82899 2.61406 2.32045 1.88583 1.35328 0.820505 0.327683 -0.018014 -0.169313 -0.166748 -0.0539506 
3.68362 3.44678 3.24906 2.86567 2.31499 1.72522 1.13414 0.515119 0.102197 -0.047813 -0.0115633 -0.0344301 
3.84482 3.65253 3.47133 3.01996 2.35018 1.67435 1.09883 0.617934 0.244818 0.0591336 0.041876 -0.0151998 
3.12264 2.79802 2.6435 2.40236 2.06862 1.63467 1.12755 0.649146 0.271462 0.0640448 -0.0256508 -0.0104947 
2.99495 2.58482 2.34039 2.05924 1.74375 1.36179 0.966427 0.600459 0.319001 0.136851 0.0369231 -0.00677162 
3.42259 3.1399 2.91088 2.56526 2.18119 1.70512 1.17558 0.673232 0.308337 0.112402 0.0385957 -0.00404408 
3.79846 3.53069 3.29047 2.92319 2.4411 1.80826 1.13292 0.602905 0.290097 0.117411 0.0642903 -0.00638471 
3.0322 2.63336 2.41913 2.16953 1.80909 1.39625 1.03576 0.697218 0.398505 0.181657 0.0568339 -0.00458343 
2.89501 2.45116 2.22803 1.96919 1.65823 1.32684 0.999838 0.673481 0.397798 0.189143 0.0763123 -0.0127078 
3.0412 2.63372 2.41221 2.17901 1.88674 1.4603 1.00158 0.624864 0.385855 0.239663 0.13619 0.00324655 
3.001 2.63282 2.46537 2.2481 1.94575 1.60096 1.20314 0.8218 0.496688 0.243192 0.0871736 0.00937842 
2.88738 2.43355 2.20871 1.98442 1.71197 1.41318 1.10587 0.781262 0.500125 0.292196 0.166409 0.00507821 
2.91453 2.4644 2.24053 2.01721 1.74381 1.44107 1.12315 0.804175 0.513692 0.302508 0.173837 0.0104741 
2.86997 2.38368 2.13128 1.91439 1.66532 1.37152 1.06659 0.801946 0.585644 0.392961 0.218751 0.014219 
2.76217 2.27586 2.07172 1.87161 1.62023 1.36081 1.12102 0.882859 0.650152 0.42903 0.239055 0.0128647 
2.85186 2.40395 2.21078 2.05776 1.85352 1.54406 1.20232 0.881893 0.600473 0.358892 0.185888 0.0212928 
3.30796 2.97735 2.76715 2.51841 2.15874 1.75601 1.31601 0.923947 0.594922 0.312247 0.152785 0.0352556 
3.01252 2.63595 2.44527 2.18262 1.84721 1.50481 1.13836 0.813624 0.548337 0.334437 0.155493 0.0231247 
2.86844 2.42124 2.21296 1.99117 1.7186 1.3911 1.03915 0.722139 0.473981 0.306525 0.155254 0.0111591 
2.91675 2.47893 2.24818 2.08055 1.83226 1.46602 1.1219 0.852711 0.584297 0.344146 0.181106 0.0227066 
3.40206 2.92267 2.6184 2.39483 2.1306 1.68947 1.18351 0.786699 0.51985 0.284552 0.124571 0.0275506 
3.13492 2.65473 2.36678 2.16968 1.87095 1.48429 1.14022 0.811484 0.515667 0.218608 0.0533393 0.0145507 
3.99539 3.28075 2.70983 2.63842 2.56522 1.90459 1.14455 0.743539 0.405414 0.276831 0.16443 0.0306582 
3.87634 3.13761 2.58802 2.57437 2.59771 2.1051 1.24409 0.689601 0.55147 0.398855 0.116018 0.0274314 
3.86908 3.06741 2.35081 2.1865 2.19861 1.98128 1.57148 0.969008 0.512741 0.294373 0.117013 0.0315165 
3.17904 2.66709 2.35195 2.22806 2.09013 1.82546 1.33302 0.829727 0.433348 0.234013 0.121504 0.0269512 
3.62625 2.78681 2.09057 1.79521 1.83889 1.92334 1.71703 0.999579 0.251534 0.0428764 0.176556 0.0384282 
3.80432 2.5544 1.81636 2.03137 2.05175 1.64759 1.33856 0.926808 0.440198 0.124197 0.187825 0.0374966 
3.915 2.78786 2.02517 2.09726 2.26647 1.91318 1.40208 1.01471 0.488354 0.0789109 0.122044 0.0300135 
5.85959 1.09933 -0.295933 2.11231 2.04244 0.26494 1.25475 1.01531 -0.160082 -0.299327 -0.118422 0.0065085 
6.06798 1.00967 -0.34549 2.18424 2.13233 0.172758 1.3078 1.04626 -0.17928 -0.312907 -0.106543 0.011 
5.21403 1.26366 -0.356295 1.40105 1.48637 0.196476 0.675097 0.737537 -0.0462949 -0.117305 -0.0554448 0.0197523 
6.78256 0.500922 -0.847064 1.96561 1.76412 -0.5158 1.20656 0.605159 0.042889 -0.274234 0.00787066 0.0322376 
5.98546 0.987037 -0.834071 1.53175 1.49243 -0.0961834 0.719618 0.737827 0.206518 0.0309728 0.0930288 0.0569533 
6.47805 0.651666 -1.05219 1.66977 1.42831 -0.402606 0.803279 0.602326 0.193583 -0.0796517 0.088585 0.0496299 
2.75272 2.08779 1.7979 1.61605 1.28281 0.981786 0.792904 0.56728 0.326711 0.197216 0.202791 0.00720913 
3.58965 2.33923 1.60649 1.67292 1.64319 1.12347 1.06774 0.757413 0.444116 0.225302 0.18173 0.0336959 
4.14727 1.95857 1.13815 1.89368 1.53966 0.877646 1.06785 1.10878 0.590066 0.310233 0.277047 0.0562087 