6.42696 -0.111973 -2.43466 -1.71711 -0.761692 -1.04533 1.28004 1.77325 0.684526 -0.00788549 -0.0512977 -0.00460658 
4.47569 1.21089 -1.33811 -1.73262 -0.911948 0.137084 1.66832 1.86608 0.887094 0.108579 0.0970976 -0.0208712 
4.90554 1.87035 -0.452321 -0.590549 0.346836 1.64803 2.74981 2.36265 1.03757 0.292662 0.183342 0.0208815 
3.23144 2.45881 1.63899 1.02074 0.855542 1.04597 1.25924 1.23996 0.936135 0.471111 0.0714232 0.00314702 
3.25373 2.66011 1.92055 1.24453 1.08081 1.39117 1.66158 1.47599 0.859039 0.186128 -0.144107 -0.0276702 
3.85132 2.84982 1.63495 0.846976 0.919681 1.48036 1.87759 1.74652 1.14959 0.384136 -0.236118 -0.0807405 
4.14912 2.97552 1.39714 0.430906 0.666437 1.52942 2.05239 1.77435 1.02108 0.299274 -0.219512 -0.101704 
3.70344 2.66537 1.29558 0.415305 0.615323 1.47147 2.03328 1.77745 0.978472 0.201001 -0.264926 -0.109573 
3.6063 2.51787 1.11064 0.250786 0.533498 1.46327 2.00127 1.68815 0.909941 0.190424 -0.252723 -0.11774 
3.64967 2.44241 0.92474 0.143884 0.636798 1.64037 2.05918 1.62792 0.850867 0.164611 -0.273501 -0.12165 
3.66296 2.43638 0.902193 0.144768 0.662226 1.65985 2.05779 1.602 0.791162 0.119794 -0.273502 -0.121097 
3.72227 2.5677 1.00118 0.152874 0.63231 1.6675 2.09214 1.58711 0.703105 0.0321993 -0.282606 -0.119057 
3.74783 2.41884 0.753015 0.0472888 0.823222 1.97518 2.1633 1.35008 0.453376 -0.0103732 -0.261863 -0.0974203 
3.90718 2.43254 0.626981 -0.0193428 0.894317 2.10994 2.2307 1.29343 0.359181 -0.0525144 -0.291228 -0.0945921 
3.79919 2.35813 0.622201 0.0417249 0.978837 2.15098 2.25081 1.30057 0.294736 -0.17117 -0.334963 -0.0974269 
4.18813 2.45927 0.325546 -0.198813 1.07565 2.39714 2.3586 1.18618 0.12165 -0.239678 -0.352691 -0.0863873 
3.79561 2.21833 0.476887 0.0264395 1.09216 2.3598 2.44803 1.34082 0.158065 -0.36234 -0.420312 -0.0956286 
5.07654 2.07533 -0.305576 -0.107878 1.76617 3.11841 2.71892 1.09034 -0.0842689 -0.215922 -0.392317 -0.0920907 
3.40592 1.47511 0.0540149 0.27544 1.64934 2.70953 2.42545 1.20329 0.156523 -0.304476 -0.414686 -0.0639118 
4.98343 2.66298 -0.446233 -0.742457 1.85102 3.75935 3.09353 1.10134 -0.208263 -0.284644 -0.377298 -0.0242325 
4.40495 2.05101 -0.309177 -0.187062 1.92316 3.43462 2.92598 1.14074 -0.114737 -0.177797 -0.339982 -0.0178564 
4.29204 1.76493 -0.319049 -0.00906802 1.98367 3.3904 2.88901 1.16635 -0.100216 -0.158938 -0.289027 -0.00740357 
3.4095 1.44904 0.133368 0.602103 2.14492 3.00962 2.45987 1.1366 0.058826 -0.255795 -0.30285 0.00448661 
4.39769 2.06039 0.0407282 0.518982 2.12755 2.95184 2.54496 1.10865 -0.159263 -0.337321 -0.230085 0.0126341 
4.26603 1.80115 0.205919 0.921419 2.48151 3.08748 2.41902 1.00005 -0.13802 -0.203577 -0.23735 0.0140367 
3.39529 1.79083 0.667611 1.03494 2.19008 2.72468 2.09896 0.887346 -0.0767601 -0.298468 -0.135937 0.0351623 
6.04961 1.55636 -0.328993 1.35353 3.11308 3.67415 3.10352 1.22053 -0.725396 -0.178536 -0.0102066 0.0596417 
3.74892 2.01262 0.723427 1.2366 2.70293 3.34759 2.3689 0.748712 -0.216323 -0.302548 -0.0944761 0.077769 
3.94071 1.96482 0.706821 1.58507 3.23075 3.62833 2.41928 0.686643 -0.229744 -0.213899 -0.123209 0.0837672 
3.3474 1.96273 1.02304 1.38059 2.5558 3.08246 2.16923 0.658484 -0.280041 -0.355116 -0.0523332 0.0752735 
5.82268 1.77978 0.00296392 1.74769 3.71664 3.77241 2.40709 0.574895 -0.249201 -0.296132 -0.0244594 0.0764959 
3.58838 2.33054 0.985515 0.931308 2.20696 2.95912 2.19903 0.703969 -0.356198 -0.408706 0.0215644 0.0706762 
3.75707 2.09093 0.957581 1.46532 2.84736 3.41275 2.42149 0.706555 -0.418294 -0.316257 0.0393059 0.11195 
4.07032 2.34903 0.791308 1.21678 2.85187 3.58991 2.46322 0.612893 -0.353428 -0.277407 0.0352432 0.111571 
3.71252 2.04193 1.13914 1.70725 2.80867 3.20091 2.39008 0.805171 -0.320109 -0.303431 0.0880798 0.109628 
3.66969 2.26341 1.13987 1.40701 2.35974 2.65488 2.04953 0.879462 -0.203864 -0.347426 0.175519 0.0844424 
3.55085 1.82555 1.19102 2.1915 3.03761 2.79981 1.97261 0.90278 -0.0940244 -0.286054 0.162451 0.107994 
3.91021 1.79783 0.923174 2.33549 3.32222 2.62533 1.86726 1.14922 0.0648262 -0.471458 0.1245 0.122787 
3.40521 1.68488 0.958038 1.93765 2.89884 2.68733 1.86915 0.911618 -0.091595 -0.364521 0.225677 0.11414 
3.87923 1.4081 0.619708 2.2966 3.46739 3.01385 1.92335 0.853682 -0.0791344 -0.474169 0.208042 0.160428 
3.96595 1.61605 0.612319 2.27773 3.84882 3.21574 1.81347 0.808286 -0.289677 -0.459519 0.156871 0.152552 
4.18394 1.95972 0.273424 1.51747 3.25271 3.06291 1.64704 0.531613 -0.307168 -0.472368 0.148801 0.112623 
3.29365 1.62331 0.847896 1.8349 3.00403 2.8479 1.65151 0.388271 -0.397261 -0.385998 0.140474 0.0906437 
3.19363 1.64763 0.96331 1.8768 2.90568 2.71051 1.64029 0.408638 -0.386923 -0.350178 0.187447 0.0853538 
3.28409 1.65379 1.04468 2.06678 3.0742 2.81697 1.73149 0.532285 -0.287027 -0.320766 0.173149 0.0970314 
3.89614 2.0047 0.665224 1.55277 2.86603 2.71188 1.71032 0.624412 -0.25326 -0.37509 0.202928 0.102688 
3.27481 1.88286 1.00762 1.59057 2.73238 2.89223 1.80981 0.338951 -0.448784 -0.222767 0.27324 0.100583 
3.06218 1.8865 1.23478 1.64469 2.52463 2.64635 1.67958 0.277958 -0.468398 -0.17565 0.34439 0.0831221 
3.21778 1.92242 1.28031 2.02963 3.04393 3.00103 1.92822 0.434296 -0.527633 -0.29547 0.393296 0.120574 
3.9574 2.21886 1.11825 2.15099 3.43867 3.10001 1.99906 0.625234 -0.452828 -0.348202 0.346462 0.151347 
3.61622 2.2534 1.3176 1.93163 2.98331 3.01996 1.99512 0.588219 -0.407202 -0.300774 0.344308 0.12188 
4.13957 2.5762 1.22704 1.89145 3.10188 3.18874 1.97195 0.403918 -0.42602 -0.246754 0.290642 0.124874 
3.78528 2.16636 1.33667 2.33228 3.49521 3.26314 1.96217 0.55534 -0.308127 -0.260027 0.314305 0.127343 
3.4744 2.34716 1.53734 1.78351 2.68415 2.96392 1.9283 0.323103 -0.50173 -0.170025 0.387387 0.0985938 
3.09807 2.38034 1.76536 1.5216 1.84881 2.17857 1.75614 0.702494 -0.0131798 0.0664507 0.261377 0.0277303 
3.22337 2.49883 1.80337 1.62728 2.01772 2.24388 1.70849 0.726544 0.0649716 0.0508999 0.238354 0.0340988 
3.33257 2.56251 1.90686 1.90264 2.40705 2.42313 1.70855 0.649178 0.00479334 0.086962 0.272158 0.0506977 
3.32282 2.56484 2.01809 2.00974 2.41599 2.54138 1.66986 0.461224 -0.131986 0.0234091 0.379952 0.0587316 
2.91907 2.25182 1.89379 1.90196 2.01207 1.84871 1.30704 0.674182 0.315672 0.292587 0.297124 0.0226995 
2.81406 2.19324 1.8135 1.65873 1.67779 1.60129 1.27535 0.821352 0.471583 0.332832 0.263188 0.0116877 
3.0819 2.1881 1.62157 1.8156 2.40382 2.48098 1.7063 0.580969 0.0775891 0.238419 0.414519 0.0669788 
3.78074 2.79637 1.91599 2.01187 2.88808 3.1363 2.16594 0.52566 -0.33422 -0.0196372 0.415858 0.124171 
2.83018 2.17154 1.83525 1.79355 1.87937 1.79092 1.34686 0.756168 0.42475 0.374711 0.323845 0.023195 
2.80306 2.17383 1.85595 1.77945 1.79573 1.63284 1.15682 0.640931 0.388582 0.373609 0.311364 0.0184732 
2.96574 2.39859 2.13549 2.08013 2.07903 1.85775 1.31493 0.697928 0.369121 0.357049 0.322513 0.0399158 
3.04608 2.34848 1.85725 1.7877 1.98799 2.00447 1.5795 0.865549 0.362133 0.272581 0.29735 0.044661 
2.99859 2.31802 1.84535 1.80136 2.13061 2.20742 1.66227 0.768169 0.187876 0.211702 0.323689 0.0497784 
3.1639 2.57939 2.14852 2.02245 2.19857 2.20251 1.65919 0.828971 0.282914 0.181724 0.215517 0.0447406 
2.87238 2.23537 1.82311 1.67029 1.77616 1.7344 1.2811 0.648102 0.288672 0.258768 0.234543 0.0171252 
2.91296 2.32669 2.01582 1.98179 1.99146 1.83323 1.37252 0.849549 0.446636 0.288565 0.205335 0.0367778 
3.43925 2.56521 2.19137 2.60694 3.21392 2.97495 1.95481 0.799134 0.127196 0.185227 0.318093 0.094859 
2.95544 2.41224 2.01807 1.81062 1.77587 1.65218 1.29843 0.826931 0.468015 0.323421 0.239699 0.0383963 
2.99806 2.45918 2.16571 2.06969 2.08413 1.89628 1.47656 0.912061 0.525531 0.351353 0.261709 0.0496388 
3.63949 2.74049 2.29013 2.6908 3.33243 3.08355 2.18732 1.00181 0.282116 0.211002 0.236354 0.0927773 
3.57124 2.62847 2.15989 2.70732 3.40159 3.03903 1.97378 0.720734 0.281654 0.294082 0.256633 0.0860119 
2.9565 2.46919 2.26134 2.08398 1.74843 1.39272 1.11565 0.890844 0.604852 0.372796 0.192143 0.0244675 
2.87287 2.341 2.11174 1.94861 1.71306 1.37446 1.05271 0.728643 0.449548 0.311522 0.193809 0.0198588 
2.89262 2.14824 1.83609 1.93407 2.00862 1.71458 1.24092 0.777741 0.454206 0.296427 0.20768 0.0226496 
3.47427 2.46856 1.71676 1.98537 2.92835 2.70904 1.46961 0.71966 0.652075 0.497124 0.118742 0.0574454 
3.03344 2.27929 1.96296 2.15092 2.22877 1.79702 1.06389 0.661697 0.574955 0.458483 0.237654 0.0441339 
3.52138 2.59053 1.82124 2.1725 2.64906 2.48343 1.54524 0.729494 0.514678 0.420448 0.204127 0.0688179 
2.83368 2.18848 1.93258 1.97034 1.97955 1.69352 1.2421 0.878939 0.6718 0.432135 0.220076 0.0514995 
3.91667 2.6648 1.84684 2.69718 3.41773 2.46584 1.22591 0.925557 0.804827 0.349201 0.158746 0.044659 
2.76824 2.26758 2.05218 1.87997 1.69862 1.42843 1.17827 0.897574 0.656044 0.427972 0.212386 0.0247635 
3.8927 2.63252 2.05074 2.5602 3.12535 2.45809 1.55278 1.16575 0.62499 0.239781 0.161962 0.0592588 
3.68513 2.77785 2.36068 2.5469 2.87222 2.43855 1.78431 1.13674 0.462421 0.150809 0.189936 0.0615385 
3.54267 2.6443 2.08798 2.41289 2.97281 2.48203 1.69713 0.828867 0.483352 0.320754 0.173913 0.0598169 
3.135 2.48108 1.96378 1.91647 2.17796 1.99215 1.37671 0.799691 0.412082 0.348808 0.202562 0.0369967 
4.24701 2.81816 1.98549 2.30341 3.0554 2.62312 1.51386 0.893169 0.488368 0.412181 0.111308 0.0383144 
3.99786 2.59968 1.87651 2.11502 2.54512 1.81227 1.03308 0.777583 0.662463 0.407375 0.0892841 0.0205743 
3.21463 2.30912 1.77038 2.01588 2.11428 1.73606 1.20166 0.781693 0.669566 0.42269 0.165677 0.0290658 
4.42573 2.37427 0.897981 2.235 2.8384 2.0584 1.23902 1.0071 0.411729 0.387302 0.182876 0.0529418 
4.89471 1.51334 0.214436 2.60485 3.05749 1.73052 1.66601 0.795479 0.431093 0.309582 0.220151 0.0628696 