SAMPLES:	16874
BITSPERSAMPLE:	16
CHANNELS:	1
SAMPLERATE:	16000
NORMALIZED:	FALSE
-3
2
0
-6
-5
5
9
4
0
7
19
15
5
1
5
2
2
11
19
14
3
-6
-9
-8
-1
10
13
9
3
4
1
-15
-32
-36
-30
-28
-28
-23
-10
-8
-15
-14
-4
2
1
-1
6
9
7
11
17
24
27
26
19
9
-1
-8
-10
-2
6
9
5
2
-4
-7
-6
-3
-1
-4
-4
-3
-5
-19
-29
-30
-22
-14
-10
-4
3
12
21
18
11
1
-6
-9
-12
-12
-6
-2
3
10
17
22
21
20
23
18
13
12
11
4
5
13
11
0
-5
2
7
5
2
-5
-9
-8
4
22
34
31
24
20
15
7
0
-2
-4
-8
-9
-2
2
-3
-11
-14
-11
-3
2
3
2
2
-3
-9
-6
-5
-6
-2
5
7
6
6
6
1
-6
-7
-4
-2
-2
-10
-17
-11
-1
2
-7
-17
-17
-12
-15
-18
-17
-12
-6
-3
-5
-11
-14
-15
-15
-10
-4
-5
-14
-17
-12
-7
-6
-2
4
6
-1
-8
-5
4
7
3
-5
-10
-8
3
11
5
-1
5
15
15
7
1
0
-3
-5
-3
5
14
17
14
14
17
19
16
2
-10
-1
23
38
33
25
24
22
15
8
7
9
16
23
23
12
-4
-7
2
8
4
2
4
5
7
14
14
11
10
11
8
1
-4
-6
-9
-7
7
15
11
3
-9
-20
-24
-17
-10
-7
-1
4
-3
-8
-8
1
6
1
-10
-16
-18
-19
-26
-27
-18
-2
5
-4
-16
-19
-14
-15
-26
-34
-34
-30
-33
-45
-51
-44
-26
-7
4
9
6
1
-10
-20
-20
-7
7
9
3
-3
-1
2
6
10
9
10
11
9
5
8
19
28
25
15
12
23
34
30
18
10
15
20
15
12
10
12
7
0
1
13
27
36
31
21
20
30
35
26
14
9
14
16
11
7
5
5
3
-1
-4
-8
-18
-32
-43
-39
-25
-14
-9
-8
-11
-17
-17
-10
-15
-28
-27
-18
-13
-12
-10
-11
-11
-5
4
3
1
-2
-13
-23
-26
-19
1
14
15
11
11
14
9
5
10
13
4
-6
-12
-15
-16
-11
-3
-1
-2
6
19
24
22
13
0
-10
-10
-3
-1
-14
-26
-28
-22
-17
-16
-20
-21
-14
-7
-4
-2
8
24
23
14
7
4
5
3
2
12
26
35
40
41
39
32
29
24
9
-8
-21
-22
-17
-14
-13
-16
-19
-14
-8
-7
-15
-25
-27
-18
-5
2
5
-1
-16
-22
-18
-12
-12
-15
-5
5
4
5
17
37
51
54
51
41
34
33
32
28
15
12
18
12
-9
-20
-9
4
5
1
-3
-12
-19
-18
-10
-8
-17
-19
-14
-18
-31
-39
-34
-29
-28
-31
-32
-25
-19
-18
-16
-8
1
4
9
14
10
7
16
24
24
18
12
4
-10
-14
-10
-10
-14
-13
-4
5
10
9
-6
-16
-12
-5
1
5
9
10
6
4
9
15
20
15
2
-10
-11
-3
2
2
-5
-6
2
10
9
0
-8
-2
12
20
18
6
-7
-10
1
13
13
9
5
3
5
11
17
21
25
27
19
12
5
-8
-17
-3
16
14
-4
-15
-13
-8
-6
-4
-4
-6
-9
-4
9
21
18
3
-6
-11
-15
-13
-7
-4
-8
-16
-16
-14
-20
-30
-28
-14
-10
-21
-32
-30
-21
-11
1
7
-4
-22
-29
-22
-13
-13
-10
0
10
12
6
5
12
12
9
12
19
21
6
-5
2
18
17
-1
-9
-3
1
1
8
17
9
-11
-14
6
25
25
20
26
34
32
22
16
16
16
14
19
21
13
4
-2
-4
-6
-12
-15
-15
-17
-21
-21
-12
-8
-16
-28
-37
-36
-27
-10
7
14
7
-4
-7
-2
3
-2
-9
-10
-9
-14
-16
-6
5
5
6
15
25
23
16
9
9
5
-2
-4
3
12
17
15
7
-2
1
12
19
14
5
-2
-1
5
6
-1
-9
-11
-9
-8
-5
4
14
17
16
7
-10
-18
-18
-17
-9
7
16
6
-11
-24
-28
-22
-19
-22
-24
-11
2
14
28
33
27
13
1
0
1
2
-1
1
10
18
19
11
2
-6
-8
-8
-11
-6
-1
-8
-24
-37
-35
-25
-17
-10
-5
-7
-18
-25
-20
-14
-11
-10
-15
-21
-27
-22
-6
13
12
-5
-10
7
24
15
1
0
8
11
13
26
33
18
4
2
3
1
10
26
32
31
32
37
38
39
40
32
22
24
32
29
18
15
20
18
-1
-16
-13
2
17
14
-4
-17
-15
-7
-3
-2
-6
-20
-30
-28
-8
4
-2
-10
-14
-10
-13
-15
-8
-3
-1
-4
-9
-14
-20
-25
-26
-20
-14
-13
-15
-17
-19
-12
1
13
10
-3
-12
-13
-10
-4
3
4
-3
-9
-10
-9
-3
1
5
5
0
-9
-21
-28
-26
-16
-4
4
5
3
3
-1
-12
-19
-15
-8
-6
1
5
1
0
4
4
1
9
22
23
6
-15
-18
2
26
33
23
21
32
39
31
22
30
49
48
24
2
0
7
3
-1
11
14
1
-11
-11
-10
-7
5
13
7
-5
-7
0
-8
-26
-33
-22
-10
-11
-23
-27
-22
-13
-8
-7
-5
-2
2
1
-3
-1
2
-5
-17
-15
6
28
27
8
-7
-12
-12
-6
0
-5
-18
-26
-21
-9
1
6
3
-9
-16
-19
-14
1
16
25
21
5
-4
-3
-1
-2
4
8
3
-7
-9
0
13
19
16
13
10
3
-9
-12
-7
-4
-2
8
14
5
-6
-12
-14
-11
-4
-4
-4
5
15
9
-7
-10
7
26
32
29
21
11
5
5
5
-5
-15
-22
-24
-22
-18
-10
2
9
-1
-9
-10
-14
-21
-23
-12
4
4
-7
-17
-19
-18
-20
-22
-18
-15
-20
-20
-10
7
20
18
7
-1
-3
-4
-5
4
22
31
28
24
22
18
11
2
0
9
20
25
24
16
16
20
11
-5
-14
-13
-6
-3
-6
-4
1
0
-9
-17
-16
-15
-17
-10
0
3
0
-9
-15
-17
-20
-26
-23
-8
2
-9
-28
-30
-7
3
-11
-26
-26
-25
-32
-38
-29
-5
13
2
-14
-8
9
19
27
43
46
30
22
37
54
55
47
34
15
0
-1
1
2
-2
-3
-1
6
16
19
9
0
8
27
40
32
12
5
11
19
22
6
-16
-23
-17
-16
-17
-18
-25
-39
-37
-12
4
-10
-35
-42
-28
-11
-1
4
10
15
16
20
7
-19
-28
-9
14
4
-40
-82
-73
-18
23
11
-26
-48
-47
-12
36
50
8
-47
-54
-18
6
-3
-9
13
30
19
8
10
5
-22
-45
-30
8
33
20
2
25
74
87
36
-19
-30
-8
3
1
16
43
62
58
26
0
-7
-7
-14
-28
-30
-12
11
27
22
-1
-14
-9
5
9
-14
-49
-65
-38
15
51
51
26
12
21
20
-14
-64
-84
-67
-21
23
44
39
31
35
24
-8
-37
-32
-7
-1
-14
-9
24
61
68
49
15
-12
-18
-21
-26
-16
3
7
-2
12
37
29
-12
-47
-48
-29
-24
-28
-19
2
15
12
8
0
-11
-20
-27
-23
-1
21
17
-9
-21
-23
-37
-45
-33
-29
-37
-12
48
77
54
26
33
48
53
64
65
26
-34
-45
7
46
20
-27
-36
-9
5
-20
-44
-28
13
42
50
42
12
-34
-41
19
87
84
32
0
2
0
-26
-56
-56
-27
-3
-5
-26
-50
-63
-47
-14
17
18
-9
-30
-30
-9
6
5
-2
2
21
47
46
7
-42
-53
-20
21
39
27
-3
-27
-32
-17
2
7
0
-9
2
30
43
25
-8
-25
-10
15
17
-9
-38
-28
17
49
52
43
35
22
4
-7
-4
6
14
12
-6
-16
1
29
32
13
5
14
18
7
-19
-33
-18
13
33
32
19
4
-10
-22
-24
-13
1
3
-18
-35
-18
19
31
7
-21
-27
-25
-21
-13
-6
-9
-16
-16
-17
-19
0
27
26
-10
-37
-5
50
53
-7
-48
-12
44
32
-18
-30
2
31
16
-16
-23
-9
6
5
-9
-35
-60
-38
20
44
-2
-61
-55
1
35
21
-1
-7
-8
-14
-9
13
26
16
5
19
37
25
-5
-10
22
46
23
-11
-6
32
50
37
34
50
48
17
5
39
65
29
-30
-41
-4
25
19
12
14
7
-5
6
28
16
-28
-60
-52
-28
-16
-17
-29
-39
-30
-12
-6
-23
-44
-47
-28
-11
-15
-35
-36
-17
3
21
31
10
-34
-67
-54
-10
7
7
31
57
53
27
13
14
4
-10
-3
13
17
22
39
51
21
-27
-42
-22
-13
-29
-30
-12
3
23
57
73
44
-3
-17
-7
-13
-34
-35
-14
-9
-13
18
56
28
-35
-30
32
33
-33
-61
-11
25
3
1
49
63
9
-40
-18
19
6
-21
-10
14
3
-17
5
44
43
11
-1
15
27
31
32
4
-42
-44
7
42
14
-28
-20
15
22
9
-1
-16
-36
-45
-45
-51
-58
-46
-16
2
-10
-32
-34
-12
10
19
19
10
1
7
15
6
-19
-36
-30
-6
15
24
22
24
35
45
38
22
14
15
26
40
53
61
41
-9
-50
-44
-3
25
22
8
-2
-19
-36
-28
7
28
18
12
16
14
3
-3
-14
-37
-66
-74
-55
-38
-42
-45
-27
-2
-2
-25
-45
-48
-38
-14
17
44
68
84
84
61
32
12
10
20
24
16
-6
-48
-87
-101
-105
-97
-72
-28
22
55
55
30
4
-4
-4
-8
-3
22
51
63
57
48
33
18
17
25
20
-5
-30
-35
-29
-27
-29
-13
10
17
5
-5
-10
-13
-15
-5
12
25
25
12
1
-1
3
7
14
29
39
25
9
10
0
-27
-36
-11
18
29
27
25
8
-33
-58
-46
-23
-7
-2
1
-3
-17
-21
-13
-7
-13
-20
-13
4
9
-6
-13
1
13
7
-4
-6
2
3
-11
-18
-7
11
14
8
12
27
33
18
-13
-30
-10
17
12
-19
-33
-8
20
19
3
6
18
5
-25
-37
-14
6
-5
-26
-24
1
20
7
-14
-14
4
20
15
1
1
14
27
23
4
-6
-3
9
13
-3
-21
-28
-17
12
27
15
-5
-12
-9
-4
0
7
14
11
1
-2
2
-1
-1
11
21
12
-3
-9
1
11
3
-19
-30
-17
1
1
-9
-7
4
8
-2
-18
-20
-3
12
4
-9
-12
-6
3
5
-8
-16
-5
15
23
11
-2
-5
4
7
-1
-11
-6
11
23
25
26
35
40
33
21
16
10
-8
-21
-8
13
19
14
7
6
16
32
28
4
-8
1
8
-8
-28
-33
-32
-33
-44
-40
-14
9
16
8
-3
-19
-33
-32
-24
-18
-12
-1
7
6
5
0
-5
-5
-7
-13
-18
-15
-16
-30
-42
-39
-30
-23
-20
-20
-22
-25
-26
-21
-13
-2
9
12
8
-11
-29
-16
15
41
54
60
61
54
47
42
31
26
32
42
36
18
-1
-13
-11
1
11
9
-1
-4
-1
3
5
1
-6
-8
2
6
-12
-31
-29
-7
15
19
8
5
17
22
13
5
2
-3
-12
-16
-16
-8
3
0
-6
1
8
-3
-20
-9
14
19
4
-3
7
16
19
22
8
-21
-35
-27
-13
-11
-12
-7
0
8
11
19
21
10
-1
-8
-14
-22
-22
-14
-8
-4
5
10
5
-4
-9
-7
2
1
-10
-17
-3
23
34
22
0
-22
-38
-49
-57
-49
-26
1
15
14
13
14
8
-1
-6
-13
-23
-28
-20
-5
8
15
16
12
6
0
-4
6
29
52
59
54
40
22
9
5
3
1
-5
-10
-24
-35
-23
4
18
12
2
-7
-22
-41
-52
-43
-16
21
48
47
25
-4
-30
-49
-58
-35
12
57
72
55
24
-13
-58
-77
-52
-6
29
44
52
53
43
31
31
26
3
-17
-19
-10
-2
7
24
43
42
11
-27
-44
-32
0
35
53
45
21
1
-17
-47
-75
-69
-30
18
45
47
31
1
-36
-50
-35
-13
-3
6
34
51
32
-4
-17
-8
3
9
11
0
-27
-36
-15
2
2
13
50
74
50
0
-38
-59
-68
-52
-8
23
13
10
46
60
-1
-75
-95
-93
-103
-99
-53
10
53
65
54
19
-44
-94
-102
-76
-42
-36
-28
22
60
54
46
36
31
38
15
-22
-29
-13
36
41
1
39
111
123
33
-91
105
177
-324
-152
697
246
-638
137
858
-96
-659
229
449
-464
-488
363
260
-412
-175
374
151
-263
-124
105
-65
-240
-62
74
-93
-155
31
91
-32
-61
20
34
-29
-35
25
31
5
31
44
21
26
29
1
-1
27
20
-10
-14
13
47
44
23
43
62
21
-16
16
46
-4
-66
-16
59
7
-84
-59
13
7
-32
-30
17
39
-24
-67
1
46
-29
-87
-28
52
26
-38
-9
58
24
-70
-99
-56
-14
-13
-18
13
57
53
1
-14
15
-2
-57
-57
3
43
29
16
50
78
32
-36
-54
-43
-55
-85
-67
-7
19
3
7
41
49
6
-18
14
41
12
-21
-4
18
-2
-34
-24
14
2
-34
-5
60
57
0
-20
5
9
-24
-36
1
43
54
55
55
45
18
-29
-73
-79
-56
-40
-19
25
67
69
39
18
12
7
-8
-14
-3
16
30
29
20
8
-10
-32
-49
-52
-41
-27
-18
-8
9
23
21
6
-8
-19
-31
-39
-35
-29
-26
-19
-5
6
12
22
39
52
51
25
-11
-35
-43
-40
-30
-15
0
7
6
12
25
33
31
19
4
-10
-14
-13
-13
-18
-22
-24
-20
-13
-9
0
15
25
24
17
9
4
-1
-6
-6
-7
-5
-1
7
16
20
14
4
1
-7
-20
-21
-8
1
-1
-2
3
10
11
2
-12
-20
-23
-13
6
20
30
34
35
32
21
9
2
2
3
8
13
17
15
13
12
2
-24
-51
-65
-57
-41
-24
-6
11
25
26
13
-7
-20
-25
-20
-23
-29
-29
-23
-17
-16
-13
4
22
33
30
14
-2
-10
-17
-20
-17
-20
-29
-39
-36
-24
-16
-12
-11
-10
-9
-6
7
19
28
38
52
59
52
33
17
6
3
5
7
10
11
10
7
4
-3
-8
-7
1
8
13
18
18
19
20
26
33
31
25
20
23
23
22
21
20
19
13
-3
-15
-16
-5
1
-13
-31
-42
-44
-42
-32
-16
7
19
12
-4
-24
-39
-48
-48
-34
-13
-3
-6
-14
-22
-23
-23
-19
-13
-5
6
13
12
7
-2
-13
-20
-14
-1
8
13
9
7
9
5
-6
-11
-3
1
-4
-4
12
32
37
27
12
2
-2
1
6
9
8
3
4
8
5
1
2
10
14
14
10
12
16
22
21
10
1
5
15
16
7
0
2
0
-10
-24
-30
-25
-18
-19
-24
-27
-26
-15
-9
-7
-7
-6
1
8
7
-3
-9
-7
-2
-3
-8
-8
-6
-3
-3
-1
5
9
11
12
18
20
18
16
15
13
5
-3
-2
7
12
12
9
3
-1
0
1
-2
-7
-7
-8
-8
-2
4
10
11
4
-7
-16
-17
-12
0
16
34
43
37
26
17
13
12
6
9
17
27
26
13
-1
-6
-14
-27
-33
-34
-35
-36
-29
-23
-14
-10
-9
-14
-24
-31
-31
-23
-9
3
10
11
10
7
3
5
13
15
13
12
15
21
27
23
11
-3
-12
-14
-6
5
8
6
2
-5
-15
-17
-3
7
4
-5
-10
-8
-8
-10
-9
-5
-5
-8
-11
-13
-12
-8
2
7
9
10
7
6
9
13
13
8
5
9
15
17
16
13
15
20
21
15
8
3
-1
-3
0
3
6
1
-3
1
4
5
11
23
28
28
27
27
25
17
8
2
-3
-10
-15
-13
-9
-8
-14
-21
-22
-26
-28
-27
-25
-21
-13
-9
-10
-12
-15
-18
-16
-10
1
9
12
11
8
7
4
0
-2
0
2
2
3
1
-2
-5
-11
-15
-25
-28
-18
-4
3
6
8
12
13
10
11
16
22
27
26
23
21
17
9
2
-1
-3
-3
-1
-2
-5
-5
3
12
14
13
13
10
6
0
-2
-6
-9
-9
-9
-8
-12
-17
-18
-15
-10
-7
-4
1
6
5
5
7
11
12
10
6
-2
-13
-24
-34
-32
-22
-8
0
-1
-4
-7
-8
-7
-2
0
-2
4
17
29
32
25
15
6
-5
-14
-14
-4
13
28
33
28
22
21
17
3
-20
-35
-32
-14
3
18
22
23
32
47
47
15
-52
-116
-127
-65
50
158
191
128
-15
-167
-225
-139
36
180
220
135
-28
-168
-212
-138
11
130
148
51
-94
-178
-169
-82
36
142
174
87
-46
-164
-183
-55
150
292
259
95
-112
-240
-220
-96
116
315
316
81
-236
-344
-210
98
468
583
332
-303
-485
-2155
-5464
-6364
-805
9473
14836
10370
-1400
-12415
-15284
-9039
1655
9303
9858
4688
-1472
-4034
-2645
82
1116
-488
-2874
-3491
-1056
2991
5755
5102
1306
-3100
-5405
-4411
-1121
2165
3575
2724
774
-712
-982
-478
-178
-536
-1161
-1211
-253
1246
2273
2001
519
-1279
-2291
-1970
-648
732
1334
1072
392
-99
-197
-112
-170
-457
-737
-707
-188
592
1136
1011
269
-582
-1031
-882
-293
326
626
515
201
-33
-124
-120
-127
-203
-255
-185
32
258
363
348
112
-205
-431
-393
-180
-30
107
166
224
226
183
90
-116
-251
-256
-77
130
237
214
53
-142
-272
-275
-170
-60
-12
-16
-5
66
128
117
37
-53
-87
-71
1
94
165
184
134
60
-22
-68
-84
-71
-40
0
72
137
155
101
35
0
0
9
14
7
1
9
26
10
-48
-109
-121
-74
7
91
124
61
-73
-167
-153
-69
13
67
88
60
18
21
61
41
-59
-125
-65
24
-8
-127
-159
-40
93
114
58
34
36
-2
-56
-33
71
138
81
-44
-130
-154
-135
-79
14
90
90
42
8
13
24
17
0
-17
-34
-51
-36
28
110
151
124
78
73
85
36
-97
-213
-212
-108
5
80
154
227
224
89
-99
-198
-165
-84
-40
-38
-34
-8
7
-10
-46
-91
-131
-144
-93
21
137
165
77
-67
-168
-180
-109
-12
64
101
109
110
112
98
50
-8
-46
-61
-56
-33
8
33
13
-29
-42
2
75
122
111
54
-5
-18
17
58
59
4
-79
-142
-143
-77
20
83
73
6
-63
-80
-36
31
66
60
51
67
75
26
-56
-92
-39
26
23
-27
-27
41
75
17
-57
-47
21
53
25
-16
-33
-29
-29
-45
-55
-42
-28
-44
-74
-72
-12
80
145
138
62
-30
-79
-67
-19
23
41
28
-1
-30
-35
2
60
90
57
-19
-70
-53
17
73
58
-9
-58
-47
6
50
61
46
17
-12
-31
-36
-19
15
49
56
32
-3
-20
-16
-10
-14
-18
-5
14
14
-18
-69
-106
-113
-77
3
100
154
121
18
-74
-88
-37
13
10
-30
-60
-41
6
33
18
-13
-29
-26
-33
-50
-41
9
65
71
12
-49
-54
-5
38
19
-41
-82
-68
-18
23
23
-7
-33
-30
1
29
44
47
38
10
-33
-68
-71
-48
-24
-14
-22
-33
-27
-4
25
45
56
66
87
109
106
62
-6
-60
-81
-64
-26
14
48
72
88
93
84
52
9
-24
-26
2
48
84
87
49
-12
-57
-50
-2
47
49
-3
-75
-122
-110
-47
36
88
88
53
19
10
19
36
43
28
-8
-47
-70
-72
-65
-54
-41
-31
-27
-24
-14
9
29
25
-4
-30
-19
37
101
117
64
-33
-125
-163
-139
-83
-37
-19
-10
8
37
52
34
-4
-39
-51
-39
-13
17
36
30
-14
-84
-144
-156
-105
-12
79
121
97
26
-47
-80
-68
-25
13
22
8
-10
-18
-14
-9
-10
-18
-31
-33
-16
13
45
68
74
62
46
33
33
38
44
40
29
22
23
23
19
18
22
32
44
46
32
7
-12
0
38
69
73
44
2
-28
-27
3
36
49
29
-14
-51
-59
-29
32
96
129
106
33
-59
-125
-134
-86
-15
41
65
50
10
-41
-82
-97
-82
-48
-6
30
54
65
58
36
-4
-54
-94
-104
-78
-27
27
62
58
21
-29
-62
-67
-45
-15
2
0
-11
-25
-36
-38
-31
-22
-20
-18
-11
6
19
16
7
-1
1
22
60
94
102
72
14
-43
-70
-57
-15
32
66
76
62
32
-5
-34
-46
-39
-16
13
35
48
48
36
17
-4
-15
-7
12
28
27
10
-11
-21
-16
-3
12
27
33
32
25
12
-13
-48
-82
-93
-72
-25
25
51
36
-16
-74
-120
-137
-115
-61
2
39
36
6
-33
-67
-81
-71
-44
-13
14
36
48
36
6
-29
-55
-61
-37
3
41
59
56
43
19
-1
-2
15
37
46
42
35
34
36
37
37
37
35
30
29
35
42
46
41
30
19
14
13
17
16
12
7
2
-3
-7
-8
-7
-9
-10
-6
3
10
9
0
-11
-13
-9
-1
5
3
-8
-20
-32
-37
-35
-26
-11
1
7
11
9
4
-2
-6
-3
4
9
10
9
8
3
-4
-2
4
6
7
9
9
6
0
-5
-9
-12
-15
-10
1
11
16
16
4
-12
-24
-23
-11
0
4
0
-6
-13
-20
-23
-23
-18
-11
-3
3
7
8
8
1
-10
-22
-28
-27
-23
-16
-11
-13
-21
-27
-25
-20
-14
-5
6
13
10
-2
-12
-11
-1
15
26
24
12
-5
-22
-29
-27
-17
-2
5
4
-4
-3
-1
3
10
18
22
19
16
10
7
8
12
15
17
20
25
32
42
57
68
68
59
44
28
19
12
10
17
33
50
60
53
37
17
8
13
31
53
69
68
47
16
-13
-33
-38
-34
-24
-11
-2
-1
-11
-26
-37
-39
-34
-20
-13
-18
-37
-62
-77
-82
-78
-68
-62
-58
-60
-59
-54
-46
-35
-18
-9
-13
-25
-36
-38
-35
-30
-25
-23
-29
-36
-39
-36
-29
-18
-12
-10
-20
-30
-38
-38
-25
-6
7
5
-6
-19
-28
-27
-12
13
39
52
54
51
42
34
21
11
10
22
41
62
73
69
49
21
-2
-13
-5
20
52
70
74
63
42
17
-1
-6
11
39
60
70
64
47
27
9
0
-8
-13
-11
-4
4
7
4
-7
-15
-22
-27
-33
-35
-25
-7
5
9
5
1
-6
-16
-20
-16
-12
-10
-9
-9
-13
-20
-23
-14
0
14
24
29
30
23
11
0
-8
-15
-18
-21
-21
-17
-11
-2
2
-2
-11
-14
-6
9
18
18
15
10
4
-6
-17
-20
-19
-23
-27
-28
-22
-18
-14
-10
-4
-1
-4
-7
-3
4
8
10
11
7
-1
-8
-17
-15
4
19
20
19
23
24
19
4
-18
-28
-21
-6
7
10
5
-7
-22
-32
-25
-12
1
14
29
41
43
35
16
-3
-10
-9
0
11
19
23
20
17
14
15
17
15
15
17
23
29
29
22
11
-1
-10
-16
-22
-27
-32
-33
-27
-19
-16
-13
-13
-14
-13
-8
1
10
17
19
15
4
-8
-13
-9
1
11
20
25
20
6
-6
-6
-3
2
5
9
15
16
16
11
5
4
5
6
5
4
6
3
-7
-19
-22
-18
-16
-13
-7
3
15
23
25
26
21
6
-11
-28
-40
-45
-44
-39
-29
-24
-27
-37
-45
-48
-51
-64
-79
-84
-83
-82
-78
-72
-67
-72
-83
-93
-99
-97
-91
-74
-54
-32
-8
5
0
-17
-32
-34
-25
-9
15
40
67
94
122
145
157
157
151
137
109
75
46
45
81
171
357
623
900
1119
1259
1307
1215
962
603
215
-167
-508
-750
-847
-810
-684
-495
-279
-96
11
45
22
-56
-183
-322
-429
-496
-535
-536
-483
-380
-244
-85
79
214
290
300
253
154
22
-114
-227
-308
-352
-347
-299
-232
-166
-107
-62
-47
-63
-95
-126
-155
-185
-215
-242
-255
-248
-215
-149
-54
56
159
240
285
296
273
226
169
123
99
90
90
104
130
160
175
174
158
133
105
75
48
34
38
48
70
103
156
216
259
268
242
192
137
91
66
63
79
113
150
177
187
177
149
116
81
44
6
-29
-57
-76
-91
-104
-119
-135
-146
-142
-121
-91
-58
-38
-35
-48
-73
-104
-134
-157
-166
-163
-148
-124
-89
-54
-31
-24
-25
-24
-19
-13
-10
-12
-29
-57
-94
-130
-159
-176
-178
-158
-120
-77
-40
-24
-32
-58
-92
-121
-133
-126
-102
-73
-47
-28
-19
-27
-48
-76
-97
-111
-112
-99
-74
-37
-1
20
25
23
20
12
-6
-33
-54
-66
-71
-66
-52
-33
-9
17
44
58
50
27
0
-26
-44
-54
-54
-52
-47
-37
-23
-6
11
32
56
72
80
86
92
99
108
116
123
130
139
150
161
171
171
156
132
103
70
36
3
-20
-35
-40
-35
-23
-4
16
29
31
19
-4
-35
-73
-106
-125
-121
-102
-70
-31
2
25
29
17
-10
-43
-73
-90
-95
-86
-68
-41
-14
2
4
-8
-28
-53
-83
-107
-120
-128
-126
-111
-92
-76
-66
-59
-61
-71
-83
-87
-85
-79
-75
-65
-48
-34
-29
-33
-45
-62
-83
-98
-102
-99
-96
-89
-84
-78
-66
-54
-43
-37
-32
-26
-21
-16
-9
1
11
21
28
30
33
42
52
58
61
65
66
62
55
50
47
45
45
47
48
51
56
58
49
36
29
28
23
14
10
17
24
31
39
55
75
90
100
105
95
76
49
21
-5
-29
-44
-48
-46
-40
-28
-5
22
41
52
55
49
33
10
-16
-39
-59
-68
-71
-66
-56
-43
-35
-29
-24
-19
-16
-20
-33
-45
-47
-42
-35
-28
-18
-14
-19
-38
-65
-94
-109
-111
-105
-92
-72
-43
-11
20
39
45
40
30
16
0
-14
-19
-14
1
16
27
34
43
51
49
38
23
16
16
11
2
-3
-5
-13
-17
-8
2
12
22
37
43
39
39
47
61
66
66
59
44
24
-1
-18
-19
-10
0
8
12
15
14
22
43
62
50
7
-43
-77
-81
-31
38
99
128
106
42
-42
-110
-97
-10
111
226
283
272
208
124
44
4
3
7
-12
-41
-60
-54
-21
25
56
34
-54
-162
-264
-331
-318
-235
-117
-11
69
115
150
188
223
264
311
342
323
238
94
-52
-152
-162
-84
35
130
139
29
-166
-380
-510
-495
-340
-120
66
156
141
53
-69
-181
-262
-294
-292
-289
-316
-356
-359
-282
-137
27
137
156
92
12
-5
70
215
349
411
362
219
40
-67
-8
213
499
708
763
644
433
233
137
147
216
309
380
392
357
314
313
383
508
601
561
383
169
15
-67
-100
-102
-14
124
227
222
119
-3
-74
-30
102
212
186
11
-180
-283
-300
-257
-248
-331
-534
-732
-746
-530
-239
-88
-81
-70
36
104
-54
-414
-712
-711
-412
-70
28
-218
-553
-669
-507
-253
-126
-129
-133
-18
96
14
-287
-566
-625
-520
-384
-220
-23
119
160
198
304
436
536
603
628
600
601
763
1020
1156
1033
785
637
667
707
546
257
56
64
164
241
191
-59
-383
-507
-372
-237
-327
-461
-372
-53
239
373
428
432
323
82
-148
-263
-235
-103
54
225
298
263
171
73
-107
-395
-620
-658
-587
-573
-628
-652
-442
-80
272
442
426
351
204
17
-281
-531
-574
-371
-35
219
373
516
654
682
468
149
-169
-407
-535
-602
-577
-504
-248
101
364
388
211
110
116
78
-132
-429
-598
-614
-525
-436
-298
-53
238
479
529
445
242
64
-7
76
228
229
113
-1
25
144
225
342
476
658
740
680
558
329
118
-123
-280
-425
-577
-593
-414
-11
324
432
395
366
347
167
-199
-609
-896
-1015
-1049
-1029
-972
-758
-436
-128
-78
-208
-402
-548
-530
-322
-3
169
83
-80
-54
147
239
249
269
209
142
37
113
240
240
147
89
147
85
28
22
5
83
192
297
303
259
244
366
437
251
-86
-296
-275
-192
-237
-526
-609
-465
-174
120
306
431
530
533
467
366
251
201
325
383
327
238
52
-84
-250
-435
-460
-242
85
553
885
1342
1662
1538
775
-8
-314
-561
-668
-778
-575
-204
-61
37
56
14
-182
-171
-52
-39
-83
94
286
133
-326
-744
-590
-575
-568
-774
-1065
-1304
-1080
-537
-291
-701
-1211
-1100
-432
136
212
29
-199
-190
354
918
1055
609
-73
-333
-318
-31
140
385
238
-100
-550
-657
-728
-488
-358
-289
-74
217
421
226
141
112
112
-342
-385
-16
611
664
804
662
841
726
561
446
375
279
30
84
-16
44
206
536
371
-278
-877
-778
-346
-1
181
412
388
108
125
230
329
192
-12
-223
-685
-758
-368
349
490
648
904
644
8
-401
-68
640
1111
1338
1508
1576
968
31
-705
-964
-943
-1164
-1284
-948
-514
-656
-888
-957
-716
-702
-542
-580
-504
-569
-379
-293
-228
-124
111
397
468
390
264
630
573
251
-416
-227
252
270
-391
-763
-568
-93
129
14
-449
-857
-1261
-1246
-757
137
1145
1507
1213
582
314
348
384
346
301
136
111
216
159
-3
296
491
273
-12
229
362
74
64
151
138
-67
-64
51
348
100
-877
-1356
-1211
-895
-579
-361
-242
-61
124
139
-2
140
531
648
137
78
643
871
757
340
70
127
203
14
-149
-138
184
29
-254
-181
129
-155
-401
-383
-357
-626
-998
-1047
-835
-548
-273
-238
-181
159
68
-356
-110
508
152
-515
-406
499
933
679
529
1053
1309
770
-202
-753
-46
792
794
886
997
777
518
284
-108
-810
-1103
-736
100
218
-212
-257
-287
-214
-605
-919
-939
-281
-240
-820
-745
133
878
727
195
-95
-472
-1077
-1827
-1472
-201
690
563
249
577
210
-78
-307
-175
-911
-860
-349
-159
161
407
1497
1942
1373
518
441
383
343
-96
-144
-87
659
951
-345
-1001
-23
936
-66
-811
-932
1
379
513
1115
1874
1523
424
-233
-466
-508
-687
-300
259
291
-43
5
482
696
283
505
1020
746
-216
-715
-263
-30
-612
-1006
15
1256
1318
-172
-1086
-510
-44
-159
-982
-1475
-1419
-1033
-446
-1007
-1658
-1399
-423
257
115
-342
-699
-512
-67
-172
-153
-98
135
112
-631
-541
697
1689
1519
321
3
-390
-273
449
838
918
325
146
460
478
32
-468
-462
-672
-790
-548
-397
11
668
1429
2262
2160
1222
391
327
56
-24
-245
-730
-987
-1115
-834
-483
66
663
1400
1938
1515
1298
957
362
30
-25
469
640
56
-639
-1231
-1086
-1020
-1096
-786
-767
-129
36
-698
-1179
-922
-1156
-1236
-848
-509
-123
678
558
263
132
33
-298
-665
-33
925
1973
2575
2084
1388
1274
1222
760
291
438
52
-975
-1966
-1938
-1290
-1483
-1517
-1510
-1383
-838
-570
-363
-302
-227
-285
-476
-610
-482
-254
-427
-10
102
542
685
845
903
-60
-532
-93
908
559
-289
896
2014
1683
896
746
828
170
-516
-159
468
150
70
202
723
1089
1026
657
695
1329
1320
794
1042
874
899
298
-479
-384
-276
438
-22
-830
-412
308
366
-150
-609
-393
-528
-913
-549
-170
-685
-1493
-1203
-423
-941
-1111
-690
-348
-52
-736
-1215
-1639
-1702
-1680
-2120
-1262
-79
-53
-723
-1709
-1992
-1834
-1399
142
1282
1672
1171
776
692
195
-79
197
642
789
36
-421
-148
487
1111
1527
2142
2463
1882
489
-1021
-1797
-2272
-2656
-2398
-958
710
-49
-531
-522
-19
551
707
782
40
7
846
874
465
476
560
-121
-742
-80
934
1765
1669
2125
3008
2514
1414
1277
1455
538
-519
248
807
287
448
910
950
313
112
500
-46
-479
-575
-630
-479
-358
-16
255
611
526
475
646
609
791
633
570
118
-380
-1146
-1597
-1902
-1870
-1730
-1678
-1653
-1588
-1517
-1848
-2369
-3165
-3020
-2482
-822
133
-514
-2079
-2698
-1429
80
306
-1903
-3048
-1283
1047
2133
2073
1664
1353
1338
1185
873
1153
1063
722
1510
2526
1774
269
267
1072
1224
1036
1654
1310
946
1138
1942
1477
197
75
296
322
-378
-913
-1454
-1532
-756
-796
-1692
-1806
-1755
-2206
-3308
-3369
-2292
-1998
-1716
-648
288
406
93
941
1681
1984
1003
125
655
1313
1542
1188
756
590
348
-301
-388
-78
102
-349
-509
394
1809
1377
198
-131
293
878
942
831
1277
2612
3141
2454
500
-514
-687
224
1271
1152
889
223
-586
-1037
-499
-227
-171
-348
-1003
-1929
-1851
-504
454
185
-387
172
1432
1625
55
-604
484
1331
-441
-1361
229
277
-1089
-992
275
294
-542
-744
-1058
-1359
-1652
-2139
-1945
-2061
-2437
-1890
-750
-469
-1299
-1292
342
200
715
1039
-1519
-2178
-336
1765
927
162
785
1529
1545
1146
458
191
-57
-296
-204
-1132
-1699
-1933
-1816
-662
630
849
24
-219
-710
-2180
-1946
701
2707
2802
1845
427
359
1235
1908
933
-240
-596
-1049
-703
-461
-727
-1274
-60
1411
1682
1220
1621
1947
1301
1298
1321
1920
1283
617
-142
627
1772
990
-539
-555
479
547
-16
21
246
-307
-845
-1477
-1420
-1336
-178
415
795
1344
739
614
853
289
-908
-791
340
396
-126
-357
-255
-602
-352
522
1271
1492
1019
323
-779
-1044
-673
711
926
-769
-2634
-2384
-1136
-722
-957
-827
-1465
-2323
-1588
-224
1218
1634
158
-1764
-1403
-672
-824
-877
443
1052
-236
-238
-608
-700
62
1314
670
-940
-1432
-2078
-1956
-1953
-1131
13
562
-379
-1611
-2440
-2720
-2405
-1048
11
-607
-367
989
1676
518
110
503
1825
2533
2195
2026
901
625
1741
2749
2948
2695
2284
1913
1490
1022
924
1357
2078
2230
1489
2030
2826
1888
-309
-596
211
213
156
616
1152
-116
-1794
-2585
-1877
-1273
-1998
-2061
-1270
-1233
-2190
-1957
-836
598
897
1044
1089
706
136
204
-325
-2030
-2238
-1391
-124
-232
-988
-1442
-1816
-2394
-2655
-2761
-2679
-2477
-2077
109
1991
1401
101
192
583
-97
1154
2642
1714
1005
299
359
1072
1447
1296
373
-281
-64
56
-145
-157
266
266
-154
970
3503
3995
2241
-203
-621
721
3385
4762
2183
263
-48
263
-581
-541
332
-243
-309
-1675
-3710
-4225
-4044
-2996
-1806
-1326
-707
554
1612
2160
2236
2830
2012
-156
-1616
-1103
245
153
766
94
-815
-187
-586
-900
-676
-181
137
-713
-1925
-2033
-2987
-2941
-1930
-1531
-1887
-3148
-2042
-891
-356
-31
-1106
-2720
-2573
-1400
-875
-1283
-714
-263
-539
316
1129
-232
-668
1412
3273
2988
1509
402
-1032
-740
1502
3821
4179
4211
3992
3537
2418
278
-560
600
2115
2141
1717
1906
1701
2292
4225
5362
4256
3020
1853
-529
-406
1099
259
-1265
-627
448
-562
-1632
-629
336
893
1586
741
-442
-400
-559
-685
-195
-73
-187
-257
-1288
-2164
-2663
-2315
-1604
-2115
-3334
-3143
-2024
-1896
-2845
-3066
-728
378
-276
-1201
-2675
-4508
-6140
-5357
-3270
-2239
-2451
-2918
-1235
-750
-578
407
1703
976
-1250
-487
1342
2257
978
944
2367
2961
1122
-495
-71
1219
2557
1096
-412
914
3067
2800
544
-614
245
36
-1947
-2910
-1843
526
1663
2328
2173
369
-2079
-1120
1516
1981
-53
-632
1808
3184
1926
561
2194
2597
1851
123
236
1213
1548
2104
1253
-51
-120
614
530
-405
-1787
-2383
-1686
19
1478
3815
5075
4109
4009
2875
-867
-4007
-2571
415
1533
808
269
-697
-1881
-2047
-2412
-2367
-1415
-363
726
904
-41
-1386
-1090
359
787
1186
1641
964
-567
-1531
393
711
-2126
-4024
-3263
-338
-252
-1768
-2993
-2540
-1507
-1368
-2331
-1365
-409
-2130
-4358
-5604
-4536
-2573
-1415
-1289
-1226
-1339
-1668
-2215
-1785
955
2090
1581
3011
4505
3199
188
497
3384
3600
1391
195
167
880
1565
2643
4328
2995
-710
-2047
-579
742
1678
1912
412
-147
-253
-563
1391
2888
3180
1778
-107
-933
-1188
-812
714
1388
-911
-3633
-2450
-191
-351
-933
-951
-1039
-219
1633
3128
1352
11
1704
2253
1610
884
364
-619
-1851
-942
2257
3020
879
-641
774
2742
1947
578
354
469
405
563
858
-593
-3522
-4272
-3628
-3340
-3277
-2831
-1607
-1472
-843
753
969
253
367
1436
-147
-3209
-4925
-3015
307
921
-544
-2581
-1069
1201
2436
1360
-1481
-705
2315
2894
362
-2280
-1710
-726
-182
463
1643
2374
742
-795
-1679
-1741
-2472
-2576
-1096
-444
-20
2247
4591
5839
5121
3183
1288
-765
-1682
-728
-179
-591
17
-30
-1464
-2209
-1807
-1605
-815
-97
1811
4720
2496
-1236
-1651
182
714
474
2035
1821
952
1332
1087
-779
-2618
-2921
-1529
-2528
-2897
-1473
-84
461
273
-315
-535
341
-220
-766
-1318
-1535
-997
474
1546
1163
1026
2568
2741
658
647
2422
2095
1341
1740
2411
1580
974
1648
1769
1278
-79
401
560
58
-968
-1575
-2090
-1636
-1497
-2430
-2135
-952
-602
-1362
-491
232
1655
2441
1730
-325
-2666
-3439
-2576
-1692
-1938
-2777
-2420
-1140
-214
-1608
-3422
-1252
1595
1735
220
63
-301
-1305
-287
662
363
398
2455
2920
350
-526
-304
976
1066
1805
1218
959
1759
1072
-96
325
278
-1126
-796
1111
2391
1345
-1272
-1551
-593
-542
79
432
523
-695
1243
3036
2598
2034
1701
1338
-2699
-3644
-1387
139
-181
-364
-639
-1851
-508
2571
2661
-717
-1237
-292
-258
-1958
-1981
-1130
-1288
-1893
194
2386
1683
-164
-1909
-722
638
1949
2250
2319
1016
-665
-2407
-3826
-2904
-1285
-9
1047
2004
342
322
1423
1422
614
195
171
-265
-748
-1222
-198
1711
3182
2127
462
583
-762
-2793
-2871
601
4034
3275
-1096
-3676
-1528
1081
782
284
1627
2445
1778
566
279
-737
-300
1400
1114
-1307
-2531
-1872
-630
658
261
182
633
480
-1288
-3288
-3090
-643
-540
-3247
-3719
-2456
-1162
-1488
-2481
-1653
-78
824
590
-164
301
141
-1562
-3354
-1169
1457
927
-1510
-1395
1997
3430
3232
2376
1252
785
2663
2581
3272
3249
1530
298
-613
1131
1083
1414
932
1398
4558
2974
37
1145
787
949
112
-1148
2413
5054
3097
-337
-1548
-2449
-2701
-564
1256
-235
-2135
-1470
-276
-1799
-3542
124
1841
-914
-4041
-4377
-3305
-3727
-2287
-798
-691
-1839
859
3372
743
-3161
-1887
1445
-232
-2372
-1001
417
-94
23
-1752
-4256
-5162
-3745
-1209
-380
-526
-837
-438
272
1262
1282
1596
2386
1710
87
3013
4486
1677
910
134
-1073
-3856
-2332
501
683
557
3238
6132
5939
6015
4929
1372
-2628
-2272
8
1034
1989
2534
1896
542
-56
-1340
-931
1532
-384
-5547
-5960
-1223
1118
-482
-1605
-1023
202
1450
2854
2165
3031
6185
7473
6306
2884
578
-345
55
-212
631
1962
179
-610
315
-702
-4733
-7944
-7405
-5395
-3981
-4915
-2216
845
1449
2183
1358
667
353
-32
-2438
-4495
-2665
-1448
-3982
-2577
2846
2700
-1628
-2208
-990
-54
266
-706
-1785
-976
1815
188
-5527
-7721
-4190
-612
525
315
-181
873
1445
2325
3136
3910
3027
1827
1418
35
35
361
1715
3017
1611
152
586
2835
4210
2474
1872
1510
-1743
-4236
-3630
-493
-949
-2841
-4009
-3158
-856
-410
320
879
-882
-1267
-48
-180
-794
1705
3333
482
-385
1691
1361
-2532
-2972
-663
1990
5027
5582
3569
152
-314
4354
6328
3470
2710
2354
-872
-2175
-2467
-2248
260
3252
3796
1408
1221
2015
1453
1233
1451
896
-1575
-775
49
-293
2251
4261
2459
-30
-1008
-49
-1023
-2335
-3126
-4761
-4180
-2353
-1608
-1497
-1132
-638
-163
93
-1438
-6823
-9817
-8720
-4088
330
-109
-2098
-1359
-674
294
1231
188
-1616
-1336
1465
2711
4293
5286
2594
-552
1169
2972
1802
1993
4063
4852
1631
-2104
-5113
-5417
-1204
334
-1667
375
-175
-4651
-5935
-2697
-1046
-4407
-4022
-1585
-3354
-3906
1767
5244
1880
-1343
-3558
-4015
-4571
-4429
-5143
-2265
1413
1690
1692
331
705
604
2307
3062
4053
7233
6020
3366
2500
6087
8241
1573
1253
7496
9842
6236
3033
3064
7122
12900
13901
8077
1450
-3109
-5164
-5215
-4320
-1686
-3527
-6108
-3677
-2542
-1927
-3165
-6211
-3106
-1692
-695
-2547
-5384
-7106
-8820
-9039
-7811
-2012
1629
-428
-247
2682
5551
4906
1060
-474
284
1830
-386
-2830
1450
4775
3280
634
1572
2065
1089
4317
7245
4205
808
155
-1062
-1189
-2341
-2768
-4636
-5954
-3567
1197
1977
-397
-1691
-2455
-3256
-4412
-3092
-6167
-7058
-4922
-563
3787
3732
1089
-1810
-1731
-1345
-848
84
1158
-1791
-3220
504
4162
4408
2045
2302
5769
7305
5827
-419
-4818
-3606
94
4
-1451
-740
1071
2681
3153
1387
31
3713
3960
541
-2354
-3606
-4917
-3488
1876
2880
106
-67
264
1728
2521
3573
4277
4142
1872
-331
1002
2085
-1770
-2322
-415
-1207
-2098
-3808
-3368
-103
3159
113
-3664
81
4222
4288
3647
3484
2570
1390
1063
-948
-3475
-2023
-798
-2626
-4515
-4011
-2298
-1182
-1644
-2963
-3155
-450
2294
1973
-1242
-5040
-2766
1652
2514
-361
-2739
3370
9739
7825
4512
2055
1309
623
-1995
-5253
-6539
-2896
1322
3290
2868
2387
1773
-1797
-3810
-6031
-4050
-2007
-4321
-7127
-3512
1938
-96
-5075
-11674
-8943
-1814
1256
-1220
-1539
-289
-1339
907
5956
8994
4577
1334
1561
2264
3271
2835
1336
3963
6720
7219
9333
8550
1429
-3066
-652
3892
5810
4131
314
-1203
-338
457
-1217
-2086
-1063
1177
4188
5752
2981
-2967
-3767
-2277
-603
-3367
-6617
-6216
-2946
1992
2338
434
-1148
-3276
-4404
-5453
-2771
254
1038
430
-5162
-8033
-7158
-6343
-4201
-2721
-1600
-698
1851
5887
8850
8192
5988
2544
-1714
-2973
-2280
-2343
-2231
-278
2204
1806
2721
4427
3043
-217
2268
7125
5792
624
-2325
-671
-1591
-5598
-7890
-6904
-5607
-2094
704
1976
235
-211
2283
3321
1393
-2442
-6596
-9056
-7936
-4145
-1898
598
4357
7637
6049
1161
1560
4630
4327
-866
-3350
-3724
-2962
-407
-823
-503
192
1472
3517
5043
6768
5573
4405
5606
5908
-605
-4724
-3990
-1019
18
-1088
1026
2460
2223
898
3345
6493
2807
-1352
648
2645
-1826
-7589
-4002
1678
751
-2263
-2490
-594
482
-307
-755
-1352
-2207
-1130
-164
-1597
-2244
-1260
733
733
-3153
-5755
-4118
-3691
-6371
-5973
619
3608
853
-447
-2039
-1726
2109
8652
12498
7781
1767
217
-1095
-2963
-2354
1042
3256
149
-1924
211
-1295
-5601
-7375
-2427
621
-416
-2839
-6091
-6750
-5160
-1700
1402
4049
7400
9358
8792
4847
1551
-802
1886
3562
2692
1954
2325
2587
-1924
-4650
-5492
-4254
-4230
-4116
-2613
-1736
-1093
18
-5
-290
194
824
839
-102
1558
1277
-1431
136
2736
4687
4060
2608
-218
1115
5511
3778
586
-1637
-2015
-3464
-1220
315
-2986
-3824
-4218
-3007
-1917
-1950
-2329
-3277
247
4081
2646
-233
-231
2207
3436
1430
2810
6420
5415
460
-1948
1574
3180
-2479
-7210
-2895
-175
-2457
-969
3662
4139
-2962
-5487
-202
2379
-1448
-4325
-3373
-1610
1765
3808
1950
1859
2973
-3241
-6586
-1774
4687
3322
-2199
-4995
-2661
-308
-183
1049
534
366
-528
417
1695
875
-488
164
2517
3027
2576
2724
3050
1451
1151
562
49
-1128
-2842
-124
2445
2438
1252
-1580
-4551
-2858
-1329
-3966
-4666
-3585
-1829
-120
691
2001
2915
3985
1374
-3085
-2152
-2182
-2955
-1736
-439
2069
3883
3119
-478
-1891
1178
5291
5973
3690
2073
1146
414
2184
3778
3497
793
-1632
-1794
-1111
-240
1258
-225
-5273
-5363
-2967
-3339
-2799
3388
8553
6448
1507
-2485
-3380
-1083
1490
1043
1705
2411
-992
-3211
1616
7057
2886
-3335
-2220
-11
-1160
-878
-1856
-2034
-2625
-7045
-11627
-10644
-3484
2097
4431
3026
-1330
-5288
-3518
326
-838
-4276
-4805
-4041
-2573
-4006
-5568
-1400
3041
7066
6267
892
-1751
-1240
393
56
2218
5110
4722
3833
4938
10012
13301
11066
9310
7541
4038
-1315
-4347
-4868
-6475
-5948
-3751
-2470
-874
15
-332
4
628
2064
269
-1576
-834
-1870
-4106
-2727
-289
175
-1819
155
4335
4844
4278
962
-751
-3729
-9316
-8149
-3703
-1675
-2788
-3957
-676
1039
567
-56
58
-163
-1045
145
3031
1033
-2666
-2180
893
2594
1552
462
991
2866
5567
6702
4517
4995
6606
5609
5174
6818
7456
6318
7294
4150
-1880
-3607
-3869
-7011
-9882
-5075
-836
-3951
-7994
-5562
-816
-467
1432
3755
2547
-2139
-4839
-5716
-8046
-10529
-11444
-8527
-5745
-2876
-1899
-2764
-1371
-3066
-7349
-6717
-411
1981
-2638
-5520
-5269
-2801
2889
6367
6167
5395
5267
5155
2534
2207
5216
8610
11505
11563
9150
6603
6063
5966
2591
-1686
169
5640
6089
2792
3746
5732
4430
3347
2069
-1777
-4843
-4657
-2579
74
605
-847
-1987
-2248
-2052
-572
-289
356
-104
-2544
-2477
-939
-157
-1393
-3199
-2786
168
2034
-147
-4610
-5112
-2566
-3584
-6406
-8029
-7597
-6550
-3829
3227
5312
1900
-78
-1204
-2784
-4606
-3198
-323
3649
6964
7361
5478
3918
852
-3616
-3444
-3198
-4285
-5355
-3776
-1995
-830
1016
2711
4263
3766
1934
-327
196
-200
310
-409
-1647
-1019
525
1793
2929
5020
3999
3702
2208
278
336
2175
2088
-3337
-5418
-420
4632
4079
-2344
-3374
562
825
1029
174
-865
-1357
-856
600
1403
3406
3546
-363
-2611
-2672
-5170
-6939
-7594
-5944
-4241
-4093
-872
2853
5989
7960
6057
4701
3111
1442
1130
637
-134
-1247
643
1914
1051
-2822
-5534
-2868
2065
5083
5839
6968
8781
8662
5169
1359
-1837
-5555
-8582
-7992
-3079
1625
2544
3438
8234
11568
9378
5825
2440
-2517
-7787
-8847
-6714
-4496
-4963
-8423
-8228
-6784
-4243
-2442
-2002
-93
2149
3838
4719
4049
1367
-2147
-5630
-7781
-9555
-8474
-6109
-5144
-4458
-3825
-4593
-4600
-3554
-4084
-4150
-2791
-1202
-738
-558
133
1335
4187
7176
7537
5139
3032
1120
-877
-463
789
53
-739
-447
2473
5046
6112
7777
8078
4226
-967
-3853
-6164
-8187
-7193
-5388
-3803
712
6264
9525
9837
10084
10513
11325
11881
10058
6732
4627
5130
5931
7133
8271
7902
8067
8618
9438
10628
10746
8790
6422
5024
2944
-53
-2340
-4115
-7021
-8780
-7601
-6124
-6275
-7485
-8235
-8224
-6393
-5302
-6524
-7996
-9727
-10811
-11493
-10414
-9945
-11405
-12624
-12529
-11142
-9951
-9221
-9075
-9854
-11583
-13769
-14151
-13040
-11926
-10653
-8992
-7122
-6343
-5492
-3489
-667
1183
9
-356
1888
3547
4198
5372
5888
6529
8622
10758
10003
8639
8966
8798
8933
9284
10978
12611
13095
14084
16379
18484
18486
17728
18043
17977
14945
11148
10018
9611
7350
5579
5631
6031
6693
7829
8578
8574
7843
6185
4909
4026
1810
-2203
-5875
-7212
-8046
-10224
-11981
-12427
-12391
-12412
-11953
-11385
-10025
-8660
-8994
-10158
-10718
-10518
-11269
-11584
-10543
-10011
-11565
-13384
-13675
-12702
-11842
-12033
-12263
-11798
-11394
-11661
-12502
-13960
-15414
-15351
-13528
-12331
-12182
-10955
-8979
-6837
-5201
-2925
426
2845
4265
6489
9332
12215
15620
20861
22305
22566
25950
30267
32767
32129
31463
30169
27228
23179
19424
14990
10570
6663
1896
-2261
-2954
-2836
-5207
-7384
-6744
-5818
-6015
-4720
-1919
364
1767
2355
1512
1861
3962
3820
492
-1899
-2865
-4875
-6859
-7753
-9199
-11621
-12809
-12677
-11744
-9938
-8508
-9071
-9176
-7542
-7251
-9457
-11430
-11947
-13055
-14701
-15076
-14685
-14538
-14162
-13714
-13950
-13759
-12777
-12902
-14129
-13398
-11087
-10798
-10931
-9367
-7583
-6233
-4517
-1632
1023
2762
4490
5795
7946
11792
19627
19560
19687
24794
28520
31894
32586
32618
31813
30424
25761
19146
13382
9242
3831
-2305
-5665
-6273
-7262
-8357
-7570
-5755
-4589
-4060
-3945
-3343
-1500
154
547
1392
2040
965
1489
3974
3964
1056
77
-239
-2614
-5204
-6346
-7951
-9959
-10693
-10986
-10943
-10057
-9439
-10402
-10501
-8980
-8565
-10135
-10684
-10372
-11464
-13180
-13520
-13196
-13655
-14123
-14258
-14169
-13379
-11993
-11627
-12089
-10888
-8731
-7958
-8055
-7121
-5537
-4381
-3189
-1562
112
1121
3429
7627
15951
19127
21642
26080
28693
31599
32600
32129
29236
24594
18330
12253
6494
1706
-2308
-5346
-7851
-9066
-8318
-6344
-4359
-2466
-704
315
863
1232
1697
1913
1605
1465
1572
717
687
3005
3911
1720
99
-152
-1508
-3653
-4954
-5878
-7206
-7941
-8062
-8138
-7423
-6355
-6959
-8112
-7773
-7391
-8421
-9538
-9487
-9513
-10306
-10701
-10203
-9526
-8866
-8601
-9246
-9632
-9498
-9748
-10430
-10470
-9991
-9886
-10046
-9769
-8739
-7377
-5688
-4116
-2412
-87
3793
9706
18372
23023
24798
27207
29696
32512
31940
28769
24690
19412
12525
5932
1403
-1733
-4485
-7403
-9220
-8480
-6009
-3501
-1572
541
2292
2831
2600
3121
4170
4235
3032
2862
4093
4074
3820
5234
5344
2872
864
-473
-2305
-4513
-6290
-7965
-9082
-8945
-8433
-8263
-7437
-6210
-6593
-7181
-6762
-6872
-8221
-9232
-9586
-10153
-10805
-10890
-10600
-10194
-9356
-9195
-9942
-10035
-9653
-10148
-11051
-11333
-11444
-11702
-11929
-11238
-9936
-8692
-7248
-6092
-4487
693
10791
19616
24388
24606
28034
32604
31799
29530
26667
21936
14271
6620
784
-2713
-5373
-8661
-10904
-9439
-5531
-2773
-537
3188
6327
6740
6272
6828
7036
6024
4547
3323
3328
5074
5757
4507
5087
6789
5121
1856
756
50
-2670
-5690
-6886
-7183
-7353
-7190
-7140
-6802
-5322
-4680
-5806
-6129
-5509
-6368
-8496
-9336
-8762
-8662
-9426
-9755
-9398
-8870
-8598
-8951
-9165
-8993
-9457
-10901
-11982
-11771
-11358
-11756
-11801
-10497
-8867
-7456
-5840
-3624
1158
9628
18300
22498
25052
29183
32586
31030
26762
23702
18260
9342
1208
-3385
-6430
-8976
-10909
-11611
-9544
-5247
-1770
362
3779
7152
7303
5799
5918
6560
5109
3021
2902
4441
5980
7289
7948
8453
9645
8843
5301
2342
890
-1931
-5971
-8175
-7974
-7660
-7818
-6755
-4839
-3166
-2160
-2188
-2669
-2590
-3178
-5411
-7246
-7371
-7384
-8572
-9390
-8906
-8354
-8429
-8791
-9163
-9485
-10015
-11201
-12434
-12778
-12679
-12858
-12889
-11973
-10664
-9650
-7978
-5221
-28
8998
18098
22205
24229
29456
32767
30782
26301
21969
15613
6508
-1386
-6256
-9439
-11448
-12720
-13129
-10400
-4934
-735
1606
4951
8159
8291
6801
6530
6278
4270
1622
305
1564
4641
6807
7516
8627
9759
9029
6541
4002
1517
-2050
-6133
-8665
-8991
-8129
-7196
-6477
-4902
-2422
-746
-530
-470
-268
-1234
-3452
-5181
-5612
-5890
-6659
-7523
-7911
-7578
-7064
-7263
-7950
-8424
-9287
-10770
-11866
-12143
-12339
-12924
-13437
-13124
-11853
-10184
-8702
-6716
-2827
5817
16841
22742
24515
28619
32691
30575
25217
21387
15054
4480
-4511
-9449
-12391
-13402
-12686
-12488
-10791
-5256
13
2394
5296
8517
8001
5381
4754
4757
3230
1449
188
362
3412
6946
8312
9415
10786
9568
5878
2785
859
-2349
-6852
-9568
-9952
-8991
-7140
-5200
-3433
-1442
107
440
534
761
102
-2140
-4119
-4351
-4286
-4965
-5541
-5825
-6387
-6947
-7487
-7981
-8280
-8824
-9899
-10672
-10414
-10224
-10929
-11540
-11173
-10628
-10238
-9379
-8029
-5238
1038
11955
22113
25984
27884
31598
32292
27702
21569
14782
5025
-5194
-11921
-15442
-16150
-14152
-11922
-10137
-5160
1616
5464
7226
9444
9607
6337
3454
2571
1746
630
264
316
2077
6431
9996
10749
10930
10287
6762
2135
-1194
-3634
-6809
-9718
-10453
-9186
-6554
-3401
-1382
-233
1162
1335
7
-749
-823
-2079
-4190
-4918
-4070
-3445
-3613
-3894
-4404
-5289
-6376
-7593
-8562
-9156
-9852
-10775
-11490
-11346
-10683
-10444
-10539
-10239
-9540
-8822
-7909
-6824
-4189
3288
15229
23873
25690
28003
32197
31195
24340
17729
11204
1425
-8071
-13474
-15273
-14519
-11933
-10294
-8137
-2234
3883
5891
6553
8527
7857
3953
1614
2285
2675
2127
2334
3222
5541
9212
11225
10137
8992
7493
2690
-2635
-4919
-5900
-8070
-9417
-8196
-5607
-2807
-145
1451
1745
1748
812
-1278
-2738
-2919
-3734
-5227
-5101
-3552
-2537
-2535
-2847
-3544
-4629
-6219
-8123
-9475
-10104
-10459
-10948
-11296
-10811
-9974
-9916
-10034
-9450
-8864
-8568
-7990
-6863
-4084
3636
16237
26057
28455
29890
32695
30231
22312
14980
8307
-1785
-11713
-16373
-16152
-13693
-10382
-7882
-5154
44
4602
5728
6037
7456
6383
2467
375
1791
3878
4922
5766
6363
7646
9521
9682
7499
5678
3617
-1118
-5635
-6769
-5982
-6123
-6177
-4955
-2723
-580
955
1479
1334
712
-1232
-3576
-4335
-3527
-3362
-3829
-3369
-2096
-1535
-2109
-2999
-3904
-5251
-7524
-9637
-10155
-9495
-9479
-10230
-10341
-9773
-9476
-9718
-10097
-10525
-10772
-10767
-10492
-9022
-5242
1667
13277
26584
32733
31423
30938
30862
24384
13160
4145
-3269
-11562
-17405
-17286
-12857
-7520
-3378
-1306
1060
4760
6731
5196
3452
3096
1616
-494
313
4485
8189
9407
9107
8954
8443
6317
3793
1999
-106
-2994
-5123
-5579
-3736
-1360
-427
-258
180
360
-325
-1217
-1529
-1899
-3427
-4682
-4418
-3101
-1652
-962
-926
-864
-1049
-2009
-3107
-3933
-5020
-6870
-8660
-9428
-9402
-9013
-8806
-9017
-9059
-8689
-8732
-9308
-9915
-10266
-10643
-10784
-10287
-8337
-4836
2374
14817
27316
32720
31287
29480
26675
19192
9070
768
-6125
-12912
-16819
-15594
-10439
-4730
-942
374
1731
3817
4187
2646
1826
2299
1807
1117
2932
7163
10557
11355
10097
7756
5562
3727
1580
-1173
-3111
-4019
-5171
-5645
-3631
-497
540
77
234
750
527
-35
-610
-1248
-1775
-2431
-2898
-2464
-1399
-1281
-2451
-3194
-2957
-2897
-3448
-3941
-4109
-4325
-4949
-5863
-6636
-7183
-7837
-8975
-9746
-9412
-8654
-8364
-8582
-8854
-9011
-8939
-8257
-7085
-5245
-1543
5695
17121
28323
32074
29283
26584
22787
14239
4105
-2493
-7092
-12101
-14687
-12262
-6909
-2096
452
693
1032
1842
1307
76
846
3035
3946
4490
7194
11162
12782
11447
8599
5370
1663
-2047
-3776
-3228
-2630
-2749
-2526
-1895
-553
501
138
-635
-547
-511
-1234
-1467
-386
382
-456
-1614
-2242
-2418
-2610
-3221
-3677
-3417
-3243
-3574
-3739
-3521
-3643
-4774
-6059
-6591
-6629
-6772
-7230
-7964
-8583
-9109
-9734
-10136
-10102
-9808
-9693
-9353
-8247
-6734
-4638
483
11164
24973
32543
31102
27647
24588
17573
6983
-599
-4308
-8588
-12719
-12274
-7602
-2740
104
389
-719
-1212
-1528
-2306
-1677
1767
5408
7181
9027
12250
14221
12946
9426
5204
966
-2676
-4338
-3839
-2807
-2197
-1328
-213
324
62
-404
-1099
-2039
-2351
-1729
-732
454
1471
1542
783
-257
-1436
-2716
-3668
-4125
-4379
-4393
-3834
-2996
-2551
-2723
-3434
-4497
-5618
-6640
-7575
-8112
-8262
-8375
-8481
-8623
-8904
-9195
-9514
-9668
-9119
-7975
-6756
-6002
-5015
-873
8827
22421
31867
31482
26921
22902
15494
5366
-952
-3398
-6952
-10768
-10609
-6778
-2390
498
575
-1520
-3011
-3808
-4361
-2300
2888
7443
9364
10744
12429
12899
11005
7359
3018
-873
-4089
-5987
-4589
-826
1142
586
636
865
-679
-2835
-3304
-2408
-1509
-837
309
2300
3728
2988
560
-1391
-2727
-4366
-5531
-4971
-3220
-2023
-2003
-2393
-2401
-2556
-3449
-4674
-5271
-5257
-5738
-6586
-6593
-5825
-5973
-7475
-8999
-9508
-9388
-9570
-9545
-8457
-7015
-6596
-6558
-4560
616
9649
21837
30904
30175
24197
19895
14451
6177
392
-1248
-3701
-7203
-7631
-5090
-2570
-1394
-2602
-5658
-6810
-5548
-3937
-946
4831
9988
11577
11559
11606
10723
8292
4961
1483
-767
-1689
-1788
-530
1303
1248
-600
-1955
-2898
-4304
-4993
-3696
-1467
623
2264
3225
3493
2900
1226
-964
-2509
-3331
-3939
-4051
-3062
-1750
-1325
-1942
-3121
-4233
-4895
-5096
-4940
-4457
-3872
-3679
-4090
-4802
-5661
-6901
-8322
-9312
-9621
-9373
-8853
-8138
-7253
-6655
-6540
-6363
-5485
-3175
2300
13049
25802
31406
27327
21417
16967
10253
2741
-684
-991
-2421
-4445
-4814
-3715
-2373
-2603
-5459
-8157
-7279
-4566
-2058
1923
7840
11797
11861
10351
8813
6936
4856
3019
1459
790
934
1573
1946
1112
-984
-3145
-4292
-4540
-4119
-2800
-710
928
2018
2304
1745
944
-56
-1212
-2094
-2342
-2186
-1952
-2037
-2200
-2630
-3345
-3851
-3920
-3499
-2837
-2341
-2329
-2796
-3758
-4872
-5764
-6291
-6448
-6364
-6522
-7438
-8668
-9303
-9217
-8961
-8632
-8218
-7750
-6911
-5235
-2051
4128
15239
27153
30601
24811
18450
14013
7865
2530
1975
3563
2723
294
-2069
-4463
-6066
-7296
-9213
-10003
-7445
-3912
-723
3625
8404
10452
9388
7542
5903
5045
5134
5426
5357
5353
5160
4090
1777
-1188
-3386
-4435
-4661
-4215
-3366
-2236
-1119
-489
-81
55
-90
-20
257
433
622
477
-124
-872
-1876
-2888
-3519
-3514
-3041
-2527
-2305
-2416
-2958
-3691
-4205
-4549
-4634
-4602
-4962
-5659
-6148
-6557
-7222
-8197
-9185
-9789
-9694
-8970
-7683
-6443
-6011
-5931
-5293
-2883
3482
15537
27433
29869
23922
18162
13275
6257
1597
2823
5329
4309
1634
-1155
-4554
-7581
-9325
-9977
-9208
-6626
-3724
-450
3711
6980
7531
6615
5583
4202
3683
5451
8241
9278
7995
5583
3302
973
-2005
-4151
-3658
-1727
-1018
-1835
-2425
-2535
-3224
-3700
-2746
-666
1173
1887
1890
1835
1015
-866
-2540
-3141
-2830
-2239
-1252
-171
-145
-1530
-3410
-4683
-4972
-4645
-4194
-3400
-2803
-3346
-4864
-6298
-7302
-8342
-9156
-9160
-8493
-7873
-7589
-7507
-7371
-7076
-6613
-6065
-4284
1387
12474
24405
28525
23518
16369
11107
6447
4053
6125
9470
9070
5180
685
-4143
-8593
-11132
-10774
-8230
-4865
-2406
-1122
203
1399
1715
1684
3015
4926
6135
7003
8164
8831
7742
4967
2222
1321
1089
214
-333
500
706
-1486
-4344
-5546
-5280
-4551
-2875
-525
1042
788
-477
-1333
-1238
-1055
-1273
-1036
-187
310
-251
-1269
-1919
-2166
-2693
-3213
-3127
-2707
-2534
-3104
-4042
-4785
-5715
-6878
-7451
-7244
-6960
-7352
-8129
-8532
-8522
-8475
-8264
-7981
-7238
-5565
-3941
-2628
1097
10373
21489
25383
20426
14257
10638
7682
6759
9892
13345
11963
6686
1069
-3809
-7360
-9015
-8524
-6015
-2870
-1733
-2495
-2564
-1814
-1654
-1182
1442
4792
6499
6705
6772
6969
6566
5318
4540
4963
4715
3023
1883
1889
1085
-1392
-3770
-4488
-4099
-3370
-2248
-1424
-2006
-3760
-5138
-4804
-3061
-1412
-667
-582
-848
-1295
-1602
-1344
-782
-613
-898
-1083
-1157
-1472
-2253
-3472
-4643
-5527
-6076
-6260
-6206
-6406
-7172
-8449
-9450
-9407
-8888
-8106
-7053
-6383
-6676
-6763
-5787
-3454
1022
7953
16332
21315
19116
12644
8653
8630
10043
12295
14594
13984
8781
2612
-1926
-4750
-5744
-5124
-3858
-3010
-2805
-3881
-5198
-5547
-4740
-3222
-941
2099
4268
4841
4500
4286
4470
4932
5780
7484
8502
6639
3641
2167
1830
1342
411
-532
-1418
-2689
-3749
-3884
-3562
-3589
-4044
-4101
-3193
-2313
-2280
-2452
-2502
-2509
-2365
-1628
-184
1004
956
10
-975
-1683
-2050
-2419
-2730
-3033
-3896
-5109
-5967
-6647
-7447
-8084
-8566
-8605
-8237
-8008
-8337
-9087
-9493
-8644
-6853
-5264
-3026
2025
10721
18497
19114
13879
9794
9560
10995
13736
17496
18572
13655
6431
2004
-76
-1652
-2498
-2113
-1868
-2873
-4972
-6724
-7063
-6516
-5745
-4405
-1775
694
1179
529
830
1911
2966
4514
6928
9358
9340
6275
3298
2706
3395
4164
4372
3450
1219
-1680
-3599
-3580
-2819
-2925
-4155
-5271
-5221
-4861
-4788
-4529
-4228
-4275
-3979
-2805
-1166
-275
-749
-1741
-2170
-1606
-515
174
54
-873
-2629
-4444
-5163
-4846
-4752
-5620
-7098
-8275
-8880
-9005
-8773
-8480
-8446
-8510
-8147
-7400
-5858
-2302
4414
12523
16664
13972
8995
7791
10406
13982
17162
18957
17004
11377
6271
4199
3721
2990
1875
714
-312
-1786
-4160
-6282
-7073
-7003
-6756
-5648
-3509
-2011
-2259
-2763
-2148
-647
1438
4040
6992
8514
6656
3272
2620
4920
7263
7993
7280
5530
2692
91
-414
578
242
-2068
-4469
-5482
-5613
-5873
-6145
-6212
-6410
-6668
-6225
-4978
-3645
-3177
-3398
-3236
-2250
-1021
-213
-101
-568
-1409
-2327
-2556
-2067
-1909
-3054
-5151
-6848
-7193
-7053
-7381
-7737
-8019
-8608
-9036
-8715
-7763
-5632
-1425
4917
10603
11219
7336
5027
7452
11886
15544
17714
17383
13702
9562
8284
8722
8400
7030
5077
2701
774
-791
-2533
-4174
-5142
-5402
-5303
-4859
-4449
-4822
-5795
-5923
-4712
-2671
-570
1353
3161
3505
1832
1154
3646
6861
8405
8122
6838
5225
3642
2812
3418
4228
3057
292
-1996
-2949
-3794
-4964
-5570
-5588
-5947
-6555
-6621
-6295
-6119
-6187
-5722
-4424
-2959
-2286
-2529
-3003
-3000
-2525
-1911
-1313
-1269
-1909
-2901
-4010
-4829
-4726
-4350
-4843
-6062
-6900
-6982
-6974
-6687
-5897
-5110
-3380
1623
7997
9818
5830
2207
3895
8707
12774
14973
15182
12572
8706
6863
7946
9880
9962
7886
5228
3411
1842
-3
-1216
-1394
-1623
-2571
-3279
-3472
-3843
-4833
-5568
-5186
-3826
-2445
-1965
-1591
-381
165
-981
-749
2497
5571
5954
5005
4308
3313
2350
3166
5443
6243
4187
1054
-887
-1106
-941
-1255
-1807
-2684
-4367
-6032
-6316
-5481
-4978
-5370
-5751
-5581
-5180
-4986
-4965
-4827
-4405
-3787
-3162
-2651
-2618
-3297
-4212
-4294
-3407
-2916
-3671
-4646
-4948
-5079
-5433
-5500
-4993
-4637
-4422
-3237
96
5189
8508
6401
1880
2113
6971
10835
12055
12461
11349
8050
5889
7398
10383
10517
7860
5360
4484
4208
3306
2245
1478
653
-729
-1740
-2094
-2541
-3667
-5007
-5094
-3871
-2604
-2572
-3024
-2693
-2064
-2514
-2755
-580
1863
2573
2643
3168
3113
2585
2837
4074
5434
5216
3647
2021
1260
820
285
-16
-258
-1168
-3129
-4660
-5116
-4933
-4922
-5198
-5454
-5760
-6094
-6194
-5554
-4826
-4510
-4621
-4674
-4509
-4388
-4199
-3966
-3734
-3674
-3652
-3784
-4026
-4193
-4253
-4178
-4166
-3924
-3483
-3124
-2286
413
4806
7524
5463
1495
2038
6688
9805
10166
10475
10258
8040
6451
7670
9410
9020
7622
6575
5523
4432
3427
2377
1637
1499
989
-239
-1294
-1921
-2858
-3983
-4023
-3226
-2964
-3407
-3718
-3417
-2482
-1857
-2231
-2070
-536
1014
1432
1353
1756
2389
2494
2569
3584
4369
3577
2162
1644
1689
1288
658
408
173
-831
-2239
-3163
-3414
-3508
-3854
-4125
-4304
-4861
-5688
-5924
-5418
-4941
-5005
-5270
-5085
-4651
-4444
-4581
-4802
-4802
-4674
-4581
-4336
-3972
-3952
-4248
-4408
-4176
-3624
-3218
-3275
-2930
-134
5289
8547
5304
610
2265
7951
10411
9831
9840
9187
7111
6808
8892
9865
8530
6981
6233
5920
5387
4047
2517
2132
2350
1696
504
-498
-1676
-3030
-3555
-3067
-2702
-3118
-3675
-3910
-3719
-2852
-2359
-3048
-3012
-1100
652
784
167
25
610
1471
2388
3171
3301
2606
1829
1807
2402
2386
1492
893
808
232
-940
-1764
-1908
-2017
-2712
-3622
-4259
-4668
-4884
-4917
-4968
-5098
-5312
-5587
-5604
-5460
-5464
-5360
-4904
-4269
-4055
-4482
-4852
-4708
-4346
-3982
-3740
-3661
-3342
-3072
-3351
-3282
-1528
1959
5465
6124
3133
677
2982
7672
9674
8859
8165
7923
7363
7385
8254
8501
7772
7390
7582
7276
5793
3773
2631
3055
3848
3182
1197
-568
-1386
-1689
-1815
-1837
-2214
-2978
-3646
-3771
-3117
-2466
-3146
-4197
-3108
-1113
-878
-1759
-1589
-405
477
866
1371
2279
2683
1975
1100
1482
2721
2991
1904
915
676
283
-548
-1124
-1242
-1518
-2215
-2958
-3514
-4024
-4575
-4847
-4717
-4516
-4695
-5189
-5532
-5540
-5222
-4949
-4995
-5052
-4933
-4945
-4974
-4567
-3923
-3717
-4069
-4288
-3867
-3308
-3130
-2630
-839
2109
4653
4647
2147
1077
4003
7594
8411
7890
8111
8309
7799
7573
7874
8172
8116
7849
7410
6910
6036
4548
3699
4113
4347
2928
959
-25
-447
-973
-1473
-1729
-2243
-3027
-3749
-4136
-3653
-2958
-3395
-4231
-3363
-1862
-1758
-2308
-1827
-680
-150
187
863
1453
1638
1558
1260
1314
2011
2259
1794
1420
1296
844
20
-531
-596
-686
-1403
-2354
-2915
-3109
-3323
-3765
-4285
-4616
-4685
-4740
-4862
-5087
-5209
-5002
-4589
-4336
-4542
-5074
-5248
-4691
-4111
-3987
-4056
-3998
-3844
-3613
-3419
-3278
-2450
-251
2554
4096
3207
975
1077
5042
8502
7705
5644
6360
8315
8625
7836
7478
7795
8056
8000
7708
7208
6114
4761
4388
4964
4985
3416
1406
396
265
36
-707
-1510
-2035
-2374
-3034
-3686
-3371
-2913
-3736
-4564
-3527
-2278
-2370
-2815
-2577
-1936
-1101
-204
211
397
510
527
627
1182
1704
1434
792
615
905
727
3
-547
-663
-831
-1502
-2316
-2711
-2720
-2873
-3157
-3391
-3759
-4331
-4756
-4623
-4168
-4087
-4615
-4929
-4657
-4433
-4464
-4311
-4004
-4032
-4370
-4470
-3930
-3212
-3052
-3260
-2718
-868
1188
2183
2288
1968
1583
2860
5884
7422
6393
5843
6997
7696
7650
7895
8094
7726
7522
7681
7499
6938
6064
5189
4859
5063
4601
2981
1486
824
422
-169
-655
-1156
-2013
-2770
-3005
-3167
-3748
-3978
-3469
-2979
-3069
-3378
-3193
-2480
-1657
-1325
-1409
-1302
-729
-60
206
181
213
481
645
603
449
158
-178
-261
-12
31
-397
-1002
-1317
-1479
-1728
-2018
-2283
-2511
-2819
-3125
-3357
-3530
-3765
-3898
-3688
-3537
-3926
-4574
-4716
-4288
-3791
-3704
-4045
-4320
-4320
-4196
-4029
-3664
-3217
-2996
-2837
-1787
589
2590
2215
605
1158
4267
6487
6247
5582
6147
7296
7891
7719
7510
7993
8280
7798
7581
7950
7307
5606
4873
5417
5582
4382
2682
1617
1365
1070
299
-406
-721
-1188
-1946
-2223
-2242
-2939
-3662
-3234
-2505
-2703
-3194
-3181
-2870
-2506
-2099
-1909
-1980
-1913
-1431
-924
-971
-1094
-648
-113
-113
-317
-324
-234
-143
-103
-203
-417
-662
-883
-1090
-1236
-1331
-1534
-1987
-2486
-2703
-2776
-2960
-3267
-3497
-3613
-3787
-4049
-4196
-4153
-4164
-4328
-4501
-4401
-3930
-3588
-3795
-3925
-3212
-2405
-2502
-2350
-490
1581
1902
1625
2176
2708
3250
4754
6144
6078
5802
6329
6599
6460
6773
7220
7015
6830
7089
6929
5978
5177
5081
5060
4751
4237
3430
2458
1797
1448
900
294
-117
-575
-1082
-1411
-1931
-2876
-3216
-2736
-2559
-3164
-3530
-3172
-2880
-3018
-3025
-2526
-1989
-1821
-1929
-1839
-1280
-626
-365
-504
-542
-357
-213
-105
58
84
-195
-404
-387
-386
-717
-1208
-1460
-1456
-1484
-1755
-2127
-2507
-2855
-3138
-3212
-3047
-3042
-3495
-3862
-3550
-3201
-3470
-3797
-3564
-3086
-2893
-3134
-3362
-3037
-2339
-2042
-2204
-1562
156
1485
1561
1212
1176
1808
3398
4846
5008
4484
4628
5405
6001
6324
6455
6576
6678
6709
6613
6303
5828
5467
5443
5343
4979
4255
3198
2290
1862
1628
1004
97
-722
-1321
-1689
-1788
-2138
-3141
-3648
-3048
-2628
-3269
-3829
-3428
-2894
-2774
-2671
-2359
-2119
-1997
-1870
-1666
-1219
-764
-665
-865
-783
-368
-284
-516
-492
-269
-310
-534
-752
-854
-809
-912
-1250
-1542
-1535
-1469
-1709
-2134
-2469
-2634
-2632
-2437
-2382
-2696
-3084
-3105
-2784
-2647
-2898
-3321
-3488
-3177
-2766
-2656
-2752
-2824
-2876
-2549
-1326
252
859
449
579
1442
2010
2624
3781
4569
4503
4701
5638
6369
6280
5959
6382
7168
7195
6363
5856
5999
5871
5289
4853
4730
4293
3344
2443
2066
1801
1118
317
-198
-366
-718
-1540
-2209
-2175
-2039
-2406
-2888
-3110
-3028
-2856
-2807
-2829
-2600
-2255
-2244
-2340
-2182
-1867
-1621
-1392
-1187
-1087
-1141
-1258
-1151
-887
-729
-773
-935
-1020
-913
-915
-1211
-1398
-1295
-1225
-1417
-1739
-1988
-2074
-2067
-2154
-2292
-2351
-2388
-2573
-2818
-2845
-2725
-2778
-3034
-3173
-3157
-3114
-3042
-2984
-2914
-2629
-2246
-2246
-2288
-1305
345
1003
680
946
1758
2132
2699
3937
4609
4461
4890
5795
5932
5700
5931
6254
6366
6572
6560
5957
5450
5458
5344
4847
4637
4421
3451
2368
2085
2059
1462
685
217
44
-155
-789
-1675
-1902
-1459
-1500
-2249
-2764
-2670
-2502
-2577
-2573
-2257
-2006
-2257
-2675
-2641
-2161
-1729
-1685
-1888
-1867
-1584
-1500
-1656
-1554
-1141
-905
-1105
-1360
-1225
-950
-917
-1031
-1038
-1151
-1481
-1725
-1649
-1469
-1572
-1928
-2215
-2224
-2247
-2523
-2803
-2837
-2767
-2884
-3096
-3238
-3242
-3224
-3210
-3001
-2570
-2271
-2326
-2347
-2001
-1086
208
1063
984
927
1580
2309
2976
3908
4494
4279
4274
4863
5295
5493
5702
5672
5557
5823
5976
5688
5467
5333
4950
4622
4658
4484
3814
3050
2467
2012
1672
1362
820
82
-643
-932
-770
-1044
-2098
-2740
-2325
-2078
-2573
-2973
-2819
-2628
-2592
-2446
-2236
-2147
-2336
-2506
-2234
-1583
-1233
-1394
-1521
-1241
-823
-861
-1096
-967
-681
-698
-775
-656
-650
-847
-1065
-1108
-1099
-1292
-1661
-1952
-1988
-1975
-2100
-2268
-2321
-2431
-2719
-2858
-2677
-2395
-2325
-2501
-2757
-2739
-2298
-2109
-2594
-2845
-2136
-1557
-1972
-2349
-1606
-145
731
557
328
990
2014
2676
3191
3684
4012
4314
4745
5054
5361
5827
5950
5676
5738
6040
5754
5109
4826
4901
4837
4470
3999
3479
2838
2286
1995
1690
1271
689
-39
-430
-375
-709
-1651
-2124
-1823
-1673
-2126
-2613
-2751
-2652
-2488
-2439
-2432
-2322
-2344
-2650
-2698
-2151
-1565
-1480
-1760
-1861
-1676
-1564
-1574
-1377
-1069
-1088
-1395
-1505
-1122
-665
-700
-1094
-1264
-1108
-954
-919
-1014
-1283
-1618
-1793
-1826
-1802
-1802
-2152
-2757
-2825
-2225
-2032
-2573
-2903
-2689
-2496
-2426
-2199
-2011
-2033
-2024
-1710
-1262
-1005
-609
326
1075
1003
1014
1778
2553
2922
3399
3961
4109
4140
4562
5099
5324
5354
5310
5159
5177
5449
5518
5134
4750
4628
4437
4011
3623
3327
2825
2158
1655
1380
1100
596
17
-317
-561
-1144
-1810
-1900
-1647
-1832
-2449
-2852
-2918
-2965
-3031
-3030
-2942
-2855
-2944
-3152
-3015
-2438
-1981
-1961
-2061
-1933
-1730
-1585
-1342
-1099
-1157
-1307
-1126
-800
-685
-766
-864
-985
-1036
-871
-749
-987
-1354
-1483
-1493
-1437
-1236
-1204
-1708
-2362
-2452
-2058
-1762
-1707
-1837
-2223
-2520
-2226
-1707
-1498
-1438
-1399
-1610
-1744
-1228
-351
353
834
971
726
944
2106
3170
3251
2995
3219
3817
4394
4720
4692
4624
4827
5049
5094
5241
5382
4904
4123
4041
4616
4737
4042
3218
2630
2197
1959
1848
1468
763
-52
-861
-1191
-872
-853
-1701
-2397
-2340
-2272
-2482
-2595
-2714
-2984
-3046
-2823
-2562
-2340
-2317
-2596
-2730
-2275
-1559
-1221
-1396
-1612
-1518
-1309
-1128
-849
-659
-822
-1075
-1087
-966
-845
-767
-864
-1164
-1424
-1439
-1284
-1136
-1117
-1317
-1700
-1920
-1751
-1518
-1589
-1748
-1739
-1744
-1860
-1834
-1670
-1727
-1911
-1845
-1575
-1442
-1453
-1384
-1263
-1119
-902
-466
279
1043
1213
865
1072
2114
3021
3138
3096
3467
3974
4244
4321
4593
5065
5276
4915
4525
4732
5151
5028
4418
4105
4101
3763
3089
2702
2595
2170
1414
802
600
506
44
-584
-808
-851
-1346
-1937
-1997
-1861
-1957
-2176
-2400
-2590
-2548
-2379
-2342
-2235
-2051
-2174
-2517
-2402
-1828
-1501
-1681
-1926
-1806
-1495
-1300
-1241
-1163
-1072
-1064
-1131
-1114
-877
-713
-885
-1091
-959
-769
-857
-1024
-1069
-1139
-1298
-1370
-1388
-1544
-1749
-1837
-1915
-1973
-1813
-1696
-2036
-2373
-2088
-1593
-1534
-1655
-1517
-1231
-985
-813
-774
-739
-236
741
1480
1477
1232
1442
2122
2922
3574
3942
3900
3655
3637
4010
4512
4893
5070
4725
4011
3753
4172
4396
4110
3893
3665
3006
2281
2076
2140
2047
1685
1009
276
-128
-255
-395
-471
-634
-1302
-2127
-2327
-2017
-1909
-2076
-2319
-2670
-2988
-2910
-2493
-2145
-2052
-2167
-2345
-2358
-2025
-1508
-1179
-1179
-1307
-1371
-1296
-1040
-763
-671
-736
-882
-1103
-1198
-1005
-801
-871
-1076
-1190
-1229
-1209
-1108
-1116
-1380
-1640
-1635
-1501
-1440
-1458
-1581
-1840
-1969
-1722
-1378
-1284
-1265
-1245
-1471
-1650
-1198
-516
-389
-615
-631
-403
-6
714
1440
1637
1406
1331
1760
2552
3366
3768
3673
3430
3470
3840
4292
4684
4857
4646
4164
3920
4079
4279
4243
4009
3635
3127
2679
2398
2199
1959
1591
1094
533
32
-296
-375
-518
-1086
-1725
-1877
-1775
-1889
-2035
-2151
-2560
-3017
-2969
-2587
-2385
-2376
-2494
-2753
-2858
-2595
-2223
-1994
-1834
-1762
-1879
-1968
-1690
-1163
-923
-1104
-1331
-1377
-1326
-1221
-1067
-981
-1008
-1154
-1332
-1373
-1265
-1153
-1178
-1397
-1585
-1378
-1080
-1190
-1455
-1463
-1436
-1572
-1592
-1414
-1195
-1131
-1222
-1191
-901
-530
-278
-149
-106
-15
210
496
957
1635
2121
2044
1741
1913
2627
3376
3848
4172
4286
4008
3747
3954
4510
4935
5007
4754
4294
3877
3682
3738
3838
3791
3444
2806
2171
1746
1466
1147
811
491
134
-380
-916
-1128
-1225
-1672
-2228
-2261
-2090
-2307
-2647
-2765
-2926
-3231
-3226
-2878
-2571
-2464
-2553
-2776
-2796
-2468
-2175
-2064
-1877
-1562
-1413
-1473
-1467
-1266
-1091
-1082
-991
-804
-813
-1041
-1208
-1176
-997
-671
-447
-629
-978
-1165
-1170
-1092
-1006
-1006
-1162
-1269
-1258
-1406
-1572
-1410
-1017
-811
-847
-722
-604
-661
-476
-139
47
186
438
720
782
689
663
806
1154
1683
2316
2806
2890
2636
2469
2692
3166
3656
4027
4096
3781
3405
3427
3725
3845
3779
3704
3484
3036
2657
2460
2256
2061
1968
1735
1203
628
220
-84
-266
-205
-127
-552
-1406
-1843
-1645
-1603
-1988
-2198
-2107
-2284
-2695
-2831
-2610
-2365
-2364
-2496
-2552
-2369
-2068
-1968
-1993
-1877
-1706
-1735
-1814
-1599
-1325
-1424
-1587
-1478
-1329
-1326
-1413
-1369
-1121
-870
-831
-995
-1067
-978
-926
-737
-403
-344
-524
-658
-657
-633
-572
-387
-221
-307
-497
-446
-375
-434
-451
-291
9
210
269
461
799
1075
1187
1069
998
1291
1751
2057
2196
2247
2241
2243
2270
2286
2351
2572
2831
2897
2800
2726
2589
2309
2273
2553
2708
2619
2459
2221
1870
1556
1386
1297
1243
1117
784
286
-169
-433
-464
-333
-367
-795
-1266
-1245
-1131
-1442
-1798
-1819
-1653
-1664
-1865
-1958
-1943
-2102
-2303
-2336
-2195
-2093
-2156
-2172
-2034
-1761
-1581
-1700
-2135
-2336
-1999
-1622
-1388
-1137
-971
-1052
-1176
-983
-613
-418
-383
-433
-397
-355
-444
-500
-226
122
220
32
-318
-452
-279
19
166
105
16
138
100
-49
-64
-22
145
367
698
885
917
977
991
1188
1554
1572
1178
1096
1594
1897
1674
1471
1385
1346
1315
1386
1539
1600
1677
1711
1594
1475
1544
1554
1259
1068
1143
1056
928
1072
1196
922
523
399
381
308
200
107
129
174
117
-186
-527
-636
-621
-697
-786
-783
-836
-988
-1151
-1180
-1218
-1237
-1156
-1148
-1303
-1476
-1573
-1656
-1588
-1248
-1086
-1466
-1678
-1403
-1126
-1187
-1243
-1072
-1114
-1254
-1097
-804
-749
-781
-719
-587
-472
-279
-138
-238
-320
-385
-333
-165
30
103
57
11
-58
-203
-496
-359
-28
176
346
457
405
156
157
255
418
676
775
690
645
932
1326
1560
1525
1372
1132
833
813
1035
1250
1345
1370
1283
1197
1002
783
729
655
585
740
953
955
761
536
439
338
230
203
289
269
51
-99
-215
-317
-349
-320
-177
-181
-354
-432
-403
-328
-109
74
31
-157
-397
-477
-512
-453
-306
-299
-395
-599
-711
-642
-639
-787
-776
-609
-604
-716
-802
-601
-462
-811
-1115
-1000
-779
-852
-948
-917
-1035
-1062
-899
-860
-737
-539
-457
-486
-529
-315
-60
-59
4
228
362
377
139
-61
43
281
366
301
207
278
513
615
609
513
488
488
416
383
263
140
189
397
562
505
348
216
260
447
717
862
801
843
853
760
603
591
705
612
430
498
590
405
212
211
236
72
6
198
313
332
341
278
81
-84
-75
-117
-230
-296
-146
43
-99
-389
-464
-420
-310
-88
-46
-204
-295
-271
-270
-272
-200
-194
-353
-385
-181
-164
-408
-487
-495
-607
-597
-375
-229
-282
-329
-342
-301
-324
-456
-508
-612
-620
-472
-295
-254
-338
-328
-316
-261
-206
-316
-444
-400
-319
-453
-482
-192
-33
-184
-297
-125
58
-165
-461
-384
-51
311
514
683
623
263
58
197
349
411
621
869
886
757
585
383
432
691
688
330
201
313
171
118
347
391
299
442
552
326
206
408
640
775
831
731
479
152
-101
-153
-46
96
178
95
-98
-238
-357
-508
-547
-457
-446
-433
-351
-238
-92
-13
1
106
117
-44
-235
-424
-386
-185
-78
-28
47
-18
-261
-429
-419
-318
-220
-176
-27
120
145
63
-171
-337
-297
-179
-198
-297
-327
-292
-111
60
39
-175
-450
-633
-705
-729
-689
-496
-261
-23
118
134
-76
-171
119
438
423
109
-7
113
232
185
68
-85
-211
-79
254
459
384
156
-61
12
239
174
19
248
513
239
-120
-58
126
112
268
390
112
-23
250
471
357
184
65
-72
-241
-261
-108
132
274
134
94
251
295
331
417
294
149
163
131
167
271
358
328
315
225
-146
-295
-178
-74
-148
-125
107
0
-387
-494
-576
-569
-454
-338
-270
-214
-140
-158
-162
-85
-78
-121
17
214
345
155
9
55
116
163
113
178
298
206
0
-68
-87
25
125
123
153
-62
-194
-120
-89
-323
-452
-339
-170
-20
-114
-283
-298
48
309
130
-155
-72
97
74
58
-68
-387
-514
-355
-188
-159
-239
-225
-274
-373
-160
148
189
167
230
295
129
37
392
508
406
444
165
-143
35
329
196
65
4
-241
-395
-318
-158
-260
-346
-252
-192
57
36
-207
-70
142
200
166
107
117
83
-112
-195
-37
20
-8
91
88
149
336
273
187
319
340
57
-155
201
675
620
322
182
353
590
612
354
-42
-111
385
745
391
72
70
11
-131
-50
254
165
-222
-70
399
284
-205
-372
-146
16
-11
-26
-165
-187
-136
-340
-552
-596
-715
-886
-726
-381
-294
-435
-431
-325
-252
-282
-322
-228
-134
-34
-142
-435
-600
-456
-43
10
-246
-307
-262
-155
131
360
226
-51
-88
60
108
92
60
173
493
533
361
302
215
62
34
312
267
-18
123
179
-79
-374
-264
-92
-284
-361
-371
-356
-161
-219
-352
-283
-137
-99
-336
-304
96
275
243
213
260
330
254
349
549
550
426
390
675
903
833
758
773
799
739
630
544
412
298
209
134
154
204
153
-84
-328
-242
-101
-209
-291
-169
-107
-294
-382
-211
-33
107
238
203
-76
-70
129
74
-109
-150
-260
-498
-525
-341
-333
-497
-480
-449
-363
-340
-299
-308
-304
-199
-342
-433
-316
-250
-427
-463
-182
18
5
26
115
177
131
-167
-357
-207
-101
-182
-183
-122
-228
-244
-122
-123
-251
-214
70
221
127
28
-85
-25
134
88
35
-3
114
281
203
61
23
108
198
328
524
615
433
274
285
176
29
89
175
28
-120
-71
121
10
-184
-75
141
212
82
84
135
79
197
424
417
236
158
104
-88
-122
100
182
27
-59
33
67
1
77
219
307
271
191
162
128
156
73
-90
-295
-320
-193
-191
-157
-228
-358
-297
-42
-17
-111
-132
-89
-58
-73
-38
6
196
231
25
-135
-82
-80
-156
-203
-327
-328
-160
99
238
117
4
61
-57
-95
88
58
-52
-54
-24
-9
-53
-124
-230
-418
-490
-315
-155
-121
33
72
-167
-261
-203
-259
-288
5
284
98
-37
191
311
247
279
386
450
584
614
377
181
330
462
449
193
-81
-59
-165
-270
-336
-373
-425
-429
-272
-201
-325
-354
-162
-89
-117
84
154
-14
37
179
47
-139
111
378
274
131
101
54
-23
-38
-2
-65
-163
-172
-174
-216
-211
-106
-427
-803
-569
-139
-86
-255
31
307
352
252
153
213
191
213
461
703
518
-91
-515
-310
-17
30
114
325
378
221
20
-84
103
221
92
40
180
342
140
-115
-11
68
-146
-268
-209
-186
-134
-25
116
78
4
-88
-122
4
341
596
506
413
429
408
108
-89
-211
-209
-176
-262
-180
-2
153
73
-66
-61
44
286
511
326
-27
-97
-47
-68
84
128
-19
-231
-261
-122
-262
-342
-306
-421
-549
-512
-405
-310
-207
-207
-286
-269
-107
-33
4
-8
-108
-105
8
71
99
187
64
-83
-12
141
251
21
-300
-266
-76
-161
-280
-276
-85
73
-113
-351
-359
-183
-232
-484
-481
-305
-200
-196
44
344
181
-93
-232
-217
-74
195
510
658
603
371
231
261
317
206
29
193
535
535
269
210
270
158
150
294
347
233
102
55
159
384
505
471
298
239
162
-57
-230
49
405
230
47
241
472
209
-46
18
72
-230
-508
-320
-52
214
258
208
160
188
-12
-396
-557
-614
-680
-782
-547
-169
-122
-196
114
330
-84
-523
-589
-413
-304
-148
-51
-53
91
102
56
58
31
36
-71
-159
-242
-119
245
388
131
-246
-314
-165
-24
-45
-75
-143
-86
-18
-12
-190
-442
-288
-78
-6
-187
-271
-240
-351
-371
-288
-170
-245
-108
275
415
215
55
151
419
665
567
214
29
281
503
203
17
3
-120
-9
176
214
-13
-243
-210
170
482
208
44
318
405
92
-172
101
409
178
-136
139
351
269
131
-108
-153
-87
-209
-413
-369
-57
96
-50
-133
-154
-194
-42
131
241
283
124
-94
-43
158
91
-130
-244
76
279
20
-84
303
472
-50
-312
54
366
102
-205
-174
288
616
308
-25
-28
100
60
-226
-342
-280
-231
-191
-109
95
93
-82
-285
-260
-214
-308
-428
-310
-122
-253
-456
-250
367
460
1
-322
-393
-446
-356
-97
157
295
341
90
-151
175
376
-42
-297
104
37
-520
-561
-126
86
-79
-207
-62
279
381
69
-302
-299
9
169
36
91
269
86
-110
-5
129
54
-75
-94
-36
62
241
338
111
18
124
290
471
436
337
76
-154
17
225
71
-223
-140
189
359
282
201
239
326
371
224
-16
-99
199
528
650
454
-12
-367
-261
-95
-247
-352
-346
-163
69
125
0
-180
-201
-248
-404
-553
-392
-29
-18
-158
-149
-208
-357
-364
-246
-216
-288
-276
-211
-148
82
242
140
-85
-251
-302
-108
328
483
64
-350
-180
50
98
133
385
588
510
436
371
365
328
20
-136
15
3
-164
-385
-304
-162
-409
-544
-180
86
-161
-433
-178
188
190
7
-204
-296
-300
-36
116
65
170
304
158
-69
-129
-55
188
160
-88
-177
-125
6
45
43
4
64
82
114
391
579
516
401
211
-24
-119
-40
105
186
117
99
279
255
-15
-141
-119
-275
-173
107
69
-79
-182
-126
32
129
17
-62
-82
-136
-246
-269
-100
-114
-255
-244
-230
-406
-329
-65
-127
-382
-331
-131
-77
-24
1
-36
-111
8
293
398
270
73
128
297
257
100
87
320
391
260
187
289
212
27
68
145
122
116
306
272
-31
-218
-139
60
69
26
17
-141
-103
72
88
234
335
304
237
408
420
-30
-400
-526
-316
-75
-88
-264
-366
-271
-225
-202
-217
-223
-157
-196
-201
-214
-233
-256
-329
-296
-272
-492
-658
-426
-154
-249
-355
-195
-176
-232
-183
-191
-278
-522
-567
-398
-339
-327
-352
-318
-97
112
146
2
-29
256
308
250
522
735
454
269
568
648
304
115
347
588
533
305
295
522
630
518
389
547
750
754
606
457
448
201
117
370
403
216
301
375
101
37
281
350
122
12
135
260
183
83
-37
-201
-272
-167
-191
-225
-138
-281
-520
-557
-350
-268
-345
-446
-514
-542
-464
-328
-392
-605
-591
-422
-538
-653
-379
-74
-83
-218
-156
-71
-121
-129
-178
-210
-318
-481
-612
-714
-617
-520
-524
-509
-307
-173
-160
-85
-49
69
359
556
421
202
98
174
495
648
487
199
122
452
639
506
192
17
114
318
367
189
68
-10
66
185
362
537
550
421
328
315
318
300
204
258
377
275
-43
-58
269
349
207
172
209
90
-95
-93
16
-187
-421
-427
-307
-178
-85
-57
-155
-216
-246
-365
-341
-81
-100
-221
-33
254
267
94
77
209
203
-8
-45
8
-98
-306
-361
-365
-454
-417
-350
-302
-253
-131
-48
3
102
63
86
183
282
254
185
372
569
343
-31
-202
-251
-241
-267
-238
-178
-57
-31
-79
-139
-147
-108
-40
171
242
101
-16
-32
122
292
246
218
306
289
117
-78
-125
-130
-178
-137
-63
23
70
20
-119
-163
31
134
-37
-221
-179
-174
-293
-241
-73
-153
-386
-358
-145
-48
2
10
75
255
410
317
135
269
316
112
94
337
333
28
-24
103
114
139
244
324
262
104
-81
-73
193
326
151
2
127
242
178
-10
-119
-95
-55
-11
-27
-163
-289
-365
-387
-242
-131
-326
-607
-669
-529
-455
-368
-179
-79
19
-8
-17
76
129
106
-62
-86
67
101
161
373
494
285
125
263
267
46
-179
-114
322
697
580
188
68
215
163
-28
-139
-143
-68
16
23
-142
-239
-246
-286
-256
-182
-111
53
172
282
284
188
291
272
91
-38
-131
-58
-91
-264
-454
-478
-258
-7
200
187
64
167
298
65
-281
-338
-354
-397
-301
-160
-59
112
247
276
202
159
169
78
-56
-24
154
212
315
350
102
-34
226
570
508
138
-7
80
-9
-146
-23
-22
-263
-304
-256
-314
-295
-297
-511
-766
-622
-329
-386
-431
-158
-1
-61
102
335
321
138
104
242
275
211
102
-91
-26
270
229
58
248
501
345
6
-150
-235
-344
-345
-221
-20
200
263
247
283
167
-15
-123
-145
-165
-380
-561
-543
-479
-579
-721
-694
-597
-603
-643
-543
-308
-50
52
109
244
400
428
384
410
425
393
357
512
636
671
657
538
537
521
352
106
-5
111
164
105
70
86
22
17
126
207
175
120
245
265
337
498
459
134
-142
-138
-100
-86
-63
-1
-11
-103
-165
-224
-298
-378
-514
-514
-377
-347
-446
-431
-250
-169
-225
-243
-117
89
216
310
419
397
165
20
76
80
-6
-42
-106
-186
-157
-63
114
65
-130
-257
-323
-286
-300
-303
-425
-524
-318
-95
-17
-171
-313
-266
-211
-114
63
168
166
86
-13
53
91
97
26
-67
19
57
-50
-210
-199
10
72
-52
-91
20
76
35
90
193
363
484
410
360
381
316
191
148
290
437
371
171
163
320
296
133
119
201
201
218
289
338
416
408
270
194
112
-73
-152
-35
78
-32
-231
-215
-122
-272
-539
-574
-349
-142
-147
-228
-348
-315
-134
-194
-444
-569
-481
-334
-212
-89
-6
55
41
-16
10
-47
-152
-179
-113
-105
-150
-61
74
61
-22
43
-5
-140
-175
-142
-181
-155
-88
-131
-118
3
51
-99
-275
-328
-292
-206
-48
65
71
95
131
72
128
222
239
258
259
293
276
214
161
88
90
72
17
66
265
378
244
199
290
410
548
648
615
492
358
377
587
723
632
391
225
214
245
129
-15
-27
-17
-120
-81
14
-64
-233
-342
-367
-495
-619
-707
-777
-783
-677
-523
-580
-718
-663
-508
-409
-367
-313
-309
-259
-161
-115
-214
-321
-345
-233
-159
-246
-226
-252
-286
-193
-57
-89
-276
-400
-388
-93
178
121
44
118
143
164
389
631
641
561
645
690
547
456
512
619
724
789
694
570
620
624
440
384
458
441
338
207
44
-42
-6
-104
-287
-287
-160
-84
-195
-365
-405
-396
-429
-319
-103
-111
-202
-134
6
111
147
40
-198
-317
-283
-147
-97
-201
-347
-510
-524
-342
-113
-8
-11
-16
-11
-64
-26
187
354
275
152
179
240
262
218
63
-64
36
196
187
158
198
113
-86
-169
-78
-136
-256
-169
-112
-278
-538
-664
-690
-568
-372
-364
-442
-385
-242
-203
-193
-12
78
3
44
368
641
601
577
626
549
573
746
673
358
160
53
-51
-120
-235
-410
-589
-527
-385
-428
-539
-560
-564
-567
-528
-405
-306
-275
-224
-199
-271
-268
-28
-19
-184
-135
35
108
149
236
308
277
343
462
418
434
446
432
431
430
402
370
296
243
322
431
444
422
457
451
501
453
239
104
197
385
365
211
107
-63
-149
-26
29
-95
-223
-240
-229
-144
82
169
30
-89
-33
46
-3
-35
77
86
-30
46
184
140
-59
-108
-113
-225
-271
-279
-348
-376
-318
-309
-311
-285
-289
-395
-452
-418
-425
-445
-438
-274
-71
-94
-160
-176
-192
-193
-309
-353
-183
-103
-188
-230
-154
-96
-74
-133
-258
-258
-129
5
111
152
100
112
250
364
369
264
147
183
237
126
-7
-81
-49
-45
-4
105
83
-3
-25
-42
-123
-9
161
129
157
375
517
507
432
247
103
135
306
383
271
252
370
416
326
153
-27
-72
9
98
42
-157
-298
-195
24
141
112
-18
-25
45
-13
-35
95
183
164
210
319
286
177
147
225
332
218
27
62
169
75
-71
42
145
13
-194
-217
-121
-67
-100
-204
-195
-92
-97
-228
-264
-183
-206
-280
-196
-130
-300
-417
-391
-313
-226
-178
-238
-356
-279
-211
-359
-410
-253
-184
-223
-150
-11
-50
-171
-79
-82
-214
-216
-186
-227
-287
-224
-98
-41
41
134
161
202
240
209
120
120
240
210
139
242
252
113
68
193
183
-48
-203
-242
-140
-7
0
-51
-79
-67
-92
-52
117
257
245
207
338
553
533
327
379
545
511
331
220
211
168
82
9
-19
-29
-70
-147
-119
-12
-21
-100
-52
33
79
80
10
-33
-63
-78
-93
-76
20
70
81
83
13
-4
0
-128
-310
-307
-185
-71
60
138
140
102
24
-42
7
210
358
325
248
148
1
-23
58
64
10
-20
-44
-78
-122
-155
-105
-141
-247
-264
-223
-266
-419
-448
-352
-310
-299
-257
-178
-163
-237
-274
-226
-126
-44
26
12
-27
-8
19
95
173
158
82
-11
-83
-117
-165
-193
-220
-236
-202
-128
-50
7
51
51
99
184
166
87
91
192
221
205
197
228
267
297
336
311
198
115
191
306
347
324
312
316
312
278
256
221
85
-44
5
118
52
-75
-101
-120
-195
-239
-205
-153
-135
-152
-186
-197
-209
-226
-216
-175
-69
64
65
-98
-187
-107
-11
-27
-74
-75
-100
-184
-307
-365
-291
-160
-116
-180
-194
-122
-92
-126
-127
-57
17
83
150
197
206
203
144
103
165
208
159
131
154
144
104
58
12
-44
-126
-156
-73
54
129
97
68
70
51
53
79
76
82
112
117
133
165
119
-29
-127
-85
17
58
53
55
49
29
-11
-85
-206
-332
-358
-303
-244
-196
-187
-128
-7
93
87
10
-19
18
17
19
101
146
97
92
172
178
104
32
-13
-80
-101
-44
37
123
170
143
102
105
63
-50
-148
-206
-242
-241
-198
-122
-72
-70
-58
-23
-30
-68
-89
-57
20
70
67
113
183
173
87
47
101
198
222
154
140
160
115
58
126
205
191
165
196
230
178
128
91
29
-11
15
82
105
67
13
-74
-152
-163
-142
-162
-221
-237
-205
-224
-341
-462
-491
-476
-442
-383
-318
-276
-291
-322
-350
-347
-300
-231
-126
-74
-73
9
149
177
56
-27
18
58
65
94
167
287
375
401
372
362
411
458
453
417
369
279
187
137
148
195
249
241
139
50
30
23
-3
10
90
175
183
126
70
75
97
69
15
-25
-44
-69
-82
-38
36
88
129
145
82
-38
-122
-126
-77
-38
-68
-156
-240
-287
-324
-314
-277
-300
-382
-417
-363
-329
-385
-449
-422
-317
-227
-202
-184
-133
-99
-92
-78
-64
-88
-90
-7
106
156
131
109
118
126
127
123
114
113
155
223
264
228
126
48
68
139
182
182
150
108
99
134
168
144
68
21
63
156
188
119
17
-12
57
142
170
145
102
36
-24
-28
16
42
52
84
105
54
-29
-45
-5
6
-46
-113
-147
-126
-62
-4
2
-55
-123
-151
-152
-173
-221
-241
-200
-150
-142
-146
-138
-137
-154
-165
-161
-136
-71
19
88
119
131
143
164
175
155
106
84
118
175
190
134
56
19
22
10
-28
-51
-37
-15
-16
-35
-63
-100
-121
-90
-33
-12
-50
-113
-161
-176
-144
-76
-2
44
59
60
51
9
-59
-97
-75
-29
1
17
28
34
43
63
88
101
100
93
89
83
65
42
38
62
74
41
-19
-57
-64
-54
-26
19
57
73
69
66
72
85
93
93
98
112
115
92
59
25
-15
-53
-72
-70
-65
-69
-71
-75
-85
-102
-120
-134
-144
-156
-180
-212
-233
-227
-203
-172
-141
-114
-89
-63
-50
-60
-78
-72
-38
4
45
94
154
204
224
212
177
137
121
135
161
183
196
197
192
184
172
162
158
158
148
123
97
78
56
27
-8
-43
-67
-73
-58
-38
-33
-51
-78
-99
-99
-87
-76
-68
-54
-38
-41
-76
-130
-174
-185
-180
-172
-168
-158
-135
-111
-100
-104
-117
-119
-99
-59
-20
4
4
-10
-27
-38
-42
-45
-44
-40
-32
-25
-22
-21
-18
-6
9
28
44
55
65
74
78
76
72
68
62
55
45
38
38
39
33
23
15
13
17
19
19
17
13
8
2
-8
-22
-34
-39
-38
-36
-35
-30
-18
-2
14
27
37
42
48
54
63
72
79
86
91
91
85
70
48
28
15
5
0
-3
-4
-5
-7
-13
-22
-31
-36
-34
-24
-8
10
30
49
61
61
48
27
2
-21
-33
-35
-25
-6
12
25
33
33
26
14
3
-6
-15
-20
-24
-28
-34
-40
-49
-59
-68
-75
-82
-91
-103
-117
-131
-139
-141
-131
-115
-94
-75
-61
-51
-47
-44
-40
-33
-26
-20
-15
-13
-14
-18
-19
-15
-5
12
38
66
91
106
109
100
83
64
47
38
37
41
48
53
56
54
50
44
38
30
23
18
14
14
16
19
26
37
45
50
51
46
39
30
25
22
26
34
43
48
49
45
31
11
-15
-41
-62
-73
-72
-60
-41
-18
3
18
25
23
14
2
-12
-23
-29
-31
-29
-27
-25
-26
-28
-33
-36
-36
-31
-23
-12
-5
0
0
-4
-10
-15
-20
-24
-31
-39
-46
-55
-59
-59
-55
-46
-33
-21
-9
-3
2
0
-4
-9
-15
-24
-32
-39
-40
-35
-26
-15
-1
7
9
4
-4
-12
-18
-21
-20
-19
-19
-20
-21
-23
-25
-26
-23
-13
-2
19
41
65
83
93
92
79
62
42
26
16
15
21
32
42
48
48
40
27
12
-1
-12
-17
-19
-17
-16
-16
-18
-22
-27
-32
-38
-41
-44
-45
-40
-32
-20
-8
2
9
11
6
1
-3
-7
-8
-8
-9
-10
-12
-11
-11
-11
-12
-13
-13
-7
4
15
30
44
61
74
84
90
92
85
73
57
42
25
13
7
8
12
15
12
4
-11
-30
-49
-63
-70
-66
-55
-40
-23
-9
-2
-3
-7
-15
-21
-22
-15
-2
13
30
43
51
47
35
18
-1
-21
-35
-41
-39
-30
-19
-12
-11
-18
-32
-48
-63
-72
-76
-73
-65
-52
-34
-19
-8
0
0
-5
-12
-20
-22
-20
-13
-5
4
12
18
20
20
19
17
15
19
24
33
45
54
62
63
61
54
47
39
33
28
22
15
7
1
-3
0
5
11
16
18
17
15
12
9
8
9
10
9
6
1
-1
0
4
9
14
20
24
25
24
21
14
10
4
-2
-7
-10
-13
-15
-17
-18
-23
-30
-37
-43
-48
-52
-52
-49
-44
-38
-31
-24
-20
-19
-20
-19
-18
-17
-14
-10
-3
2
6
8
8
10
11
11
12
13
13
14
17
19
22
25
27
31
34
39
42
44
43
41
38
32
28
24
22
22
22
23
24
23
20
17
11
6
-1
-4
-4
2
11
21
29
37
40
42
38
31
25
21
21
22
23
23
22
18
13
5
-4
-8
-8
-8
-5
-2
-2
-4
-8
-13
-21
-29
-36
-41
-44
-46
-46
-45
-45
-54
-65
-76
-86
-90
-90
-83
-75
-68
-60
-53
-49
-47
-45
-44
-41
-38
-30
-21
-9
4
15
23
27
27
23
21
20
23
29
37
45
54
58
59
56
53
51
50
52
56
62
68
73
73
65
54
42
29
17
6
-2
-9
-13
-13
-15
-18
-22
-27
-30
-29
-23
-12
2
19
39
57
73
84
93
99
103
106
110
113
114
115
113
106
99
87
78
69
60
52
44
39
31
19
3
-12
-30
-45
-58
-67
-73
-76
-77
-79
-82
-86
-89
-89
-89
-89
-87
-84
-80
-74
-67
-59
-51
-45
-41
-40
-41
-42
-43
-43
-41
-37
-32
-25
-20
-15
-10
-4
0
3
8
17
26
37
47
55
57
55
47
38
27
18
10
0
-10
-23
-36
-52
-69
-87
-102
-113
-118
-117
-110
-97
-82
-70
-63
-59
-59
-62
-61
-56
-46
-31
-14
5
21
30
36
38
38
38
40
47
55
69
84
96
105
108
103
