3.46641 1.71083 0.588463 1.04522 1.9526 1.69101 1.07292 0.567781 0.11442 0.0406739 0.276763 0.0717209 
5.09814 1.40502 -0.619923 1.95646 3.32067 1.77899 1.03491 0.645677 0.86898 0.241759 0.171136 0.0680261 
5.94996 1.16669 -0.349422 2.77334 3.64798 1.94221 1.57244 0.795276 0.616137 0.362607 0.210983 0.0710681 
4.06943 2.07112 1.10567 2.27727 3.40232 2.52496 1.27361 0.400818 0.312959 0.408195 0.2684 0.0676123 
3.11852 2.09216 1.60714 2.01519 2.27204 1.67185 0.871775 0.57867 0.577497 0.473792 0.264842 0.0356031 
4.6973 2.38053 1.30797 2.5453 3.67258 2.905 1.65934 0.342831 0.0242734 0.229591 0.367053 0.116132 
3.38182 2.52827 1.95817 2.18329 2.43818 2.1232 1.24064 0.525586 0.375466 0.376414 0.252938 0.0481577 
3.0067 2.36142 1.98997 1.92697 1.99181 1.71446 1.13786 0.620262 0.390029 0.347449 0.228735 0.0290456 
3.2691 2.49739 2.08486 2.21765 2.37854 2.04988 1.37466 0.613026 0.185952 0.173885 0.307676 0.0463574 
4.96309 3.16669 2.21798 2.90119 3.24203 1.9414 0.688027 0.145974 0.0844289 0.0269361 0.221566 0.0441157 
3.82807 3.2519 2.64438 2.52808 2.41854 1.79008 0.804367 0.0565002 -0.0218347 0.205185 0.220602 0.0205015 
3.68785 3.23399 2.8859 2.59295 2.11968 1.41353 0.722201 0.290215 0.0767914 0.034466 0.132166 -0.00260499 
3.70677 3.14444 2.53096 2.08213 1.73053 1.16294 0.52684 0.11692 0.0440611 0.0356791 0.0890882 -0.00913382 
3.5925 3.28399 2.85468 2.20589 1.48097 0.765759 0.158203 -0.241042 -0.345276 -0.21642 -0.00296773 -0.0601424 
3.37344 2.96502 2.55955 2.03312 1.42501 0.745151 0.110695 -0.339824 -0.503828 -0.382195 -0.115565 -0.102746 
3.09252 2.61384 2.19187 1.63571 1.05227 0.546193 0.08181 -0.256571 -0.361333 -0.294561 -0.147173 -0.109455 
3.82745 3.39578 2.60179 1.44634 0.503968 0.145119 -0.0790099 -0.481683 -0.704148 -0.521574 -0.116196 -0.10241 
4.25463 3.61156 2.62251 1.72597 1.01801 0.318698 -0.46698 -1.13561 -1.3643 -0.925905 -0.170439 -0.118889 
4.37257 3.38949 2.07888 1.1216 0.457313 -0.065293 -0.425608 -0.963228 -1.4767 -1.13815 -0.133421 -0.0893839 
4.02064 3.0775 1.86655 0.892419 0.148897 -0.467216 -0.898571 -1.3123 -1.51 -1.00563 -0.0566914 -0.0814617 
4.23492 3.1429 1.54938 0.386581 -0.253425 -0.71497 -0.969671 -1.2671 -1.51932 -1.09616 -0.0657997 -0.0602143 
4.43827 3.02423 1.46011 0.446968 -0.45094 -0.948101 -0.865961 -1.09596 -1.72726 -1.3738 -0.0884308 -0.0470386 
3.8924 2.45675 1.1544 0.434487 -0.248234 -0.94423 -1.29375 -1.33307 -1.33574 -0.875261 0.0175937 -0.0463803 
6.2529 2.36046 0.370453 0.448444 -0.234874 -1.58142 -0.912584 -0.669861 -1.98922 -1.3753 -0.31619 0.043233 
4.79936 2.59809 0.336418 -0.179891 -0.465727 -1.17731 -1.12673 -0.941659 -1.56018 -1.3925 -0.153915 0.00708551 
4.03919 2.25089 0.514854 -0.302534 -0.728139 -1.13981 -1.19175 -1.25155 -1.49039 -1.00423 0.0159305 -0.0131876 
3.90824 2.30826 0.626312 -0.331701 -0.783587 -1.15039 -1.33774 -1.48079 -1.40513 -0.754293 -0.00253336 -0.02218 
5.52447 2.34709 0.0175317 -0.0583197 -0.720227 -1.98901 -1.44671 -0.79264 -1.45863 -1.0499 -0.219744 0.0325949 
4.63459 2.38401 0.265505 -0.48723 -1.11309 -1.93212 -1.67619 -0.986675 -1.13467 -0.986555 -0.0878552 0.000269885 
3.93125 2.32246 0.674129 -0.452376 -1.40725 -1.90679 -1.56895 -1.1505 -1.07385 -0.677682 -0.0375878 -0.028448 
4.65775 2.53539 0.660595 -0.377421 -1.52951 -2.13449 -1.57873 -0.907027 -0.977717 -0.765703 -0.142242 -0.0228291 
5.10458 2.57364 0.123509 -0.51899 -1.15926 -2.28027 -1.86853 -0.924753 -0.968887 -0.749453 -0.19019 -0.0108509 
4.52405 2.53385 0.430412 -0.617188 -1.28263 -1.77652 -1.61051 -1.30078 -1.10491 -0.539142 -0.114048 -0.0128988 
4.62116 2.81381 0.526351 -0.8552 -1.44216 -1.70907 -1.5266 -1.15425 -0.764132 -0.356453 -0.144002 -0.0295867 
3.58173 2.16251 0.497622 -0.802109 -1.4037 -1.56762 -1.63381 -1.37397 -0.875519 -0.380301 -0.0647333 -0.0217273 
5.60499 2.89443 0.0968105 -0.758977 -1.32967 -2.06887 -1.84773 -1.28379 -1.01915 -0.202984 -0.072255 0.00253547 
4.85544 2.84734 0.515353 -0.804784 -1.634 -2.32884 -2.0739 -1.15719 -0.677443 -0.328251 -0.0895772 -0.0116236 
6.81755 2.39824 -0.233302 -0.869023 -1.30979 -2.2935 -1.88287 -0.727986 -1.28358 -0.237702 0.0305971 0.0380934 
3.66294 2.0916 0.43423 -0.756727 -1.65003 -2.21035 -2.11567 -1.39277 -0.644983 -0.230057 -0.046783 -0.01664 
4.56113 2.73899 0.410336 -1.15544 -1.8591 -2.13782 -1.87013 -1.22724 -0.740787 -0.276341 -0.0607442 -0.0068386 
5.13547 2.74493 0.139429 -1.03945 -1.98637 -2.45817 -1.92731 -1.16581 -0.827402 -0.257974 -0.0462534 0.00596109 
4.63133 2.73752 0.543612 -1.20312 -2.2572 -2.26559 -1.66901 -1.07372 -0.750985 -0.288366 -0.0547441 -0.00994724 
5.53021 2.83282 0.290809 -1.19232 -2.21216 -2.40486 -1.61683 -1.07137 -0.877908 -0.115418 -0.0270191 0.00189684 
4.40347 2.71726 0.467207 -1.304 -2.14149 -2.13126 -1.70891 -1.18102 -0.609123 -0.135103 -0.030721 -0.00703955 
5.76404 3.08505 0.240368 -1.36094 -2.09907 -2.0534 -1.34945 -1.05934 -0.888567 0.128644 0.0239117 0.0103222 
4.60506 2.82805 0.430146 -1.46955 -2.14371 -1.97873 -1.53888 -1.0652 -0.538997 -0.0020575 -0.0113471 -0.00625614 
5.88681 3.00997 0.113852 -1.54524 -2.17615 -2.02568 -1.40755 -0.911768 -0.686114 0.0987416 0.0422652 0.00517906 
5.52675 2.8668 -0.0368603 -1.39034 -2.19971 -2.2804 -1.30573 -0.585156 -0.528907 0.0256852 0.0204534 -0.00289697 
5.81338 2.97482 -0.0615071 -1.44818 -2.07853 -2.22026 -1.2176 -0.337332 -0.444551 0.0142938 0.0103486 -0.00593984 
5.35811 2.94202 0.215444 -1.59366 -2.26175 -1.85454 -0.801055 -0.294816 -0.410131 0.0142713 -0.0024807 -0.0223871 
8.06401 1.66309 0.28641 -1.33175 -1.50086 -2.07264 -0.603031 0.48473 -0.636983 -0.295086 0.134434 0.0375368 
4.71905 2.74761 0.414776 -1.26661 -1.94688 -1.50254 -0.489075 0.0469083 -0.239183 -0.201929 -0.0369998 -0.0498315 
5.75715 2.77257 -0.10952 -1.10487 -1.45254 -1.38804 -0.42408 0.0921398 -0.175653 0.0616855 -0.0615325 -0.0571384 
4.12287 2.40195 0.308173 -0.987568 -1.23176 -0.772039 -0.386066 -0.13043 0.0863735 0.104744 -0.0893288 -0.0923271 
6.55505 2.1589 -0.244393 -0.747637 -0.871526 -0.895718 0.0042537 0.505675 -0.206942 0.213466 0.00424807 -0.093722 
4.23671 2.47407 0.219177 -1.17398 -1.20391 -0.31796 0.356037 0.243963 0.131659 0.175974 -0.0699205 -0.118307 
5.66574 2.60651 -0.498744 -1.25278 -0.744654 0.0517158 0.723224 0.294976 -0.189133 0.261681 -0.067915 -0.105919 
3.68533 1.83834 0.124743 -0.664609 -0.587927 -0.142866 0.356173 0.497894 0.292385 0.0893309 -0.082544 -0.172507 
5.33745 2.46007 -0.202898 -0.757667 -0.468329 0.128569 0.846632 0.47933 0.0569401 0.347539 -0.152747 -0.163061 
5.84929 2.68417 -0.371815 -0.605128 -0.574585 -0.0799329 1.30078 0.707403 -0.209958 0.314814 -0.145001 -0.151166 
4.75667 2.76616 0.71862 -0.360555 -1.0468 -0.637476 0.865042 1.27612 0.499515 0.133736 -0.20165 -0.186768 
5.59627 2.62971 0.341301 -0.0333907 -0.632706 -0.476027 1.01198 1.18974 0.257317 0.167043 -0.197975 -0.165342 
4.68339 2.77897 0.87766 -0.0522495 -0.509085 -0.104495 0.647144 0.64929 0.260768 0.264051 -0.114944 -0.118156 
5.51156 3.02188 0.436004 0.0794831 0.3007 0.622146 0.878715 0.349145 -0.154159 -0.10981 -0.124069 -0.0581038 
3.96854 2.5541 1.22397 0.758125 0.845734 0.89532 0.718382 0.254861 -0.0747163 -0.134917 -0.164383 -0.0714223 
4.73273 2.87022 0.836482 0.595359 1.35191 1.43839 0.823687 0.158725 -0.225288 -0.190843 -0.100376 -0.0397577 
5.19886 2.95175 0.981899 0.856849 1.49536 1.36679 0.717565 0.097082 -0.208449 -0.072634 -0.105312 -0.0511479 
5.38749 2.87009 0.914674 1.19631 1.41305 0.842626 0.463302 0.00046323 -0.21462 0.0225838 -0.0425163 -0.0395218 
3.78469 2.4766 1.29199 1.03582 1.18746 0.936968 0.32327 0.00760076 0.0107861 0.135186 0.0732215 -0.0244516 
6.10782 2.58723 0.272068 1.2798 1.48799 0.065045 0.419358 0.521854 0.00514472 0.256175 0.0381498 -0.015125 
4.69138 2.69223 0.92567 0.46154 0.661194 0.482528 0.514584 0.452912 0.190584 0.29453 0.147009 0.00358614 
4.90475 2.70643 0.641291 0.55061 0.947698 0.60089 0.453682 0.489517 0.335959 0.301827 0.187048 0.0157661 
6.00975 2.3281 0.105641 0.927481 1.17809 0.392674 0.547931 0.63614 0.345479 0.428519 0.263604 0.0580455 
5.86385 2.11432 -0.187241 0.665279 1.40597 0.693745 0.474575 0.728856 0.696904 0.562373 0.370727 0.0886565 
4.06127 2.48219 0.935723 0.536088 0.886769 0.930622 0.624982 0.549903 0.533324 0.448285 0.3184 0.027418 
4.17991 2.58341 0.832579 0.357197 0.849871 1.0934 0.88697 0.460424 0.459225 0.539811 0.338904 0.0479366 
5.82677 2.48305 0.159517 0.656934 1.40357 0.966532 0.76768 0.290716 0.830221 0.707536 0.335363 0.0254794 
4.5826 2.52446 0.664392 0.553243 0.876588 0.85849 0.942882 0.959346 0.665545 0.550554 0.305459 0.0381012 
3.55054 2.13015 1.04371 0.833423 0.974871 0.920748 0.725826 0.49267 0.474079 0.477012 0.358596 0.0190371 
4.29131 2.35094 1.00815 1.3115 1.27812 0.561426 0.494584 1.01525 0.953603 0.422953 0.122958 -0.00293893 
3.95425 2.36845 1.18795 1.29512 1.11425 0.510265 0.52846 0.828822 0.79315 0.396451 0.126223 0.00356343 
4.4479 2.17784 0.918782 1.48352 1.31434 0.52734 0.629196 0.942244 0.586238 0.273364 0.221108 0.0461397 
3.78203 2.21359 1.34175 1.54238 1.53511 0.983395 0.782083 0.907587 0.434001 0.123828 0.200812 0.0363225 
4.42787 2.18344 1.04448 1.65408 1.53506 1.14771 1.24469 0.678278 -0.136021 -0.101163 0.314408 0.1083 
3.56257 2.34329 1.16259 0.914109 0.897825 0.957621 1.12871 0.667986 -0.108999 -0.0318091 0.326168 0.061816 
5.09458 2.25023 0.486316 1.19327 1.66421 1.09174 0.935024 0.398549 0.116386 0.134794 0.18306 0.0718289 
5.67254 1.77696 0.244268 1.63324 1.661 0.426961 0.993797 0.316281 0.365464 0.102163 0.167026 0.0775523 
4.51358 2.45741 0.938652 1.02293 1.28583 0.795679 0.593738 0.571185 0.510644 0.262846 0.134243 0.0352131 
5.33151 2.1793 0.474256 1.39633 1.98739 0.523731 0.433322 0.27495 0.430185 0.235065 0.0554996 0.0137437 
4.74688 2.43038 0.794725 1.11124 1.69664 1.18205 0.32695 -0.259585 -0.0886602 0.207735 0.312691 0.0935983 
5.99858 2.17061 0.287161 1.74201 1.87405 0.990751 0.634958 -0.186078 -0.236038 0.278168 0.401417 0.130342 
5.39218 2.0878 0.394332 1.85633 2.47894 1.09028 0.484284 -0.33048 -0.55711 0.0989371 0.338511 0.121447 
5.56711 1.59007 0.231533 2.41822 2.60695 1.01978 0.549979 -0.443135 -0.308589 0.00975024 0.291817 0.0973617 
5.9415 1.18443 -0.350566 2.56976 2.55671 1.01407 1.28526 -0.00988349 -0.372834 -0.174822 0.244144 0.104936 
5.64724 1.09251 -0.532844 2.01943 2.17891 0.688711 1.17575 0.106536 -0.658772 -0.238222 0.199924 0.110888 
5.0253 1.31133 -0.547034 1.5044 2.39636 0.938339 0.902106 0.464293 -0.282812 -0.143522 0.133162 0.109828 
5.47085 0.990096 -0.529048 1.79635 2.31975 1.39056 0.690469 0.759442 -0.13788 -0.0296372 0.131732 0.0944854 