24
26
12
12
12
12
12
26
12
12
26
26
26
20
26
10
10
4
4
10
18
4
4
4
4
20
20
10
20
20
20
20
12
20
12
12
12
12
12
12
16
28
16
16
16
16
16
24
16
12
12
28
28
28
28
28
28
28
28
28
28
28
28
28
20
20
20
20
20
20
20
4
4
10
10
10
7
23
11
11
19
19
19
19
19
29
19
19
19
13
13
13
13
13
13
19
13
13
19
19
29
29
11
11
27
27
27
27
15
27
31
15
15
15
31
15
31
15
31
31
31
31
31
15
15
31
31
15
31
31
31
31
32
32
32
32
31
32
32
32
31
31
31
31
16
