4.09738 0.566287 -0.912872 0.995893 1.71002 0.575712 0.131209 0.454004 0.0150407 -0.130834 -0.088732 0.000893961 
3.26522 1.8961 1.20699 1.22097 1.2692 0.870758 0.60286 0.400614 0.0947858 0.26972 0.370823 0.042384 
3.06387 2.42354 1.92487 1.4655 1.20879 1.02554 0.81802 0.515623 0.172117 0.028771 0.0267801 -0.0223243 
2.77539 2.29575 1.9766 1.57009 1.11879 0.804267 0.587066 0.355953 0.147593 0.0434457 -0.0114889 -0.0554215 
3.32354 2.97824 2.86795 2.65394 2.14331 1.30029 0.491156 0.0556869 -0.0636988 -0.0806893 -0.0354415 -0.0676467 
3.75827 3.37588 3.11179 2.73011 1.94827 0.895649 0.0216492 -0.296239 -0.306414 -0.203361 -0.0811086 -0.0813414 
3.75757 3.35647 2.99599 2.59354 1.99927 1.22305 0.412766 -0.136957 -0.357728 -0.285612 -0.120077 -0.0914071 
3.64335 3.32032 3.07519 2.72929 2.07454 1.12649 0.195389 -0.310758 -0.397253 -0.329192 -0.183052 -0.114071 
3.31628 2.93309 2.63354 2.18135 1.53804 0.773586 0.0903208 -0.325473 -0.464462 -0.401251 -0.232493 -0.120371 
3.75303 3.3486 2.9251 2.36021 1.57273 0.649599 -0.11911 -0.513698 -0.589465 -0.484275 -0.236093 -0.129499 
3.336 2.85276 2.43445 1.87256 1.14837 0.362858 -0.212264 -0.47671 -0.515999 -0.419035 -0.234915 -0.126169 
3.09775 2.58764 2.1378 1.5312 0.865568 0.279365 -0.172298 -0.442399 -0.495413 -0.386179 -0.223315 -0.129237 
3.75895 3.2673 2.67725 1.93333 1.17865 0.417615 -0.277828 -0.72526 -0.757853 -0.512882 -0.2386 -0.131881 
3.2629 2.76091 2.33779 1.83202 1.10691 0.167234 -0.579688 -0.823338 -0.702623 -0.461498 -0.201939 -0.141388 
3.53592 3.20136 2.78738 2.05416 1.05324 -0.028937 -0.910558 -1.31401 -1.16385 -0.673328 -0.165067 -0.151831 
3.62861 3.14782 2.60944 1.88022 0.923562 -0.121611 -0.91614 -1.2332 -1.09772 -0.671923 -0.159441 -0.134145 
3.5587 3.07469 2.50728 1.73305 0.759656 -0.261052 -0.995727 -1.23816 -1.06214 -0.649252 -0.149935 -0.126342 
3.69031 3.26552 2.71331 1.90391 0.858355 -0.26408 -1.119 -1.46356 -1.30775 -0.782016 -0.171432 -0.13872 
3.74743 3.26179 2.78966 2.15222 1.03435 -0.403311 -1.39996 -1.56792 -1.25306 -0.786653 -0.227955 -0.147743 
3.9609 3.40432 2.91166 2.42814 1.39521 -0.23898 -1.52073 -1.83491 -1.51966 -0.928943 -0.259101 -0.174513 
3.6839 3.21849 2.6143 1.80838 0.798902 -0.330713 -1.24772 -1.59614 -1.35694 -0.786156 -0.166535 -0.132786 
4.36126 3.52779 2.65989 2.12534 1.37383 -0.0596846 -1.44493 -1.95666 -1.65546 -1.007 -0.258032 -0.148764 
3.86777 3.28267 2.63387 2.01773 1.15417 -0.16152 -1.44495 -1.97936 -1.64793 -0.880475 -0.161587 -0.150002 
3.74526 3.25592 2.6263 1.88425 0.92492 -0.290496 -1.37431 -1.87384 -1.63822 -0.914025 -0.132072 -0.1452 
3.97723 3.23098 2.6068 2.2491 1.39864 -0.274597 -1.78472 -2.15479 -1.60457 -0.856111 -0.207857 -0.166057 
5.22135 3.3489 2.04179 2.39741 2.08055 -0.287187 -2.3772 -2.21685 -1.27301 -0.984911 -0.392044 -0.179597 
4.47682 3.38057 2.47627 2.33137 1.54419 -0.560466 -2.11378 -1.98123 -1.38078 -1.01609 -0.330425 -0.163319 
3.70775 3.06663 2.40006 1.70489 0.739985 -0.539648 -1.54798 -1.77774 -1.37823 -0.759348 -0.151395 -0.124368 
3.56217 2.94603 2.39401 1.74234 0.639653 -0.769969 -1.67344 -1.65123 -1.17003 -0.692456 -0.181669 -0.119185 
3.61821 3.01737 2.33269 1.48594 0.439044 -0.648934 -1.40625 -1.64231 -1.39469 -0.789052 -0.108265 -0.105663 
3.74054 3.04171 2.26229 1.52788 0.610996 -0.643494 -1.65629 -1.82436 -1.34677 -0.729425 -0.149899 -0.103115 
3.69499 2.95836 2.33477 1.70258 0.54424 -0.95922 -1.81439 -1.64893 -1.15813 -0.745371 -0.1827 -0.100356 
3.7121 2.98788 2.38945 1.71833 0.515032 -0.965551 -1.77892 -1.68002 -1.23754 -0.766264 -0.169459 -0.0987093 
3.78799 2.99715 2.20562 1.46216 0.45186 -0.790619 -1.61198 -1.69441 -1.33201 -0.788336 -0.12241 -0.088005 
3.868 3.11752 2.28697 1.43653 0.360898 -0.824124 -1.55931 -1.64596 -1.36736 -0.841641 -0.133523 -0.0870683 
3.88165 3.16588 2.33828 1.45132 0.386278 -0.784516 -1.62554 -1.78387 -1.39762 -0.804513 -0.152353 -0.0901282 
3.98237 3.14188 2.22246 1.46889 0.58212 -0.743347 -1.82382 -1.89507 -1.33758 -0.730679 -0.173177 -0.0891576 
3.90069 3.02073 2.17319 1.54767 0.550705 -0.942327 -1.89813 -1.77828 -1.21472 -0.738311 -0.167056 -0.0842591 
3.62494 2.8308 2.19975 1.49877 0.260584 -1.12935 -1.79501 -1.6147 -1.20945 -0.755872 -0.119496 -0.0738574 
3.4417 2.77044 2.05655 1.09573 -0.036441 -1.0181 -1.52828 -1.58925 -1.3092 -0.694947 -0.0708648 -0.0627033 
3.417 2.75664 1.9204 0.913408 -0.069772 -0.917189 -1.50007 -1.66266 -1.30015 -0.642626 -0.0753851 -0.056988 
3.50606 2.78312 1.85768 0.913796 0.0258378 -0.901991 -1.62007 -1.67118 -1.19845 -0.622301 -0.105621 -0.0551183 
3.50323 2.75462 2.00822 1.13885 0.0116693 -1.11671 -1.62776 -1.51592 -1.14766 -0.667502 -0.117573 -0.0573942 
3.52339 2.73896 2.07235 1.28735 0.070796 -1.13484 -1.66398 -1.5211 -1.15545 -0.702153 -0.111571 -0.060547 
3.60372 2.78765 2.03373 1.27886 0.205567 -1.02979 -1.69344 -1.60126 -1.20503 -0.707102 -0.111709 -0.0630931 
3.62265 2.87234 1.89311 0.982051 0.148013 -0.775117 -1.53951 -1.71435 -1.29737 -0.686817 -0.0953929 -0.0573731 
3.48948 2.71677 1.90257 1.09357 0.145953 -0.953218 -1.61103 -1.62869 -1.21594 -0.652156 -0.107379 -0.0614081 
3.49039 2.8256 2.20743 1.24004 -0.0148793 -1.09817 -1.56888 -1.50124 -1.23396 -0.744022 -0.116779 -0.0671341 
4.06722 2.99865 2.14362 1.55898 0.522917 -1.01145 -1.82416 -1.62971 -1.28682 -0.916836 -0.160962 -0.0755703 
4.10682 3.02388 2.19426 1.79791 0.704387 -1.12692 -2.01551 -1.61978 -1.16154 -0.895259 -0.212831 -0.0867362 
3.52913 2.83566 2.04689 1.20598 0.246529 -0.769368 -1.51022 -1.67373 -1.30217 -0.69409 -0.114356 -0.0825168 
3.45614 2.60896 2.00502 1.37151 0.212854 -1.07698 -1.57046 -1.31913 -1.05716 -0.748131 -0.140859 -0.0850601 
3.81982 2.92398 2.14965 1.58643 0.657611 -0.849214 -1.81252 -1.65435 -1.16693 -0.736934 -0.193946 -0.104238 
5.77892 2.54655 1.52975 2.5391 2.06475 -1.31979 -2.47649 -1.20658 -1.09321 -1.38 -0.59452 -0.094751 
4.60993 2.80559 1.74567 2.47705 1.68309 -1.17945 -2.44259 -1.41571 -0.932982 -1.28839 -0.335011 -0.115031 
4.3716 2.77024 1.82742 2.27298 1.48653 -1.12028 -2.20639 -1.35531 -1.12578 -1.30159 -0.238312 -0.104461 
6.16396 2.40957 0.579416 2.72896 2.40152 -1.24297 -2.4743 -1.23895 -1.40983 -1.45089 -0.649128 -0.0531431 
5.09885 2.58838 1.07371 2.16955 1.87442 -1.16695 -2.55802 -1.35369 -1.10771 -1.43924 -0.356723 -0.0618879 
5.1516 2.60517 0.891709 1.83625 1.60135 -1.11331 -2.37545 -1.29358 -1.04172 -1.37512 -0.271389 -0.0283563 
4.17284 2.77987 1.65952 1.59055 0.75962 -1.15531 -1.92286 -1.22869 -0.945615 -0.921082 -0.0333235 -0.0506729 
5.93173 2.50382 0.772183 1.79382 1.33251 -1.24746 -1.90905 -0.901502 -1.14613 -1.2861 -0.37286 0.0197647 
4.30599 2.90825 1.57333 1.26211 0.625365 -0.894047 -1.55297 -1.11341 -0.955439 -0.863552 -0.0358697 -0.0463796 
4.7536 2.8282 1.40526 1.55268 0.880606 -1.0552 -1.6081 -0.69383 -0.712937 -1.08078 -0.193631 -0.0478362 
4.33389 2.85724 1.53051 1.36785 0.816056 -0.668492 -1.17416 -0.693911 -0.810418 -0.950797 -0.148506 -0.0702803 
4.49065 2.59658 1.23001 1.22784 0.790054 -0.657235 -1.11534 -0.595829 -0.669676 -0.886821 -0.142023 -0.0583856 
4.29541 2.64961 1.15585 1.02756 0.599047 -0.725224 -1.21014 -0.682129 -0.639375 -0.726605 -0.082558 -0.0611762 
4.33887 2.81677 1.26226 0.665738 0.0741226 -0.911508 -1.2094 -0.8255 -0.693217 -0.518236 0.0109085 -0.0369624 
3.86217 2.65417 1.31793 0.434252 -0.310078 -0.954796 -0.985896 -0.636346 -0.441568 -0.231226 0.144373 -0.0376985 
4.28554 2.84474 1.22274 0.34894 -0.20786 -0.806604 -1.16473 -0.955943 -0.461119 -0.00524299 0.184386 -0.000740588 
4.58536 2.98129 1.1796 0.230238 -0.483929 -1.09921 -0.965977 -0.554313 -0.462037 -0.214049 0.157233 0.00731791 
4.43107 3.02371 1.27281 0.270908 -0.263321 -0.707304 -0.882971 -0.709651 -0.422596 -0.0549448 0.180682 0.00810022 
3.71139 2.61453 1.31571 0.363154 -0.145319 -0.412117 -0.478272 -0.377901 -0.240343 -0.0253757 0.135978 -0.0475412 
4.89548 3.34764 1.25719 0.234374 -0.00807805 -0.310665 -0.622298 -0.704371 -0.40762 0.124824 0.0548255 -0.0118925 
4.21609 3.00673 1.43138 0.419055 0.0284533 -0.215523 -0.429938 -0.558948 -0.32782 0.138768 0.165351 -0.00349687 
5.28932 3.11199 1.0459 0.329513 0.216415 -0.0561049 -0.174036 -0.35669 -0.300022 0.354331 0.144757 0.00410489 
4.23409 3.05843 1.47187 0.362605 -0.049064 -0.0558914 -0.0798283 -0.165779 -0.0580914 0.144542 0.136802 -0.0140752 
4.24878 3.02715 1.5404 0.551239 0.00559607 -0.223912 -0.103566 0.0327398 0.126793 0.30445 0.198115 -0.000724102 
4.82585 3.25527 1.32793 0.309675 -0.14259 -0.32015 0.0203332 0.28933 0.303576 0.506513 0.22279 0.0111455 
4.20596 3.05192 1.68018 0.593663 -0.212033 -0.433607 -0.0227556 0.318995 0.383936 0.391937 0.202147 -0.00579792 
3.38218 2.5799 1.63333 0.696843 0.00368704 -0.224572 -0.0568281 0.244676 0.398141 0.377116 0.262289 -0.0267029 
3.96444 2.95991 1.87898 0.868897 0.0108209 -0.269363 0.13869 0.44397 0.437162 0.463474 0.277779 0.0157145 
4.1857 3.24168 2.11232 1.35737 0.513895 -0.167632 -0.0415874 0.331052 0.320176 0.262802 0.166894 0.0178974 
3.31177 2.74252 2.13019 1.39264 0.678267 0.235943 0.197657 0.340722 0.438253 0.338028 0.139368 -0.000858472 
3.61249 2.73411 1.92336 1.29662 0.735404 0.347131 0.213399 0.33347 0.552474 0.531135 0.219382 0.0194161 
4.25973 3.15622 2.12026 1.66888 1.15498 0.310161 -0.228453 0.060632 0.509425 0.4884 0.0828893 0.00725778 
4.09999 2.81555 2.07804 2.31348 2.00147 0.757459 -0.248664 -0.423229 0.0289283 0.297631 0.0839959 -0.0194488 
3.75369 2.72229 1.96485 1.75987 1.38041 0.444294 -0.299409 -0.2896 0.195183 0.353056 0.065569 -0.0156878 
5.72258 2.70107 1.41797 2.1538 1.64807 0.448935 0.208653 0.0272845 0.0078426 0.65477 0.142274 -0.0368308 
4.51621 2.8046 1.69201 1.93808 1.60526 0.571273 0.069034 -0.02834 0.283098 0.514496 0.113999 -0.00198835 
4.97288 2.90996 2.02029 1.45075 0.814195 0.547202 0.569387 0.0765653 -0.169716 0.53146 0.267339 0.0595245 
5.03743 2.97063 1.46232 1.62297 1.43364 0.606087 0.351939 -0.0380579 -0.210721 0.215267 0.221897 0.0629969 
4.8167 2.57336 1.13612 1.69235 1.66242 0.668653 0.0942308 0.235793 -0.114198 0.0830491 0.24917 0.0713076 
4.34206 2.31188 1.16202 1.61067 1.68196 0.774954 0.0929861 -0.0478357 -0.0477939 0.203872 0.243418 0.035098 
3.87644 2.11215 1.27008 1.73227 1.40001 0.419659 -0.228747 0.0231944 0.574613 0.471237 0.145875 -0.00686934 
4.02837 2.38781 1.40467 1.9108 2.11772 0.970686 0.0310626 -0.00429573 0.416821 0.560113 0.305335 0.0357359 
4.4294 2.32515 1.25851 2.07831 2.30738 1.14461 -0.0136627 -0.0936458 0.156606 0.429838 0.321892 0.0464012 
4.04624 2.37341 1.41599 1.97115 2.29234 1.29457 0.217306 -0.128387 0.180951 0.513957 0.324135 0.0388417 
3.6112 2.18614 1.63053 2.27327 2.61373 1.63626 0.395348 -0.0583986 0.160778 0.383529 0.300577 0.0248895 
3.79982 2.21069 1.44032 2.25224 2.50793 1.44869 0.246803 -0.265784 0.000714162 0.326158 0.25951 0.0121811 
3.64755 2.00457 1.61133 2.63673 2.85469 1.14472 0.0416086 0.133994 0.400232 0.273914 0.0959152 -0.0154586 
4.316 1.95865 1.15824 2.88287 3.06423 1.14516 0.129877 -0.0898586 0.0255143 0.0794905 0.178362 0.0127102 