12
12
12
12
23
26
4
26
10
20
10
10
20
4
10
20
20
20
20
20
20
20
12
12
12
12
12
12
28
28
12
12
28
16
16
28
16
16
24
32
32
32
30
28
28
28
28
28
28
28
28
28
28
28
28
28
20
20
20
20
20
20
4
4
4
4
10
23
7
18
23
11
11
19
19
19
19
19
19
11
19
11
19
11
29
19
29
11
29
29
19
19
29
29
19
19
29
29
19
19
19
29
29
29
27
27
27
27
27
27
15
15
31
31
31
31
31
31
31
31
31
31
31
31
31
31
16
32
32
32
31
32
32
32
32
32
32
32
32
32
31
