3.66464 1.75489 1.30507 2.22918 2.51629 1.48479 1.43055 1.4738 0.846089 0.190027 0.228995 0.0807646 
3.90057 1.99676 1.29332 2.27749 2.46527 1.80483 1.41157 1.32121 0.780104 0.355979 0.209117 0.0714026 
3.38354 2.07308 1.60258 2.31757 2.48978 1.83575 1.40755 1.08192 0.825696 0.413151 0.141302 0.0550999 
3.85444 1.99591 1.39107 2.445 2.84484 2.18498 1.72741 1.19935 0.557107 0.311407 0.241542 0.0906832 
3.14556 2.26604 1.8928 2.12863 2.1028 1.74656 1.40991 1.16434 0.803325 0.325324 0.198958 0.0541739 
2.89279 2.25608 1.95493 1.93055 1.85447 1.51151 1.27041 0.96751 0.606212 0.258425 0.17258 0.0301263 
3.19734 2.30234 2.10671 2.47611 2.06888 1.34867 1.41258 1.4733 0.75 0.114593 0.126912 0.0498905 
3.337 2.09575 2.13625 3.03035 2.63243 1.64668 1.60748 1.60167 0.762265 0.0616993 0.0716769 0.0693632 
3.05786 2.22972 1.83754 2.01024 1.9305 1.55339 1.34395 1.15973 0.639717 0.159937 0.116455 0.0241233 
3.21776 2.16327 1.76621 2.14721 2.18653 1.71501 1.69049 1.38644 0.453811 -0.137812 0.107986 0.0390773 
2.83531 1.95958 1.74667 1.96673 1.84091 1.40291 1.27606 0.900472 0.251394 0.00206693 0.169075 0.00914848 
3.58284 1.86851 1.57263 2.77483 2.98863 2.50664 2.29556 1.2252 0.0845822 -0.505514 0.121088 0.107503 
3.2522 2.11302 1.57193 1.82545 2.07164 2.16743 2.21232 1.35299 -0.0362151 -0.426901 0.0970895 0.0451636 
4.27724 2.07586 1.35134 2.90238 3.46098 2.49108 2.52016 1.98152 -0.0716377 -0.903151 -0.0224695 0.146159 
3.2351 2.19503 1.52598 1.44608 1.82366 2.4059 2.41167 1.12351 -0.40375 -0.598082 0.0447606 0.0221893 
3.12732 2.12799 1.40125 1.41688 1.80153 1.99617 1.85372 1.04812 -0.0998419 -0.472226 -0.0276463 -0.0116924 
3.13051 2.1058 1.30299 1.27061 1.76123 2.07358 1.88406 1.01513 0.0339342 -0.415246 -0.168226 -0.0296137 
3.29422 2.12686 1.29129 1.22141 1.69605 2.21662 2.24886 1.25726 -0.0767634 -0.571909 -0.230479 -0.0309125 
4.09873 2.40294 0.75999 0.441371 1.12572 2.04813 2.48735 1.48457 -0.0702867 -0.633772 -0.282719 -0.0663374 
3.89667 2.1915 0.617057 0.540826 1.44784 2.2202 2.35596 1.41266 -0.0161803 -0.649005 -0.392659 -0.0776339 
3.8152 2.27491 0.692416 0.395219 1.24741 2.11798 2.22606 1.25793 -0.0470478 -0.638921 -0.440485 -0.0955996 
4.13551 2.42291 0.50655 -0.0386344 0.81402 1.95884 2.14269 1.01775 -0.173687 -0.597768 -0.540049 -0.132274 
5.08719 2.73019 -0.102907 -0.679374 0.752433 2.16693 2.22177 0.7931 -0.429406 -0.521437 -0.640406 -0.169748 
4.88703 2.4328 -0.0316687 -0.425941 0.965537 2.19969 2.00405 0.684192 -0.364914 -0.492141 -0.697889 -0.199449 
4.27931 2.34501 0.371087 -0.107005 0.854268 1.80966 1.71139 0.725645 -0.185363 -0.591674 -0.809543 -0.218658 
5.62357 2.85953 -0.233403 -0.73242 0.804182 2.14977 2.00339 0.644086 -0.447057 -0.69521 -0.722769 -0.223366 
4.09697 2.40821 0.363164 -0.438758 0.330393 1.38416 1.48702 0.619124 -0.339371 -0.801915 -0.800848 -0.228324 
3.54245 1.98485 0.290892 -0.513141 -0.00290474 0.996277 1.27572 0.551721 -0.429368 -0.871724 -0.739141 -0.226318 
3.64942 1.96898 0.173697 -0.616358 -0.15057 0.841983 1.18997 0.49184 -0.478669 -0.873779 -0.669517 -0.226444 
5.3755 2.55194 -0.516407 -1.22781 -0.243757 0.951237 1.45035 0.639248 -0.634322 -0.721236 -0.701951 -0.235651 
4.33895 2.30864 -0.0325441 -0.95614 -0.345309 0.745907 1.25285 0.589657 -0.459988 -0.821887 -0.672979 -0.23623 
3.76228 2.05269 0.143593 -0.75943 -0.337371 0.67539 1.1284 0.529457 -0.402595 -0.796238 -0.640711 -0.235702 
3.95616 2.2353 0.183807 -0.857707 -0.385337 0.71177 1.15461 0.549061 -0.372947 -0.763334 -0.654268 -0.237701 
4.86882 2.73418 -0.0872414 -1.10682 -0.236587 0.817212 1.11603 0.576873 -0.370829 -0.742708 -0.662857 -0.234385 
5.04832 2.63584 -0.194724 -1.07401 -0.257594 0.710486 1.16836 0.686548 -0.396494 -0.765357 -0.669974 -0.235933 
4.59901 2.52149 0.065613 -0.915849 -0.36997 0.664219 1.14912 0.645829 -0.396873 -0.815694 -0.638908 -0.228163 
4.23229 2.38609 0.204448 -0.812909 -0.395504 0.64066 1.1331 0.593096 -0.394242 -0.813915 -0.616636 -0.226723 
4.73308 2.57161 -0.0468185 -0.829166 -0.311224 0.430837 1.11164 0.772302 -0.397403 -0.871521 -0.627931 -0.222884 
4.99588 2.53452 -0.190299 -0.912646 -0.326656 0.553731 1.19498 0.741197 -0.401456 -0.801757 -0.643242 -0.225275 
4.56463 2.35597 -0.0236541 -0.735719 -0.191976 0.635249 1.1441 0.74576 -0.300597 -0.802971 -0.64579 -0.23183 
3.7581 1.99136 0.173912 -0.530778 -0.130263 0.677649 1.12919 0.670389 -0.26755 -0.747609 -0.625239 -0.226155 
4.97268 2.74897 -0.0888512 -0.969331 -0.399514 0.574996 1.38332 0.865429 -0.268652 -0.611128 -0.62667 -0.231432 
6.05198 2.32151 -0.450159 -0.422797 0.0509748 0.458648 1.64579 1.2142 -0.522791 -0.505686 -0.577347 -0.219795 
5.44791 2.49181 -0.314742 -0.668095 0.0828524 0.546891 1.27847 1.08184 -0.280205 -0.442147 -0.588482 -0.227231 
3.44251 1.84079 0.275214 -0.243036 0.155491 0.830719 1.10707 0.606323 -0.0729045 -0.443948 -0.553154 -0.21019 
4.97356 2.5617 -0.00810452 -0.464357 -0.0103097 0.450573 1.28831 1.00515 -0.139232 -0.386657 -0.567391 -0.22867 
5.21135 2.36179 0.0515289 -0.212904 0.215471 0.496374 1.23321 1.08861 -0.0591363 -0.273216 -0.53324 -0.229685 
4.29071 2.52836 0.571275 -0.271668 -0.153577 0.418361 1.03293 0.958913 0.241913 -0.293137 -0.517277 -0.230683 
3.31482 2.07722 0.770353 0.0122238 0.0519619 0.534428 0.949449 0.802965 0.291055 -0.255416 -0.526305 -0.208682 
4.69239 2.92036 0.573987 -0.273117 0.108319 0.701212 1.3139 1.02585 0.33013 -0.125398 -0.498954 -0.226629 
4.16582 2.79136 0.94473 -0.110907 0.135962 0.900913 1.20506 0.961427 0.494188 -0.0434203 -0.573782 -0.233195 
3.56635 2.35746 0.991223 0.26201 0.413458 0.855991 0.940595 0.675903 0.315156 -0.0803392 -0.413441 -0.171027 
3.56996 2.55382 1.32753 0.443369 0.22899 0.493496 0.833025 0.851804 0.498088 -0.0125347 -0.414054 -0.168956 
4.10281 3.03036 1.55709 0.550072 0.380643 0.739175 1.1222 1.15178 0.675499 0.0444315 -0.458605 -0.180524 
3.45629 2.507 1.44386 0.616651 0.432349 0.788118 1.03721 0.981106 0.464915 -0.132661 -0.479312 -0.153802 
3.26226 2.40589 1.49053 0.80899 0.480049 0.574893 0.848655 0.705595 0.27767 -0.154269 -0.360339 -0.107059 
3.86115 2.93094 1.83541 0.99462 0.607317 0.88825 1.29574 1.06215 0.177354 -0.184247 -0.401439 -0.122841 
5.23605 2.81788 0.835915 1.59043 1.0269 0.244876 1.97173 1.41271 -0.241579 -0.14808 -0.455092 -0.155856 
3.97384 2.59153 1.16654 0.807701 0.891028 1.01823 1.228 0.794113 0.123856 -0.359304 -0.556556 -0.169045 
3.57617 2.46378 1.15029 0.648248 0.629926 0.501776 0.773598 0.58681 0.298138 -0.276113 -0.526558 -0.158749 
3.69143 2.37159 0.940724 0.841028 0.407691 0.342978 0.872965 0.996324 0.349679 -0.487569 -0.616544 -0.190424 
4.71102 2.25774 -0.136517 0.661751 1.01677 -0.667268 1.52655 0.788833 -0.0623293 -0.391333 -0.682942 -0.206426 
4.01471 2.17555 0.54858 0.678128 0.735535 0.245814 1.41322 0.723552 -0.400569 -0.678773 -0.620127 -0.177125 
4.12716 2.49171 0.509451 0.555661 1.21218 -0.0290953 1.4294 0.555224 -0.0658642 -0.674467 -0.500083 -0.145092 
3.99955 2.63276 0.432464 0.684662 0.924137 0.599764 1.4863 0.681731 0.104813 -0.288255 -0.474429 -0.146529 
4.18324 2.37882 0.198653 0.902193 1.78381 -0.0527922 1.66537 0.690498 0.325118 -0.291187 -0.459832 -0.117957 
4.37219 2.33976 -0.050125 1.14767 1.76016 -0.197352 1.42168 0.581916 -0.0603783 -0.277704 -0.424676 -0.0989374 
3.9009 2.05428 0.407863 0.679468 1.28079 0.330289 1.20146 0.363389 -0.218395 -0.365747 -0.410239 -0.122412 
4.29849 1.55087 -0.0504212 0.876385 1.84485 -0.526274 1.52965 0.260068 -0.596761 -0.25677 -0.420024 -0.0965865 
4.01501 1.37206 -0.16447 0.17265 1.85317 -0.572366 1.26954 0.45241 -0.41871 -0.212559 -0.47137 -0.129691 
3.73062 1.99938 0.0459388 0.497383 1.63031 0.0948069 1.37426 0.980041 -0.0410167 -0.144563 -0.413858 -0.0977063 
3.72612 2.09953 0.00564258 0.641221 2.07881 0.258355 1.41592 0.909109 0.326864 -0.311836 -0.24941 -0.0485957 
3.74147 2.22716 0.243581 0.507018 2.13594 0.219645 1.38451 0.597022 0.166643 -0.350651 -0.286083 -0.0560665 