-5.51026
-5.51026
-4.57074
-5.98002
-8.32882
-7.85906
-5.0405
-2.22194
-2.22194
-2.6917
-3.63122
-3.16146
-3.63122
-4.10098
-2.6917
-1.75218
-5.0405
-6.91954
-1.28242
6.7035
9.99182
7.64302
4.82446
2.94542
0.12686
-4.10098
-7.3893
-8.79858
-9.26834
-10.2079
-8.32882
-2.22194
2.0059
3.41518
3.88494
8.58254
10.4616
9.0523
9.0523
11.8709
13.2801
4.3547
-2.22194
-3.63122
-0.3429
1.06638
1.06638
1.53614
2.0059
2.94542
6.7035
5.29422
3.88494
5.76398
10.4616
11.4011
6.7035
2.94542
2.94542
1.06638
-2.6917
-5.51026
-4.57074
-3.16146
-2.6917
-2.6917
-3.63122
-5.51026
-7.3893
-6.91954
-6.91954
-10.2079
-11.6171
-6.44978
1.06638
1.53614
0.12686
1.53614
1.53614
-3.63122
-8.79858
-8.79858
-5.51026
-4.57074
-6.91954
-4.57074
2.94542
9.52206
5.76398
-2.6917
-5.51026
-2.22194
-1.28242
-2.22194
-2.22194
2.94542
4.82446
2.94542
1.53614
2.47566
4.82446
1.53614
-0.3429
-1.28242
-2.22194
-5.51026
-9.26834
-9.26834
-8.79858
-6.44978
-3.16146
-5.51026
-11.1474
-12.5567
-2.6917
7.17326
3.88494
-5.0405
-11.6171
-12.0869
-12.5567
-12.0869
-5.98002
-0.81266
-3.16146
-9.26834
-10.2079
-5.51026
-3.63122
-2.6917
0.59662
2.0059
-1.28242
-3.63122
0.12686
4.3547
7.17326
10.4616
10.4616
5.76398
-0.3429
1.06638
4.3547
3.41518
-1.28242
-3.16146
-2.6917
-3.16146
-1.75218
2.0059
5.76398
6.23374
3.88494
2.47566
1.06638
-1.28242
-2.6917
-5.98002
-7.85906
-6.91954
-2.22194
0.59662
-1.28242
-3.16146
-1.28242
0.59662
1.53614
0.59662
0.59662
-0.81266
-4.57074
-4.57074
-0.81266
3.41518
1.53614
-1.28242
-1.28242
1.06638
2.47566
1.06638
0.59662
-1.75218
-4.10098
-1.75218
1.53614
4.3547
5.29422
6.7035
2.94542
-4.57074
-6.44978
-2.6917
-0.81266
-1.75218
-2.22194
-0.3429
-4.10098
-9.7381
-13.4962
-13.4962
-9.26834
-2.22194
3.88494
3.41518
-0.3429
-1.28242
4.82446
12.8104
14.6894
9.99182
2.0059
-1.75218
-2.22194
4.82446
11.4011
10.4616
2.94542
-2.22194
0.59662
3.41518
3.88494
1.53614
-0.3429
1.53614
3.41518
5.29422
4.82446
4.82446
2.0059
-1.75218
-4.10098
-5.98002
-6.44978
-5.51026
-2.6917
-0.81266
-2.22194
-3.16146
-1.28242
1.53614
3.88494
0.59662
-5.51026
-7.3893
-5.0405
-4.57074
-6.44978
-5.98002
-5.98002
-9.26834
-9.26834
-7.85906
-5.98002
-7.3893
-8.79858
-5.0405
-3.16146
-2.6917
-5.0405
-5.51026
-2.6917
-1.75218
-3.63122
-4.57074
-2.22194
0.59662
-0.3429
-1.75218
-1.75218
-5.0405
-8.32882
-8.79858
-7.85906
-10.2079
-9.7381
-3.16146
3.41518
5.29422
1.53614
-1.28242
-0.81266
0.12686
0.59662
2.47566
7.17326
9.0523
7.64302
4.82446
2.94542
1.53614
1.06638
1.53614
2.0059
1.53614
-0.3429
0.12686
0.12686
-1.28242
-3.16146
0.59662
4.82446
4.3547
2.0059
2.47566
4.82446
3.41518
2.0059
0.59662
2.94542
5.29422
2.94542
1.06638
1.06638
2.94542
3.41518
1.06638
1.06638
3.88494
7.64302
10.4616
9.52206
10.9313
14.2197
13.7499
7.17326
-0.81266
-1.75218
-1.75218
-4.10098
-6.91954
-6.44978
-6.44978
-6.91954
-3.16146
2.0059
1.53614
-2.22194
-2.22194
1.53614
4.82446
3.41518
2.0059
3.88494
4.3547
2.47566
1.06638
2.94542
2.94542
-0.3429
-3.16146
-2.22194
-1.75218
-6.91954
-10.6776
-11.6171
-9.26834
-6.91954
-5.98002
-4.10098
-2.6917
-2.6917
-4.57074
-1.75218
3.88494
3.88494
-2.6917
-9.26834
-14.4357
-13.9659
-8.79858
-2.6917
-4.57074
-12.0869
-14.4357
-13.9659
-8.32882
-2.22194
0.12686
-0.3429
0.59662
5.29422
3.88494
-0.3429
-2.6917
-2.22194
1.06638
3.41518
1.53614
-1.75218
-0.81266
4.82446
8.11278
4.82446
1.06638
1.53614
2.94542
0.12686
-5.51026
-6.91954
-3.16146
2.94542
6.7035
10.9313
14.2197
10.9313
2.94542
-4.57074
-7.3893
-5.0405
-4.10098
-5.98002
-11.1474
-12.5567
-7.3893
-2.6917
1.53614
2.94542
4.3547
4.3547
4.82446
2.0059
-2.22194
-7.3893
-11.6171
-15.3752
-18.1938
-17.2543
-14.9055
-12.5567
-12.0869
-13.0264
-13.4962
-10.2079
-3.63122
-0.81266
-0.3429
3.41518
11.8709
16.0987
11.8709
4.82446
2.47566
7.17326
12.3406
9.52206
-0.3429
-10.2079
-10.6776
-5.51026
-1.28242
-0.3429
-4.10098
-5.51026
-2.22194
4.82446
10.9313
12.3406
9.99182
5.76398
3.88494
4.3547
3.41518
-0.81266
-2.22194
-0.3429
2.0059
2.47566
4.3547
5.29422
3.41518
2.47566
5.29422
4.82446
-2.6917
-6.44978
-2.22194
9.0523
12.3406
6.7035
-1.28242
-5.98002
-4.57074
-2.6917
-2.6917
-3.16146
-2.22194
-6.44978
-23.3611
-48.7282
-67.5186
-71.7464
-56.7141
-27.589
13.2801
55.5586
84.6837
90.3208
68.2421
29.7217
-11.6171
-45.4399
-74.565
-99.4623
-117.313
-117.783
-91.4764
-39.8028
28.3125
95.9579
141.994
154.208
125.083
57.9074
-37.9237
-138.922
-210.326
-220.191
-162.88
-61.8815
46.1634
129.311
169.71
161.255
115.688
53.6795
-5.51026
-43.5608
-49.198
-30.4075
2.0059
36.2984
68.7118
101.595
133.539
153.738
148.101
113.339
60.2562
-3.63122
-61.4117
-83.4904
-56.2444
10.4616
85.6232
133.539
138.236
107.232
48.9819
-22.4216
-88.6578
-128.118
-130.936
-109.797
-83.4904
-57.6536
-36.0447
-20.0728
-6.44978
-8.79858
-24.3007
-58.5932
-104.16
-139.862
-144.559
-114.495
-62.821
-6.44978
39.117
50.3912
20.7963
-22.8914
-53.4258
-62.821
-58.5932
-41.212
-11.6171
19.8568
43.8146
56.9678
63.0747
65.4235
73.8792
89.3813
98.3067
87.972
74.8187
81.3954
111.93
140.585
154.678
163.134
173.938
175.817
165.952
156.557
152.799
146.222
127.432
95.4882
59.3166
24.5544
5.29422
-8.32882
-27.1192
-53.4258
-90.0671
-136.104
-186.838
-226.767
-258.241
-291.124
-329.175
-360.179
-377.56
-382.728
-382.728
-378.03
-375.681
-385.076
-398.23
-406.216
-401.988
-384.137
-353.603
-311.794
-265.757
-214.084
-152.075
-85.3695
-26.6495
24.0846
75.2885
132.129
192.259
257.555
333.187
417.274
502.77
580.75
646.047
693.493
730.604
765.836
801.068
833.481
865.425
903.476
941.056
941.996
888.913
794.961
681.279
561.02
433.246
312.987
209.64
104.414
-15.845
-148.787
-283.139
-419.839
-568.753
-722.834
-871.748
-1007.04
-1131.53
-1232.99
-1306.28
-1348.55
-1358.89
-1345.27
-1318.02
-1283.26
-1235.34
-1179.44
-1125.89
-1067.17
-976.504
-848.26
-698.406
-533.051
-348.435
-143.15
66.363
263.662
437.474
579.811
697.251
798.719
883.746
950.452
1007.76
1062.25
1106.41
1128.49
1134.13
1126.14
1092.79
1019.51
916.629
809.054
703.358
597.192
498.542
428.548
391.907
385.33
400.832
427.139
459.552
492.435
519.682
531.426
538.472
550.686
543.17
486.798
383.921
271.178
171.12
76.228
-14.9055
-92.8856
-160.061
-240.86
-346.086
-456.48
-556.539
-656.598
-774.977
-903.692
-1021.6
-1121.66
-1204.81
-1266.35
-1291.71
-1280.44
-1249.9
-1213.26
-1169.58
-1104.28
-1018.78
-926.71
-832.758
-725.653
-595.999
-456.95
-312.264
-150.666
30.1915
209.64
366.07
498.073
606.117
689.265
739.529
752.683
732.013
686.446
637.122
594.843
564.779
547.867
538.942
526.258
487.268
423.851
348.219
273.997
201.184
139.176
112.4
135.888
210.579
324.261
463.31
617.861
779.459
943.405
1099.37
1237.48
1315.92
1301.83
1190.97
1019.04
830.663
645.577
486.329
354.326
247.221
137.767
11.4011
-128.118
-279.38
-444.736
-648.142
-884.431
-1140.45
-1401.17
-1632.76
-1817.84
-1926.36
-1965.82
-1958.3
-1918.37
-1844.62
-1720.6
-1564.17
-1403.05
-1265.88
-1147.97
-1026.77
-887.72
-719.076
-510.502
-253.074
32.0705
313.457
578.402
825.495
1051.45
1235.13
1347.87
1390.15
1369.48
1311.23
1221.03
1110.64
1008.23
927.433
861.197
786.505
708.995
642.289
585.448
507.938
398.953
283.392
182.864
106.762
66.8328
95.4882
200.714
348.219
507.938
678.93
869.653
1071.65
1228.08
1286.33
1237.94
1104.06
915.689
682.688
440.292
231.719
66.8328
-79.7324
-232.404
-356.891
-445.676
-531.642
-664.114
-845.441
-1046.5
-1269.63
-1494.65
-1702.75
-1852.61
-1932
-1959.24
-1939.51
-1863.41
-1708.86
-1501.23
-1281.85
-1078.91
-887.72
-701.695
-532.581
-378.97
-217.372
-28.0587
165.952
335.066
500.891
691.614
896.899
1072.59
1187.21
1246.87
1260.02
1223.38
1136.95
1016.22
884.685
737.65
581.22
442.171
343.522
280.104
235.007
194.608
158.436
144.343
162.194
218.565
297.485
394.725
520.151
670.005
845.695
1038.77
1260.96
1464.84
1579.93
1583.22
1492.55
1340.82
1113.46
845.225
570.416
308.759
42.4053
-231.465
-456.01
-620.426
-742.564
-878.325
-1050.26
-1232.99
-1434.99
-1639.81
-1847.44
-2039.57
-2194.59
-2313.91
-2383.44
-2388.13
-2285.73
-2079.97
-1818.78
-1549.14
-1270.1
-962.412
-645.324
-353.603
-96.174
151.859
385.33
575.113
734.362
898.308
1070.71
1233.72
1357.73
1454.97
1534.36
1586.51
1586.98
1511.35
1390.62
1237.48
1045.34
807.175
566.188
369.358
206.352
45.2238
-97.1135
-165.229
-150.666
-96.174
-24.3007
87.0325
249.1
425.26
598.601
795.431
1029.37
1269.89
1435.71
1496.31
1473.29
1387.33
1237.48
1016.22
777.58
555.853
356.675
136.357
-91.4764
-271.394
-402.927
-529.763
-709.681
-910.268
-1109.92
-1329.29
-1559.48
-1786.37
-1969.58
-2115.67
-2242.98
-2323.78
-2320.02
-2205.87
-2029.24
-1838.04
-1625.71
-1364.06
-1069.99
-790.01
-535.869
-284.078
-22.4216
215.277
407.409
588.736
782.747
966.893
1107.35
1204.59
1299.95
1382.16
1418.8
1392.5
1327.67
1256.27
1153.86
1006.82
831.602
662.489
506.998
345.87
186.152
72.9397
29.252
33.9496
66.8328
152.329
314.396
529.547
745.636
969.712
1212.11
1461.55
1639.12
1694.08
1649.92
1530.61
1341.29
1068.36
771.473
496.194
247.69
-15.845
-275.153
-479.028
-622.775
-745.852
-901.343
-1070.46
-1229.71
-1396.47
-1587.19
-1789.19
-1962.53
-2095.94
-2220.43
-2318.14
-2344.92
-2266.47
-2110.51
-1920.72
-1700.87
-1429.35
-1118.84
-800.814
-492.652
-187.307
118.506
387.209
597.192
766.775
924.615
1063.66
1159.03
1210.23
1260.02
1312.17
1341.76
1331.9
1302.77
1269.42
1196.61
1064.13
903.945
752.213
602.829
425.73
227.961
66.8328
-22.8914
-54.8351
-40.7423
40.996
212.458
444.05
693.493
966.893
1267.07
1561.14
1757.5
1813.87
1753.74
1610.46
1383.57
1066.01
716.511
388.618
100.186
-188.717
-447.085
-620.426
-704.044
-761.824
-862.823
-978.383
-1094.88
-1236.75
-1422.78
-1642.15
-1843.21
-2028.77
-2213.85
-2371.69
-2453.43
-2420.08
-2296.53
-2109.57
-1861.53
-1534.11
-1146.56
-743.503
-361.119
-6.44978
320.503
579.341
760.669
894.55
1010.58
1093.26
1124.26
1129.9
1160.9
1209.29
1249.69
1264.25
1271.3
1281.16
1261.9
1182.04
1044.87
872.002
669.535
434.655
184.743
-23.8309
-166.168
-248.846
-274.213
-208.447
-19.6031
253.328
558.672
883.746
1229.96
1565.37
1799.78
1889.5
1850.51
1703.95
1450.28
1091.85
696.781
326.14
-4.57074
-325.887
-604.454
-787.661
-863.762
-876.446
-890.069
-898.994
-919.663
-989.658
-1128.71
-1330.7
-1549.61
-1780.73
-2035.81
-2281.5
-2455.31
-2503.69
-2447.79
-2307.8
-2061.18
-1691.48
-1245.68
-782.963
-337.161
91.7301
480.691
778.519
969.712
1081.04
1140.7
1141.17
1079.17
993.2
954.21
961.726
989.911
1024.2
1086.21
1182.51
1256.74
1272.71
1224.32
1127.55
972.53
745.636
471.766
210.579
-2.22194
-159.122
-245.558
-221.6
-65.1698
197.896
527.667
912.871
1344.11
1752.33
2037.01
2149.75
2101.36
1914.87
1580.87
1130.37
624.908
120.855
-364.877
-827.121
-1192.59
-1409.62
-1472.1
-1455.19
-1405.87
-1314.73
-1211.38
-1140.45
-1150.79
-1241.45
-1386.61
-1592.83
-1854.96
-2133.99
-2356.66
-2471.75
-2492.42
-2415.38
-2201.17
-1820.66
-1310.5
-738.336
-155.834
415.395
934.01
1338.94
1601.07
1732.6
1750.92
1654.15
1454.03
1213.52
990.381
806.235
664.368
577.462
580.281
663.898
782.747
888.913
965.954
1007.76
975.349
846.165
644.168
426.199
210.579
-2.6917
-177.912
-242.269
-147.378
84.2139
406.469
811.403
1268.48
1685.63
1981.58
2119.68
2125.79
1979.7
1665.9
1201.77
646.517
69.1816
-511.912
-1045.56
-1474.92
-1753.96
-1897.23
-1942.8
-1884.55
-1748.32
-1568.4
-1399.29
-1293.12
-1250.84
-1291.24
-1411.5
-1607.39
-1835.23
-2034.87
-2194.12
-2286.2
-2270.22
-2091.72
-1752.08
-1291.71
-753.838
-153.485
475.994
1067.42
1548.46
1889.97
2082.57
2114.52
1993.79
1770.18
1496.31
1195.2
882.336
582.629
356.205
243.932
242.993
315.336
423.851
552.565
670.944
745.166
770.533
757.85
709.465
607.996
471.766
360.433
321.913
368.419
491.966
713.693
985.214
1243.11
1443.7
1575.23
1642.88
1595.9
1434.3
1140.7
747.515
287.62
-212.205
-710.62
-1170.05
-1548.2
-1843.68
-2050.38
-2149.97
-2150.44
-2067.76
-1932
-1780.26
-1628.06
-1498.41
-1396
-1351.37
-1360.3
-1404.93
-1474.92
-1540.22
-1545.85
-1445.79
-1241.45
-959.123
-611.031
-186.368
297.485
792.142
1244.52
1625.97
1910.17
2067.07
2089.62
2001.77
1820.92
1560.67
1241.23
892.201
555.383
274.467
72.4699
-49.198
-102.751
-99.932
-56.7141
9.99182
102.535
217.626
343.052
446.399
524.379
601.89
715.102
850.862
1001.66
1162.78
1291.03
1364.78
1360.55
1322.97
1236.54
1081.98
860.727
572.764
258.965
-80.6719
-415.141
-725.653
-1000.93
-1244.74
-1472.1
-1652.49
-1768.52
-1836.64
-1863.41
-1867.64
-1849.79
-1835.7
-1825.36
-1799.05
-1751.61
-1672.69
-1590.95
-1504.05
-1388.01
-1205.75
-968.519
-693.709
-388.365
-47.3189
316.745
675.172
1014.81
1314.99
1563.49
1728.84
1800.25
1788.5
1715.69
1574.29
1358.67
1090.91
814.691
564.309
354.326
180.045
43.8146
-43.0911
-82.5509
-87.7183
-68.9279
-9.7381
80.4558
176.757
274.937
394.725
564.779
777.11
1014.81
1259.55
1455.44
1583.69
1613.28
1562.55
1442.29
1241.23
982.865
655.912
297.485
-91.0066
-484.666
-844.502
-1155.01
-1402.58
-1599.41
-1735.64
-1801.4
-1816.91
-1799.05
-1771.81
-1742.68
-1706.04
-1682.55
-1666.11
-1661.41
-1645.44
-1619.61
-1574.04
-1494.18
-1353.25
-1144.21
-876.446
-554.66
-200.93
183.803
573.234
953.27
1285.39
1557.38
1748.1
1849.57
1865.07
1805.88
1681.87
1481.75
1227.61
947.633
682.688
454.855
263.193
106.293
-1.75218
-56.7141
-59.5327
-17.2543
80.4558
230.779
397.074
562.43
724.497
911.462
1117.69
1324.38
1492.09
1585.57
1603.89
1536.71
1401.42
1194.26
932.131
632.894
288.09
-70.8069
-425.476
-755.247
-1046.97
-1309.56
-1535.52
-1722.95
-1866.23
-1951.26
-2000.11
-2017.49
-2020.31
-2012.33
-1990.25
-1954.55
-1902.4
-1834.29
-1744.09
-1640.75
-1509.68
-1335.87
-1091.13
-794.238
-472.922
-133.285
220.914
584.978
944.345
1272.24
1538.12
1733.54
1839.24
1873.06
1853.8
1800.72
1710.52
1560.67
1361.49
1140.7
927.903
738.12
559.141
385.8
234.537
113.809
33.4798
-1.75218
13.7499
75.7582
166.892
293.257
465.189
683.628
934.01
1198.02
1407.06
1525.91
1541.88
1457.79
1286.8
1009.17
675.172
292.318
-127.648
-562.176
-987.309
-1355.6
-1645.44
-1863.41
-2020.78
-2114.26
-2130.71
-2081.85
-2001.52
-1893.95
-1776.51
-1674.1
-1600.82
-1547.73
-1504.51
-1456.6
-1405.4
-1352.31
-1266.82
-1114.61
-875.976
-586.134
-260.12
106.293
508.877
917.568
1298.54
1620.33
1874.47
2045.46
2106.53
2060.96
1933.19
1761.26
1543.29
1272.24
985.684
727.316
507.468
315.336
145.753
25.0241
-30.8773
-39.333
-14.4357
40.5262
135.418
272.588
428.548
600.48
800.598
1018.57
1248.28
1433.83
1544.7
1576.17
1506.18
1346.46
1084.33
769.124
421.971
32.0705
-378.03
-790.949
-1167.23
-1484.32
-1746.44
-1963.47
-2128.83
-2217.61
-2226.54
-2195.06
-2133.52
-2036.75
-1920.72
-1807.04
-1699
-1600.35
-1498.88
-1401.64
-1310.03
-1205.28
-1060.59
-844.032
-572.511
-273.274
49.9214
404.59
784.626
1172.18
1519.33
1794.61
1987.68
2088.68
2105.59
2044.05
1928.96
1759.38
1516.98
1226.67
935.889
679.87
470.357
288.09
129.311
19.387
-24.3007
-1.75218
60.2562
152.799
286.681
454.385
644.638
865.895
1104.06
1354.92
1555.97
1654.15
1660.73
1573.35
1417.39
1155.74
811.403
416.804
-27.1192
-491.712
-959.593
-1390.36
-1750.67
-2042.86
-2277.74
-2451.08
-2545.5
-2540.34
-2471.28
-2377.8
-2263.18
-2130.71
-1986.49
-1837.11
-1699.47
-1564.64
-1424.66
-1291.24
-1155.95
-1006.57
-790.479
-507.214
-202.81
117.567
468.947
859.318
1258.14
1617.04
1910.17
2133.78
2282.69
2353.63
2327.32
2207.53
2015.87
1756.56
1442.29
1110.17
802.477
538.472
304.531
92.6696
-62.3512
-124.829
-99.932
-18.6635
98.3067
269.299
491.026
732.483
990.381
1268.95
1560.67
1790.38
1892.32
1870.24
1742.94
1544.7
1245.93
847.574
384.391
-120.132
-627.473
-1134.81
-1602.69
-1988.37
-2289.48
-2517.79
-2686.9
-2775.22
-2760.65
-2684.55
-2592.01
-2487.25
-2358.07
-2193.65
-2016.08
-1855.43
-1706.98
-1547.73
-1371.57
-1183.67
-991.067
-742.094
-429.234
-94.2949
250.039
618.331
1027.96
1435.24
1792.26
2078.35
2300.54
2452.74
2524.15
2495.96
2377.58
2187.8
1921.45
1592.61
1239.82
908.173
612.224
335.066
86.5627
-93.3554
-169.457
-142.68
-51.077
83.2744
280.104
542.23
839.588
1139.76
1433.83
1726.5
1951.51
2047.81
2008.35
1851.92
1613.28
1268.01
833.951
330.368
-216.902
-759.475
-1290.77
-1782.61
-2209.16
-2544.09
-2782.73
-2944.8
-3023.25
-2996.47
-2894.54
-2759.24
-2612.68
-2454.84
-2280.09
-2110.51
-1963
-1827.24
-1683.02
-1519.55
-1324.13
-1099.11
-800.344
-441.917
-51.077
359.963
792.612
1254.86
1701.6
2092.44
2399.66
2625.62
2765.6
2804.13
2729.43
2553.74
2306.18
1994.26
1636.77
1264.72
904.415
570.416
269.299
18.9173
-155.834
-244.618
-240.39
-155.834
-5.0405
212.458
489.617
806.705
1137.89
1470.95
1783.34
2008.82
2113.58
2079.75
1933.19
1672
1295.26
834.891
296.546
-274.683
-852.958
-1403.99
-1901.46
-2328.47
-2671.4
-2916.14
-3071.63
-3127.54
-3090.43
-2998.82
-2864.94
-2718.38
-2552.55
-2364.65
-2178.15
-2015.61
-1873.75
-1730
-1562.77
-1378.15
-1163.94
-879.264
-538.688
-144.559
284.802
754.092
1251.1
1731.19
2156.8
2501.13
2757.15
2919.69
2983.1
2933.78
2770.77
2492.67
2123.44
1710.05
1287.74
879.988
497.133
156.087
-114.495
-292.064
-359.709
-313.673
-174.624
48.9819
341.642
686.916
1067.89
1456.38
1832.66
2117.81
2276.11
2288.33
2169.48
1939.3
1578.05
1121.44
577.462
-17.2543
-617.608
-1198.7
-1724.83
-2179.09
-2553.02
-2833.94
-3025.6
-3131.76
-3136.93
-3073.98
-2958.89
-2817.96
-2676.1
-2519.67
-2361.36
-2211.5
-2073.39
-1947.97
-1817.84
-1669.87
-1487.6
-1225.01
-899.464
-520.367
-86.309
402.242
937.768
1478.46
1982.51
2411.41
2754.8
3007.06
3160.67
3187.92
3092.56
2889.15
2581.93
2200.48
1775.82
1335.65
898.778
484.45
115.218
-171.805
-352.663
-409.504
-360.649
-219.721
30.1915
378.284
795.901
1229.02
1655.56
2017.28
2262.02
2357.38
2294.44
2098.55
1751.39
1284.45
715.102
77.6373
-561.706
-1177.09
-1743.62
-2233.11
-2623.01
-2901.11
-3071.16
-3149.15
-3118.14
-3010.57
-2864.47
-2693.48
-2531.88
-2367.46
-2215.26
-2102.05
-2028.77
-1978.97
-1922.6
-1837.11
-1722.48
-1541.63
-1283.26
-955.835
-548.083
-67.0488
483.98
1071.65
1648.05
2169.48
2613.87
2960.56
3197.78
3295.96
3248.05
3073.77
2777.82
2394.02
1953.86
1480.34
998.367
532.365
115.218
-216.902
-440.978
-525.535
-474.801
-315.082
-54.3653
299.364
728.725
1190.97
1660.26
2069.42
2359.26
2488.45
2448.05
2270.01
1937.89
1477.52
905.355
249.569
-424.067
-1075.15
-1670.81
-2177.21
-2579.8
-2870.11
-3037.34
-3097
-3035.93
-2899.23
-2724.48
-2517.32
-2322.84
-2146.68
-2003.4
-1916.02
-1878.91
-1884.08
-1903.34
-1899.58
-1868.11
-1765.7
-1567.93
-1289.36
-923.422
-470.103
71.5304
676.581
1291.97
1867.89
2372.89
2786.74
3102.42
3290.8
3324.15
3207.18
2956.8
2595.55
2162.43
1684.22
1193.32
716.981
277.285
-76.444
-316.961
-420.308
-386.016
-230.995
33.4798
404.121
858.379
1358.2
1860.38
2277.52
2567.84
2689.03
2635.95
2429.73
2045.93
1525.44
887.974
165.013
-570.162
-1279.03
-1925.42
-2468.46
-2891.25
-3164.18
-3293.36
-3305.11
-3185.79
-2986.14
-2745.15
-2479.74
-2234.99
-2021.72
-1860.59
-1773.69
-1748.79
-1774.63
-1826.3
-1869.52
-1893.01
-1842.27
-1686.31
-1443.92
-1105.22
-662.235
-118.253
498.542
1128.96
1732.6
2283.63
2751.98
3122.62
3356.56
3423.74
3343.88
3128.26
2787.68
2349.87
1841.12
1307
775.701
283.862
-107.918
-373.332
-493.121
-471.982
-320.719
-36.9842
367.01
851.802
1374.18
1898.43
2343.29
2656.62
2791.91
2735.54
2504.89
2081.63
1517.92
829.723
51.8005
-734.578
-1481.03
-2150.44
-2706.63
-3134.11
-3406.1
-3518.38
-3489.25
-3303.23
-3023.25
-2702.4
-2366.52
-2065.88
-1797.65
-1587.19
-1464.59
-1434.05
-1478.68
-1557.13
-1629.47
-1694.3
-1708.86
-1641.68
-1480.09
-1193.06
-776.387
-240.39
381.102
1032.19
1670.12
2263.9
2778.29
3187.45
3446.76
3528.96
3446.76
3212.82
2845.46
2384.16
1853.8
1295.73
737.181
219.505
-191.535
-471.512
-604.454
-589.892
-431.113
-124.36
314.396
844.286
1421.15
1985.33
2454.15
2780.64
2911.23
2850.63
2605.42
2160.55
1559.73
827.374
12.8104
-812.088
-1610.21
-2327.06
-2910.04
-3344.57
-3593.54
-3676.69
-3605.75
-3365.7
-3027.48
-2637.58
-2250.96
-1900.05
-1584.37
-1345.74
-1214.2
-1186.02
-1244.74
-1358.89
-1488.07
-1612.56
-1672.22
-1640.75
-1517.2
-1271.04
-888.659
-373.332
235.007
877.169
1529.2
2158.67
2704.54
3139.06
3429.38
3559.03
3521.92
3302.07
2938.95
2474.35
1926.14
1323.91
699.6
126.023
-320.25
-607.743
-728.471
-690.89
-502.516
-152.545
343.991
930.252
1563.02
2165.25
2651.45
2971.36
3068.13
2972.77
2676.35
2178.4
1528.73
744.697
-114.025
-979.793
-1813.62
-2548.79
-3145.86
-3587.9
-3833.12
-3901.23
-3773.93
-3474.22
-3086.2
-2643.68
-2197.41
-1774.63
-1405.87
-1130.59
-969.458
-920.603
-976.504
-1102.4
-1262.12
-1434.05
-1558.54
-1605.51
-1547.73
-1339.63
-968.519
-448.024
166.892
818.449
1488.8
2146.46
2741.18
3235.83
3570.77
3716.87
3669.89
3431.25
3042.29
2537.3
1951.98
1319.21
666.716
58.8469
-433.932
-770.75
-926.71
-899.464
-699.816
-324.947
203.063
840.528
1534.83
2186.86
2717.69
3063.43
3179.93
3084.1
2756.21
2216.92
1508.06
658.261
-262.469
-1182.26
-2050.38
-2800.11
-3402.82
-3826.07
-4039.81
-4069.87
-3897.47
-3548.91
-3094.18
-2585.43
-2081.85
-1600.35
-1176.15
-862.823
-683.374
-634.989
-703.574
-855.776
-1060.59
-1279.97
-1449.55
-1539.75
-1519.55
-1364.53
-1055.89
-586.604
4.3547
660.14
1352.1
2046.87
2689.5
3223.15
3590.5
3775.12
3765.25
3557.15
3181.81
2669.77
2058.62
1385.92
696.781
54.619
-471.982
-839.334
-1014.56
-994.355
-782.494
-378.5
196.017
887.504
1622.68
2293.5
2829.02
3171.48
3289.86
3191.21
2855.8
2303.36
1555.5
656.852
-313.673
-1290.3
-2208.22
-2994.59
-3621.72
-4057.66
-4280.8
-4287.37
-4067.06
-3679.03
-3179.21
-2610.33
-2028.3
-1465.99
-979.793
-614.319
-402.458
-347.026
-432.522
-620.426
-868.929
-1132.93
-1353.25
-1511.56
-1557.6
-1447.2
-1152.19
-688.541
-111.206
536.593
1237.01
1950.57
2627.97
3208.12
3624.33
3846.05
3854.98
3667.07
3312.41
2803.19
2163.84
1436.65
692.084
17.0382
-531.642
-924.831
-1130.59
-1132.46
-920.133
-499.228
99.2462
831.133
1611.4
2321.68
2886.8
3245.7
3385.69
3293.15
2947.4
2379.46
1611.87
693.493
-297.701
-1295.94
-2230.76
-3050.5
-3723.66
-4194.36
-4445.68
-4461.65
-4232.88
-3814.33
-3265.18
-2655.9
-2031.59
-1423.25
-893.357
-493.591
-251.665
-162.41
-211.735
-370.984
-614.319
-898.994
-1183.2
-1428.88
-1560.89
-1525.18
-1300.17
-905.571
-381.788
249.1
961.256
1703.95
2419.39
3037.6
3505.01
3800.49
3895.85
3784.51
3466.96
2969.48
2333.9
1600.13
832.542
108.641
-499.698
-943.151
-1193.06
-1236.75
-1059.18
-654.719
-55.3048
691.614
1498.66
2258.26
2890.56
3317.57
3521.45
3483.87
3184.16
2652.39
1900.31
975.349
-40.7423
-1084.55
-2079.97
-2974.86
-3728.36
-4263.89
-4559.83
-4603.52
-4393.07
-3996.59
-3460.6
-2840.98
-2181.91
-1518.14
-920.603
-449.903
-136.104
13.2801
0.59662
-149.727
-419.369
-743.973
-1065.76
-1354.19
-1543.04
-1581.09
-1432.64
-1105.69
-632.17
-28.0587
684.567
1436.18
2174.65
2840.3
3382.87
3773.24
3960.2
3932.96
3691.03
3249.46
2648.16
1922.86
1135.07
373.586
-293.003
-817.256
-1168.17
-1310.5
-1209.04
-859.064
-302.399
415.865
1221.97
2013.05
2703.6
3210.94
3498.9
3543.06
3314.75
2837.01
2134.25
1242.17
241.114
-811.149
-1847.91
-2794.48
-3602.93
-4206.58
-4581.91
-4718.61
-4596.95
-4260.13
-3749.5
-3119.55
-2427.12
-1715.44
-1048.38
-484.196
-68.4581
178.166
243.932
155.617
-68.9279
-388.835
-748.671
-1105.22
-1389.42
-1541.16
-1521.43
-1311.44
-931.407
-400.579
268.83
1021.86
1806.82
2549.52
3170.54
3625.74
3881.75
3933.43
3775.59
3407.77
2859.09
2174.18
1404.71
626.317
-86.7788
-682.435
-1121.19
-1375.33
-1395.53
-1152.66
-673.039
5.29422
808.114
1632.07
2389.8
3002.83
3427.03
3627.61
3549.63
3202.01
2602.6
1785.69
829.723
-211.265
-1275.74
-2289.01
-3199.88
-3929.42
-4440.52
-4715.8
-4720.96
-4480.45
-4029.01
-3415.97
-2714.62
-1980.85
-1279.5
-668.812
-178.852
156.087
310.638
296.546
127.432
-161.94
-520.367
-907.919
-1253.19
-1497.47
-1595.18
-1512.97
-1258.36
-846.851
-273.743
423.381
1193.79
1962.78
2648.63
3217.51
3624.8
3839.48
3844.64
3625.74
3204.36
2611.52
1892.79
1124.73
365.6
-329.175
-894.766
-1271.51
-1411.5
-1302.99
-944.561
-361.588
395.665
1234.19
2044.05
2755.27
3297.84
3635.13
3719.22
3530.84
3099.13
2433.48
1573.35
580.281
-494.531
-1567.46
-2570.87
-3444.62
-4123.43
-4588.02
-4796.59
-4732.24
-4435.82
-3935.05
-3295.71
-2569.93
-1817.84
-1112.27
-502.047
-31.3471
275.406
399.893
356.205
156.557
-151.606
-524.125
-915.436
-1255.07
-1492.77
-1575.92
-1474.92
-1194.47
-743.973
-148.317
549.746
1311.7
2058.62
2730.84
3279.52
3646.41
3815.05
3769.95
3521.45
3079.4
2465.43
1743.41
978.167
235.946
-426.885
-948.789
-1285.61
-1391.3
-1237.69
-836.046
-229.116
534.244
1370.42
2188.74
2885.86
3397.9
3702.31
3746.93
3519.57
3031.49
2309.47
1413.64
382.042
-720.015
-1799.99
-2790.25
-3620.31
-4258.25
-4683.38
-4848.27
-4756.19
-4435.82
-3918.61
-3264.71
-2519.2
-1753.02
-1036.16
-418.429
54.1493
354.326
477.873
429.488
226.551
-76.444
-440.978
-819.135
-1151.26
-1384.73
-1459.42
-1363.12
-1099.58
-667.872
-96.174
581.69
1321.09
2057.68
2734.13
3277.17
3628.08
3771.36
3704.19
3445.35
3001.42
2387.45
1660.26
891.732
153.738
-500.168
-1019.25
-1348.55
-1442.04
-1279.03
-875.506
-259.65
511.696
1344.11
2144.11
2815.87
3318.04
3612.58
3655.33
3444.41
2980.75
2281.75
1397.19
376.405
-696.058
-1748.79
-2736.7
-3585.55
-4252.14
-4692.31
-4865.18
-4775.45
-4440.05
-3906.4
-3241.22
-2488.19
-1717.79
-990.597
-363.467
116.627
429.018
571.825
552.095
389.558
120.385
-231.465
-618.547
-974.156
-1239.57
-1356.54
-1313.79
-1097.23
-700.285
-154.424
509.347
1229.49
1938.36
2586.63
3114.64
3487.16
3670.36
3647.34
3428.44
3013.17
2425.03
1714.28
953.74
225.142
-421.718
-944.561
-1296.41
-1419.49
-1280.44
-898.994
-304.747
445.459
1247.34
2020.1
2686.69
3210.94
3541.65
3623.86
3459.91
3043.7
2386.04
1540
551.625
-504.865
-1567.46
-2574.16
-3440.87
-4133.29
-4612.45
-4831.83
-4798.94
-4521.78
-4040.28
-3401.88
-2658.25
-1888.78
-1141.86
-476.68
62.605
435.595
635.243
664.368
538.942
293.257
-52.0165
-440.038
-801.754
-1081.26
-1235.34
-1246.15
-1101.46
-778.266
-301.459
305.001
989.911
1677.17
2322.62
2868.48
3281.87
3533.66
3587.22
3432.19
3065.78
2520.39
1859.91
1143.52
426.669
-230.995
-780.145
-1165.35
-1341.98
-1279.97
-975.565
-459.299
223.733
987.563
1763.14
2456.97
3015.99
3387.57
3520.04
3410.12
3049.34
2464.49
1698.78
787.915
-220.66
-1267.29
-2292.3
-3205.52
-3951.97
-4489.84
-4780.62
-4837.93
-4650.5
-4237.11
-3647.56
-2932.12
-2171.1
-1408.21
-696.527
-85.3695
377.344
665.307
774.761
718.39
532.835
237.356
-123.42
-495
-816.786
-1033.82
-1116.49
-1053.08
-822.893
-438.159
96.4277
737.181
1405.65
2057.68
2627.97
3088.33
3401.66
3521.92
3439.71
3146.11
2678.7
2080.69
1399.54
692.553
17.9777
-576.739
-1034.75
-1297.35
-1325.07
-1105.69
-672.57
-47.7887
684.098
1446.52
2161.49
2768.42
3221.74
3448.17
3436.42
3188.39
2714.87
2037.48
1180.16
192.729
-852.958
-1891.6
-2836.75
-3637.7
-4264.83
-4665.53
-4826.66
-4747.74
-4443.8
-3951.97
-3299
-2552.55
-1776.98
-1039.92
-396.351
120.385
492.905
712.283
760.199
665.777
447.808
147.162
-189.656
-504.396
-745.382
-888.19
-925.77
-823.832
-555.13
-128.118
430.427
1047.22
1680.46
2279.87
2790.5
3169.6
3380.99
3417.16
3258.38
2899.49
2373.82
1746.7
1072.12
393.786
-243.209
-781.554
-1147.03
-1302.05
-1218.43
-912.617
-404.806
258.495
996.018
1745.76
2416.1
2953.98
3303.48
3425.62
3327.91
2990.15
2423.62
1666.84
756.441
-237.102
-1251.78
-2236.87
-3123.78
-3885.26
-4459.31
-4783.91
-4862.36
-4692.31
-4322.14
-3786.14
-3116.26
-2368.4
-1597.53
-882.083
-263.878
223.733
559.611
719.33
721.209
607.527
389.558
101.595
-215.493
-499.228
-705.923
-811.149
-799.875
-642.035
-338.1
115.218
672.823
1267.54
1868.36
2418.45
2879.29
3202.95
3359.85
3340.12
3122.62
2716.28
2161.02
1519.33
839.118
172.059
-437.69
-922.952
-1220.31
-1302.05
-1147.5
-774.508
-203.749
502.77
1246.4
1965.6
2592.73
3084.1
3382.4
3449.11
3288.92
2894.79
2277.05
1481.28
553.504
-438.629
-1441.1
-2405.51
-3266.59
-3994.71
-4524.6
-4814.44
-4860.95
-4667.88
-4276.57
-3724.6
-3047.21
-2296.06
-1527.53
-823.832
-227.237
227.021
534.244
688.795
703.828
594.373
368.419
75.7582
-226.767
-483.726
-668.342
-758.066
-732.699
-552.781
-220.191
249.569
807.645
1398.6
1981.58
2503.95
2934.25
3234.43
3371.13
3321.33
3079.87
2668.83
2120.62
1482.22
803.417
148.101
-436.75
-897.585
-1181.32
-1256.95
-1099.58
-732.699
-173.684
522.5
1268.48
1992.38
2605.89
3068.6
3346.23
3405.89
3240.53
2834.66
2204.24
1401.42
466.129
-529.763
-1516.73
-2453.9
-3291.01
-4003.17
-4525.54
-4807.4
-4850.62
-4662.24
-4278.45
-3735.88
-3075.86
-2346.33
-1600.82
-901.343
-299.11
164.543
485.859
652.154
678.46
590.146
399.893
141.994
-143.62
-401.988
-588.483
-680.086
-659.886
-497.819
-188.717
256.616
795.431
1370.42
1944.46
2458.85
2876
3164.9
3304.89
3276.23
3062.96
2674.47
2141.76
1523.09
863.076
219.975
-362.528
-834.637
-1131.53
-1223.6
-1089.25
-745.852
-229.116
430.427
1152.45
1860.85
2487.04
2968.07
3273.89
3357.03
3213.76
2855.33
2282.22
1526.38
627.257
-356.891
-1349.96
-2310.62
-3174.04
-3902.17
-4457.9
-4787.67
-4871.76
-4716.26
-4358.78
-3852.38
-3229.47
-2531.88
-1804.69
-1105.22
-479.968
32.5403
397.074
610.815
678.46
641.819
506.998
281.043
3.88494
-269.515
-478.559
-592.71
-600.227
-480.908
-227.707
153.269
637.122
1169.36
1718.04
2238.53
2685.28
3022.56
3217.98
3254.63
3115.58
2802.25
2344.23
1776.29
1142.58
495.724
-106.509
-612.44
-974.156
-1154.54
-1130.59
-891.008
-458.359
135.418
831.133
1543.76
2208.47
2753.86
3135.31
3323.68
3283.75
3031.96
2570.65
1908.76
1091.38
156.087
-829.939
-1804.69
-2721.19
-3517.91
-4167.12
-4629.36
-4861.89
-4854.84
-4622.31
-4197.18
-3625.01
-2947.62
-2211.97
-1478.68
-802.223
-228.646
219.975
536.593
712.283
739.529
649.805
457.203
198.835
-76.444
-325.417
-488.424
-556.539
-522.246
-374.742
-109.797
276.346
757.38
1289.62
1835.01
2333.43
2739.77
3031.96
3194.97
3210.94
3051.69
2720.98
2247.93
1670.59
1043.93
426.199
-130.466
-598.817
-936.105
-1099.11
-1056.83
-806.921
-377.091
200.714
878.578
1574.76
2218.8
2740.24
3094.91
3263.08
3205.77
2926.73
2433.95
1748.57
918.038
-23.8309
-1013.62
-1978.5
-2877.62
-3661.65
-4300.06
-4744.45
-4949.74
-4911.22
-4650.5
-4197.65
-3604.81
-2916.14
-2169.7
-1413.85
-705.453
-103.22
354.326
663.428
824.086
834.891
726.846
522.03
257.086
-25.7099
-292.534
-482.787
-568.753
-545.734
-400.579
-134.694
253.797
738.12
1268.48
1814.81
2324.5
2746.81
3057.8
3239.12
3283.28
3165.37
2869.42
2420.33
1857.09
1232.31
598.132
5.76398
-502.986
-892.887
-1126.36
-1166.29
-992.476
-626.533
-104.63
546.458
1271.3
1978.29
2566.9
2972.3
3190.74
3197.78
2973.24
2527.91
1881.99
1080.58
161.724
-830.879
-1824.42
-2758.77
-3583.2
-4254.02
-4739.28
-4994.83
-5000
-4774.52
-4347.97
-3759.83
-3055.19
-2285.26
-1510.15
-777.326
-129.527
392.377
760.669
966.893
1011.52
918.978
725.906
449.687
125.083
-203.279
-468.694
-612.91
-638.277
-544.795
-328.235
16.5685
494.784
1056.15
1642.41
2208
2708.29
3115.58
3384.75
3486.22
3417.16
3173.36
2771.71
2236.65
1609.99
946.224
296.076
-297.231
-794.707
-1144.68
-1305.34
-1251.78
-992.476
-557.009
25.0241
695.842
1378.4
2002.71
2504.42
2844.05
2994.38
2913.11
2607.77
2080.22
1366.66
520.621
-414.202
-1378.15
-2311.09
-3165.59
-3886.67
-4436.29
-4777.8
-4881.62
-4757.6
-4419.38
-3894.65
-3239.81
-2499
-1716.38
-948.319
-255.423
314.396
738.59
1007.76
1108.76
1046.75
870.123
607.527
284.802
-56.7141
-370.514
-595.529
-706.862
-704.513
-565.934
-288.306
121.325
639.001
1207.41
1796.96
2355.03
2829.49
3194.03
3414.81
3477.76
3365.02
3068.13
2616.22
2044.99
1400.01
725.437
65.4235
-528.823
-1004.22
-1320.37
-1449.08
-1371.57
-1093.94
-638.747
-50.6072
616.922
1287.74
1891.38
2377.11
2698.43
2822.92
2718.16
2406.24
1900.78
1215.87
390.028
-522.246
-1454.72
-2347.73
-3159.95
-3835.93
-4336.23
-4627.95
-4679.62
-4501.58
-4117.32
-3566.29
-2898.76
-2154.19
-1392.24
-667.402
-22.4216
497.603
867.774
1068.36
1106.88
994.609
774.292
474.585
127.432
-232.404
-557.009
-789.54
-895.706
-867.99
-700.285
-394.472
40.996
585.918
1184.39
1796.02
2366.78
2843.58
3201.07
3412.46
3464.61
3340.12
3031.49
2573
2002.24
1364.31
706.176
72.0002
-501.577
-976.504
-1308.62
-1454.25
-1397.41
-1155.01
-751.489
-217.842
412.106
1082.92
1711.46
2230.55
2584.28
2750.1
2701.72
2442.41
1990.5
1368.07
599.071
-275.622
-1197.76
-2086.08
-2892.19
-3581.32
-4114.97
-4461.19
-4579.09
-4466.35
-4147.39
-3654.14
-3041.1
-2353.37
-1629
-914.496
-254.013
290.439
684.567
917.568
1001.66
944.814
770.533
514.044
202.593
-125.769
-426.415
-644.854
-751.489
-740.685
-603.515
-320.719
95.9579
623.968
1208.82
1806.82
2384.63
2890.09
3279.05
3521.45
3602.25
3518.16
3254.63
2825.73
2269.07
1623.15
921.796
211.049
-451.782
-1020.19
-1456.6
-1728.59
-1801.87
-1671.28
-1353.72
-869.399
-256.362
444.05
1147.28
1773.47
2254.98
2548.11
2652.39
2546.23
2239
1744.82
1078.7
284.332
-597.408
-1507.8
-2365.59
-3126.6
-3746.21
-4203.29
-4465.41
-4492.19
-4297.24
-3901.7
-3338.46
-2667.64
-1934.82
-1187.43
-467.754
157.027
633.364
950.452
1109.23
1120.97
988.032
754.562
441.701
77.1675
-274.683
-550.432
-703.574
-730.35
-642.505
-424.536
-65.6396
413.986
987.563
1592.14
2194.85
2744.47
3179.46
3471.65
3605.54
3576.41
3358.44
2953.98
2395.9
1726.97
983.805
204.473
-542.916
-1216.08
-1770.87
-2167.82
-2371.69
-2355.72
-2132.11
-1720.6
-1146.56
-453.192
311.578
1066.01
1737.77
2277.05
2625.15
2767.01
2676.82
2377.11
1890.44
1223.38
428.548
-443.327
-1321.31
-2135.87
-2852.26
-3419.26
-3814.8
-4008.81
-3968.41
-3713.33
-3271.28
-2694.89
-2030.18
-1322.72
-620.426
35.3589
586.857
978.637
1188.15
1219.62
1105.94
864.955
544.109
175.347
-218.781
-584.255
-871.748
-1027.71
-1045.09
-934.226
-681.495
-291.594
218.565
806.705
1415.98
2001.77
2514.75
2910.76
3159.73
3245.7
3156.45
2878.82
2433.95
1860.38
1197.08
478.343
-261.06
-963.351
-1589.54
-2085.14
-2390.95
-2482.56
-2359.48
-2055.07
-1590.48
-983.081
-262.469
527.198
1318.74
2031.84
2606.83
3000.48
3181.81
3142.35
2879.29
2425.5
1809.17
1053.8
215.747
-630.761
-1426.53
-2133.52
-2731.06
-3174.98
-3436.64
-3508.51
-3380.74
-3066.47
-2619.26
-2101.58
-1558.07
-1018.31
-508.154
-78.3231
232.188
403.651
444.99
369.828
203.533
-35.5749
-303.808
-571.101
-811.149
-973.216
-1031.94
-968.519
-788.6
-505.805
-126.239
337.415
856.969
1399.07
1910.17
2346.11
2671.65
2865.19
2919.69
2832.78
2600.72
2222.09
1710.99
1100.31
445.459
-204.689
-814.907
-1349.96
-1785.9
-2090.78
-2231.7
-2201.17
-1995.88
-1640.28
-1158.77
-579.087
65.4235
742.818
1401.42
1989.09
2443.35
2740.24
2864.72
2819.16
2605.89
2225.38
1713.81
1102.65
435.125
-241.33
-894.766
-1484.78
-1984.14
-2374.04
-2623.48
-2724.48
-2677.04
-2500.41
-2234.52
-1909.45
-1551.02
-1188.84
-842.153
-537.748
-298.641
-138.452
-60.4722
-57.1839
-108.857
-203.749
-332.463
-464.936
-580.497
-643.914
-641.096
-575.799
-441.448
-247.906
6.7035
315.336
656.382
1008.7
1337.53
1611.87
1819.98
1948.69
1981.58
1904.06
1715.69
1436.65
1079.64
662.019
210.579
-237.572
-659.416
-1043.68
-1369.69
-1611.62
-1734.7
-1726.71
-1586.25
-1321.78
-955.835
-509.093
5.76398
557.262
1121.91
1667.31
2172.77
2591.32
2877.41
3016.46
3007.06
2861.44
2568.31
2144.58
1623.15
1033.6
412.576
-216.902
-814.907
-1340.57
-1777.92
-2110.04
-2337.87
-2455.31
-2453.9
-2352.43
-2167.82
-1920.25
-1632.29
-1330.7
-1051.2
-809.74
-614.319
-472.922
-386.486
-356.421
-374.272
-436.75
-522.246
-612.44
-698.876
-758.066
-780.145
-745.382
-647.672
-490.303
-271.394
-6.44978
289.969
591.555
864.955
1102.65
1291.97
1419.27
1475.64
1454.97
1351.16
1152.45
868.244
533.305
180.985
-165.698
-497.819
-787.661
-1020.19
-1172.39
-1221.25
-1148.44
-951.137
-654.719
-275.622
187.561
721.209
1289.15
1847.22
2355.5
2805.53
3147.52
3349.05
3388.51
3270.13
3015.05
2619.04
2106.06
1503.83
839.588
152.799
-524.595
-1151.72
-1691.01
-2132.11
-2453.43
-2654.96
-2733.41
-2699.58
-2568.05
-2352.43
-2077.15
-1774.16
-1470.22
-1181.79
-932.347
-753.838
-653.779
-617.608
-639.217
-713.439
-841.214
-984.49
-1122.13
-1232.52
-1285.14
-1266.82
-1167.23
-997.174
-773.568
-497.349
-171.805
190.849
569.006
930.252
1247.34
1488.8
1636.3
1688.44
1652.74
1527.32
1313.58
1033.6
716.981
390.967
71.0606
-217.842
-443.796
-594.12
-664.114
-640.156
-508.623
-268.576
52.74
432.776
866.834
1341.29
1825.61
2277.52
2665.08
2966.19
3165.84
3244.76
3199.66
3022.56
2717.22
2308.06
1815.75
1269.42
680.809
80.4558
-494.061
-1023.48
-1497
-1900.05
-2219.02
-2440.28
-2568.05
-2606.57
-2565.7
-2454.37
-2291.83
-2103.93
-1923.07
-1761.47
-1617.26
-1497
-1414.32
-1374.39
-1371.1
-1397.41
-1442.51
-1483.38
-1489.01
-1459.42
-1405.4
-1314.26
-1165.82
-954.895
-704.983
-439.569
-153.485
165.482
499.482
816.57
1090.91
1309.35
1468.13
1555.97
1579.46
1549.4
1466.72
1333.78
1156.21
961.726
770.064
599.071
459.552
366.07
316.745
313.457
369.828
483.51
642.759
830.663
1048.16
1294.32
1553.62
1796.02
2009.29
2192.03
2337.18
2438.18
2472.47
2440.53
2329.2
2121.09
1822.8
1448.87
1028.43
569.006
65.4235
-460.238
-976.504
-1458.01
-1889.25
-2268.81
-2582.61
-2823.13
-2985.67
-3065.06
-3060.36
-2985.2
-2858.83
-2692.54
-2496.18
-2282.44
-2072.92
-1883.61
-1710.74
-1558.54
-1435.93
-1334.46
-1248.5
-1164.88
-1082.67
-1007.51
-922.952
-818.665
-676.797
-487.014
-263.409
-12.0869
263.662
560.081
874.35
1197.55
1514.16
1801.66
2033.25
2194.85
2294.44
2334.83
2311.35
2230.55
2090.56
1899.84
1675.29
1425.85
1178.29
941.056
726.376
550.686
418.683
341.642
320.503
362.312
466.129
621.15
814.221
1032.19
1259.55
1468.6
1642.88
1773
1847.69
1852.39
1769.71
1578.52
1286.33
911.462
472.706
-5.0405
-514.73
-1028.18
-1528
-2001.52
-2416.32
-2747.97
-2982.38
-3122.37
-3183.44
-3162.3
-3051.9
-2862.59
-2622.07
-2357.6
-2087.02
-1818.31
-1564.64
-1347.15
-1174.74
-1059.18
-999.523
-973.686
-962.881
-954.426
-939.863
-912.617
-847.32
-726.592
-540.097
-282.669
30.1915
376.874
751.273
1153.86
1575.23
1979.7
2327.79
2599.31
2791.91
2904.18
2927.2
2853.45
2682.46
2432.54
2120.62
1762.2
1381.69
1003.06
655.442
349.159
87.972
-108.388
-230.525
-273.274
-244.148
-158.182
-21.0123
153.269
346.34
537.532
715.102
881.397
1016.69
1100.77
1130.84
1121.91
1058.97
918.038
697.721
414.925
102.535
-230.056
-567.343
-900.873
-1231.11
-1544.44
-1818.31
-2035.34
-2189.89
-2293.71
-2349.14
-2360.89
-2329.88
-2253.78
-2142.92
-2015.61
-1888.78
-1768.99
-1654.37
-1539.28
-1419.49
-1302.99
-1197.29
-1099.58
-993.416
-859.064
-699.346
-517.549
-315.082
-91.4764
166.422
460.022
788.384
1125.2
1435.24
1704.89
1941.65
2147.4
2315.57
2435.36
2494.08
2482.34
2395.43
2248.87
2060.03
1835.48
1571
1270.36
954.21
648.396
377.814
145.753
-52.4863
-218.312
-342.328
-409.974
-433.932
-423.597
-381.788
-316.961
-233.814
-137.983
-33.6959
65.4235
147.632
216.686
274.937
315.336
339.294
355.735
360.433
328.019
258.965
158.436
40.0565
-95.2344
-251.665
-422.187
-607.743
-801.284
-990.128
-1165.35
-1322.72
-1465.05
-1594.24
-1696.65
-1763.35
-1787.78
-1767.58
-1702.28
-1602.22
-1476.33
-1326.48
-1147.5
-940.333
-727.532
-527.414
-339.51
-165.229
2.47566
163.603
319.564
469.417
595.783
699.13
792.612
881.867
967.363
1037.83
1093.73
1138.36
1169.36
1190.03
1198.48
1197.08
1185.8
1161.84
1123.79
1073.53
1012.93
940.117
842.877
711.344
557.732
404.59
264.132
123.674
-14.4357
-146.908
-262.939
-355.482
-419.369
-454.131
-475.74
-487.484
-478.089
-442.857
-391.653
-335.282
-265.757
-180.261
-91.4764
-9.7381
72.4699
168.301
264.602
351.507
419.153
469.887
495.254
476.933
410.697
308.759
193.668
70.1211
-67.9884
-214.084
-357.361
-489.833
-613.38
-722.834
-806.921
-865.171
-898.994
-909.329
-900.403
-884.431
-862.353
-826.181
-768.87
-698.876
-626.533
-558.418
-495.47
-440.978
-394.472
-355.951
-326.356
-297.701
-265.757
-227.237
-172.275
-100.402
-17.2543
70.5909
168.301
282.922
408.348
527.198
639.47
755.501
867.774
972.061
1054.27
1108.29
1124.26
1095.14
1033.13
942.935
825.965
685.507
529.077
356.675
174.408
-19.6031
-207.977
-372.393
-507.684
-611.501
-683.374
-719.076
-718.136
-684.783
-622.305
-530.702
-416.55
-280.32
-120.132
48.9819
224.202
403.651
589.206
772.882
943.875
1094.67
1207.41
1275.53
1294.79
1271.77
1198.48
1072.59
909.113
708.055
476.464
222.323
-37.454
-293.003
-549.023
-797.056
-1024.89
-1219.84
-1373.45
-1482.44
-1553.37
-1597.06
-1610.21
-1591.89
-1541.16
-1465.05
-1375.33
-1276.68
-1169.58
-1053.08
-926.71
-800.814
-677.737
-550.432
-414.671
-271.394
-129.997
10.4616
156.087
309.229
469.417
635.243
802.007
956.558
1087.62
1193.32
1273.65
1319.68
1327.2
1300.89
1243.58
1151.04
1019.51
860.727
684.567
494.315
291.378
89.851
-95.7042
-258.711
-399.639
-511.912
-582.845
-612.91
-606.803
-564.525
-488.893
-385.076
-263.409
-128.118
16.5685
166.892
325.201
478.343
611.285
715.102
796.37
866.365
924.615
970.182
1004.47
1020.45
1003.53
942.466
837.239
709.465
571.355
428.078
266.481
79.0466
-119.662
-315.082
-496.41
-665.993
-825.242
-976.974
-1119.78
-1244.74
-1346.68
-1422.31
-1469.75
-1486.66
-1475.39
-1444.86
-1392.71
-1315.2
-1218.43
-1110.39
-996.704
-870.808
-730.82
-580.497
-430.173
-283.139
-142.68
-4.57074
133.539
277.285
412.576
523.909
615.513
700.069
782.277
845.225
881.867
896.899
898.778
888.443
864.486
828.784
778.519
710.404
629.605
542.23
453.915
368.419
288.09
214.807
139.176
68.2421
13.2801
-25.7099
-59.5327
-96.6437
-134.225
-169.926
-196.703
-213.144
-225.828
-238.981
-246.967
-241.33
-220.191
-182.61
-128.118
-55.7746
31.131
133.069
250.509
379.693
515.923
653.093
789.324
915.689
1016.22
1083.86
1116.28
1113.93
1059.91
953.74
802.007
610.815
387.679
143.873
-109.797
-361.588
-606.803
-829
-1019.25
-1174.74
-1298.29
-1382.85
-1417.61
-1403.52
-1352.31
-1279.5
-1187.43
-1079.38
-962.881
-847.79
-737.866
-639.217
-563.585
-526.004
-513.321
-502.986
-487.014
-465.875
-441.448
-401.988
-342.798
-267.636
-170.396
-44.5004
107.232
274.467
448.748
623.499
787.915
933.07
1046.28
1122.38
1161.37
1162.31
1118.63
1026.55
891.732
725.437
547.397
373.586
212.928
61.1957
-80.2021
-190.596
-267.167
-316.022
-340.919
-331.994
-286.897
-223.949
-150.196
-70.3372
9.52206
75.7582
124.613
160.315
184.743
200.245
208.231
215.747
221.384
227.021
245.342
286.211
356.675
449.687
562.43
701.009
859.318
1019.98
1160.9
1269.89
1339.41
1355.85
1313.58
1207.41
1038.3
811.403
536.593
225.142
-117.313
-477.619
-836.986
-1181.32
-1492.3
-1753.96
-1950.79
-2088.9
-2173.45
-2190.83
-2133.52
-2013.27
-1855.43
-1673.63
-1480.56
-1286.55
-1099.58
-924.361
-770.28
-645.324
-548.553
-476.21
-418.899
-373.332
-333.403
-291.124
-236.162
-161.94
-62.821
61.6654
215.747
388.149
567.597
749.394
930.252
1099.84
1249.69
1375.11
1469.54
1516.51
1507.59
1451.69
1357.73
1229.49
1067.89
880.457
680.809
485.389
308.759
158.906
41.9355
-44.0306
-102.281
-128.118
-113.555
-58.5932
29.7217
133.539
234.067
319.564
396.135
468.008
522.5
543.17
531.426
503.24
467.068
424.79
373.586
320.973
273.527
238.765
215.747
197.426
187.091
179.105
168.301
148.101
112.869
57.9074
-22.4216
-129.527
-265.757
-425.476
-598.817
-778.266
-961.472
-1145.62
-1322.25
-1472.57
-1593.3
-1678.8
-1729.53
-1741.27
-1712.62
-1651.08
-1550.55
-1413.38
-1244.74
-1063.41
-878.325
-688.541
-500.168
-325.417
-168.517
-28.5285
94.0789
200.245
291.848
381.572
468.008
545.988
613.634
675.642
746.576
837.239
945.754
1049.57
1137.42
1215.4
1291.03
1356.79
1409.41
1443.23
1445.58
1403.3
1315.46
1199.89
1058.5
887.504
689.265
478.343
267.42
56.0283
-153.015
-352.193
-529.293
-671.63
-779.675
-856.246
-906.51
-929.059
-924.831
-900.403
-852.488
-782.024
-699.346
-615.259
-526.944
-429.234
-328.235
-235.693
-150.196
-57.1839
49.4517
160.315
266.951
376.874
491.026
610.345
730.604
854.151
973
1079.17
1168.42
1237.01
1268.95
1253.92
1198.95
1106.41
974.879
803.886
594.373
354.326
90.7906
-182.14
-456.95
-728.001
-986.839
-1221.72
-1424.19
-1584.37
-1693.36
-1746.91
-1754.43
-1722.95
-1652.02
-1544.91
-1412.91
-1267.76
-1109.45
-943.621
-779.675
-624.184
-478.089
-340.919
-223.009
-130.466
-54.3653
18.4475
87.972
150.45
204.473
248.63
285.271
323.322
378.754
451.097
525.788
592.025
653.563
716.981
776.171
829.253
868.244
887.504
883.276
855.56
810.933
747.985
665.777
564.309
444.99
316.275
184.273
59.3166
-55.7746
-157.713
-238.042
-299.58
-347.026
-382.258
-393.062
-374.272
-334.812
-284.548
-220.66
-136.573
-31.8168
73.4094
170.18
254.737
334.596
412.106
481.631
545.049
606.117
665.307
718.39
755.501
783.687
805.765
825.026
835.36
835.83
837.239
842.877
840.997
810.933
746.576
654.503
542.7
405.53
244.402
57.9074
-149.727
-377.091
-620.896
-866.581
-1098.17
-1307.69
-1498.41
-1674.57
-1824.89
-1932
-1992.6
-2017.96
-2010.92
-1963.94
-1879.85
-1763.35
-1617.26
-1442.51
-1252.25
-1067.17
-889.129
-706.862
-521.307
-351.723
-209.856
-94.7647
2.0059
94.0789
187.561
279.634
360.433
435.125
519.682
618.331
723.557
828.784
938.708
1054.27
1172.18
1290.56
1404.24
1507.12
1591.67
1659.32
1703.01
1715.69
1699.72
1660.73
1591.67
1480.81
1327.2
1148.69
952.331
744.227
527.667
307.35
96.4277
-95.7042
-266.227
-421.718
-563.585
-687.132
-785.312
-857.655
-900.873
-916.375
-911.678
-891.948
-860.943
-826.181
-788.6
-743.503
-689.951
-634.049
-576.269
-514.73
-447.555
-374.272
-290.655
-193.414
-85.8392
30.6613
156.087
280.104
392.377
489.617
586.857
685.977
769.594
819.858
831.133
803.417
732.953
629.136
498.073
336.005
138.236
-85.8392
-316.491
-544.795
-762.764
-965.23
-1143.27
-1291.24
-1401.64
-1470.69
-1504.05
-1500.76
-1453.78
-1358.89
-1228.77
-1075.15
-901.813
-709.211
-512.851
-327.296
-158.182
-1.28242
144.343
269.299
369.828
448.278
511.226
562.43
607.527
646.987
682.688
712.753
741.408
780.398
839.118
905.824
964.544
1008.23
1040.65
1066.95
1090.91
1111.11
1109.23
1073.06
1006.82
921.326
816.1
679.87
516.393
334.596
144.813
-49.198
-238.981
-417.49
-584.725
-738.336
-866.581
-954.895
-1006.57
-1034.75
-1040.39
-1015.96
-956.775
-882.552
-806.451
-729.88
-649.551
-560.767
-471.043
-387.425
-316.961
-253.074
-184.489
-113.085
-45.9096
14.6894
80.9256
157.966
249.569
348.219
456.734
575.113
702.418
830.193
949.042
1057.56
1149.63
1221.97
1276
1308.41
1314.05
1276.47
1192.85
1064.13
897.838
706.176
491.496
255.207
5.29422
-242.739
-483.256
-713.439
-923.422
-1101.93
-1242.86
-1350.9
-1430.76
-1483.85
-1503.58
-1490.89
-1450.96
-1391.3
-1318.96
-1238.63
-1149.85
-1052.14
-954.426
-861.883
-773.568
-686.662
-600.227
-513.791
-423.597
-324.947
-219.251
-104.16
10.9313
124.613
248.16
389.088
536.593
677.991
806.235
930.722
1055.68
1177.82
1286.8
1363.84
1407.06
1427.26
1429.61
1404.24
1346.93
1262.84
1156.21
1027.02
877.169
713.223
531.895
340.703
150.92
-30.4075
-201.87
-367.226
-525.065
-670.221
-793.298
-890.069
-962.881
-1015.49
-1046.5
-1054.95
-1044.15
-1014.09
-959.593
-880.673
-786.252
-688.072
-587.543
-477.149
-358.3
-242.269
-130.936
-22.8914
83.7442
180.045
268.36
360.903
454.385
547.867
630.545
709.465
788.384
863.076
926.494
977.698
1017.63
1044.4
1048.63
1027.49
984.274
920.857
841.937
747.045
634.773
503.71
357.614
203.063
46.1634
-113.085
-274.213
-435.341
-588.952
-732.229
-858.595
-963.821
-1046.97
-1114.61
-1171.92
-1208.57
-1219.84
-1210.45
-1190.25
-1155.01
-1104.75
-1047.44
-991.537
-923.891
-846.381
-771.689
-705.453
-634.049
-552.781
-471.982
-389.774
-296.292
-185.428
-66.1093
58.3771
185.682
320.973
458.143
596.722
736.711
873.881
1001.19
1107.82
1191.91
1256.74
1302.77
1326.73
1322.03
1288.68
1226.2
1138.36
1030.31
909.113
777.11
630.545
472.236
310.169
150.92
-4.10098
-158.182
-309.915
-456.48
-595.999
-721.894
-827.121
-908.389
-975.095
-1026.77
-1061.06
-1071.87
-1062
-1037.1
-996.704
-942.682
-866.111
-765.112
-647.203
-523.656
-394.472
-257.771
-123.42
8.11278
140.585
279.634
419.623
561.49
709.934
851.332
970.651
1069.3
1157.15
1235.13
1288.68
1317.8
1329.55
1323.91
1297.6
1245.46
1172.65
1083.86
984.274
868.713
739.06
601.42
464.25
317.685
160.315
0.59662
-149.257
-294.883
-448.024
-609.152
-771.219
-928.589
-1071.87
-1198.7
-1313.79
-1419.96
-1515.79
-1595.65
-1662.82
-1711.68
-1730.47
-1713.09
-1660.48
-1585.31
-1499.35
-1402.11
-1286.55
-1150.79
-1002.81
-847.32
-676.797
-489.833
-294.413
-98.5228
93.1394
280.104
462.841
649.335
836.3
1003.53
1141.17
1255.8
1356.79
1436.18
1490.21
1524.03
1543.76
1546.11
1518.86
1457.32
1371.83
1276.93
1165.6
1036.42
894.55
748.925
592.025
424.32
254.267
89.851
-73.6255
-232.874
-384.137
-526.944
-660.826
-784.842
-893.827
-991.067
-1069.99
-1127.3
-1163.47
-1179.44
-1178.03
-1158.3
-1116.96
-1053.55
-965.7
-853.427
-720.955
-571.571
-404.806
-234.753
-72.2162
87.972
255.207
425.73
587.327
734.362
867.774
983.335
1078.23
1153.39
1214.46
1260.96
1289.62
1298.54
1287.27
1257.2
1204.59
1131.78
1043.46
941.526
824.086
696.311
564.309
429.018
283.392
132.599
-17.724
-168.047
-315.552
-458.359
-593.65
-727.532
-852.488
-963.351
-1068.11
-1170.99
-1266.35
-1345.74
-1411.97
-1468.81
-1511.56
-1533.64
-1533.64
-1514.85
-1474.45
-1419.96
-1349.49
-1259.77
-1145.15
-1007.04
-852.488
-680.556
-493.121
-293.943
-89.5973
120.385
328.019
520.151
685.977
828.784
962.665
1088.56
1196.14
1283.51
1349.75
1395.31
1415.04
1407.53
1384.51
1351.16
1307.94
1246.87
1170.77
1086.21
989.442
872.941
740.939
605.648
477.403
350.098
217.156
77.1675
-61.8815
-191.066
-310.385
-426.415
-537.748
-637.338
-716.257
-782.494
-846.851
-909.329
-958.654
-991.067
-1016.43
-1032.88
-1033.35
-1020.19
-1003.28
-977.444
-930.468
-866.581
-795.647
-710.62
-603.045
-480.438
-357.83
-233.344
-100.402
36.7682
173.468
306.41
432.306
541.76
638.531
720.269
787.445
840.528
882.336
912.871
929.312
935.419
932.601
919.447
898.778
876.23
848.983
814.691
769.594
716.041
651.684
576.053
496.663
418.213
341.642
263.193
174.408
80.4558
-6.44978
-81.6114
-143.15
-198.582
-248.846
-297.231
-343.738
-383.667
-423.597
-465.405
-502.516
-526.944
-549.962
-582.845
-623.715
-660.356
-690.421
-715.318
-739.745
-766.052
-788.6
-803.633
-805.512
-797.996
-779.675
-750.55
-711.56
-670.221
-621.836
-561.236
-487.954
-408.095
-324.008
-238.042
-151.606
-61.8815
36.2984
141.525
248.63
351.507
446.399
528.607
598.132
658.261
707.586
740.469
756.441
755.971
745.636
730.134
712.283
685.037
646.987
603.769
557.732
508.407
459.552
418.683
381.102
337.884
289.499
242.993
198.835
149.98
100.186
50.3912
-1.28242
-58.1234
-116.374
-170.396
-226.767
-291.124
-356.891
-420.778
-487.014
-557.948
-627.473
-690.421
-741.155
-773.098
-784.842
-782.963
-765.582
-731.29
-681.495
-625.124
-559.827
-479.968
-386.016
-282.199
-178.852
-76.9138
20.7963
116.158
204.003
281.043
350.568
415.865
483.51
553.504
622.559
682.219
731.543
779.459
828.314
874.35
915.22
954.679
985.214
995.079
984.744
957.028
916.159
858.379
786.036
700.069
601.89
496.194
389.088
282.922
174.408
64.0142
-46.8492
-153.015
-254.013
-351.254
-438.629
-515.67
-584.255
-654.249
-722.364
-779.675
-833.228
-891.478
-956.775
-1015.02
-1058.71
-1089.72
-1116.96
-1139.04
-1151.72
-1149.85
-1128.24
-1089.72
-1032.88
-955.365
-856.716
-739.745
-612.44
-479.968
-347.026
-211.735
-72.686
67.7723
194.608
304.062
402.711
494.315
576.053
643.698
698.19
739.999
770.533
794.961
810.463
815.161
816.57
825.026
836.77
832.542
816.1
795.901
776.64
752.213
725.906
694.902
645.108
569.946
475.994
377.344
273.997
164.073
44.7541
-77.8533
-196.703
-307.566
-415.611
-521.777
-617.138
-690.89
-743.034
-779.675
-800.814
-801.754
-783.903
-753.368
-706.392
-646.733
-580.497
-516.14
-452.252
-387.425
-325.417
-264.348
-198.582
-130.936
-67.9884
-8.79858
56.0283
127.432
201.654
278.695
358.084
436.534
506.059
567.127
625.847
676.112
710.404
732.013
745.636
747.515
728.255
690.204
640.88
581.22
509.817
429.018
345.401
258.025
167.361
77.6373
0.59662
-61.4117
-112.616
-155.364
-184.489
-206.568
-224.418
-234.283
-222.539
-193.884
-162.41
-136.573
-120.601
-112.616
-115.904
-128.587
-151.606
-183.08
-217.372
-253.074
-293.473
-333.873
-368.635
-399.169
-425.006
-442.857
-446.145
-436.75
-420.778
-398.699
-368.635
-328.705
-279.85
-226.298
-170.866
-119.192
-75.0348
-41.212
-16.7845
1.53614
16.5685
25.0241
23.6149
13.7499
4.3547
0.12686
-5.98002
-14.9055
-21.4821
-22.4216
-20.5426
-17.2543
-6.91954
9.0523
27.3729
45.2238
60.2562
69.6514
77.1675
89.3813
98.7765
90.7906
68.7118
50.3912
44.2843
46.1634
47.1029
43.3448
38.6472
37.7077
37.2379
37.2379
40.0565
47.5726
52.2702
50.861
53.2098
64.0142
74.349
70.1211
55.0888
38.6472
19.387
-10.6776
-48.7282
-80.6719
-103.22
-122.95
-139.862
-145.499
-135.164
-110.267
-76.444
-32.2866
18.9173
73.4094
125.083
179.105
240.644
299.364
346.81
388.618
432.306
469.887
489.147
494.315
496.194
496.663
488.677
476.933
467.538
455.794
433.246
401.302
370.768
342.582
309.699
268.83
224.672
179.105
125.083
63.5445
0.12686
-64.7
-134.694
-210.795
-285.018
-353.133
-417.96
-475.27
-518.019
-543.386
-557.009
-561.706
-556.539
-539.158
-509.093
-478.559
-448.494
-418.899
-391.183
-368.635
-353.603
-340.449
-327.296
-317.431
-314.143
-315.552
-315.082
-304.747
-285.487
-261.53
-232.404
-199.051
-165.698
-129.527
-79.7324
-8.79858
70.5909
141.525
190.38
232.188
278.695
329.898
379.223
413.516
426.669
415.395
388.149
355.735
324.731
292.787
260.374
228.43
200.245
174.878
155.617
137.767
118.037
100.186
84.2139
64.9538
37.2379
11.8709
-1.28242
-12.0869
-33.2261
-63.7605
-96.174
-130.936
-172.745
-219.251
-261.06
-293.943
-320.25
-346.556
-373.332
-395.881
-401.518
-386.955
-360.649
-334.812
-307.096
-264.348
-208.447
-151.606
-101.811
-53.4258
-3.16146
46.1634
88.9115
124.613
152.799
180.045
214.337
252.388
289.029
322.852
362.782
406.939
447.339
477.873
503.71
529.077
551.625
562.9
561.02
551.155
535.653
512.635
477.403
433.715
384.391
335.066
279.164
216.686
150.45
82.8046
22.6753
-29.9378
-76.444
-122.95
-164.289
-192.945
-211.265
-228.646
-246.497
-258.711
-263.878
-263.878
-260.12
-253.544
-244.618
-240.86
-239.451
-238.042
-230.995
-222.07
-217.842
-221.6
-226.298
-222.07
-210.795
-201.4
-199.051
-200.461
-201.4
-205.158
-213.144
-225.828
-238.042
-253.544
-275.153
-298.641
-312.733
-315.082
-313.203
-309.445
-300.52
-285.018
-260.59
-225.358
-182.61
-136.104
-90.0671
-41.6818
9.99182
61.6654
114.748
172.999
233.128
283.862
313.457
327.08
334.596
336.475
329.429
313.457
294.197
274.937
256.616
238.765
218.565
193.198
162.664
132.599
108.172
92.6696
85.1534
77.6373
66.8328
52.74
37.2379
24.5544
13.2801
0.12686
-20.5426
-48.7282
-83.9602
-122.481
-160.061
-195.763
-228.646
-262.469
-292.064
-316.961
-336.691
-347.026
-344.207
-326.826
-301.459
-273.274
-244.148
-207.507
-159.122
-98.5228
-36.5144
15.1592
56.9678
100.656
150.92
197.426
233.598
262.253
289.969
324.731
366.54
404.59
429.488
447.339
473.175
508.407
543.17
566.658
581.22
592.964
601.42
601.89
589.676
567.127
539.411
506.528
461.431
398.953
321.913
240.174
155.617
67.3026
-21.0123
-106.509
-182.14
-249.316
-309.915
-368.635
-419.369
-455.54
-475.74
-486.545
-495
-501.577
-507.214
-506.744
-503.926
-501.107
-503.456
-512.851
-526.474
-537.748
-544.795
-549.023
-558.418
-569.222
-567.343
-552.781
-532.111
-502.047
-452.722
-384.137
-308.506
-229.586
-151.136
-77.8533
-8.32882
64.0142
141.055
210.579
267.42
314.866
361.842
402.711
429.957
441.701
448.278
452.036
451.097
437.474
411.637
383.921
359.963
343.052
328.489
309.699
279.634
242.053
202.593
163.603
124.613
85.1534
47.1029
6.23374
-41.6818
-96.6437
-157.713
-215.963
-268.106
-313.673
-354.072
-394.002
-425.006
-441.917
-446.615
-444.736
-436.75
-411.383
-371.453
-328.705
-283.139
-230.995
-172.275
-113.085
-53.4258
11.4011
78.107
139.646
197.426
257.086
317.215
372.647
411.637
440.762
474.115
513.105
546.458
563.369
569.476
574.644
579.811
584.508
585.448
579.341
562.9
542.23
518.272
488.677
442.641
377.814
305.941
233.598
168.301
102.535
32.0705
-37.454
-107.448
-175.094
-242.269
-297.231
-344.677
-389.774
-434.871
-473.861
-500.637
-518.958
-533.051
-542.916
-545.265
-535.4
-514.26
-491.242
-468.224
-438.159
-394.002
-341.859
-290.655
-246.497
-212.674
-182.14
-146.908
-106.509
-67.9884
-30.8773
3.88494
28.7822
42.4053
59.3166
84.6837
105.353
107.702
103.004
105.823
111.46
115.688
112.4
105.353
94.0789
81.3954
72.4699
64.9538
56.0283
39.117
18.4475
-3.16146
-23.3611
-52.0165
-90.5368
-130.936
-167.108
-199.521
-230.995
-259.65
-285.487
-304.747
-318.371
-324.477
-325.887
-315.082
-289.715
-254.953
-216.902
-176.973
-133.755
-88.6578
-34.6354
26.4334
91.2603
152.799
206.352
252.388
295.136
334.596
367.949
398.483
428.078
456.734
480.691
497.133
503.24
497.603
492.435
500.421
509.817
506.059
489.147
474.115
458.613
428.548
382.512
334.596
294.666
258.495
212.458
153.738
87.0325
19.8568
-43.5608
-103.69
-155.364
-195.763
-230.056
-263.409
-292.534
-313.203
-324.008
-327.296
-320.25
-301.459
-280.32
-261.999
-247.906
-229.116
-202.81
-174.624
-149.257
-131.876
-124.36
-119.662
-118.722
-117.783
-119.192
-119.192
-114.025
-104.63
-93.8252
-83.9602
-72.2162
-54.8351
-39.333
-25.7099
-10.6776
3.88494
10.4616
3.41518
-8.32882
-24.7704
-47.3189
-72.686
-91.9461
-105.569
-123.42
-145.029
-162.41
-173.215
-182.14
-191.066
-194.354
-183.08
-160.061
-133.755
-109.797
-81.1416
-45.4399
-4.10098
39.5867
79.5163
110.051
130.72
145.283
164.543
187.561
206.352
207.291
192.729
176.287
164.543
151.859
130.72
109.581
91.7301
80.9256
71.0606
59.7864
48.0424
42.875
46.1634
48.0424
39.5867
24.5544
9.99182
-0.81266
-14.4357
-35.5749
-64.2303
-98.053
-132.345
-164.759
-191.535
-206.568
-213.614
-214.554
-211.735
-203.749
-187.307
-161.001
-129.527
-95.7042
-58.5932
-15.845
30.6613
75.2885
114.279
145.753
168.301
189.44
212.928
235.946
251.449
258.965
262.723
264.602
261.783
255.207
252.388
257.086
261.783
262.253
263.193
267.89
265.072
251.918
238.295
226.551
210.11
188.501
165.482
138.706
109.581
80.9256
52.2702
17.0382
-28.9983
-80.2021
-129.527
-173.684
-212.205
-244.618
-268.576
-285.018
-299.58
-316.491
-329.645
-331.524
-326.356
-321.659
-321.659
-319.78
-313.673
-299.58
-279.85
-261.999
-248.376
-236.162
-219.251
-204.219
-192.475
-178.382
-158.652
-134.225
-110.267
-84.43
-51.5468
-15.845
19.8568
48.9819
71.5304
89.3813
104.414
115.218
118.506
115.218
112.4
116.158
122.264
122.734
116.627
106.293
91.7301
74.8187
61.1957
56.0283
50.861
40.5262
25.9637
17.0382
16.5685
17.9777
16.0987
14.6894
17.508
20.7963
22.2056
23.1451
21.7358
16.5685
11.8709
13.2801
20.3265
24.5544
25.4939
25.4939
30.1915
39.117
48.5122
57.9074
66.363
76.228
87.972
100.656
115.218
132.129
143.873
146.222
140.585
134.478
131.19
126.962
119.916
109.581
96.8974
82.3349
67.7723
56.9678
52.74
53.2098
57.9074
65.8933
71.0606
71.0606
68.2421
66.363
62.605
56.4981
54.619
53.6795
43.3448
25.0241
9.0523
-5.51026
-23.8309
-41.212
-50.6072
-52.0165
-57.1839
-71.7464
-90.5368
-103.22
-104.63
-105.099
-110.737
-120.601
-124.829
-131.406
-143.62
-154.424
-158.182
-156.773
-158.182
-161.94
-168.987
-174.624
-175.563
-172.275
-169.457
-167.578
-164.289
-158.652
-151.606
-142.68
-131.876
-119.192
-108.857
-100.872
-89.5973
-73.6255
-57.1839
-45.9096
-39.333
-31.8168
-21.9519
-13.9659
-8.32882
-3.63122
1.53614
5.76398
11.4011
25.0241
42.4053
59.3166
74.349
87.972
95.9579
94.5486
99.2462
112.869
129.781
134.948
131.19
127.902
124.613
122.734
117.567
110.52
101.595
92.6696
87.0325
86.093
92.1998
104.414
118.506
129.311
134.478
139.176
148.101
154.678
158.436
158.436
156.557
149.511
135.418
112.869
82.3349
51.8005
27.8427
12.3406
2.0059
-12.5567
-32.2866
-53.8956
-70.3372
-83.9602
-99.4623
-111.206
-116.843
-117.313
-117.783
-121.541
-123.89
-126.239
-126.239
-126.239
-129.057
-128.587
-129.527
-133.755
-137.983
-133.285
-118.722
-103.22
-89.5973
-75.9743
-60.4722
-40.2725
-16.3147
8.58254
31.131
50.3912
70.1211
93.6091
121.325
148.571
164.543
165.013
155.148
142.934
129.781
114.748
99.2462
84.2139
70.5909
58.3771
50.3912
40.996
26.4334
5.29422
-15.3752
-26.6495
-28.9983
-32.7563
-44.0306
-58.5932
-71.2767
-81.6114
-96.6437
-110.737
-118.722
-121.541
-125.769
-132.345
-137.513
-144.559
-145.969
-134.225
-117.783
-112.146
-115.434
-108.388
-92.4159
-75.5045
-60.942
-45.4399
-27.1192
-10.6776
5.76398
20.7963
34.8891
46.6331
54.1493
60.2562
66.8328
74.8187
81.3954
81.8651
77.1675
69.6514
69.1816
73.4094
77.1675
75.7582
75.2885
77.1675
76.228
71.5304
64.0142
52.2702
38.6472
26.9032
18.9173
9.0523
-6.44978
-21.4821
-33.2261
-36.0447
-36.9842
-43.0911
-52.956
-64.2303
-69.8674
-69.3976
-64.2303
-57.1839
-51.5468
-44.5004
-32.7563
-18.1938
-5.51026
2.94542
18.9173
41.4658
63.5445
79.0466
90.3208
99.2462
105.823
113.339
126.023
141.994
153.738
158.436
157.966
155.148
149.511
137.767
116.627
91.2603
67.3026
50.861
39.117
25.4939
5.76398
-23.3611
-54.8351
-82.0812
-102.751
-120.132
-136.573
-146.438
-153.015
-161.471
-169.457
-174.624
-176.033
-176.973
-171.336
-161.001
-152.075
-149.257
-149.257
-146.438
-140.331
-130.936
-115.904
-98.9925
-82.0812
-62.821
-42.1516
-17.724
9.0523
34.4194
57.9074
80.4558
103.944
126.492
149.041
174.408
195.077
205.882
212.458
219.035
226.081
226.551
218.565
206.352
194.608
184.743
174.408
156.087
133.069
110.051
92.1998
77.1675
61.1957
39.5867
13.7499
-12.0869
-34.6354
-54.8351
-80.2021
-106.509
-129.527
-148.787
-172.745
-198.112
-223.009
-246.027
-268.106
-288.776
-299.58
-297.701
-288.306
-277.971
-268.106
-252.604
-224.418
-193.414
-168.517
-148.317
-124.36
-92.4159
-59.5327
-31.3471
-5.98002
19.387
43.8146
61.6654
76.228
92.6696
113.339
134.008
146.692
152.799
155.148
157.027
162.664
169.71
179.575
185.682
185.212
179.105
172.999
169.71
168.301
163.134
153.738
142.464
131.66
118.037
100.186
80.9256
66.363
52.74
35.8286
18.9173
5.29422
-7.3893
-25.7099
-48.7282
-67.9884
-78.7928
-81.6114
-81.6114
-82.0812
-81.1416
-77.8533
-70.3372
-63.2908
-55.3048
-46.3794
-40.7423
-40.7423
-45.4399
-48.2584
-47.7887
-44.5004
-39.333
-36.5144
-33.2261
-27.589
-21.4821
-19.6031
-23.3611
-24.7704
-20.0728
-10.6776
4.82446
25.0241
43.3448
53.6795
57.9074
57.9074
56.9678
57.9074
60.7259
62.1352
61.1957
60.7259
58.8469
56.0283
54.619
55.0888
55.0888
48.5122
44.2843
41.9355
40.5262
36.7682
30.1915
24.0846
14.2197
4.3547
-6.91954
-18.6635
-28.0587
-34.1656
-41.6818
-53.4258
-68.9279
-83.0207
-97.1135
-111.206
-122.481
-129.997
-137.043
-144.09
-151.136
-154.424
-156.303
-154.894
-146.438
-132.815
-125.299
-125.769
-125.299
-117.313
-106.039
-93.3554
-76.9138
-60.4722
-48.7282
-42.1516
-35.1051
-25.7099
-18.6635
-13.9659
-5.98002
4.82446
14.2197
20.3265
25.9637
32.5403
39.5867
44.7541
53.2098
67.7723
87.0325
103.004
110.051
112.4
116.158
124.613
136.357
149.98
160.315
163.134
166.892
174.878
182.394
181.924
173.468
163.603
153.738
141.994
129.781
117.567
110.051
105.353
93.6091
70.5909
46.1634
31.131
21.2661
9.52206
-7.3893
-28.0587
-44.9701
-52.956
-52.4863
-53.8956
-65.1698
-82.5509
-93.8252
-96.174
-94.7647
-92.4159
-88.6578
-83.4904
-82.5509
-89.1276
-90.0671
-81.1416
-68.9279
-60.0024
-50.1375
-36.0447
-23.3611
-14.9055
-6.91954
3.88494
14.6894
25.9637
34.8891
39.5867
40.5262
42.875
46.6331
46.6331
38.1774
25.0241
10.9313
-4.57074
-23.3611
-43.0911
-60.4722
-75.0348
-89.5973
-100.872
-106.509
-106.509
-104.63
-103.69
-103.69
-104.63
-106.978
-110.267
-111.676
-108.857
-102.281
-95.7042
-88.6578
-83.9602
-83.4904
-84.43
-85.8392
-86.7788
-85.8392
-82.0812
-71.7464
-60.0024
-46.3794
-33.2261
-20.0728
-5.51026
9.52206
24.5544
35.8286
46.6331
59.7864
72.0002
80.4558
89.3813
101.125
110.051
116.627
123.674
130.72
130.72
123.674
117.097
114.279
111.93
107.702
103.004
96.8974
87.5022
77.6373
72.4699
71.0606
73.4094
75.2885
72.9397
68.2421
64.484
59.7864
52.2702
43.8146
40.996
37.7077
26.9032
9.99182
-6.91954
-18.6635
-25.2402
-26.6495
-24.3007
-16.7845
-11.6171
-11.1474
-13.4962
-13.9659
-9.7381
1.06638
13.7499
23.6149
28.3125
27.8427
23.1451
14.6894
7.17326
4.3547
9.0523
19.387
26.9032
25.9637
18.4475
7.64302
-3.63122
-15.3752
-23.8309
-29.9378
-36.0447
-42.1516
-46.8492
-53.8956
-59.0629
-56.2444
-45.9096
-40.2725
-40.7423
-41.6818
-44.5004
-47.3189
-45.4399
-34.6354
-23.3611
-19.6031
-21.0123
-26.6495
-36.5144
-44.5004
-44.0306
-41.6818
-44.5004
-53.4258
-61.4117
-67.0488
-72.2162
-75.0348
-75.9743
-71.2767
-63.2908
-54.3653
-48.2584
-46.3794
-46.3794
-47.3189
-46.3794
-45.4399
-52.0165
-62.3512
-64.2303
-55.7746
-48.2584
-50.1375
-58.1234
-65.1698
-67.5186
-61.8815
-49.6677
-39.8028
-32.2866
-21.9519
-8.79858
0.59662
2.94542
4.3547
10.4616
22.2056
36.7682
48.9819
56.9678
60.7259
58.3771
50.861
44.7541
47.5726
56.0283
63.5445
71.0606
80.4558
90.7906
96.4277
98.3067
100.656
108.641
119.446
126.962
125.083
119.446
118.506
124.613
131.66
134.008
131.66
129.311
129.781
129.781
123.204
111.93
98.7765
83.7442
68.2421
56.4981
50.861
47.1029
39.117
26.9032
14.2197
4.82446
-0.3429
-5.0405
-13.9659
-32.2866
-56.2444
-75.9743
-90.0671
-102.751
-116.843
-127.648
-133.755
-137.513
-143.15
-151.136
-159.592
-165.229
-169.926
-175.563
-176.503
-164.289
-143.15
-125.769
-116.374
-107.918
-95.7042
-81.6114
-73.1557
-66.5791
-59.5327
-54.3653
-52.956
-53.4258
-47.7887
-37.9237
-22.4216
-7.3893
5.76398
16.0987
26.9032
35.8286
40.5262
41.4658
47.1029
57.9074
65.4235
67.3026
67.3026
69.1816
69.1816
64.9538
63.0747
65.8933
68.7118
64.9538
59.7864
57.4376
57.9074
56.4981
50.861
40.996
28.7822
20.7963
18.4475
15.1592
7.17326
-0.81266
-5.51026
-5.0405
-1.28242
4.82446
8.11278
6.7035
0.59662
-6.44978
-12.5567
