43.6963
49.9937
44.8413
37.3988
32.2463
13.9264
5.33899
27.6664
65.4512
76.9011
55.1462
32.2463
15.6439
7.62898
-4.96595
-21.5684
-33.0183
-28.4383
-31.3008
-51.3382
-74.2381
-73.0931
-57.6356
-47.9032
-46.1857
-54.7732
-65.0781
-75.9555
-73.0931
-60.4981
-41.6057
-18.7059
-4.96595
-2.67596
0.186523
7.62898
21.3689
25.3764
17.9339
-8.40093
-33.5908
-39.3158
-46.7582
-59.9256
-73.6656
-66.7956
-53.0557
-33.5908
-10.6909
-1.53097
2.47651
9.34647
21.9414
20.2239
11.6365
-0.385974
-10.6909
-16.4159
-7.82843
8.77397
16.7889
11.064
0.75902
-5.53844
4.7665
24.2314
37.3988
47.1313
52.2837
41.9788
12.209
-10.6909
-6.11094
12.7815
17.3614
1.90401
-17.5609
-18.7059
5.91149
23.0864
14.4989
-3.82095
-6.68344
-6.11094
-19.2784
-29.0108
-14.1259
19.6514
40.2613
44.2688
40.2613
41.4063
41.9788
33.3913
32.8188
40.8338
41.4063
30.5289
27.6664
45.4138
63.1612
62.0162
56.8637
47.1313
27.6664
13.9264
11.6365
10.4915
-2.10346
-15.2709
-18.1334
-26.7208
-33.5908
-15.8434
26.5214
51.7112
42.5513
15.0714
-4.96595
-14.1259
-28.4383
-45.0407
-61.6431
-54.7732
-39.3158
-19.8509
-11.2634
-7.25593
-16.4159
-31.3008
-26.1483
-14.1259
3.04901
13.9264
28.2389
39.1163
30.5289
12.7815
3.6215
-0.95847
-16.9884
-30.1558
-20.4234
1.90401
8.77397
-2.67596
-14.1259
-9.54592
0.75902
12.7815
11.064
-2.67596
-12.9809
-9.54592
-2.67596
-13.5534
-35.3083
-43.8957
-34.7358
-22.1408
-7.25593
3.6215
0.186523
-10.1184
-10.6909
-19.2784
-49.6207
-77.673
-71.3756
-40.4607
-29.0108
-37.0258
-49.0482
-51.9107
-39.3158
-29.5833
-29.5833
-34.1633
-29.0108
-14.1259
-19.2784
-35.8808
-39.8882
-26.1483
-15.2709
-12.9809
-10.6909
-14.1259
-25.5758
-28.4383
-11.2634
-2.10346
-7.25593
-1.53097
9.34647
11.064
9.91897
23.6589
36.2538
32.2463
31.1013
41.4063
41.4063
37.9713
54.0012
72.8936
74.0386
70.6036
70.6036
58.0087
32.2463
24.2314
32.2463
36.8263
34.5363
27.6664
18.5064
16.2164
34.5363
61.4437
66.5961
37.9713
-2.67596
-33.5908
-46.1857
-53.6282
-54.2007
-42.7507
-39.3158
-45.0407
-46.7582
-27.2933
-10.6909
-18.7059
-26.1483
-29.5833
-29.0108
-26.1483
-18.1334
-10.6909
-7.25593
5.91149
12.209
-6.11094
-20.4234
-2.10346
25.9489
23.6589
12.209
14.4989
14.4989
12.7815
33.3913
66.0236
68.8861
47.7038
32.2463
19.6514
-5.53844
-17.5609
-8.40093
-5.53844
-14.6984
-10.6909
19.0789
40.8338
41.9788
39.6888
45.9863
46.5588
39.1163
29.3839
23.6589
19.0789
7.62898
-8.40093
-18.1334
-20.9959
-27.2933
-41.6057
-48.4757
-43.8957
-46.7582
-58.7806
-63.3606
-49.0482
-37.0258
-40.4607
-41.6057
-33.0183
-20.9959
-26.1483
-27.8658
-3.24846
31.1013
45.4138
36.2538
24.8039
18.5064
13.9264
17.3614
17.3614
8.20148
0.75902
12.209
35.6813
28.8114
-0.385974
-25.0033
-14.6984
13.9264
29.9564
22.5139
11.6365
9.91897
1.33152
-9.54592
-13.5534
0.186523
8.20148
8.20148
14.4989
22.5139
19.6514
7.62898
10.4915
16.7889
13.3539
-4.96595
-16.9884
-13.5534
-3.82095
4.7665
0.75902
-11.2634
-25.5758
-28.4383
-18.1334
0.186523
9.34647
4.194
-7.25593
-24.4308
-29.0108
-15.2709
11.6365
29.3839
31.1013
24.2314
14.4989
13.9264
20.2239
14.4989
-0.95847
-12.4084
-3.24846
12.209
13.3539
0.186523
-9.54592
-4.39345
0.75902
1.90401
1.90401
5.33899
2.47651
-4.96595
-6.68344
-9.54592
-24.4308
-49.6207
-61.6431
-45.6132
-14.6984
-2.10346
-16.9884
-28.4383
-10.6909
12.209
13.3539
3.6215
8.20148
24.8039
28.8114
19.6514
3.04901
-7.25593
-5.53844
9.34647
16.2164
-0.95847
-31.3008
-44.4682
-34.7358
-17.5609
-0.385974
3.04901
-10.1184
-21.5684
-4.96595
31.6738
45.9863
17.3614
-23.8583
-47.3307
-49.0482
-42.7507
-33.5908
-10.1184
4.7665
-1.53097
-11.8359
-3.24846
16.2164
19.0789
8.20148
0.75902
-11.2634
-21.5684
-25.5758
-25.5758
-20.4234
-19.2784
-13.5534
-6.11094
-2.67596
-4.39345
-30.1558
-74.8105
-114.313
-117.175
-80.5355
-24.4308
28.8114
63.1612
75.7561
65.4512
48.8487
27.6664
7.05648
-15.2709
-62.2156
-114.313
-124.045
-73.0931
10.4915
96.366
200.56
296.167
317.922
253.23
153.043
62.5887
-0.385974
-25.5758
-5.53844
36.8263
75.7561
118.693
154.761
171.936
158.768
139.303
106.098
36.8263
-54.7732
-106.298
-88.5505
-34.1633
4.7665
39.6888
92.3585
136.441
135.868
75.1836
-2.67596
-65.0781
-84.543
-65.6506
-19.8509
38.5438
95.7935
133.006
137.013
102.091
40.2613
-26.7208
-75.9555
-106.87
-130.915
-137.785
-140.648
-137.213
-126.908
-113.168
-108.015
-130.915
-161.83
-178.432
-195.035
-211.637
-212.21
-180.722
-143.51
-127.48
-124.618
-121.755
-105.153
-77.673
-45.6132
-20.4234
4.194
55.1462
120.411
174.798
210.865
246.933
285.29
300.175
284.717
272.695
300.175
353.417
399.217
415.247
404.942
357.997
269.26
184.53
130.716
97.511
51.7112
5.33899
-25.5758
-58.2081
-109.733
-178.432
-259.727
-353.616
-452.086
-544.83
-628.415
-696.542
-745.777
-768.104
-769.249
-762.952
-761.807
-754.937
-737.762
-719.442
-714.289
-709.709
-674.215
-603.225
-524.22
-454.948
-398.844
-355.334
-299.229
-212.21
-105.153
1.90401
107.243
221.17
316.205
378.607
437.574
518.869
600.163
660.275
733.555
821.147
883.549
908.739
950.531
1036.41
1125.14
1206.44
1300.33
1410.25
1522.46
1634.66
1746.3
1786.38
1709.66
1527.61
1296.89
1052.44
803.399
602.453
464.481
351.127
210.293
28.2389
-173.28
-414.301
-686.81
-971.34
-1246.71
-1516.36
-1784.29
-2018.44
-2177.59
-2229.12
-2198.2
-2144.96
-2114.04
-2099.73
-2080.27
-2037.9
-1973.78
-1892.49
-1792.3
-1631.43
-1378.96
-1062.37
-713.144
-346.747
23.6589
352.845
637.948
901.296
1136.59
1324.37
1460.63
1571.69
1672.45
1757.75
1822.44
1865.38
1895.15
1902.59
1847.63
1714.24
1507
1260.25
996.903
726.685
445.589
173.081
-57.6356
-220.225
-337.014
-446.933
-548.838
-622.117
-635.857
-607.233
-540.823
-456.093
-368.501
-256.865
-106.298
99.801
349.982
635.085
939.081
1183.54
1302.04
1279.72
1147.47
959.119
732.41
514.289
352.272
261.818
218.308
162.776
89.496
1.33152
-116.603
-287.207
-542.54
-871.154
-1262.17
-1630.86
-1903.37
-2060.23
-2124.35
-2136.37
-2088.85
-1990.38
-1851.84
-1692.69
-1547.84
-1448.23
-1397.28
-1339.46
-1226.67
-1057.21
-845.391
-574.028
-248.277
89.496
415.247
732.41
1028.39
1237.35
1335.25
1329.52
1267.69
1188.12
1114.27
1055.3
1022.09
1026.67
1036.98
1012.36
942.516
854.352
746.722
596.728
421.544
247.505
82.6261
-72.5206
-181.295
-182.44
-78.2455
117.548
403.224
761.607
1139.46
1466.35
1715.96
1899.16
2031.4
2047.43
1878.55
1551.08
1169.22
829.734
515.434
256.665
86.061
-8.97342
-93.1304
-244.842
-416.591
-594.638
-802.454
-1102.44
-1491.17
-1889.05
-2258.31
-2549.71
-2727.19
-2768.41
-2689.98
-2541.7
-2337.32
-2111.75
-1879.32
-1653.76
-1459.11
-1307.97
-1178.58
-1015.42
-814.476
-576.318
-295.222
50.5662
435.857
817.712
1189.26
1555.09
1872.82
2076.06
2153.35
2130.45
2025.68
1824.16
1553.37
1273.99
1058.73
937.364
854.924
769.622
684.893
621.345
533.181
374.027
158.768
-66.7956
-296.367
-531.663
-710.282
-752.074
-643.3
-440.636
-148.663
268.115
769.05
1236.21
1606.61
1923.2
2215.18
2397.23
2329.1
2034.84
1628.94
1223.04
810.842
413.529
122.128
-33.5908
-116.03
-245.987
-408.004
-551.128
-698.832
-939.281
-1308.54
-1718.45
-2139.23
-2557.73
-2903.52
-3102.17
-3135.95
-3085.57
-2980.23
-2794.17
-2479.3
-2045.92
-1603.95
-1254.15
-1007.98
-797.301
-612.385
-442.353
-247.705
12.7815
309.335
572.683
842.329
1184.68
1604.32
1967.86
2184.83
2268.99
2274.72
2175.67
1935.8
1592.87
1220.18
884.121
582.416
325.937
141.593
41.9788
-7.25593
-57.6356
-122.9
-195.607
-265.452
-320.984
-342.739
-312.397
-233.965
-126.335
20.2239
257.238
620.2
1055.87
1495.55
1932.36
2378.91
2737.29
2858.66
2708.67
2358.87
1891.72
1331.81
746.15
216.018
-209.347
-577.463
-908.366
-1123.05
-1182.02
-1161.98
-1208.93
-1365.79
-1592.5
-1895.92
-2272.05
-2689.4
-3082.71
-3376.4
-3543.57
-3583.64
-3503.49
-3255.03
-2809.63
-2239.42
-1662.34
-1123.62
-606.66
-145.228
225.178
517.724
794.24
1049.57
1224.76
1347.27
1500.13
1723.97
1964.42
2183.12
2366.32
2515.16
2592.45
2566.69
2424.14
2195.14
1907.75
1537.34
1089.08
640.238
278.992
1.90401
-242.552
-452.658
-567.73
-566.013
-519.641
-473.841
-371.364
-165.265
79.1911
288.725
494.251
754.737
1035.26
1294.03
1542.49
1830.46
2092.09
2188.84
2097.24
1888.85
1631.8
1275.14
811.987
324.792
-101.145
-488.726
-875.733
-1215.8
-1458.54
-1606.24
-1753.37
-1971.49
-2198.77
-2380.25
-2494.75
-2609.25
-2762.11
-2883.48
-2942.45
-2959.05
-2941.87
-2821.65
-2530.82
-2138.09
-1761.96
-1413.88
-1014.85
-557.425
-101.718
294.45
674.015
1050.15
1347.27
1528.75
1652.98
1788.67
1883.7
1896.87
1875.11
1887.14
1902.59
1851.64
1740
1606.61
1476.08
1304.33
1044.99
735.845
442.727
199.988
-31.8733
-269.459
-476.703
-614.675
-690.817
-695.397
-595.783
-365.066
-51.9107
283
649.97
1073.05
1518.45
1918.05
2267.27
2572.99
2741.87
2689.2
2401.81
1966.71
1462.92
928.204
393.492
-97.7104
-487.008
-822.491
-1125.91
-1374.38
-1519.79
-1609.67
-1754.52
-1946.3
-2163.85
-2377.39
-2622.99
-2885.2
-3104.46
-3247.59
-3312.85
-3316.86
-3195.49
-2936.15
-2560.02
-2105.46
-1585.63
-1009.13
-421.744
147.891
651.115
1055.87
1382.77
1632.95
1794.96
1867.1
1915.76
1967.29
1994.19
1983.89
1963.28
1957.55
1938.09
1891.14
1790.96
1648.4
1467.5
1240.21
961.409
628.215
250.368
-147.518
-484.146
-710.854
-821.919
-864.856
-841.384
-702.267
-407.431
44.8413
562.378
1091.94
1603.75
2068.62
2424.71
2677.75
2909.04
3087.66
3092.24
2842.63
2390.36
1843.63
1255.1
676.305
112.396
-408.576
-895.771
-1321.71
-1634.86
-1824.36
-1931.42
-2067.1
-2240.57
-2438.08
-2644.18
-2846.27
-3064.96
-3300.26
-3550.44
-3762.26
-3890.5
-3881.34
-3711.88
-3385.56
-2946.45
-2433.5
-1839.82
-1183.16
-497.313
160.486
745.577
1245.94
1645.54
1929.5
2131.59
2296.47
2398.38
2383.49
2284.45
2195.71
2172.81
2167.66
2162.51
2135.6
2081.21
2010.22
1898.59
1738.29
1493.83
1158.35
745.577
290.442
-126.908
-461.246
-699.404
-882.031
-998.248
-979.355
-756.082
-338.732
185.103
755.882
1324.94
1863.09
2356.58
2795.69
3088.81
3119.72
2864.96
2394.94
1823.02
1197.28
585.278
-4.96595
-556.853
-1064.08
-1476.28
-1716.16
-1788.29
-1761.39
-1759.1
-1804.32
-1893.06
-2025.88
-2193.62
-2402.01
-2656.2
-2949.89
-3238.43
-3466.28
-3584.79
-3529.83
-3295.68
-2963.63
-2581.2
-2103.74
-1487.73
-794.439
-96.5654
538.906
1109.11
1602.6
2010.22
2301.62
2439.6
2427.57
2246.09
1987.9
1731.42
1517.3
1301.47
1105.11
1015.8
1028.96
1128.58
1293.46
1474.37
1535.05
1415.4
1169.8
870.382
553.791
214.873
-138.358
-489.871
-718.869
-723.449
-486.436
-121.755
297.885
790.805
1384.48
2041.14
2690.35
3281.74
3685.92
3803.28
3580.58
3092.24
2428.15
1648.98
827.444
-10.1184
-836.804
-1610.82
-2244.57
-2649.9
-2802.19
-2791.31
-2716.31
-2621.28
-2505.63
-2391.13
-2332.74
-2369.38
-2545.71
-2847.98
-3208.09
-3516.09
-3714.17
-3785.16
-3717.61
-3522.39
-3192.06
-2672.23
-1942.87
-1062.37
-146.945
708.365
1497.84
2205.44
2822.02
3248.53
3403.11
3279.45
2935.95
2500.28
2057.74
1693.63
1357
1023.81
726.112
593.866
672.298
842.329
983.163
1032.4
1016.37
926.486
778.782
596.156
370.019
63.7337
-288.924
-570.593
-663.337
-528.8
-235.11
154.761
609.896
1162.35
1813.28
2522.61
3152.93
3589.17
3744.32
3592.03
3198.73
2623.37
1926.07
1072.47
79.7636
-966.188
-1934.85
-2708.3
-3227.55
-3533.26
-3696.42
-3722.19
-3612.27
-3366.67
-3044.35
-2665.36
-2363.65
-2255.45
-2335.03
-2488.46
-2611.54
-2755.24
-2920.12
-3074.12
-3093.59
-2904.66
-2478.72
-1842.68
-1050.34
-169.273
746.722
1659.28
2530.05
3297.77
3850.23
4129.61
4103.27
3845.65
3427.72
2913.05
2315.36
1656.42
1022.67
509.709
179.378
11.064
-17.5609
40.8338
154.188
278.42
413.529
542.341
617.911
603.598
499.976
390.629
343.112
398.072
529.174
697.488
915.609
1238.5
1715.96
2262.69
2702.94
2978.89
3071.63
2998.92
2736.15
2321.66
1794.96
1112.55
270.977
-674.787
-1589.64
-2363.08
-2965.92
-3480.02
-3923.13
-4211.1
-4261.48
-4139.54
-3960.92
-3755.96
-3558.45
-3353.5
-3164.58
-2975.65
-2819.36
-2711.73
-2644.18
-2620.7
-2560.02
-2368.8
-1997.83
-1506.05
-926.686
-252.857
544.631
1419.98
2284.45
3025.26
3575.43
3915.49
4052.89
4044.3
3928.09
3694.51
3265.71
2656
1995.91
1407.96
917.326
483.374
78.6186
-249.422
-443.498
-512.771
-489.871
-422.316
-307.244
-189.31
-57.6356
179.378
525.166
880.114
1122.85
1293.46
1494.98
1777.79
2125.87
2387.5
2469.36
2393.22
2220.33
2004.5
1715.96
1390.78
996.903
497.686
-68.5131
-646.162
-1163.13
-1584.48
-1942.29
-2321.86
-2756.96
-3161.14
-3427.92
-3582.5
-3651.2
-3692.99
-3739.93
-3737.07
-3640.89
-3433.65
-3212.67
-2989.39
-2751.81
-2462.12
-2055.65
-1547.27
-1005.12
-516.206
-30.1558
534.326
1192.7
1863.09
2424.71
2798.55
3024.69
3153.5
3193.57
3147.77
3047.59
2896.45
2617.64
2236.93
1863.09
1568.26
1310.63
1007.78
639.665
292.16
43.1238
-121.755
-278.047
-446.361
-517.351
-470.406
-350.754
-162.403
132.433
556.081
1028.96
1504.14
1975.87
2474.52
2954.84
3271.43
3343.57
3174.68
2863.82
2439.6
1906.03
1302.04
614.476
-120.038
-854.551
-1503.76
-1985.23
-2308.69
-2570.32
-2831.38
-3077.56
-3214.38
-3249.88
-3277.36
-3339.76
-3484.03
-3624.29
-3691.84
-3682.11
-3665.51
-3683.26
-3663.22
-3552.73
-3300.26
-2842.26
-2185.03
-1469.41
-779.554
-98.2829
644.818
1446.31
2212.31
2828.32
3221.63
3421.43
3483.26
3455.2
3322.39
3098.54
2771.07
2350.29
1926.64
1550.51
1242.5
955.684
663.138
401.507
226.895
145.028
138.731
149.608
153.616
153.043
145.028
218.88
396.927
667.718
982.018
1319.79
1699.93
2155.06
2643.4
3005.22
3166.09
3108.27
2943.39
2646.84
2194.57
1613.48
888.129
94.6485
-703.412
-1430.48
-2039.05
-2525.67
-2938.44
-3294.53
-3567.61
-3648.91
-3567.04
-3469.72
-3405.6
-3403.88
-3390.14
-3348.92
-3256.75
-3167.44
-3117.63
-3088.43
-3018.59
-2851.42
-2602.96
-2207.36
-1705.28
-1099.58
-457.811
244.07
1024.38
1826.45
2503.71
2969.73
3286.89
3506.16
3680.2
3711.68
3578.29
3269.72
2821.45
2346.28
1886.56
1454.9
1037.55
640.238
287.007
27.6664
-144.083
-216.79
-258.582
-291.787
-231.102
-60.4981
211.438
502.266
785.08
1088.5
1414.25
1766.91
2175.1
2547.8
2779.09
2828.32
2685.77
2446.47
2064.61
1594.02
1031.25
358.569
-352.471
-1022.87
-1574.75
-2012.71
-2381.4
-2704.29
-2967.64
-3153.13
-3191.48
-3151.41
-3113.05
-3123.93
-3166.87
-3182.32
-3187.48
-3183.47
-3218.39
-3244.72
-3239.57
-3165.72
-3022.02
-2781.58
-2383.69
-1877.03
-1296.52
-658.185
80.9086
896.716
1703.36
2359.45
2826.6
3134.03
3347.57
3478.1
3442.04
3236.51
2866.68
2396.66
1907.17
1468.64
1101.1
768.477
449.024
179.378
4.194
-95.9929
-126.335
-97.7104
28.2389
245.215
517.724
841.184
1192.12
1523.03
1806.41
2074.91
2381.77
2720.12
2940.53
2996.63
2874.69
2646.27
2362.31
1970.72
1490.97
880.114
210.865
-441.781
-1051.49
-1588.49
-2020.73
-2371.67
-2656.2
-2892.64
-3055.8
-3128.51
-3173.74
-3173.74
-3171.45
-3172.59
-3165.15
-3145.11
-3134.81
-3165.72
-3198.93
-3183.47
-3054.66
-2835.39
-2528.53
-2162.13
-1710.43
-1135.65
-468.116
237.2
925.341
1564.82
2153.35
2696.07
3126.59
3405.4
3503.29
3450.62
3286.32
3006.94
2646.84
2225.48
1774.35
1320.94
870.954
446.734
130.716
-54.7732
-130.343
-148.663
-146.945
-64.5056
124.991
456.466
853.779
1252.24
1643.25
2068.04
2522.61
2939.38
3203.88
3250.25
3109.99
2826.6
2482.53
2019.38
1426.28
695.77
-97.7104
-813.904
-1451.67
-1999.54
-2470.14
-2849.7
-3133.66
-3327.16
-3401.02
-3321.44
-3185.19
-3074.69
-3028.32
-3010
-2963.63
-2939.01
-2943.59
-2988.25
-3015.73
-3012.86
-2956.19
-2823.94
-2606.39
-2316.71
-1949.74
-1459.68
-833.369
-103.435
660.848
1383.91
1979.31
2469.36
2884.43
3241.09
3473.52
3487.84
3310.36
3003.5
2643.98
2261.55
1820.15
1334.68
855.497
424.407
99.801
-129.198
-280.337
-351.899
-350.754
-236.255
-15.2709
307.045
735.272
1231.05
1735.42
2209.45
2654.28
3096.82
3441.46
3551.38
3411.12
3071.63
2673.75
2190.56
1584.29
860.649
47.7038
-717.152
-1382.39
-1925.69
-2364.8
-2754.67
-3058.09
-3240.72
-3291.1
-3212.67
-3056.95
-2872.6
-2710.59
-2616.12
-2552
-2508.49
-2514.79
-2618.41
-2792.45
-2953.9
-3031.76
-3011.15
-2885.77
-2614.98
-2190.76
-1646.31
-1024.01
-339.877
394.637
1132.59
1788.67
2350.86
2794.54
3118.58
3307.5
3315.52
3162.09
2874.12
2499.71
2082.36
1615.2
1140.6
690.045
270.405
-69.6581
-289.497
-388.539
-413.729
-401.706
-284.344
-23.8583
347.12
786.225
1261.97
1746.87
2242.66
2745.31
3222.2
3546.23
3651
3589.17
3368.76
3009.23
2467.65
1804.7
1069.61
252.658
-556.853
-1299.38
-1927.41
-2447.81
-2886.91
-3174.31
-3306.55
-3324.87
-3250.45
-3129.08
-2964.77
-2795.89
-2659.63
-2539.41
-2459.26
-2457.54
-2569.75
-2728.91
-2843.4
-2873.75
-2839.97
-2751.23
-2585.78
-2327.59
-1918.25
-1336.59
-625.552
145.601
909.884
1615.2
2251.24
2793.4
3239.37
3540.51
3624.66
3492.99
3197.58
2810
2369.75
1842.48
1260.82
684.893
162.776
-236.255
-501.321
-635.285
-663.337
-582.043
-358.769
-22.7133
380.897
842.902
1363.87
1911.18
2427
2901.03
3326.97
3591.46
3632.11
3469.52
3195.86
2834.05
2298.19
1638.67
880.687
63.7337
-730.892
-1465.41
-2066.53
-2568.61
-3006.57
-3314
-3466.85
-3449.11
-3287.66
-3076.41
-2830.81
-2596.66
-2387.7
-2189.61
-2046.49
-1994.39
-2054.5
-2175.3
-2288.66
-2394.57
-2494.18
-2514.22
-2375.67
-2072.82
-1646.31
-1112.17
-488.726
210.865
891.564
1489.82
2023.96
2528.9
2998.35
3298.91
3364.75
3245.67
2988.62
2623.94
2170.52
1633.52
1043.85
418.682
-188.165
-675.932
-1009.13
-1160.26
-1174
-1094.43
-874.588
-492.733
42.5513
690.045
1373.03
2046.29
2658.29
3225.06
3686.49
3921.22
3904.04
3657.87
3298.91
2783.09
2088.65
1279.14
387.194
-464.681
-1238.7
-1914.82
-2455.25
-2900.65
-3194.35
-3307.13
-3287.09
-3122.21
-2861.15
-2547.42
-2234.27
-2018.44
-1866.73
-1748.79
-1684.67
-1733.33
-1913.67
-2155.84
-2349.34
-2493.61
-2593.22
-2596.09
-2466.7
-2201.06
-1795.74
-1248.43
-552.273
227.468
1002.06
1757.18
2403.53
2927.36
3308.07
3505.01
3513.6
3329.83
2975.45
2491.12
1883.13
1216.17
550.928
-106.87
-662.765
-1068.09
-1301.1
-1366.36
-1303.96
-1112.75
-786.996
-295.794
365.439
1084.5
1756.03
2386.93
3024.11
3620.08
4018.54
4173.12
4079.8
3796.98
3316.09
2634.24
1850.5
964.844
53.4287
-817.911
-1615.4
-2261.18
-2767.26
-3121.64
-3305.41
-3349.49
-3205.22
-2900.65
-2551.43
-2199.92
-1911.38
-1665.78
-1460.25
-1348.04
-1356.63
-1507.77
-1744.78
-1990.96
-2207.36
-2427.2
-2610.4
-2677.95
-2558.87
-2211.94
-1680.09
-1010.84
-259.154
478.794
1209.3
1943.81
2638.82
3203.31
3518.75
3608.06
3534.78
3281.17
2871.83
2326.81
1675.88
991.178
296.167
-345.029
-908.366
-1354.34
-1608.53
-1669.21
-1556.43
-1255.87
-773.257
-154.96
553.218
1288.88
2030.26
2729.85
3359.02
3843.36
4095.26
4083.23
3796.98
3288.61
2539.21
1662.72
711.8
-279.764
-1204.92
-2041.91
-2692.27
-3138.24
-3430.79
-3574.48
-3597.96
-3451.4
-3102.17
-2677.38
-2264.61
-1914.82
-1617.69
-1319.99
-1092.71
-986.798
-1045.77
-1246.14
-1515.78
-1798.03
-2028.17
-2166.71
-2204.5
-2147.82
-1940
-1531.81
-970.195
-295.794
437.574
1209.87
1962.71
2610.2
3148.35
3542.22
3739.74
3694.51
3399.1
2965.72
2483.1
1884.85
1155.48
376.317
-339.304
-964.47
-1522.08
-1899.36
-2031.6
-1961.19
-1729.33
-1296.52
-653.605
126.136
920.761
1683.33
2431.01
3164.95
3796.98
4205.75
4324.25
4166.25
3823.32
3243.38
2452.19
1495.55
466.199
-524.793
-1487.16
-2356.78
-3027.18
-3471.43
-3671.24
-3673.53
-3536.7
-3256.17
-2850.85
-2328.16
-1778.56
-1342.32
-1008.55
-781.844
-693.107
-749.212
-916.953
-1155.68
-1452.81
-1772.26
-2068.24
-2274.92
-2341.9
-2228.54
-1920.54
-1449.38
-804.171
-67.3681
683.748
1457.76
2230.63
2957.13
3531.92
3859.96
3933.81
3769.51
3439.17
2994.34
2389.79
1646.11
829.734
9.91897
-717.724
-1307.4
-1729.33
-1993.25
-2121.49
-2060.23
-1755.66
-1216.37
-491.016
333.952
1188.12
2038.27
2860.95
3586.88
4096.4
4315.67
4220.06
3896.03
3342.99
2590.73
1701.07
667.145
-399.989
-1419.03
-2311.56
-3016.3
-3560.17
-3893.94
-4001.57
-3922.56
-3638.6
-3182.9
-2632.73
-2056.22
-1544.98
-1093.28
-730.892
-531.663
-504.756
-633.567
-867.146
-1171.14
-1506.05
-1832.38
-2087.14
-2242.86
-2248.58
-2063.09
-1698.41
-1155.11
-473.268
280.71
1080.49
1868.82
2602.18
3232.5
3680.2
3929.8
3964.73
3774.09
3399.67
2854.08
2161.36
1367.88
514.289
-291.214
-1000.54
-1598.22
-2048.78
-2319.57
-2356.21
-2140.38
-1713.3
-1093.28
-284.344
660.275
1647.26
2574.13
3380.21
3964.73
4272.16
4267.58
4039.15
3617.79
2964.57
2117.85
1083.92
-20.4234
-1100.15
-2110.61
-2933.29
-3564.75
-3971.8
-4104.62
-3988.97
-3662.08
-3209.8
-2702
-2157.55
-1646.31
-1194.61
-770.394
-434.911
-251.712
-291.214
-519.068
-851.689
-1197.48
-1510.63
-1809.48
-2099.16
-2308.69
-2286.37
-2021.87
-1555.29
-928.403
-202.477
614.476
1470.93
2306.78
3052.74
3632.68
4019.69
4178.27
4075.22
3776.95
3313.23
2664.59
1868.82
988.888
133.578
-657.04
-1363.5
-1914.24
-2291.52
-2463.84
-2392.85
-2060.23
-1468.84
-655.322
270.977
1196.7
2082.36
2945.68
3699.66
4181.7
4311.09
4148.5
3764.93
3111.71
2268.99
1288.3
202.278
-903.213
-1964.05
-2824.51
-3477.16
-3948.32
-4170.45
-4156.71
-3917.41
-3472.58
-2882.33
-2196.48
-1532.96
-982.218
-505.328
-142.365
49.4212
33.9638
-150.38
-412.011
-760.662
-1189.46
-1600.51
-1909.09
-2106.03
-2155.26
-1995.54
-1622.27
-1089.27
-467.543
275.557
1120.56
1969.58
2764.77
3444.9
3928.09
4158.8
4154.22
4003.08
3719.7
3208.46
2492.84
1627.22
718.67
-149.235
-961.036
-1652.04
-2187.32
-2513.07
-2574.33
-2363.65
-1909.09
-1259.88
-466.398
450.169
1433.72
2398.38
3201.59
3747.75
4031.71
4048.31
3815.88
3293.19
2539.21
1600.89
491.389
-645.59
-1719.59
-2681.39
-3483.46
-4093.74
-4394.87
-4404.6
-4185.91
-3748.52
-3188.05
-2562.31
-1890.77
-1223.81
-572.883
-50.1932
271.55
392.347
308.19
82.6261
-252.285
-665.055
-1117.9
-1565.02
-1942.87
-2186.75
-2223.39
-2048.21
-1641.16
-1050.92
-321.557
510.281
1390.21
2280.44
3095.1
3725.42
4113.58
4268.72
4238.95
4055.75
3649.85
2998.92
2153.35
1216.17
311.052
-540.823
-1297.66
-1901.08
-2314.42
-2513.65
-2463.27
-2130.65
-1532.96
-773.829
63.7337
948.814
1850.5
2689.2
3360.17
3800.99
3933.81
3782.1
3361.31
2708.67
1881.98
863.512
-249.422
-1383.54
-2443.23
-3281.94
-3927.14
-4373.12
-4607.27
-4585.51
-4238.01
-3649.48
-2938.44
-2177.59
-1423.61
-692.535
-29.5833
498.259
837.749
926.486
778.21
468.489
31.1013
-524.22
-1115.61
-1626.85
-1993.82
-2178.16
-2177.59
-1929.13
-1459.68
-853.406
-129.198
697.488
1631.23
2545.51
3298.91
3843.93
4171.4
4292.19
4208.61
3916.06
3401.96
2688.06
1832.18
947.096
82.0536
-760.089
-1527.23
-2167.86
-2586.93
-2703.72
-2501.05
-2017.86
-1341.17
-526.51
413.529
1416.54
2376.62
3136.32
3632.68
3862.82
3849.65
3601.19
3089.95
2366.32
1413.11
286.435
-862.566
-1948.02
-2893.78
-3703.87
-4313
-4623.3
-4652.49
-4398.31
-3899.09
-3248.73
-2526.81
-1768.83
-979.928
-210.492
393.492
762.18
912.746
874.962
685.465
338.532
-127.48
-652.46
-1183.16
-1678.95
-2051.64
-2223.39
-2150.68
-1838.67
-1379.53
-751.502
40.8338
945.951
1864.24
2679.47
3366.47
3905.19
4256.13
4416.43
4331.12
3956.71
3352.15
2590.16
1740.58
845.764
-51.3382
-861.994
-1562.16
-2102.59
-2400.86
-2411.17
-2118.62
-1570.74
-875.733
-85.688
790.232
1738.86
2615.35
3245.1
3591.46
3676.76
3564.55
3206.17
2603.33
1763.48
704.358
-427.469
-1544.41
-2548.57
-3411.32
-4129.8
-4603.83
-4804.21
-4727.49
-4385.14
-3810.92
-3038.63
-2175.87
-1353.2
-598.073
79.1911
631.078
979.728
1064.46
943.089
675.16
310.48
-171.562
-812.759
-1515.21
-2016.15
-2136.94
-2000.69
-1776.27
-1494.6
-1047.48
-407.431
365.439
1241.93
2117.85
2880.99
3497
3973.31
4304.22
4404.4
4192.01
3699.66
3016.1
2207.16
1350.13
468.489
-416.019
-1262.17
-1961.76
-2365.37
-2488.46
-2410.02
-2123.78
-1583.91
-829.934
60.8712
1023.81
1974.16
2760.77
3312.08
3628.67
3713.4
3523.33
3030.98
2307.35
1379.33
325.365
-790.431
-1917.68
-2949.32
-3829.24
-4467.58
-4817.37
-4897.52
-4702.3
-4269.49
-3658.64
-2924.13
-2132.36
-1294.8
-452.086
276.13
819.429
1140.03
1273.42
1238.5
1014.65
615.621
75.7561
-516.206
-1092.71
-1551.85
-1830.66
-1905.08
-1789.44
-1512.92
-1047.48
-420.026
350.555
1206.44
2069.76
2877.56
3566.84
4066.63
4317.38
4286.47
4005.95
3523.33
2868.4
2080.07
1193.84
297.312
-513.916
-1198.05
-1748.79
-2127.21
-2297.24
-2227.4
-1897.64
-1290.22
-446.361
539.478
1566.54
2499.71
3221.05
3684.78
3896.6
3891.45
3629.24
3096.82
2308.49
1286.01
147.318
-1007.41
-2080.27
-3046.07
-3897.94
-4541.43
-4909.55
-4996.57
-4831.11
-4439.53
-3829.24
-3051.22
-2184.46
-1264.46
-364.494
395.209
905.304
1132.59
1156.63
1023.24
746.722
339.105
-166.41
-695.97
-1195.19
-1568.45
-1783.14
-1819.78
-1680.09
-1382.97
-896.343
-244.842
548.066
1393.07
2213.46
2961.14
3559.97
3984.76
4236.09
4273.3
4038.01
3543.37
2852.37
2037.7
1140.6
246.36
-575.173
-1307.4
-1896.5
-2274.34
-2391.13
-2260.03
-1898.79
-1307.97
-507.618
428.987
1405.67
2286.17
2994.34
3505.01
3777.52
3794.12
3488.41
2902.17
2088.08
1091.94
21.3689
-1079.54
-2137.52
-3121.64
-3967.22
-4566.05
-4895.81
-5000
-4888.94
-4530.55
-3901.95
-3067.25
-2144.96
-1206.06
-353.044
340.822
819.429
1098.24
1233.92
1211.02
1002.06
594.438
92.931
-416.591
-884.893
-1258.16
-1512.35
-1594.79
-1514.64
-1254.15
-789.286
-162.403
568.103
1353.57
2171.09
2954.84
3581.73
4003.66
4225.21
4177.7
3833.62
3270.86
2610.77
1864.24
991.751
78.6186
-759.517
-1469.41
-2053.93
-2463.27
-2620.13
-2500.48
-2128.36
-1525.52
-717.152
219.453
1197.28
2091.52
2832.9
3357.88
3644.13
3722.56
3530.2
3058.46
2300.48
1324.37
264.108
-809.896
-1831.23
-2775.85
-3613.99
-4276.36
-4718.9
-4892.37
-4764.7
-4387.43
-3839.55
-3146.26
-2326.44
-1427.05
-580.325
124.418
657.413
1011.79
1191.55
1195.56
1016.94
652.833
187.393
-292.932
-722.304
-1064.66
-1322.85
-1463.69
-1449.38
-1224.38
-756.654
-100.573
678.023
1497.27
2244.37
2887.29
3430.01
3864.54
4133.04
4129.61
3870.26
3411.12
2834.05
2171.67
1386.2
489.099
-433.194
-1247.86
-1887.34
-2340.18
-2562.88
-2495.9
-2165.57
-1629.71
-933.556
-67.9406
933.929
1926.07
2772.79
3381.92
3730
3814.16
3607.49
3161.51
2508.29
1643.25
618.483
-487.581
-1578.76
-2598.95
-3504.07
-4192.78
-4621.01
-4803.06
-4761.84
-4527.12
-4077.71
-3425.06
-2643.03
-1827.22
-1056.07
-365.639
193.118
585.278
824.009
916.181
827.444
548.066
159.341
-252.285
-648.452
-1010.84
-1320.56
-1521.51
-1551.85
-1364.65
-936.991
-322.702
376.889
1097.09
1819.58
2551.8
3235.94
3766.64
4098.69
4177.7
4015.11
3649.85
3134.03
2491.12
1714.24
860.077
24.2314
-728.602
-1389.84
-1941.72
-2323.01
-2442.08
-2284.08
-1873.02
-1238.12
-424.034
505.701
1437.15
2270.71
2965.15
3480.97
3772.94
3784.39
3487.84
2964.57
2263.27
1394.22
393.492
-676.505
-1716.73
-2681.96
-3529.26
-4173.89
-4571.2
-4718.9
-4633.03
-4333.04
-3834.4
-3185.19
-2470.71
-1738.49
-1040.04
-413.729
70.0311
385.477
561.233
573.828
415.247
118.693
-197.325
-507.618
-824.781
-1119.62
-1332.59
-1404.15
-1325.14
-1080.11
-657.612
-97.1379
552.646
1279.14
2033.12
2751.03
3345.86
3777.52
4032.28
4059.76
3875.99
3511.31
2969.73
2251.82
1414.83
562.378
-240.262
-938.136
-1478
-1863.86
-2120.34
-2201.06
-2038.47
-1600.51
-926.686
-83.9705
828.589
1700.5
2478.52
3147.77
3625.24
3845.65
3785.53
3480.97
2990.34
2274.14
1356.43
323.075
-723.449
-1720.74
-2665.36
-3474.3
-4045.65
-4382.85
-4525.97
-4487.62
-4254.04
-3844.7
-3297.97
-2645.32
-1925.69
-1236.41
-655.322
-217.362
76.3286
237.2
261.245
155.333
-59.3531
-343.312
-664.482
-957.601
-1155.68
-1236.41
-1236.41
-1166.56
-955.883
-567.158
-33.0183
582.416
1243.08
1896.3
2525.47
3095.68
3546.23
3794.69
3795.27
3599.47
3225.06
2697.79
2035.98
1280.29
498.831
-247.705
-923.823
-1506.62
-1943.44
-2167.86
-2112.9
-1809.48
-1318.27
-706.274
8.77397
845.192
1744.01
2580.43
3265.71
3731.72
3973.89
3986.48
3740.88
3269.72
2583.86
1736
782.217
-264.879
-1328.58
-2317.28
-3150.26
-3773.71
-4214.53
-4452.69
-4469.87
-4264.91
-3897.37
-3425.06
-2864.01
-2219.96
-1543.26
-922.678
-422.316
-90.8405
74.6111
134.723
119.838
4.194
-225.95
-541.968
-856.269
-1095.57
-1211.22
-1180.87
-1046.91
-825.354
-480.711
1.90401
587.568
1205.86
1824.73
2439.02
2985.76
3398.53
3649.85
3717.41
3590.31
3255.98
2743.59
2115.56
1405.67
639.665
-138.358
-874.016
-1494.6
-1936
-2161.56
-2167.86
-1971.49
-1580.48
-1002.83
-263.734
580.126
1484.67
2360.02
3120.29
3681.91
3977.32
4039.72
3874.27
3478.68
2875.84
2086.36
1179.53
149.036
-951.876
-2005.27
-2919.55
-3638.6
-4156.71
-4456.13
-4539.14
-4413.76
-4117.78
-3683.26
-3148.55
-2542.84
-1891.92
-1253.01
-695.397
-294.649
-75.9555
-4.39345
-14.1259
-114.313
-300.374
-540.823
-824.209
-1086.98
-1251.29
-1243.85
-1125.34
-951.876
-650.17
-185.302
363.149
919.044
1484.1
2056.59
2597.03
3057.89
3413.98
3585.16
3522.19
3257.12
2839.77
2294.18
1624.93
878.397
121.556
-588.34
-1194.04
-1653.18
-1945.73
-2065.38
-1969.2
-1633.72
-1096.14
-417.736
372.309
1239.64
2105.83
2883.85
3495.85
3917.78
4137.05
4166.25
3956.71
3475.81
2775.08
1902.59
931.066
-93.1304
-1109.31
-2094.01
-3014.01
-3756.54
-4231.71
-4468.15
-4544.29
-4441.24
-4149.84
-3682.69
-3110.19
-2474.72
-1844.4
-1292.51
-841.956
-491.588
-233.392
-82.253
-10.1184
-43.3232
-193.89
-456.093
-768.677
-1033.74
-1213.51
-1258.16
-1156.83
-919.243
-575.745
-119.465
440.437
1054.73
1651.27
2191.7
2681.19
3060.18
3298.34
3357.88
3230.79
2932.51
2499.13
1965.57
1346.13
688.328
27.6664
-597.5
-1148.24
-1550.71
-1777.99
-1858.14
-1765.97
-1440.22
-883.176
-170.418
607.033
1399.37
2200.86
2970.3
3637.83
4107.85
4307.65
4264.71
3972.17
3442.04
2743.02
1902.02
921.334
-171.562
-1257.59
-2207.36
-3023.74
-3711.88
-4205.37
-4477.88
-4540.86
-4422.35
-4142.4
-3694.13
-3120.49
-2493.61
-1877.03
-1335.45
-891.191
-563.723
-343.312
-220.797
-221.942
-370.219
-600.935
-809.896
-982.79
-1112.75
-1199.77
-1184.31
-1059.5
-871.726
-590.63
-199.042
315.06
916.754
1563.1
2163.65
2622.79
2910.19
3073.92
3146.06
3099.68
2924.5
2595.89
2127.58
1563.1
949.386
304.755
-327.854
-848.254
-1203.77
-1400.14
-1467.7
-1349.76
-1017.14
-503.038
134.151
831.452
1575.7
2333.68
3067.62
3671.61
4062.62
4234.94
4204.03
3955.57
3447.76
2745.31
1940.95
1057.59
98.656
-906.076
-1878.75
-2759.25
-3525.82
-4125.22
-4514.52
-4661.08
-4548.87
-4232.28
-3791.46
-3284.23
-2737.49
-2175.3
-1665.21
-1223.81
-859.131
-588.913
-442.353
-428.041
-509.908
-661.047
-832.796
-1005.12
-1136.22
-1178.58
-1163.7
-1130.49
-1056.07
-831.651
-407.431
123.846
664.283
1197.28
1728.55
2221.47
2596.46
2845.5
2998.92
3029.84
2886.14
2558.67
2111.55
1585.43
991.751
370.592
-183.012
-599.218
-890.618
-1078.4
-1136.79
-1041.76
-807.606
-471.551
-20.4234
574.401
1260.82
1946.68
2558.1
3116.86
3606.92
3933.24
4027.7
3879.42
3563.98
3079.07
2411.54
1594.59
661.42
-299.229
-1233.54
-2099.16
-2862.3
-3496.62
-3931.15
-4150.99
-4197.93
-4118.93
-3930
-3626.01
-3213.24
-2737.49
-2246.86
-1786
-1372.66
-1052.06
-853.979
-737.189
-681.657
-679.367
-760.089
-867.146
-961.036
-1046.34
-1084.12
-1052.63
-928.976
-752.647
-530.518
-206.485
225.178
725.54
1240.21
1720.54
2137.32
2456.77
2669.74
2772.22
2743.02
2602.18
2362.88
2035.98
1648.98
1243.65
849.772
457.611
87.7785
-223.66
-452.658
-566.585
-536.243
-354.761
-77.1005
273.267
708.937
1191.55
1665.01
2124.72
2595.31
3065.33
3399.67
3531.35
3447.76
3162.66
2713.82
2097.24
1405.67
654.55
-162.975
-1014.28
-1844.4
-2584.06
-3222.97
-3717.61
-4006.72
-4120.07
-4131.52
-4046.79
-3834.97
-3509.79
-3126.22
-2706.58
-2243.43
-1794.02
-1421.9
-1161.98
-976.493
-844.246
-763.524
-724.022
-724.594
-745.204
-818.484
-914.091
-952.448
-890.618
-722.304
-491.588
-213.927
129.571
545.203
999.193
1440.59
1802.98
2098.39
2312.5
2442.46
2513.45
2524.32
2469.94
2313.65
2062.89
1737.71
1375.9
1023.81
722.105
461.619
205.713
-29.0108
-181.295
-174.425
-25.5758
211.438
487.954
803.399
1170.37
1579.71
1991.9
2348.57
2632.53
2826.03
2921.64
2804.85
2511.16
2178.54
1835.61
1401.66
770.767
24.2314
-765.242
-1547.27
-2231.41
-2807.34
-3287.09
-3669.52
-3907.1
-3986.11
-3946.61
-3781.73
-3477.73
-3065.53
-2637.88
-2241.14
-1863.86
-1484.3
-1152.82
-908.366
-739.479
-616.965
-564.295
-635.285
-774.974
-914.091
-1008.55
-1045.19
-1019.43
-911.228
-735.472
-511.053
-252.857
66.5961
497.686
1009.5
1486.96
1865.38
2169.95
2422.99
2616.5
2734.43
2764.77
2668.02
2445.89
2151.06
1843.63
1516.73
1136.59
714.662
285.29
-65.6506
-306.099
-434.911
-438.346
-311.824
-48.4757
279.565
642.528
1041.56
1476.66
1910.61
2317.08
2646.84
2841.49
2859.81
2698.36
2427.57
2037.7
1545.93
945.379
244.643
-508.763
-1256.44
-1949.74
-2608.68
-3224.69
-3739.36
-4061.11
-4192.21
-4134.38
-3916.84
-3584.22
-3174.88
-2738.64
-2277.21
-1808.33
-1349.19
-966.188
-702.839
-551.128
-478.993
-431.476
-421.744
-453.803
-570.02
-722.877
-805.316
-804.744
-743.487
-654.177
-482.428
-176.715
256.665
738.135
1207.01
1656.99
2102.97
2519.74
2834.05
3042.43
3139.19
3106.55
2944.54
2685.2
2358.3
1963.85
1508.14
1023.81
546.921
93.5035
-318.694
-667.345
-900.351
-973.058
-887.756
-638.72
-232.82
270.977
766.187
1209.87
1644.4
2085.22
2480.81
2753.9
2875.27
2817.44
2599.89
2240.94
1740.58
1114.27
368.302
-441.781
-1242.7
-1978.36
-2644.18
-3240.15
-3738.22
-4077.14
-4232.85
-4205.95
-3991.26
-3652.34
-3237.28
-2763.83
-2237.13
-1707.57
-1247.28
-890.046
-648.452
-503.038
-438.346
-402.279
-405.141
-472.696
-603.225
-797.301
-967.905
-1054.92
-1003.4
-840.239
-614.102
-308.389
109.533
609.323
1116.56
1607.18
2077.78
2511.73
2842.63
3063.04
3176.4
3162.09
3000.64
2728.71
2388.64
1986.75
1508.14
967.134
426.697
-77.1005
-495.596
-760.089
-871.154
-883.176
-833.941
-677.65
-372.509
29.3839
474.214
951.104
1452.61
1917.48
2323.95
2655.43
2856.95
2889.58
2763.06
2540.93
2167.66
1600.89
921.334
195.98
-566.585
-1356.06
-2083.13
-2687.69
-3197.21
-3619.71
-3870.46
-3916.26
-3787.45
-3534.98
-3206.37
-2815.92
-2387.12
-1945.73
-1532.39
-1194.61
-930.693
-728.602
-579.753
-505.901
-505.901
-559.715
-620.972
-640.437
-638.72
-620.4
-590.058
-518.496
-396.554
-217.935
51.1387
405.514
829.162
1309.49
1803.55
2220.9
2514.02
2696.65
2804.85
2817.44
2713.25
2503.71
2207.73
1837.33
1398.8
922.479
449.596
17.3614
-366.784
-663.91
-839.666
-916.381
-939.281
-895.198
-719.442
-400.561
9.34647
457.039
894.999
1287.16
1641.53
1973.58
2268.42
2461.92
2505.43
2405.82
2177.96
1828.74
1368.45
833.169
254.948
-389.111
-1058.93
-1683.53
-2223.96
-2690.55
-3106.18
-3401.02
-3557.31
-3599.67
-3527.54
-3320.87
-3001.99
-2649.9
-2295.53
-1911.95
-1510.63
-1165.42
-894.053
-683.947
-499.603
-358.196
-290.069
-294.077
-331.862
-365.066
-400.561
-409.149
-370.219
-264.879
-108.015
98.0835
366.012
663.138
979.156
1298.04
1615.77
1940.38
2235.21
2445.32
2535.2
2524.32
2447.04
2288.46
2017.67
1646.11
1223.61
794.812
383.187
4.7665
-300.947
-507.618
-627.842
-702.267
-749.212
-706.847
-515.061
-185.302
190.255
566.386
966.561
1401.66
1842.48
2212.31
2484.25
2621.08
2594.74
2412.12
2105.83
1737.71
1290.59
747.295
118.693
-567.73
-1230.68
-1838.67
-2372.24
-2838.82
-3202.93
-3419.91
-3509.22
-3481.17
-3337.47
-3086.72
-2775.85
-2412.89
-1985.23
-1548.99
-1171.14
-848.254
-553.99
-299.229
-117.748
-11.8359
32.2463
-17.5609
-134.923
-281.482
-428.041
-535.67
-565.44
-469.833
-270.604
-27.2933
228.613
511.999
852.634
1233.92
1599.17
1895.72
2108.12
2238.65
2297.62
2292.46
2221.47
2072.62
1819.58
1486.96
1122.85
754.165
366.012
-19.2784
-342.739
-571.738
-718.297
-789.859
-759.517
-635.285
-450.368
-224.805
53.4287
394.064
789.087
1202.43
1594.02
1906.03
2118.42
2239.22
2238.08
2109.26
1848.78
1494.4
1059.88
525.166
-70.2306
-686.81
-1267.32
-1781.42
-2228.54
-2602.38
-2894.36
-3071.83
-3117.06
-3034.62
-2858.29
-2600.09
-2288.66
-1961.76
-1626.28
-1285.64
-955.311
-670.78
-446.361
-274.612
-159.54
-134.35
-184.73
-266.024
-373.654
-502.466
-634.712
-677.077
-602.08
-461.246
-292.359
-104.008
129.571
419.254
772.485
1154.91
1522.46
1816.15
2027.4
2168.8
2246.09
2260.98
2183.12
2029.69
1813.86
1539.63
1205.86
837.749
489.099
185.103
-71.3756
-285.489
-444.643
-528.8
-519.641
-409.721
-224.805
-1.53097
228.04
466.199
735.845
1028.39
1283.15
1447.46
1520.17
1553.37
1562.53
1486.96
1314.07
1051.29
724.395
329.945
-112.595
-517.923
-879.168
-1218.66
-1551.28
-1838.67
-2045.92
-2191.33
-2283.5
-2298.39
-2211.37
-2060.8
-1895.92
-1735.05
-1564.45
-1364.65
-1148.24
-956.456
-811.614
-709.709
-630.705
-583.188
-595.783
-653.605
-716.007
-760.662
-768.104
-753.219
-710.854
-626.697
-497.886
-312.969
-73.0931
233.193
578.981
903.586
1176.09
1418.83
1637.53
1818.44
1954.69
2053.16
2088.08
2023.96
1869.96
1674.74
1472.08
1232.77
951.104
668.863
441.009
260.673
91.786
-44.4682
-124.045
-171.562
-208.775
-215.645
-148.09
-5.53844
173.081
340.25
467.344
561.233
668.863
793.667
908.166
991.751
1021.52
972.858
862.939
725.54
564.668
371.164
141.021
-80.5355
-310.679
-577.463
-847.681
-1087.56
-1267.32
-1396.13
-1515.21
-1640.02
-1757.95
-1810.05
-1767.68
-1702.99
-1658.91
-1622.27
-1557
-1467.12
-1369.23
-1260.45
-1158.55
-1068.66
-976.493
-851.689
-720.014
-626.125
-541.395
-443.498
-326.709
-200.76
-69.6581
92.931
275.557
471.924
694.625
922.479
1138.88
1323.8
1485.24
1601.46
1640.96
1644.97
1661
1685.62
1634.66
1510.43
1364.45
1229.91
1087.93
874.962
596.728
303.037
61.4437
-110.878
-241.98
-363.921
-479.566
-582.615
-634.712
-612.385
-542.54
-447.506
-321.557
-141.793
72.3211
280.71
450.169
568.103
662.565
776.492
905.876
1000.91
1019.23
980.301
892.709
747.295
546.921
289.297
-8.40093
-337.587
-660.475
-930.121
-1160.26
-1364.65
-1555.29
-1710.43
-1804.32
-1826.08
-1792.87
-1726.46
-1617.69
-1463.12
-1277.63
-1101.87
-939.281
-765.814
-589.485
-432.621
-319.267
-258.582
-230.53
-207.057
-176.142
-127.48
-63.3606
15.6439
94.076
163.348
264.68
422.689
619.628
822.864
1024.96
1237.35
1440.59
1592.87
1681.61
1719.97
1713.67
1658.14
1549.36
1393.07
1189.83
932.211
620.2
283
-45.0407
-350.754
-632.422
-884.321
-1066.95
-1174
-1208.35
-1168.85
-1059.5
-880.313
-639.292
-354.189
-59.9256
209.148
474.786
767.332
1063.31
1308.34
1473.79
1560.81
1571.69
1509.29
1386.77
1207.01
960.836
663.138
333.38
-18.7059
-359.914
-655.322
-900.351
-1133.93
-1341.17
-1467.12
-1504.33
-1498.04
-1456.82
-1364.65
-1242.7
-1131.07
-1022.29
-892.336
-760.089
-672.497
-642.727
-632.422
-635.857
-642.727
-634.14
-596.928
-533.953
-491.588
-462.391
-418.309
-337.014
-196.752
-19.8509
177.661
392.347
634.513
892.136
1122.28
1299.18
1436.58
1528.18
1547.65
1494.4
1403.38
1296.32
1156.63
956.256
699.205
419.254
149.608
-109.733
-358.769
-574.6
-725.167
-807.034
-842.529
-847.681
-829.361
-766.959
-642.155
-473.268
-294.649
-124.045
41.4063
210.865
390.629
580.126
753.592
880.114
967.134
1015.22
1022.67
992.896
938.509
886.984
846.337
803.972
698.06
513.716
299.602
109.533
-55.3457
-217.362
-367.356
-521.931
-693.68
-860.276
-990.233
-1086.98
-1172.29
-1248.43
-1284.5
-1277.05
-1237.55
-1187.74
-1152.25
-1122.48
-1090.42
-1025.73
-920.961
-803.599
-682.802
-562.578
-419.454
-286.062
-175.57
-54.7732
80.9086
220.025
328.8
423.262
519.441
587.568
628.788
661.993
694.053
715.235
734.127
772.485
807.407
794.812
740.425
683.748
628.215
562.951
479.939
376.889
246.36
84.916
-82.253
-234.537
-356.479
-423.461
-445.788
-457.811
-475.558
-469.833
-405.714
-292.932
-162.975
-29.5833
118.121
290.442
494.824
695.198
861.794
994.613
1118.85
1248.23
1353
1412.54
1436.01
1422.27
1352.42
1186.97
958.546
724.395
491.389
231.475
-55.9182
-303.809
-501.321
-694.252
-916.381
-1135.65
-1303.96
-1412.74
-1471.7
-1494.6
-1477.43
-1415.6
-1324.57
-1238.7
-1180.3
-1130.49
-1051.49
-924.396
-785.852
-694.252
-659.33
-633.567
-582.615
-525.938
-472.123
-412.011
-328.427
-219.652
-85.1155
49.9937
147.318
214.873
296.74
402.652
510.281
620.773
732.982
826.872
863.512
857.787
838.322
774.202
655.123
532.036
476.504
461.619
402.652
276.13
130.716
4.7665
-104.58
-183.012
-216.217
-227.095
-239.69
-235.682
-177.86
-67.9406
75.1836
238.918
412.957
569.248
697.488
808.552
915.609
1022.09
1115.41
1181.25
1216.17
1237.92
1235.63
1172.09
1044.99
913.319
798.247
669.435
474.786
217.163
-16.9884
-166.983
-287.207
-475.558
-714.289
-910.083
-1052.63
-1197.48
-1344.04
-1453.38
-1523.23
-1586.2
-1608.53
-1565.02
-1481.44
-1376.1
-1257.02
-1125.34
-1020.58
-957.601
-902.068
-825.926
-729.747
-641.01
-595.783
-574.028
-529.945
-444.643
-345.602
-262.589
-174.425
-53.6282
83.771
216.59
352.845
517.724
698.633
858.359
984.308
1083.92
1151.48
1174.38
1166.36
1138.88
1083.92
982.591
854.924
738.707
628.788
494.251
312.197
119.266
-23.8583
-91.9855
-118.893
-142.938
-152.098
-122.328
-57.6356
27.6664
120.983
208.575
277.275
345.402
427.842
520.014
606.461
675.733
733.555
778.782
815.994
843.474
862.939
865.229
834.887
775.347
702.068
613.331
489.671
363.149
259.528
138.731
-41.6057
-259.727
-461.246
-642.155
-813.331
-970.768
-1124.77
-1286.21
-1436.21
-1552.42
-1631.43
-1680.66
-1688.68
-1665.21
-1630.28
-1581.62
-1495.17
-1373.23
-1249
-1128.78
-986.225
-817.911
-641.01
-479.566
-327.854
-178.432
-30.7283
102.091
205.14
313.342
441.009
565.813
649.398
697.488
746.15
797.102
845.764
902.441
979.156
1059.88
1114.27
1136.02
1130.3
1082.78
993.468
894.426
827.444
777.637
699.778
575.546
413.529
245.215
107.816
-3.82095
-122.328
-241.407
-319.839
-352.471
-375.371
-380.524
-346.747
-282.627
-207.057
-115.458
-6.68344
89.496
185.675
311.052
442.727
518.296
534.898
557.798
623.063
688.328
702.068
667.145
629.933
607.606
569.821
486.809
360.287
216.59
60.2987
-104.58
-256.865
-388.539
-523.648
-693.68
-875.161
-1025.73
-1129.35
-1195.19
-1224.38
-1227.82
-1226.67
-1231.83
-1236.98
-1211.79
-1144.81
-1044.05
-934.128
-825.926
-709.709
-597.5
-495.596
-397.699
-300.374
-200.76
-89.6955
43.6963
170.218
272.695
368.874
457.039
536.043
599.591
667.145
728.975
771.912
808.552
842.329
866.947
872.099
883.549
905.876
920.189
905.304
857.787
787.942
690.045
561.233
410.667
259.528
129.571
21.3689
-90.268
-208.775
-324.419
-414.874
-482.428
-529.373
-552.845
-555.708
-539.105
-512.771
-474.986
-412.584
-321.557
-215.072
-114.313
-8.40093
117.548
256.093
391.774
501.121
578.408
638.52
707.792
781.072
840.612
877.824
896.716
894.999
859.504
791.377
700.35
589.286
458.756
320.785
181.095
33.9638
-126.335
-275.757
-403.996
-554.563
-737.189
-900.351
-1005.69
-1085.27
-1175.15
-1258.16
-1298.81
-1285.07
-1241.56
-1189.46
-1127.06
-1056.07
-972.485
-891.763
-809.896
-717.152
-624.98
-515.633
-378.806
-217.935
-79.963
6.48399
60.8712
101.518
146.746
205.14
269.832
319.067
367.729
451.886
550.928
620.2
647.108
648.253
640.81
631.078
632.223
633.368
615.048
574.973
538.333
494.824
428.414
326.51
214.873
103.236
-18.7059
-120.038
-173.852
-196.18
-255.147
-343.312
-403.424
-418.881
-417.736
-412.584
-382.241
-324.992
-244.842
-136.64
-0.385974
155.333
315.632
469.061
621.918
780.5
929.921
1047.86
1128.58
1192.12
1244.22
1269.41
1269.41
1245.37
1192.12
1114.27
1004.92
865.802
698.06
518.296
333.952
131.861
-86.2605
-305.527
-506.473
-700.549
-897.488
-1096.14
-1281.06
-1449.38
-1602.23
-1717.88
-1787.72
-1822.64
-1853.56
-1866.15
-1839.25
-1773.98
-1696.12
-1603.95
-1480.86
-1337.74
-1185.45
-1021.72
-822.491
-598.645
-377.661
-176.715
3.04901
167.356
329.945
493.106
647.68
780.5
880.687
960.264
1036.41
1118.85
1190.98
1228.76
1221.89
1171.51
1086.79
992.896
921.334
871.527
815.422
738.707
644.245
557.798
495.969
446.161
388.339
304.755
208.575
117.548
32.8188
-42.1782
-95.9929
-123.473
-130.915
-126.335
-111.45
-95.4204
-78.818
-43.8957
25.3764
118.693
224.605
345.402
466.771
574.401
661.42
740.997
813.132
866.374
908.166
949.959
975.721
959.119
900.724
826.872
740.425
625.925
471.351
292.16
98.0835
-111.45
-328.999
-548.838
-765.814
-985.653
-1191.18
-1369.8
-1522.08
-1664.06
-1792.3
-1888.48
-1945.16
-1962.33
-1933.13
-1846.69
-1724.17
-1600.51
-1483.73
-1357.2
-1199.77
-1018.86
-843.674
-697.115
-564.868
-403.996
-207.63
4.194
187.965
315.06
393.492
470.206
576.118
687.755
762.18
797.102
822.864
864.657
925.341
980.873
1017.51
1035.83
1054.73
1073.05
1077.05
1063.89
1038.12
1003.77
971.713
933.356
880.114
816.567
755.31
683.175
609.323
542.913
481.084
399.217
278.42
135.296
-16.4159
-155.533
-264.879
-367.356
-466.971
-536.243
-562.005
-559.143
-551.7
-525.938
-484.146
-438.918
-390.829
-344.457
-299.802
-261.444
-217.935
-162.403
-93.1304
-7.25593
89.496
200.56
321.93
437.574
529.174
608.178
684.32
747.295
757.027
703.213
614.476
527.456
453.031
365.439
257.238
128.426
-18.7059
-188.165
-385.676
-590.058
-769.249
-902.068
-1012.56
-1137.36
-1275.91
-1402.43
-1487.16
-1519.22
-1514.07
-1489.45
-1425.9
-1315.98
-1183.74
-1065.23
-947.296
-788.141
-605.515
-441.781
-314.114
-192.745
-53.6282
90.641
210.865
283
330.517
384.332
459.901
541.196
638.52
753.02
858.932
940.799
1012.93
1080.49
1130.87
1159.49
1185.83
1208.73
1207.01
1178.96
1122.28
1035.26
918.471
786.797
629.933
443.871
240.635
53.4287
-102.29
-242.552
-373.081
-487.581
-564.868
-598.073
-605.515
-616.392
-610.667
-556.853
-461.246
-369.074
-299.802
-212.782
-95.4204
12.209
86.061
148.463
218.308
300.747
371.737
425.552
449.024
450.169
465.626
502.839
552.646
601.881
654.55
710.082
746.722
759.89
761.607
758.172
720.96
637.375
539.478
438.147
309.907
116.403
-127.48
-363.921
-577.463
-787.569
-1012.56
-1218.66
-1383.54
-1519.22
-1640.59
-1732.19
-1763.1
-1748.22
-1704.71
-1648.03
-1566.16
-1452.24
-1314.27
-1165.99
-1009.13
-840.811
-678.795
-536.243
-420.599
-314.114
-207.057
-93.1304
27.0939
139.303
230.903
315.06
419.827
556.081
700.35
821.147
911.601
986.598
1057.59
1122.28
1185.83
1255.67
1328.38
1393.07
1444.02
1475.51
1475.51
1433.15
1355.29
1245.37
1093.08
909.311
719.242
532.608
336.242
136.441
-31.3008
-135.495
-203.05
-281.482
-385.104
-476.703
-534.525
-572.31
-592.348
-591.775
-574.6
-563.723
-556.28
-541.395
-524.22
-509.908
-495.596
-472.123
-425.751
-370.219
-326.709
-297.512
-257.437
-183.585
-88.5505
12.7815
125.563
241.78
348.837
443.871
526.311
595.583
653.405
700.923
728.402
724.967
688.9
625.353
525.739
396.927
250.368
77.4736
-125.19
-336.442
-531.09
-710.854
-890.046
-1049.77
-1177.44
-1281.63
-1368.65
-1435.64
-1473.99
-1486.02
-1465.98
-1390.98
-1277.05
-1138.51
-979.928
-797.301
-599.218
-409.721
-240.262
-109.733
1.90401
134.723
286.435
415.247
505.129
592.148
690.045
747.867
759.317
772.485
844.047
968.851
1091.37
1172.09
1194.99
1166.36
1098.81
1046.71
1053.58
1102.24
1123.43
1093.66
1046.14
987.171
888.701
741.57
574.973
406.087
232.048
55.7187
-113.74
-268.314
-420.599
-572.883
-721.159
-860.276
-986.798
-1086.41
-1136.22
-1131.07
-1083.55
-1020.58
-971.34
-936.418
-882.603
-784.134
-646.735
-517.923
-440.063
-390.829
-308.962
-176.715
-56.4907
36.8263
154.188
321.93
482.801
593.293
685.465
777.637
866.374
937.936
1009.5
1073.62
1110.26
1126.29
1139.46
1157.77
1160.64
1129.72
1062.74
963.699
844.619
709.51
558.943
394.064
202.85
-16.4159
-256.865
-497.313
-736.044
-969.05
-1180.3
-1351.48
-1480.29
-1568.45
-1635.44
-1714.44
-1774.55
-1754.52
-1640.02
-1491.17
-1353.2
-1224.38
-1085.84
-943.861
-811.614
-685.665
-549.983
-399.416
-264.879
-175.57
-118.32
-66.2231
-11.2634
52.2837
139.876
244.643
325.937
383.759
465.626
591.576
727.83
845.764
958.546
1071.9
1173.8
1265.98
1335.82
1366.74
1350.71
1298.61
1232.77
1146.9
1033.54
889.846
718.67
537.761
362.004
194.835
32.2463
-128.053
-278.047
-408.576
-504.183
-565.44
-589.485
-593.493
-595.21
-602.653
-612.385
-614.675
-600.363
-571.738
-530.518
-490.443
-442.353
-390.829
-349.036
-318.122
-283.199
-226.522
-158.395
-75.383
17.9339
111.823
206.858
313.915
449.024
605.888
758.745
880.687
949.386
980.873
1012.93
1058.73
1102.24
1127.43
1136.59
1116.56
1034.12
894.999
743.287
608.178
462.191
280.71
82.6261
-117.748
-323.847
-531.663
-723.449
-894.053
-1061.22
-1227.82
-1380.1
-1501.47
-1585.06
-1627.42
-1642.31
-1644.6
-1624.56
-1559.87
-1463.69
-1369.23
-1278.2
-1175.15
-1069.81
-963.898
-823.636
-632.995
-436.628
-270.032
-124.045
34.5363
198.843
339.677
455.894
555.508
648.825
742.715
858.359
982.591
1085.64
1153.77
1222.47
1303.76
1377.61
1428.57
1452.61
1434.86
1363.87
1267.12
1179.53
1098.24
988.316
844.619
679.168
497.114
304.182
117.548
-53.6282
-227.667
-414.874
-584.333
-712.572
-805.316
-896.343
-1000.54
-1097.86
-1160.26
-1173.43
-1153.39
-1113.32
-1049.2
-973.63
-891.191
-805.316
-714.862
-609.523
-491.588
-361.631
-222.515
-72.5206
85.4885
230.33
344.83
427.842
515.434
632.795
784.507
933.929
1042.13
1111.98
1174.95
1265.98
1369.03
1461.2
1524.75
1564.82
1572.84
1529.9
1435.44
1302.62
1169.8
1043.28
890.991
703.785
512.571
344.257
162.203
-59.3531
-288.352
-504.183
-743.487
-1017.14
-1273.62
-1476.86
-1643.45
-1811.77
-1972.06
-2096.3
-2165.57
-2192.48
-2217.67
-2248.58
-2262.32
-2225.11
-2147.82
-2044.2
-1895.35
-1688.11
-1454.53
-1231.83
-1007.41
-761.234
-499.603
-251.712
-33.0183
163.921
366.584
606.461
870.382
1113.12
1303.76
1445.17
1553.37
1636.95
1705.08
1768.63
1805.84
1805.27
1784.09
1766.91
1748.02
1694.2
1603.75
1484.1
1361.58
1233.34
1088.5
914.464
720.96
533.753
347.692
171.936
1.33152
-168.128
-338.732
-508.191
-671.352
-844.819
-1014.85
-1147.67
-1235.83
-1291.94
-1328.58
-1331.44
-1291.94
-1235.26
-1165.42
-1076.11
-956.456
-809.324
-649.025
-481.856
-322.702
-162.975
18.5064
210.293
370.019
481.656
575.546
674.588
762.18
821.147
868.664
937.364
1020.38
1078.77
1084.5
1057.02
1051.29
1063.89
1052.44
990.033
898.434
814.277
723.25
621.918
513.144
402.079
285.29
158.768
39.1163
-72.5206
-197.897
-357.624
-540.823
-713.717
-857.986
-981.645
-1100.72
-1203.2
-1290.79
-1379.53
-1468.84
-1534.68
-1562.16
-1580.48
-1593.64
-1575.9
-1507.2
-1408.73
-1307.4
-1191.75
-1053.78
-900.351
-729.747
-526.51
-291.787
-54.2007
175.371
383.759
584.706
782.79
976.293
1146.32
1275.71
1375.32
1443.45
1486.39
1520.17
1545.93
1551.65
1530.47
1482.38
1403.95
1295.17
1180.67
1065.6
931.639
765.042
576.691
399.789
237.773
94.076
-37.0258
-164.693
-309.534
-464.681
-602.653
-711.427
-809.324
-913.518
-1016
-1113.89
-1189.46
-1223.81
-1231.83
-1243.28
-1267.32
-1273.05
-1232.4
-1171.14
-1103.01
-1005.69
-850.544
-669.635
-523.075
-404.569
-270.032
-99.4279
71.7486
226.323
380.324
527.456
646.535
735.272
821.719
912.746
996.903
1060.45
1107.4
1132.59
1126.86
1102.82
1074.76
1055.87
1031.83
983.736
918.471
856.069
804.544
748.44
673.443
593.293
525.166
466.771
403.224
315.06
213.155
116.403
32.8188
-47.3307
-122.9
-189.882
-252.857
-325.564
-403.996
-474.413
-533.38
-580.325
-625.552
-663.91
-692.535
-713.717
-730.319
-757.799
-797.301
-853.406
-910.083
-941.571
-949.586
-949.586
-955.311
-949.013
-920.961
-877.451
-824.209
-766.959
-702.839
-639.865
-560.86
-441.208
-292.359
-154.388
-46.1857
67.1686
203.423
337.387
434.139
497.114
538.333
569.821
599.591
631.078
660.848
691.19
719.815
734.7
723.822
692.908
655.123
619.055
582.988
556.081
550.356
564.096
573.828
545.776
465.054
356.279
253.803
189.11
149.608
97.511
15.6439
-91.9855
-203.05
-310.679
-401.706
-457.811
-477.848
-500.748
-540.25
-582.043
-580.898
-540.25
-505.328
-484.146
-453.803
-395.409
-348.464
-311.824
-256.865
-164.693
-70.2306
-11.2634
12.7815
22.5139
54.0012
110.678
166.783
199.988
213.155
231.475
262.963
299.03
322.502
323.647
310.48
305.327
326.51
374.027
419.827
443.299
439.864
424.979
414.674
417.537
437.574
448.451
439.292
412.384
389.484
383.187
395.209
412.384
394.637
326.51
241.208
194.835
188.538
161.058
95.221
25.9489
-20.9959
-65.6506
-132.633
-198.47
-268.314
-362.776
-497.313
-625.552
-717.152
-773.257
-813.331
-856.269
-914.663
-995.385
-1090.42
-1179.16
-1237.55
-1266.18
-1278.2
-1263.31
-1165.42
-986.798
-805.316
-684.52
-585.478
-455.521
-308.962
-150.953
25.9489
222.315
403.224
543.486
663.71
755.31
832.024
907.021
982.018
1042.13
1074.19
1096.52
1101.67
1073.05
1020.38
972.858
930.494
877.824
822.292
770.767
699.778
591.576
478.221
379.752
281.855
158.768
19.0789
-121.183
-272.322
-413.729
-523.648
-604.37
-686.237
-781.272
-874.588
-941.571
-977.065
-1002.83
-1014.28
-990.233
-918.671
-832.796
-737.189
-614.102
-477.848
-361.631
-253.43
-134.923
-16.4159
82.6261
183.385
295.022
396.354
470.206
530.319
594.438
648.253
680.313
684.893
682.603
688.328
701.495
706.075
696.343
694.053
711.227
738.707
739.852
703.213
640.238
582.416
553.218
538.906
502.266
425.552
321.93
206.858
89.496
-2.67596
-49.6207
-75.383
-115.458
-177.287
-243.697
-310.107
-358.769
-377.661
-378.806
-388.539
-424.606
-480.711
-551.7
-632.995
-694.252
-708.564
-683.375
-678.795
-715.434
-752.074
-746.922
-717.724
-705.702
-696.542
-665.627
-619.255
-586.623
-559.143
-503.038
-410.294
-302.664
-216.79
-164.12
-114.885
-43.3232
63.7337
200.56
339.105
435.857
479.939
509.709
555.508
609.896
644.818
641.383
592.721
514.289
443.299
386.049
320.785
237.773
147.891
71.7486
10.4915
-42.1782
-79.3905
-97.7104
-101.718
-111.45
-144.083
-188.737
-217.362
-211.065
-198.47
-214.5
-255.72
-287.207
-295.794
-310.679
-335.297
-349.609
-334.724
-304.954
-288.352
-280.337
-260.299
-204.767
-122.328
-43.3232
14.4989
65.4512
130.143
193.118
249.223
305.9
386.049
467.344
532.608
586.423
622.49
628.788
609.896
605.888
609.896
603.026
578.981
561.806
549.211
530.319
507.991
478.794
437.574
400.362
388.339
394.637
394.064
379.179
349.41
292.16
224.033
181.668
169.073
147.318
98.0835
34.5363
-25.5758
-89.6955
-169.845
-260.872
-340.449
-383.386
-399.989
-417.164
-431.476
-440.063
-462.391
-510.481
-548.838
-559.143
-572.883
-603.798
-624.407
-610.095
-594.065
-602.653
-623.262
-644.445
-661.62
-667.917
-655.322
-637.002
-618.682
-579.753
-514.488
-442.353
-381.096
-306.672
-209.347
-112.595
-34.7358
41.4063
133.006
224.033
294.45
357.424
433.567
521.731
597.301
646.535
663.138
661.42
655.695
634.513
586.423
513.144
435.284
372.309
324.22
288.152
243.498
192.545
147.891
99.801
49.9937
3.04901
-37.0258
-84.543
-129.198
-144.655
-146.373
-180.15
-244.27
-292.359
-304.382
-306.672
-328.999
-354.189
-357.624
-339.304
-314.687
-287.779
-242.552
-182.44
-133.778
-99.4279
-57.0632
-0.385974
56.2912
104.953
158.768
223.46
283.572
325.937
343.685
355.135
368.874
387.767
415.819
442.154
428.414
369.447
311.625
307.617
331.662
341.395
340.822
326.51
297.885
255.52
236.055
235.483
217.163
170.218
124.991
94.6485
62.5887
17.3614
-27.8658
-61.6431
-97.7104
-138.93
-171.562
-177.86
-162.975
-169.845
-224.232
-312.397
-386.249
-425.179
-440.636
-444.071
-449.796
-460.101
-481.856
-497.886
-512.198
-529.945
-534.525
-528.228
-512.771
-507.046
-513.343
-506.473
-470.978
-409.721
-350.754
-303.237
-266.024
-217.935
-158.968
-91.9855
-19.8509
47.1313
119.266
193.118
261.818
320.785
360.859
392.919
438.147
492.534
533.181
538.906
515.434
477.076
431.849
395.782
366.012
325.365
285.29
269.26
258.955
215.445
136.441
41.9788
-42.1782
-109.733
-150.38
-187.592
-227.667
-252.285
-266.597
-284.917
-307.244
-312.969
-292.932
-260.299
-224.805
-209.347
-209.92
-192.172
-132.06
-56.4907
-9.54592
21.9414
74.0386
161.631
250.94
315.632
353.417
364.294
356.852
356.852
392.919
436.429
446.734
428.414
412.957
412.384
410.094
391.202
360.859
331.09
309.907
290.442
261.818
226.323
186.248
162.776
152.471
124.418
53.4287
-23.2858
-62.7881
-82.8255
-118.32
-175.57
-205.912
-199.042
-183.012
-209.92
-287.207
-363.349
-381.096
-325.564
-243.697
-183.012
-150.953
-140.075
-142.365
-161.258
-160.685
-142.938
-141.793
-157.25
-165.838
-166.41
-199.042
-243.697
-263.734
-258.01
-268.887
-292.359
-294.077
-276.329
-252.857
-239.117
-229.385
-229.957
-237.4
-233.392
-208.202
-162.975
-113.168
-74.2381
-30.1558
22.5139
82.0536
127.853
149.608
133.578
90.0685
57.4362
52.2837
51.1387
28.2389
11.6365
7.05648
1.90401
5.91149
34.5363
70.6036
79.7636
66.5961
63.1612
60.8712
49.4212
31.1013
3.04901
-31.8733
-53.0557
-49.6207
-42.7507
-50.7657
-57.0632
-43.8957
-34.1633
-30.7283
-15.2709
15.6439
44.2688
53.4287
74.0386
124.418
192.545
248.078
291.587
344.257
384.904
372.882
323.647
281.282
281.855
289.297
284.717
273.267
245.215
203.995
163.348
155.333
166.783
153.616
99.801
39.6888
-2.67596
-20.4234
-23.2858
-24.4308
-44.4682
-87.4055
-122.9
-132.633
-132.06
-155.533
-181.867
-192.172
-183.585
-184.73
-208.202
-228.812
-223.66
-193.317
-164.693
-151.525
-133.205
-92.5579
-42.7507
-10.6909
2.47651
15.0714
52.2837
122.128
191.4
236.055
264.108
298.457
323.075
304.755
266.398
233.193
223.46
225.75
220.025
178.233
95.7935
21.9414
-14.1259
-30.7283
-50.7657
-78.2455
-108.588
-158.968
-219.652
-268.887
-298.084
-314.687
-312.969
-304.382
-318.122
-354.189
-382.241
-387.966
-390.256
-396.554
-386.249
-333.579
-276.329
-264.879
-297.512
-316.404
-283.772
-235.11
-191.6
-134.923
-50.7657
25.9489
63.1612
81.4811
124.418
198.27
255.52
273.267
268.115
264.108
259.528
234.91
217.735
228.613
261.818
306.472
351.7
376.889
347.692
265.825
188.538
151.898
139.876
136.441
153.043
184.53
192.545
161.058
115.831
68.3136
14.4989
-36.4533
-61.0706
-81.108
-112.023
-137.785
-128.625
-107.443
-105.725
-120.61
-114.885
-98.2829
-112.595
-145.228
-165.265
-130.915
-82.8255
-50.1932
-22.7133
3.6215
34.5363
66.5961
116.976
174.226
206.285
199.988
177.661
181.668
226.895
274.985
275.557
242.353
225.75
241.78
253.803
234.338
199.988
160.486
114.686
57.4362
5.91149
-20.4234
-32.4458
-61.0706
-122.9
-196.18
-251.712
-298.084
-340.449
-379.379
-429.186
-503.611
-586.05
-632.422
-627.27
-588.34
-531.663
-471.551
-433.194
-417.736
-411.439
-382.241
-319.267
-235.11
-172.135
-140.648
-116.03
-73.0931
-16.4159
36.8263
99.801
166.783
218.308
248.65
280.137
328.227
366.012
376.889
378.034
398.072
423.262
418.109
389.484
367.157
379.179
419.827
464.481
477.076
430.704
345.402
269.26
222.315
179.378
110.106
29.9564
-23.8583
-39.8882
-37.0258
-35.3083
-41.0332
-67.9406
-110.878
-144.655
-137.785
-89.123
-27.2933
22.5139
28.2389
-0.95847
-49.6207
-98.2829
-140.075
-169.845
-170.99
-171.562
-169.845
-146.373
-70.2306
9.34647
35.6813
25.3764
25.9489
55.1462
70.0311
55.7187
29.3839
9.91897
-10.1184
-39.3158
-74.2381
-120.038
-168.128
-191.027
-176.142
-157.25
-161.258
-170.418
-145.8
-114.885
-116.603
-141.22
-144.083
-120.038
-113.74
-134.923
-150.38
-137.785
-121.755
-116.03
-114.313
-97.7104
-84.543
-71.3756
-53.6282
-38.1708
-39.3158
-54.2007
-50.1932
-22.7133
0.186523
3.04901
-13.5534
-29.0108
-15.8434
40.2613
113.541
144.456
120.983
77.4736
49.4212
37.3988
35.6813
40.8338
49.9937
62.5887
96.366
145.028
179.95
201.133
225.75
261.245
287.007
289.297
273.267
249.795
230.33
203.995
175.943
168.501
177.088
181.095
177.088
179.95
167.356
126.136
82.0536
53.4287
36.2538
19.0789
-4.39345
-42.1782
-90.268
-124.045
-148.09
-174.425
-181.295
-168.128
-140.075
-151.525
-203.622
-232.82
-197.325
-111.45
-63.3606
-53.6282
-45.6132
-23.8583
2.47651
20.7964
31.1013
17.3614
-22.1408
-46.7582
-45.0407
-36.4533
-33.0183
-11.8359
25.9489
48.8487
52.8562
52.8562
45.4138
25.3764
23.6589
61.4437
102.663
89.496
21.9414
-33.0183
-39.8882
-19.2784
-14.6984
-13.5534
-2.10346
-0.385974
-33.0183
-81.108
-111.45
-126.335
-121.183
-97.1379
-60.4981
-34.7358
-30.1558
-25.0033
-25.5758
-42.1782
-68.5131
-79.963
-70.2306
-59.3531
-59.9256
-71.3756
-95.9929
-109.733
-105.725
-100.573
-101.145
-109.733
-101.145
-83.9705
-66.2231
-59.9256
-72.5206
-69.0856
-35.8808
8.20148
33.9638
31.6738
26.5214
45.4138
74.6111
92.931
88.9235
87.7785
97.511
95.7935
92.3585
100.946
119.266
125.563
120.983
125.563
138.158
143.311
126.708
127.281
179.95
252.658
275.557
232.048
174.226
137.586
107.243
74.0386
40.2613
11.064
-20.4234
-44.4682
-41.0332
-14.6984
0.186523
-10.6909
-34.7358
-60.4981
-79.3905
-83.9705
-54.2007
4.194
55.7187
71.7486
64.3062
49.9937
37.9713
22.5139
7.05648
-7.25593
-26.1483
-35.8808
-42.7507
-74.2381
-154.388
-253.43
-300.374
-281.482
-231.102
-185.875
-133.778
-88.5505
-81.6805
-107.443
-132.633
-137.213
-137.213
-122.328
-104.008
-94.8479
-90.8405
-75.383
-52.4832
-55.9182
-77.1005
-96.5654
-102.863
-100.573
-89.6955
-66.7956
-37.5983
-10.1184
11.6365
47.7038
100.373
119.838
89.496
61.4437
71.1761
85.4885
70.6036
57.4362
74.6111
106.671
128.426
145.601
171.363
199.988
201.705
167.356
135.296
121.556
127.853
143.883
165.066
174.798
153.043
115.831
75.1836
36.2538
29.9564
59.1537
85.4885
74.0386
31.1013
-9.54592
-58.7806
-110.305
-134.35
-123.473
-106.298
-113.168
-117.748
-101.718
-82.253
-81.108
-93.1304
-104.008
-97.1379
-66.2231
-19.8509
7.05648
-3.82095
-31.8733
-58.2081
-65.0781
-38.7433
24.2314
83.771
107.243
92.3585
88.351
105.526
118.121
101.518
78.0461
87.7785
96.366
72.3211
35.6813
19.6514
27.0939
18.5064
-3.82095
-35.8808
-69.0856
-97.1379
-105.725
-78.818
-47.3307
-50.1932
-83.398
-110.878
-120.61
-136.068
-161.83
-176.715
-176.715
-161.83
-141.22
-125.19
-113.168
-97.7104
-78.818
-65.6506
-62.7881
-66.2231
-73.0931
-73.6656
-54.7732
-7.82843
40.2613
62.5887
58.0087
68.3136
91.2135
90.641
63.7337
44.8413
29.3839
4.7665
0.186523
51.1387
120.411
150.753
166.783
183.385
177.661
135.868
106.098
106.671
95.221
42.5513
-5.53844
-17.5609
-38.7433
-85.1155
-128.625
-132.633
-111.45
-102.863
-98.2829
-93.7029
-91.413
-86.2605
-62.7881
-10.6909
38.5438
52.8562
37.9713
13.9264
-0.385974
3.04901
38.5438
87.7785
132.433
154.188
162.203
160.486
154.761
162.203
166.783
163.348
161.058
174.226
205.713
232.62
250.368
257.238
250.368
229.758
199.988
169.646
138.731
106.098
100.946
107.243
80.3361
-13.5534
-120.61
-181.295
-195.607
-196.752
-203.05
-219.08
-246.56
-276.902
-310.107
-346.747
-384.531
-387.394
-357.051
-313.542
-265.452
-223.087
-207.63
-223.66
-245.415
-243.125
-231.102
-222.515
-220.225
-228.812
-230.53
-215.645
-177.86
-145.228
-125.19
-97.1379
-46.1857
9.34647
45.9863
79.1911
118.693
164.493
206.858
241.78
256.093
251.513
251.513
272.122
308.19
337.96
344.83
323.647
297.885
278.992
253.803
201.705
138.158
114.113
147.891
196.553
195.408
139.303
74.6111
44.2688
21.3689
1.33152
-2.67596
15.0714
13.9264
-28.4383
-86.833
-121.183
-127.48
-116.03
-109.16
-138.93
-184.157
-211.065
-197.897
-174.997
-149.808
-120.038
-105.725
-122.9
-157.25
-153.243
-120.038
-93.7029
-77.673
-33.0183
16.7889
38.5438
51.1387
102.091
156.478
158.196
137.013
133.578
143.883
143.311
136.441
131.861
130.716
136.441
151.326
150.181
139.876
148.463
172.508
170.218
135.868
109.533
103.808
102.091
99.801
90.0685
52.8562
1.90401
-25.0033
-27.8658
-38.7433
-50.7657
-46.1857
-42.1782
-77.673
-131.488
-153.243
-141.793
-126.335
-115.458
-102.863
-100
-130.343
-171.562
-179.005
-155.533
-119.465
-102.29
-95.4204
-83.398
-67.3681
-60.4981
-72.5206
-72.5206
-51.3382
-37.5983
-44.4682
-54.7732
-35.3083
1.33152
45.9863
70.0311
65.4512
50.5662
49.9937
51.7112
9.34647
-30.1558
-21.5684
19.0789
24.8039
-20.9959
-72.5206
-97.1379
-94.8479
-77.1005
-48.4757
-12.4084
15.0714
14.4989
-0.95847
-11.2634
-36.4533
-90.268
-138.358
-126.908
-65.0781
-5.53844
19.6514
12.7815
-3.24846
-9.54592
0.75902
22.5139
48.2762
71.7486
83.1986
74.6111
68.3136
86.061
116.976
124.418
86.6335
37.9713
16.7889
44.8413
98.0835
145.028
158.768
123.273
78.0461
59.1537
87.206
131.861
163.348
181.095
190.828
175.371
135.296
95.7935
82.0536
71.1761
29.3839
-30.1558
-82.8255
-74.2381
-12.9809
59.7262
88.351
73.4661
54.5737
35.1088
7.62898
-17.5609
-31.8733
-44.4682
-53.0557
-59.3531
-60.4981
-79.3905
-97.1379
-92.5579
-75.383
-71.9481
-104.008
-177.86
-241.98
-225.377
-129.77
-54.2007
-69.0856
-118.32
-143.51
-158.395
-172.135
-165.265
-145.8
-138.93
-160.113
-177.287
-185.875
-180.15
-148.663
-101.145
-62.7881
-51.9107
-60.4981
-65.6506
-62.2156
-57.0632
-37.5983
-0.95847
37.3988
48.8487
31.6738
12.209
16.7889
48.8487
78.6186
81.4811
56.8637
28.2389
-0.95847
-20.9959
-14.6984
16.7889
44.8413
55.1462
59.1537
71.7486
93.5035
111.823
107.243
90.0685
83.771
91.2135
102.663
115.831
126.708
114.686
75.1836
37.9713
20.7964
2.47651
-26.1483
-43.3232
-41.6057
-45.0407
-64.5056
-85.1155
-96.5654
-92.5579
-72.5206
-63.9331
-81.108
-103.435
-88.5505
-41.6057
-4.96595
17.3614
23.6589
34.5363
79.1911
166.211
237.2
227.468
179.95
173.081
205.713
217.735
201.705
206.285
239.49
267.543
269.832
258.955
244.07
206.285
158.196
134.723
127.853
107.243
76.9011
84.3435
110.678
92.931
31.1013
-26.1483
-44.4682
-49.6207
-57.6356
-75.9555
-115.458
-179.005
-225.377
-216.79
-175.57
-152.67
-165.838
-195.035
-223.087
-243.697
-236.827
-211.065
-189.31
-185.875
-181.867
-161.258
-144.655
-162.403
-213.355
-262.589
-274.612
-236.827
-168.128
-110.878
-78.2455
-65.0781
-56.4907
-47.9032
-50.7657
-63.9331
-82.8255
-90.8405
-55.3457
15.6439
86.061
120.411
123.273
122.128
119.838
115.258
121.556
135.296
148.463
135.868
112.396
106.671
123.273
147.891
151.898
149.608
154.188
150.753
139.303
130.143
133.578
118.121
83.771
45.4138
9.91897
-9.54592
-2.10346
17.3614
0.186523
-47.3307
-92.5579
-111.45
-103.435
-73.0931
-28.4383
-17.5609
-46.1857
-82.8255
-85.1155
-62.2156
-49.0482
-50.1932
-47.9032
-30.7283
-13.5534
9.34647
32.8188
36.8263
21.9414
1.33152
-8.97342
-30.1558
-49.6207
-31.3008
3.6215
17.9339
0.186523
-3.24846
31.1013
80.3361
108.961
97.511
78.0461
79.7636
89.496
77.4736
49.4212
44.2688
52.8562
45.9863
22.5139
-3.82095
-24.4308
-35.8808
-27.2933
-1.53097
25.9489
49.4212
55.1462
37.3988
23.6589
37.9713
56.2912
51.1387
32.8188
30.5289
40.2613
35.6813
25.3764
11.6365
8.20148
5.33899
-2.10346
-3.24846
-0.95847
-6.11094
-17.5609
-22.7133
-11.8359
-9.54592
-29.0108
-54.2007
-70.8031
-74.2381
-81.6805
-96.5654
-102.29
-94.2754
-81.108
-82.8255
-95.9929
-114.885
-134.35
-148.09
-148.663
-136.64
-119.465
-98.8554
-76.528
-55.3457
-37.0258
-19.2784
-12.4084
-18.7059
-36.4533
-50.1932
-53.6282
-49.0482
-21.5684
15.6439
41.9788
40.2613
22.5139
12.7815
-0.385974
-16.9884
-26.7208
-18.7059
-2.67596
5.33899
11.6365
9.34647
9.34647
36.2538
100.946
166.783
199.988
202.85
208.575
221.17
219.453
199.415
157.623
105.526
67.1686
64.3062
80.3361
78.0461
44.2688
-5.53844
-34.1633
-26.7208
6.48399
36.2538
37.9713
30.5289
35.6813
58.5812
84.916
71.1761
27.6664
-3.82095
7.62898
47.7038
63.1612
33.3913
-20.4234
-52.4832
-53.6282
-63.3606
-70.2306
-59.9256
-47.3307
-67.3681
-95.9929
-93.1304
-73.6656
-68.5131
-85.1155
-101.145
-101.718
-72.5206
-20.9959
28.2389
60.2987
74.6111
88.351
96.9385
83.771
48.2762
16.2164
4.194
0.186523
-5.53844
-25.5758
-54.7732
-79.963
-80.5355
-70.8031
-73.0931
-75.9555
-56.4907
-15.2709
14.4989
21.3689
11.6365
-18.7059
-51.3382
-55.3457
-33.0183
-26.1483
-27.8658
0.186523
48.2762
58.0087
23.0864
-12.9809
-34.1633
-40.4607
-34.1633
-10.1184
-3.82095
-19.2784
-40.4607
-37.5983
7.62898
64.8787
91.786
47.1313
-29.0108
-73.0931
-73.0931
-61.6431
-59.9256
-55.9182
-50.7657
-49.6207
-64.5056
-98.2829
-117.175
-93.1304
-46.1857
-29.5833
-54.7732
-86.2605
-106.298
-112.023
-104.008
-83.9705
-61.6431
-48.4757
-46.1857
-56.4907
-63.9331
-53.0557
-35.8808
-34.7358
-39.3158
-33.5908
-24.4308
-41.6057
-63.3606
-43.8957
-4.96595
0.75902
-30.7283
-44.4682
-21.5684
9.34647
30.5289
49.9937
84.916
116.976
123.273
116.976
123.273
143.883
150.753
133.006
124.991
146.746
173.653
181.095
165.638
165.638
188.538
208.003
212.583
201.133
178.806
150.753
128.426
122.128
111.823
94.6485
100.946
133.006
155.333
141.021
110.106
73.4661
25.9489
-26.7208
-66.7956
-88.5505
-108.015
-121.183
-137.213
-144.083
-124.045
-73.0931
-27.2933
-26.7208
-55.9182
-83.9705
-93.7029
-94.2754
-122.328
-156.105
-161.83
-130.343
-102.863
-106.298
-108.588
-97.7104
-85.688
-66.7956
-39.3158
-26.7208
-37.0258
-37.5983
7.62898
70.6036
104.381
118.121
139.303
169.646
170.218
131.861
84.916
56.8637
48.2762
35.6813
15.6439
-11.2634
-46.7582
-89.123
-138.358
-172.135
-188.737
-204.195
-213.355
-192.172
-137.785
-101.145
-104.008
-131.488
-165.265
-199.042
-202.477
-169.845
-135.495
-122.9
-121.755
-121.755
-127.48
-113.168
-75.383
-39.3158
-15.2709
8.77397
31.6738
42.5513
51.7112
64.8787
61.4437
43.6963
44.8413
59.1537
66.0236
71.7486
110.106
172.508
210.293
214.3
194.263
170.218
141.593
113.541
98.0835
100.946
116.403
130.716
135.296
133.578
131.288
125.563
114.113
96.366
90.0685
95.7935
96.366
78.0461
49.9937
31.1013
25.9489
38.5438
47.7038
21.9414
-15.2709
-15.8434
37.9713
75.1836
48.8487
8.20148
-1.53097
17.9339
36.8263
41.4063
41.4063
44.2688
32.2463
-2.67596
-62.7881
-112.023
-121.183
-104.58
-89.123
-87.4055
-83.9705
-81.6805
-87.4055
-81.108
-53.0557
-18.1334
8.20148
39.1163
68.3136
78.0461
68.8861
58.5812
55.7187
54.5737
56.2912
51.1387
58.5812
72.8936
63.7337
32.8188
21.9414
38.5438
29.9564
-3.82095
-15.8434
-8.97342
-32.4458
-82.253
-116.03
-116.03
-113.74
-121.183
-120.038
