2
1
5
5
-1
-8
-16
-8
-4
-1
-4
-8
-10
-10
-1
11
19
16
11
11
12
10
7
7
8
9
22
29
22
-1
-13
0
10
13
2
-12
-21
-17
-5
-3
-15
-23
-15
-9
-14
-23
-20
-11
-8
-9
-13
-15
-14
-12
-4
2
2
-2
1
9
16
10
4
5
9
14
8
7
10
8
-4
-8
-3
6
15
14
8
-4
-3
-1
0
-3
-6
-7
-12
-5
6
17
8
-6
-3
7
14
3
-41
-83
-91
-48
18
74
104
85
39
1
-9
1
25
47
56
44
28
18
20
27
27
16
1
-4
-1
-3
-8
-15
-22
-35
-44
-56
-48
-27
-3
16
23
28
16
-12
-40
-52
-31
7
43
52
32
3
-15
-19
-17
-11
-2
1
-4
-10
-13
-15
-17
-22
-29
-31
-30
-35
-37
-28
-12
-7
-7
-3
4
11
21
33
43
56
72
80
73
64
56
47
33
18
8
4
9
18
27
30
20
-12
-47
-65
-50
-25
-12
-18
-32
-39
-39
-37
-37
-44
-46
-51
-52
-52
-55
-39
-3
35
53
56
64
63
44
26
25
32
35
34
33
28
16
2
-8
-15
-17
-12
-5
-4
-6
-14
-17
-24
-34
-45
-55
-59
-62
-61
-63
-67
-69
-67
-55
-42
-19
13
47
57
26
-7
-25
-36
-43
-32
8
49
79
97
101
86
55
29
26
43
63
59
36
12
-1
-8
-11
-12
-16
-24
-36
-39
-35
-25
-12
-4
-2
-8
-11
-4
10
15
6
-8
-21
-22
-12
7
22
38
39
16
-9
-17
-5
-2
-7
-6
1
9
10
4
-6
-16
-20
-23
-29
-25
-11
5
14
11
4
1
12
20
25
31
37
37
17
-2
-16
-17
-8
0
10
9
7
-2
-8
-4
4
11
16
14
12
13
13
9
-1
-5
-8
-14
-15
-1
10
1
-20
-26
-14
-10
-19
-32
-31
-21
-10
-6
-7
-7
0
15
26
31
23
7
-4
-12
-21
-32
-27
-4
23
38
31
15
-1
-12
-24
-32
-31
-23
-19
-15
-6
-1
2
0
-9
-25
-40
-35
-20
-5
5
16
27
33
31
25
27
24
8
-16
-29
-26
-17
-7
0
7
11
14
13
8
-3
-19
-29
-25
-11
-3
2
9
11
0
-10
-10
-2
1
1
5
11
15
15
17
20
21
10
0
-5
-2
0
0
-2
-12
-19
-17
-2
12
12
4
2
12
18
8
-5
-15
-19
-15
-7
0
5
11
18
18
8
0
-2
7
22
33
37
28
19
13
12
17
24
31
27
19
3
-2
5
9
-2
-14
-4
17
32
32
29
20
6
-4
-5
1
8
11
9
-3
-14
-23
-20
-11
0
7
13
20
13
4
-1
8
14
16
11
4
4
11
17
16
10
3
-9
-22
-33
-29
-16
-6
-2
-5
-9
-15
-22
-28
-31
-24
-19
-24
-39
-52
-48
-40
-32
-31
-36
-42
-42
-32
-21
-8
2
5
-2
-17
-24
-22
-22
-23
-25
-18
-7
0
-1
-5
-4
-2
-1
5
18
29
35
38
34
27
24
29
36
34
29
19
9
1
4
25
52
70
74
73
78
78
64
44
31
30
34
35
32
20
-1
-16
-19
-14
-13
-21
-34
-55
-74
-82
-88
-96
-104
-111
-112
-111
-101
-95
-100
-111
-113
-103
-88
-81
-83
-75
-57
-35
-24
-32
-44
-49
-46
-39
-24
-4
11
15
22
46
79
117
147
168
185
197
206
211
227
243
244
238
243
255
256
251
251
260
268
275
270
243
196
145
93
28
-42
-108
-171
-245
-324
-388
-427
-445
-456
-459
-444
-405
-360
-314
-268
-223
-186
-166
-157
-150
-140
-134
-145
-162
-166
-157
-145
-129
-109
-93
-92
-97
-93
-81
-67
-54
-35
-12
11
30
51
91
144
186
205
214
235
260
279
297
320
344
368
394
426
462
502
546
589
634
677
718
756
781
774
713
620
517
387
213
23
-152
-316
-485
-653
-795
-899
-967
-1001
-1005
-961
-880
-797
-718
-633
-538
-463
-421
-387
-344
-310
-308
-321
-309
-269
-233
-201
-139
-27
108
226
335
454
573
661
702
723
724
678
566
415
249
68
-140
-363
-572
-751
-899
-1005
-1051
-1028
-945
-816
-643
-411
-138
136
395
647
891
1093
1233
1328
1394
1431
1425
1393
1361
1344
1328
1313
1320
1360
1384
1352
1269
1164
1007
730
377
10
-352
-777
-1273
-1736
-2111
-2399
-2636
-2807
-2857
-2767
-2573
-2325
-2012
-1596
-1131
-717
-378
-54
259
485
574
596
620
626
565
473
444
502
589
668
780
955
1146
1277
1350
1397
1397
1282
1035
716
338
-136
-720
-1315
-1834
-2270
-2653
-2950
-3065
-2955
-2660
-2233
-1658
-923
-125
617
1274
1896
2474
2921
3212
3394
3496
3489
3357
3149
2938
2761
2606
2478
2392
2327
2225
2036
1780
1460
1034
456
-259
-1036
-1842
-2682
-3536
-4333
-4981
-5457
-5749
-5834
-5684
-5304
-4740
-4012
-3141
-2192
-1246
-357
456
1191
1804
2250
2535
2708
2799
2791
2689
2572
2496
2457
2438
2444
2480
2517
2518
2481
2379
2179
1843
1361
765
71
-716
-1592
-2510
-3385
-4164
-4806
-5260
-5460
-5367
-4995
-4363
-3490
-2403
-1172
107
1359
2538
3585
4425
5028
5417
5628
5666
5544
5299
4976
4623
4274
3965
3696
3414
3081
2681
2236
1707
1013
139
-868
-1939
-3063
-4251
-5432
-6502
-7366
-8010
-8418
-8525
-8278
-7699
-6849
-5728
-4331
-2746
-1150
366
1799
3122
4221
5014
5529
5838
5950
5829
5505
5088
4661
4213
3734
3282
2913
2592
2245
1872
1509
1104
550
-187
-1036
-1942
-2942
-4026
-5093
-6012
-6725
-7236
-7486
-7376
-6845
-5935
-4732
-3260
-1558
243
1986
3599
5074
6336
7270
7836
8089
8091
7859
7400
6781
6093
5397
4715
4033
3331
2610
1872
1115
283
-655
-1680
-2769
-3891
-5039
-6172
-7233
-8171
-8916
-9427
-9645
-9499
-8973
-8106
-6946
-5504
-3818
-2005
-179
1604
3302
4825
6059
6958
7553
7884
7942
7719
7263
6676
6003
5224
4357
3492
2686
1909
1122
370
-311
-984
-1740
-2591
-3459
-4315
-5205
-6124
-6961
-7579
-7932
-8044
-7858
-7285
-6316
-5029
-3499
-1735
192
2113
3884
5452
6821
7923
8670
9066
9169
9005
8560
7861
7021
6156
5296
4449
3627
2813
1965
1050
95
-889
-1957
-3116
-4336
-5532
-6665
-7753
-8760
-9590
-10113
-10279
-10121
-9605
-8666
-7323
-5686
-3858
-1860
231
2244
4047
5602
6900
7879
8461
8671
8597
8276
7687
6861
5922
4982
4039
3063
2099
1221
436
-325
-1089
-1801
-2466
-3166
-3971
-4813
-5609
-6376
-7150
-7836
-8258
-8347
-8140
-7642
-6760
-5437
-3771
-1913
54
2102
4125
5917
7364
8484
9299
9739
9756
9429
8867
8102
7142
6059
4981
3995
3122
2368
1669
966
214
-573
-1385
-2301
-3353
-4520
-5738
-6941
-8112
-9184
-10044
-10558
-10648
-10353
-9637
-8427
-6741
-4737
-2563
-246
2130
4336
6185
7654
8771
9472
9669
9412
8851
8070
7055
5825
4523
3314
2226
1190
210
-626
-1286
-1879
-2491
-3073
-3585
-4115
-4767
-5480
-6117
-6680
-7248
-7744
-7962
-7813
-7374
-6690
-5651
-4189
-2424
-555
1324
3233
5114
6755
8000
8876
9474
9757
9606
9064
8291
7367
6272
5040
3846
2826
1962
1214
607
133
-320
-887
-1563
-2274
-3075
-4055
-5216
-6417
-7519
-8515
-9381
-9981
-10131
-9767
-9008
-7868
-6249
-4175
-1867
439
2697
4870
6749
8142
9038
9541
9649
9270
8441
7333
6092
4736
3286
1875
672
-298
-1129
-1852
-2402
-2771
-3085
-3458
-3852
-4239
-4702
-5323
-6031
-6641
-7093
-7436
-7616
-7457
-6827
-5804
-4521
-2941
-1022
1118
3210
5092
6777
8235
9315
9895
10035
9859
9380
8537
7404
6171
4963
3776
2627
1646
956
521
133
-368
-957
-1549
-2201
-3113
-4307
-5592
-6809
-7973
-9120
-10100
-10676
-10741
-10296
-9394
-7994
-6051
-3691
-1138
1404
3863
6143
8017
9343
10155
10510
10357
9625
8448
7071
5623
4082
2457
925
-304
-1222
-1985
-2654
-3128
-3361
-3525
-3818
-4210
-4571
-4937
-5472
-6173
-6795
-7177
-7392
-7476
-7227
-6452
-5229
-3751
-2033
-6
2227
4375
6231
7786
9072
9988
10377
10243
9753
9012
7952
6572
5084
3711
2470
1294
292
-356
-640
-788
-1042
-1424
-1848
-2322
-3034
-4080
-5299
-6512
-7692
-8851
-9848
-10435
-10497
-10047
-9062
-7520
-5414
-2901
-219
2444
4955
7201
8990
10164
10733
10779
10333
9351
7895
6186
4428
2696
997
-571
-1841
-2713
-3254
-3580
-3757
-3784
-3729
-3735
-3891
-4159
-4518
-5034
-5710
-6382
-6839
-7038
-7013
-6658
-5804
-4435
-2728
-832
1236
3416
5507
7281
8631
9584
10142
10211
9735
8821
7672
6367
4895
3357
1954
823
-70
-759
-1159
-1187
-991
-891
-1055
-1406
-1840
-2506
-3586
-4970
-6368
-7618
-8751
-9737
-10332
-10301
-9611
-8349
-6593
-4318
-1614
1225
3914
6310
8381
9979
10882
11062
10676
9847
8549
6784
4770
2804
1029
-571
-1987
-3072
-3688
-3911
-3929
-3845
-3638
-3355
-3208
-3343
-3693
-4153
-4763
-5553
-6330
-6813
-6929
-6755
-6237
-5203
-3616
-1684
359
2459
4596
6621
8263
9356
9941
10095
9778
8937
7687
6258
4784
3253
1737
434
-505
-1107
-1449
-1499
-1209
-728
-399
-431
-755
-1228
-1952
-3118
-4638
-6186
-7540
-8709
-9688
-10232
-10057
-9124
-7597
-5626
-3212
-430
2420
5015
7202
8962
10203
10731
10505
9701
8491
6919
5014
2999
1149
-442
-1807
-2900
-3556
-3704
-3509
-3205
-2891
-2537
-2204
-2108
-2399
-2992
-3735
-4581
-5505
-6343
-6856
-6953
-6657
-5934
-4680
-2904
-816
1346
3493
5582
7447
8829
9602
9850
9679
9076
8013
6620
5138
3701
2320
1059
93
-472
-705
-717
-496
-77
249
179
-334
-1065
-1965
-3224
-4891
-6696
-8285
-9545
-10547
-11185
-11133
-10186
-8471
-6304
-3784
-858
2260
5146
7499
9340
10685
11328
11150
10320
9107
7588
5718
3642
1711
153
-1095
-2156
-2931
-3208
-3030
-2727
-2546
-2456
-2376
-2469
-2952
-3764
-4655
-5525
-6437
-7304
-7812
-7744
-7171
-6206
-4765
-2779
-422
1952
4154
6194
8018
9385
10072
10142
9785
9076
7930
6408
4778
3274
1910
658
-331
-881
-1027
-962
-767
-370
121
339
25
-707
-1584
-2648
-4110
-5909
-7644
-8979
-9917
-10551
-10692
-10003
-8434
-6284
-3867
-1180
1767
4634
7001
8737
9977
10697
10664
9851
8545
7024
5314
3377
1434
-174
-1332
-2175
-2793
-3079
-2913
-2495
-2147
-1993
-1929
-1957
-2300
-3072
-4064
-5007
-5871
-6726
-7439
-7689
-7317
-6425
-5120
-3360
-1136
1310
3636
5701
7518
9006
9937
10186
9886
9217
8217
6869
5316
3818
2522
1404
484
-100
-259
-100
193
466
569
342
-295
-1268
-2524
-4063
-5863
-7777
-9550
-10941
-11840
-12198
-11888
-10717
-8653
-5978
-2968
242
3493
6487
8918
10683
11772
12105
11664
10569
9021
7163
5079
2944
1009
-537
-1680
-2497
-2988
-3052
-2741
-2318
-2060
-2029
-2150
-2470
-3135
-4162
-5361
-6513
-7509
-8262
-8578
-8295
-7409
-6018
-4164
-1867
719
3298
5650
7680
9316
10408
10821
10593
9882
8806
7402
5744
4042
2509
1208
140
-620
-951
-881
-591
-220
220
587
569
-16
-1016
-2206
-3643
-5425
-7377
-9115
-10387
-11197
-11559
-11270
-10086
-8047
-5491
-2710
293
3422
6290
8502
9998
10918
11211
10702
9477
7861
6101
4200
2168
301
-1060
-1885
-2407
-2729
-2680
-2196
-1591
-1248
-1234
-1380
-1670
-2334
-3451
-4772
-5988
-6997
-7803
-8230
-8027
-7159
-5812
-4074
-1885
667
3219
5439
7306
8856
9922
10263
9892
9065
7971
6606
4967
3282
1862
817
35
-510
-671
-400
128
679
1192
1560
1527
898
-221
-1579
-3148
-5024
-7111
-9036
-10458
-11320
-11725
-11557
-10511
-8492
-5851
-3036
-128
2896
5755
8011
9513
10411
10740
10319
9163
7579
5886
4139
2309
599
-650
-1332
-1670
-1853
-1800
-1376
-788
-449
-535
-887
-1376
-2161
-3397
-4888
-6271
-7378
-8234
-8734
-8604
-7727
-6259
-4381
-2129
459
3096
5408
7261
8718
9740
10106
9721
8831
7717
6437
4927
3316
1935
973
339
-89
-239
0
519
1070
1526
1850
1858
1308
193
-1228
-2797
-4604
-6661
-8662
-10179
-11047
-11390
-11242
-10374
-8591
-6094
-3358
-646
2099
4801
7081
8610
9444
9767
9532
8626
7201
5595
4013
2436
925
-262
-929
-1182
-1267
-1225
-918
-410
-64
-163
-625
-1233
-2028
-3203
-4682
-6106
-7205
-7986
-8481
-8476
-7743
-6339
-4518
-2420
-35
2496
4818
6668
8079
9112
9630
9458
8690
7631
6449
5117
3659
2331
1391
840
527
416
612
1087
1624
2024
2207
2068
1454
307
-1208
-2939
-4860
-6925
-8896
-10441
-11373
-11716
-11496
-10569
-8795
-6288
-3460
-628
2169
4858
7147
8730
9587
9867
9572
8646
7235
5627
4008
2400
888
-280
-925
-1144
-1154
-1031
-680
-162
186
80
-440
-1150
-2035
-3256
-4781
-6302
-7523
-8375
-8867
-8857
-8147
-6739
-4838
-2612
-131
2477
4908
6890
8381
9435
9971
9829
9056
7925
6671
5328
3919
2612
1626
1024
724
665
860
1279
1779
2154
2195
1789
902
-390
-1994
-3844
-5848
-7875
-9718
-11142
-11956
-12121
-11617
-10368
-8327
-5670
-2746
213
3084
5694
7791
9218
9990
10131
9622
8539
7088
5500
3892
2316
908
-121
-670
-850
-850
-719
-409
-53
57
-259
-915
-1776
-2862
-4222
-5731
-7131
-8214
-8891
-9096
-8735
-7729
-6122
-4060
-1683
862
3389
5649
7481
8846
9716
10004
9678
8876
7807
6584
5237
3883
2716
1867
1323
1030
998
1217
1584
1947
2107
1863
1117
-59
-1512
-3205
-5137
-7195
-9140
-10716
-11761
-12218
-12063
-11187
-9498
-7089
-4287
-1362
1587
4395
6794
8575
9717
10250
10116
9333
8091
6619
5050
3429
1882
639
-142
-545
-763
-848
-702
-373
-167
-349
-920
-1713
-2677
-3880
-5279
-6671
-7862
-8740
-9199
-9067
-8255
-6843
-4974
-2723
-175
2454
4847
6801
8319
9429
9997
9863
9108
8040
6851
5531
4091
2755
1755
1115
732
597
766
1166
1596
1929
2107
1967
1299
83
-1444
-3108
-4919
-6891
-8814
-10345
-11253
-11543
-11297
-10415
-8726
-6303
-3547
-802
1883
4462
6658
8191
9043
9338
9064
8189
6880
5408
3941
2500
1154
89
-511
-686
-654
-548
-318
64
346
215
-374
-1213
-2189
-3385
-4834
-6324
-7556
-8379
-8756
-8638
-7906
-6513
-4611
-2427
-84
2342
4663
6569
7937
8829
9252
9105
8358
7260
6089
4902
3644
2441
1568
1155
1050
1095
1312
1747
2283
2707
2870
2636
1891
631
-962
-2751
-4693
-6741
-8690
-10253
-11215
-11526
-11265
-10415
-8845
-6546
-3836
-1125
1444
3872
6003
7568
8450
8739
8489
7720
6558
5213
3844
2511
1308
388
-105
-207
-113
20
217
539
785
625
-33
-980
-2051
-3303
-4781
-6303
-7592
-8465
-8860
-8720
-7985
-6648
-4808
-2642
-304
2071
4296
6125
7455
8348
8828
8763
8108
7088
5996
4921
3805
2730
1930
1527
1432
1488
1666
1984
2389
2730
2893
2756
2168
1048
-494
-2215
-4014
-5916
-7849
-9515
-10606
-11048
-10953
-10363
-9126
-7164
-4693
-2136
269
2542
4635
6290
7307
7751
7768
7343
6458
5297
4108
2994
1938
1028
469
354
517
695
801
943
1118
1049
472
-526
-1653
-2839
-4224
-5780
-7194
-8182
-8711
-8804
-8387
-7353
-5766
-3817
-1665
609
2889
4933
6510
7588
8263
8532
8296
7563
6580
5590
4638
3691
2858
2333
2133
2107
2159
2333
2622
2893
3001
2880
2413
1467
39
-1669
-3459
-5305
-7204
-9005
-10419
-11223
-11405
-11081
-10230
-8691
-6469
-3926
-1443
937
3270
5350
6850
7703
8059
7990
7454
6532
5446
4365
3324
2337
1525
1050
930
950
915
855
873
835
426
-447
-1568
-2745
-4023
-5475
-6933
-8101
-8820
-9082
-8864
-8075
-6693
-4840
-2724
-463
1844
4034
5860
7196
8099
8615
8653
8148
7281
6331
5396
4411
3413
2608
2140
1945
1878
1887
2006
2186
2302
2273
2095
1664
775
-602
-2220
-3812
-5404
-7088
-8720
-9951
-10540
-10522
-10045
-9115
-7594
-5484
-3095
-804
1314
3346
5148
6418
7067
7284
7175
6657
5758
4707
3717
2820
1993
1318
920
827
881
876
794
734
653
283
-529
-1609
-2713
-3836
-5074
-6338
-7367
-7966
-8126
-7857
-7119
-5900
-4293
-2460
-509
1499
3410
5011
6182
6976
7469
7594
7275
6605
5833
5107
4371
3582
2884
2484
2363
2328
2277
2300
2415
2494
2413
2185
1814
1104
-72
-1599
-3166
-4676
-6223
-7785
-9096
-9880
-10103
-9910
-9356
-8281
-6581
-4453
-2277
-232
1766
3654
5158
6113
6629
6858
6716
6138
5306
4468
3716
2955
2188
1574
1253
1160
1060
837
608
456
194
-419
-1370
-2416
-3429
-4509
-5661
-6704
-7415
-7728
-7685
-7223
-6255
-4822
-3120
-1345
474
2311
3999
5321
6225
6824
7153
7115
6674
5992
5277
4594
3885
3166
2576
2220
2056
1939
1828
1771
1763
1719
1571
1359
1116
706
-58
-1149
-2354
-3492
-4645
-5876
-7010
-7769
-8057
-8007
-7706
-7068
-5989
-4542
-2942
-1377
154
1670
2996
3941
4490
4820
4974
4810
4343
3778
3273
2792
2250
1739
1405
1266
1186
1018
783
596
426
60
-605
-1430
-2218
-3003
-3897
-4798
-5477
-5821
-5915
-5799
-5361
-4568
-3516
-2331
-1028
386
1775
2960
3874
4586
5161
5529
5570
5318
4974
4657
4289
3790
3281
2935
2736
2543
2321
2165
2120
2090
1998
1883
1812
1708
1299
474
-628
-1747
-2864
-4133
-5508
-6724
-7575
-8098
-8387
-8381
-7893
-6894
-5560
-4106
-2590
-927
789
2283
3413
4277
4996
5414
5357
4987
4577
4209
3729
3088
2465
2041
1797
1572
1273
980
787
558
93
-620
-1406
-2173
-3036
-4027
-4943
-5607
-6019
-6258
-6223
-5742
-4849
-3724
-2502
-1151
333
1771
2928
3764
4407
4913
5176
5083
4755
4391
4041
3615
3095
2642
2361
2175
1988
1827
1782
1816
1791
1662
1512
1428
1344
1194
974
655
136
-636
-1522
-2406
-3257
-4091
-4859
-5485
-5867
-5949
-5799
-5490
-4984
-4178
-3168
-2152
-1148
-110
901
1740
2380
2886
3201
3247
3103
2900
2683
2403
2067
1746
1529
1427
1351
1188
972
823
705
454
-8
-572
-1137
-1738
-2392
-3023
-3557
-3966
-4230
-4282
-4066
-3620
-3015
-2306
-1497
-587
352
1165
1795
2316
2800
3151
3256
3201
3143
3107
3012
2855
2714
2624
2583
2587
2606
2638
2698
2756
2763
2715
2698
2689
2606
2377
1951
1278
355
-685
-1812
-3038
-4305
-5451
-6395
-7151
-7663
-7836
-7611
-7020
-6107
-4971
-3696
-2277
-794
555
1627
2501
3286
3849
4046
3974
3823
3638
3360
3021
2716
2501
2347
2207
2046
1883
1747
1540
1152
581
-75
-793
-1650
-2602
-3491
-4242
-4886
-5409
-5674
-5598
-5260
-4748
-4050
-3129
-2024
-859
237
1240
2182
3059
3771
4240
4537
4762
4907
4922
4826
4709
4579
4410
4235
4096
3978
3810
3576
3317
3087
2880
2646
2270
1627
710
-415
-1634
-2960
-4419
-5892
-7208
-8241
-8969
-9392
-9467
-9108
-8284
-7038
-5552
-3945
-2198
-390
1279
2648
3739
4622
5195
5393
5341
5158
4867
4439
3938
3488
3147
2884
2618
2301
2009
1801
1519
994
236
-606
-1491
-2504
-3606
-4647
-5524
-6203
-6646
-6767
-6488
-5869
-5018
-4004
-2822
-1500
-192
925
1839
2654
3399
3958
4242
4379
4526
4689
4757
4699
4616
4568
4493
4328
4092
3837
3533
3124
2626
2136
1689
1243
787
411
225
79
-277
-899
-1585
-2132
-2685
-3444
-4368
-5218
-5840
-6291
-6692
-6971
-6951
-6538
-5794
-4886
-3779
-2413
-946
418
1635
2795
3829
4482
4735
4782
4726
4500
4000
3335
2735
2311
1976
1591
1174
919
844
724
426
15
-397
-883
-1548
-2314
-3059
-3764
-4435
-4998
-5304
-5305
-5091
-4719
-4126
-3206
-2053
-931
24
955
1983
2981
3708
4134
4434
4700
4872
4833
4612
4347
4103
3813
3419
2986
2600
2225
1816
1435
1185
1031
867
713
701
889
1183
1396
1335
995
495
-74
-845
-1972
-3297
-4541
-5603
-6539
-7341
-7850
-7931
-7576
-6806
-5738
-4465
-2978
-1345
231
1592
2747
3719
4328
4480
4385
4191
3849
3285
2629
2113
1824
1679
1572
1481
1508
1699
1836
1698
1305
811
225
-601
-1650
-2736
-3764
-4733
-5564
-6091
-6209
-5965
-5441
-4633
-3502
-2071
-580
687
1722
2691
3604
4211
4372
4294
4195
4060
3784
3401
3062
2853
2736
2652
2565
2497
2454
2380
2248
2103
1954
1708
1296
874
639
561
507
472
558
660
579
246
-208
-708
-1319
-2105
-3052
-4047
-4947
-5682
-6284
-6688
-6775
-6492
-5944
-5209
-4172
-2858
-1525
-370
674
1715
2597
3084
3225
3221
3173
3024
2712
2315
2008
1890
1885
1853
1811
1898
2061
2099
1931
1628
1218
611
-199
-1088
-1977
-2873
-3750
-4503
-5004
-5191
-5116
-4863
-4406
-3638
-2609
-1576
-677
191
1111
1967
2603
3047
3399
3695
3909
4036
4085
4087
4064
4019
3922
3768
3574
3293
2894
2444
2052
1703
1301
865
536
392
366
383
456
645
888
983
755
219
-422
-1131
-2058
-3223
-4415
-5459
-6371
-7173
-7709
-7842
-7581
-6975
-6094
-4925
-3474
-1896
-443
782
1907
2978
3740
4016
3986
3899
3788
3528
3125
2749
2534
2475
2467
2431
2427
2491
2501
2313
1916
1383
669
-291
-1384
-2451
-3514
-4595
-5571
-6214
-6462
-6361
-5941
-5270
-4345
-3105
-1611
-182
951
1933
2958
3883
4467
4729
4846
4869
4780
4640
4476
4249
3973
3706
3452
3143
2752
2271
1710
1158
696
262
-245
-764
-1101
-1215
-1206
-1122
-889
-456
151
779
1183
1242
1016
683
181
-651
-1764
-2961
-4128
-5205
-6089
-6656
-6908
-6874
-6434
-5578
-4408
-3044
-1631
-326
832
1909
2849
3362
3357
3125
2866
2514
1967
1343
847
589
556
689
881
1154
1582
2045
2340
2393
2251
1865
1167
256
-707
-1738
-2850
-3894
-4647
-5000
-5004
-4737
-4215
-3358
-2131
-699
609
1667
2589
3424
4021
4242
4155
3897
3531
3099
2660
2241
1862
1554
1378
1357
1440
1502
1440
1276
1112
978
766
400
-34
-373
-567
-679
-735
-635
-311
232
949
1801
2583
3019
3020
2752
2342
1624
424
-1142
-2789
-4319
-5697
-6950
-7990
-8621
-8637
-8084
-7226
-6144
-4753
-3111
-1470
-6
1223
2171
2734
2926
2866
2650
2359
2005
1619
1340
1352
1647
2093
2589
3187
3872
4476
4807
4793
4468
3871
3001
1862
521
-981
-2517
-3940
-5054
-5763
-6092
-6096
-5736
-4932
-3763
-2465
-1247
-100
976
1858
2404
2604
2589
2467
2274
2015
1696
1427
1329
1392
1583
1871
2227
2544
2745
2861
2912
2804
2479
1978
1403
836
306
-178
-616
-926
-983
-747
-315
236
905
1658
2260
2490
2296
1783
1029
-37
-1415
-2967
-4499
-5897
-7116
-8057
-8541
-8518
-8033
-7178
-6000
-4494
-2797
-1182
159
1271
2243
2975
3260
3168
2951
2746
2522
2245
2027
2033
2328
2819
3345
3838
4356
4819
5024
4859
4388
3642
2557
1149
-404
-1947
-3436
-4798
-5902
-6596
-6821
-6612
-6061
-5179
-3945
-2447
-965
281
1324
2214
2858
3116
3040
2806
2516
2202
1917
1728
1688
1802
2043
2381
2764
3111
3300
3249
2970
2507
1825
883
-247
-1362
-2303
-3037
-3567
-3829
-3720
-3201
-2335
-1212
78
1450
2828
4126
5153
5653
5513
4808
3741
2394
754
-1089
-2961
-4642
-5973
-6902
-7411
-7496
-7141
-6366
-5321
-4150
-2933
-1814
-947
-349
65
315
291
7
-296
-431
-366
-155
201
802
1724
2914
4158
5241
6110
6769
7106
6989
6427
5491
4188
2555
761
-991
-2618
-4068
-5229
-5981
-6259
-6079
-5558
-4821
-3894
-2782
-1603
-585
119
527
706
686
501
179
-185
-464
-557
-409
-18
591
1350
2175
3048
3913
4565
4846
4748
4347
3672
2707
1509
194
-1102
-2206
-2994
-3448
-3561
-3301
-2638
-1620
-344
1059
2438
3668
4723
5587
6163
6215
5604
4418
2903
1293
-428
-2286
-4130
-5675
-6716
-7310
-7559
-7445
-6947
-6101
-5043
-3919
-2831
-1868
-1128
-641
-355
-181
-116
-239
-442
-483
-228
252
852
1589
2530
3640
4773
5737
6403
6773
6836
6496
5695
4512
3044
1358
-454
-2208
-3766
-5105
-6166
-6809
-6926
-6557
-5837
-4896
-3811
-2631
-1406
-278
606
1198
1551
1698
1655
1470
1221
974
795
782
993
1383
1868
2394
2947
3489
3906
4062
3894
3421
2704
1790
707
-507
-1755
-2880
-3732
-4258
-4445
-4271
-3706
-2754
-1481
3
1540
2990
4279
5384
6251
6811
7019
6797
6088
4970
3631
2215
683
-960
-2521
-3832
-4839
-5589
-6118
-6418
-6479
-6315
-6021
-5713
-5395
-5022
-4671
-4422
-4195
-3866
-3444
-3031
-2567
-1883
-945
149
1294
2463
3665
4873
5964
6778
7248
7437
7373
6964
6173
5107
3867
2484
1021
-390
-1660
-2781
-3722
-4405
-4789
-4894
-4775
-4506
-4137
-3663
-3103
-2537
-2065
-1675
-1276
-841
-404
26
473
939
1403
1860
2312
2751
3135
3432
3620
3702
3654
3415
2972
2373
1702
1002
287
-427
-1100
-1677
-2106
-2350
-2428
-2364
-2152
-1762
-1186
-463
326
1115
1871
2584
3252
3838
4298
4633
4873
5030
5005
4666
3978
3032
1978
838
-432
-1823
-3227
-4521
-5664
-6631
-7390
-7897
-8142
-8134
-7888
-7415
-6725
-5902
-5040
-4159
-3239
-2279
-1343
-479
358
1179
2015
2855
3644
4360
4991
5567
6059
6430
6633
6590
6263
5715
5027
4142
3044
1835
650
-505
-1656
-2700
-3532
-4130
-4515
-4672
-4593
-4331
-3927
-3396
-2771
-2119
-1495
-910
-365
149
632
1080
1481
1836
2132
2365
2533
2644
2673
2589
2419
2182
1863
1444
941
403
-149
-688
-1166
-1577
-1939
-2214
-2334
-2277
-2101
-1835
-1450
-936
-315
378
1105
1833
2538
3207
3831
4391
4842
5176
5395
5542
5591
5382
4784
3807
2609
1307
-111
-1662
-3306
-4924
-6375
-7580
-8515
-9163
-9499
-9510
-9209
-8605
-7710
-6616
-5474
-4351
-3200
-1997
-832
169
1005
1785
2585
3422
4242
4993
5677
6344
7015
7617
8038
8223
8163
7845
7252
6374
5207
3787
2184
489
-1207
-2813
-4241
-5449
-6415
-7065
-7338
-7277
-6977
-6490
-5788
-4891
-3912
-2950
-2045
-1189
-372
399
1111
1774
2409
3030
3597
4039
4339
4516
4590
4537
4308
3904
3360
2687
1888
999
104
-748
-1548
-2269
-2847
-3233
-3433
-3473
-3363
-3098
-2670
-2103
-1449
-747
3
813
1652
2463
3195
3860
4477
5028
5472
5806
6064
6169
5950
5304
4302
3107
1764
233
-1469
-3222
-4902
-6436
-7783
-8860
-9579
-9912
-9877
-9516
-8841
-7865
-6682
-5440
-4218
-2988
-1725
-503
571
1511
2409
3324
4221
5046
5813
6566
7286
7894
8330
8588
8648
8427
7852
6946
5773
4356
2706
875
-1013
-2842
-4515
-5963
-7150
-8028
-8531
-8628
-8372
-7848
-7103
-6158
-5090
-3989
-2877
-1756
-674
305
1185
2031
2883
3715
4478
5144
5698
6107
6333
6345
6139
5699
5040
4187
3162
2003
778
-424
-1548
-2569
-3431
-4064
-4471
-4677
-4665
-4402
-3947
-3408
-2808
-2096
-1293
-476
319
1119
1939
2733
3476
4171
4804
5341
5765
6093
6315
6365
6114
5477
4437
3080
1529
-167
-1987
-3874
-5672
-7222
-8467
-9387
-9922
-10034
-9762
-9170
-8275
-7089
-5721
-4338
-3031
-1781
-564
586
1611
2497
3298
4083
4885
5673
6398
7042
7605
8045
8290
8284
8003
7410
6451
5137
3562
1829
-9
-1897
-3727
-5359
-6683
-7651
-8244
-8469
-8335
-7853
-7068
-6075
-4979
-3858
-2750
-1692
-702
211
1057
1848
2592
3314
4061
4860
5663
6363
6871
7156
7204
6986
6436
5529
4285
2808
1206
-441
-2046
-3507
-4730
-5666
-6280
-6533
-6427
-6044
-5443
-4656
-3740
-2817
-1979
-1235
-554
74
650
1200
1743
2311
2941
3654
4409
5127
5779
6360
6830
7115
7190
7037
6547
5601
4193
2464
571
-1418
-3416
-5315
-7000
-8369
-9340
-9847
-9892
-9539
-8870
-7953
-6859
-5646
-4380
-3172
-2123
-1246
-430
407
1214
1941
2646
3405
4220
5042
5846
6584
7134
7420
7468
7284
6798
5967
4828
3455
1930
368
-1123
-2516
-3775
-4791
-5469
-5807
-5851
-5648
-5259
-4751
-4168
-3540
-2927
-2373
-1861
-1365
-877
-378
188
853
1593
2376
3200
4052
4863
5543
6012
6230
6144
5717
4951
3878
2560
1080
-449
-1924
-3242
-4306
-5074
-5564
-5785
-5697
-5302
-4711
-4047
-3348
-2625
-1921
-1275
-694
-168
339
881
1512
2225
2978
3773
4601
5398
6089
6652
7064
7250
7149
6799
6261
5555
4646
3483
2045
377
-1355
-3000
-4519
-5921
-7167
-8175
-8910
-9361
-9479
-9272
-8845
-8274
-7540
-6608
-5519
-4329
-3093
-1863
-647
619
1948
3218
4350
5369
6284
7015
7518
7824
7917
7730
7267
6603
5770
4786
3686
2484
1173
-165
-1399
-2500
-3518
-4442
-5190
-5741
-6102
-6243
-6158
-5919
-5576
-5098
-4445
-3642
-2724
-1720
-688
332
1368
2442
3470
4347
5058
5638
6079
6347
6417
6262
5854
5225
4407
3404
2228
940
-392
-1738
-3024
-4146
-5064
-5811
-6355
-6608
-6545
-6242
-5751
-5072
-4261
-3371
-2412
-1399
-396
560
1496
2402
3217
3958
4691
5391
5983
6452
6810
7017
7031
6865
6534
6011
5314
4519
3650
2705
1657
458
-952
-2525
-4060
-5440
-6692
-7821
-8724
-9308
-9585
-9530
-9085
-8299
-7296
-6138
-4835
-3454
-2052
-668
619
1724
2668
3555
4361
5002
5489
5887
6190
6357
6424
6394
6200
5783
5175
4404
3467
2420
1305
90
-1221
-2485
-3558
-4439
-5160
-5676
-5954
-6032
-5909
-5548
-4987
-4329
-3638
-2911
-2137
-1301
-386
554
1426
2217
2999
3797
4552
5184
5647
5893
5904
5725
5377
4824
4037
3050
1911
662
-623
-1857
-3001
-4040
-4894
-5481
-5804
-5913
-5820
-5525
-5075
-4516
-3846
-3088
-2311
-1559
-791
8
805
1589
2375
3135
3820
4450
5059
5596
5970
6167
6217
6105
5821
5406
4873
4204
3437
2678
1967
1287
658
124
-410
-1096
-1987
-3006
-4043
-5069
-6018
-6841
-7497
-7951
-8157
-8043
-7555
-6716
-5632
-4441
-3228
-1996
-741
452
1448
2196
2760
3238
3652
3998
4275
4464
4549
4551
4511
4423
4222
3852
3302
2580
1764
940
110
-783
-1704
-2527
-3153
-3574
-3798
-3859
-3818
-3716
-3524
-3223
-2841
-2419
-2003
-1606
-1186
-644
54
832
1602
2341
3049
3702
4258
4681
4899
4848
4558
4110
3545
2863
2093
1286
465
-357
-1141
-1875
-2565
-3178
-3672
-4032
-4288
-4443
-4485
-4427
-4259
-3935
-3437
-2797
-2075
-1309
-513
318
1162
1962
2663
3266
3792
4231
4572
4827
5008
5103
5099
4989
4786
4508
4153
3701
3127
2478
1819
1157
495
-145
-704
-1237
-1865
-2672
-3628
-4589
-5435
-6098
-6580
-6892
-7008
-6910
-6569
-5951
-5082
-4084
-3119
-2250
-1443
-636
169
905
1513
2013
2498
3015
3548
4059
4488
4747
4804
4731
4575
4277
3760
3026
2132
1161
243
-557
-1279
-1969
-2567
-2984
-3212
-3270
-3166
-2965
-2769
-2578
-2314
-1938
-1487
-1000
-503
-10
518
1135
1805
2411
2889
3235
3442
3528
3535
3463
3225
2777
2208
1606
1001
389
-227
-872
-1564
-2264
-2922
-3533
-4100
-4574
-4925
-5119
-5110
-4849
-4378
-3772
-3045
-2167
-1152
-82
978
1964
2822
3533
4125
4616
4982
5217
5328
5325
5217
5039
4805
4473
4007
3428
2780
2083
1354
621
-110
-834
-1508
-2049
-2418
-2633
-2723
-2698
-2652
-2726
-3008
-3449
-3921
-4352
-4672
-4816
-4756
-4507
-4076
-3421
-2538
-1507
-461
461
1175
1693
2092
2396
2579
2655
2700
2767
2849
2965
3135
3292
3318
3157
2850
2444
1940
1318
561
-294
-1110
-1743
-2187
-2520
-2763
-2898
-2943
-2917
-2800
-2607
-2448
-2378
-2327
-2197
-1949
-1575
-1083
-526
48
653
1291
1893
2385
2732
2897
2867
2708
2529
2346
2117
1847
1587
1363
1177
1010
803
480
17
-551
-1194
-1873
-2511
-3055
-3483
-3750
-3758
-3468
-2956
-2328
-1649
-979
-363
195
698
1110
1406
1615
1792
1980
2202
2449
2668
2800
2847
2829
2744
2563
2270
1899
1498
1109
766
493
302
180
110
82
84
103
122
128
119
59
-118
-475
-1000
-1576
-2086
-2457
-2651
-2659
-2528
-2350
-2172
-1959
-1689
-1423
-1261
-1248
-1332
-1376
-1279
-1029
-684
-280
180
664
1146
1613
2006
2207
2146
1893
1558
1189
812
457
138
-143
-340
-415
-414
-418
-487
-650
-910
-1195
-1400
-1510
-1573
-1579
-1469
-1203
-793
-273
274
735
1065
1302
1473
1574
1626
1630
1570
1470
1437
1523
1654
1727
1695
1541
1257
884
469
0
-547
-1123
-1625
-1991
-2195
-2279
-2314
-2334
-2285
-2135
-1944
-1780
-1641
-1510
-1385
-1227
-952
-539
-38
498
1056
1610
2118
2537
2843
3001
2980
2818
2595
2362
2119
1872
1635
1415
1224
1081
980
873
718
519
297
86
-87
-206
-272
-289
-230
-106
-25
-120
-468
-1006
-1623
-2216
-2685
-2971
-3090
-3096
-2995
-2724
-2265
-1706
-1192
-834
-657
-576
-500
-397
-271
-116
93
335
608
942
1321
1630
1754
1687
1509
1302
1097
898
687
465
280
177
144
135
84
-86
-409
-806
-1134
-1351
-1508
-1622
-1650
-1536
-1257
-824
-307
161
514
753
910
1019
1116
1207
1252
1257
1291
1398
1536
1639
1661
1547
1257
822
323
-178
-664
-1127
-1548
-1889
-2093
-2144
-2096
-2014
-1915
-1797
-1668
-1532
-1363
-1158
-932
-667
-309
168
727
1296
1804
2202
2479
2645
2718
2700
2595
2409
2170
1924
1716
1562
1440
1302
1110
859
561
223
-149
-525
-859
-1116
-1277
-1332
-1282
-1124
-876
-578
-276
-38
59
-60
-376
-784
-1173
-1449
-1544
-1464
-1306
-1149
-987
-795
-615
-533
-594
-789
-1043
-1232
-1265
-1123
-856
-530
-191
128
422
683
857
873
727
496
282
154
155
272
430
576
699
790
824
775
619
344
-4
-300
-442
-432
-318
-152
38
218
371
488
525
439
257
54
-97
-149
-87
46
187
309
419
506
522
425
197
-141
-511
-827
-1038
-1122
-1078
-946
-791
-668
-587
-563
-610
-714
-838
-932
-955
-826
-512
-72
388
808
1179
1485
1698
1795
1766
1617
1402
1215
1114
1102
1132
1159
1135
1043
899
710
444
99
-277
-621
-879
-1006
-977
-828
-626
-413
-191
35
234
396
518
611
708
853
1024
1127
1084
885
572
193
-190
-520
-799
-1083
-1391
-1673
-1862
-1937
-1947
-1960
-2007
-2060
-2059
-1973
-1802
-1544
-1219
-865
-503
-114
338
803
1194
1459
1621
1743
1870
2002
2086
2081
1987
1843
1663
1444
1173
821
361
-181
-726
-1193
-1559
-1844
-2065
-2241
-2365
-2409
-2354
-2229
-2084
-1942
-1790
-1591
-1308
-929
-492
-42
404
854
1286
1677
2019
2289
2447
2466
2383
2261
2135
1988
1779
1485
1132
764
397
26
-339
-690
-1029
-1328
-1529
-1599
-1567
-1488
-1403
-1324
-1224
-1062
-837
-592
-365
-138
126
433
769
1110
1417
1631
1722
1743
1757
1766
1735
1649
1527
1390
1245
1099
942
758
541
309
80
-117
-256
-341
-387
-405
-414
-453
-580
-797
-1078
-1375
-1634
-1798
-1851
-1834
-1790
-1720
-1613
-1500
-1387
-1263
-1116
-965
-810
-601
-305
57
426
748
990
1149
1243
1285
1260
1146
963
758
574
433
328
235
125
-21
-207
-430
-661
-875
-1069
-1235
-1336
-1344
-1271
-1138
-971
-788
-626
-487
-340
-155
66
307
561
824
1097
1378
1649
1863
1972
1956
1839
1656
1448
1245
1031
777
466
133
-175
-452
-716
-996
-1291
-1578
-1815
-1966
-2017
-1972
-1861
-1715
-1536
-1319
-1063
-775
-467
-154
158
477
814
1169
1508
1806
2041
2212
2323
2364
2330
2216
2033
1797
1531
1264
1011
761
498
235
-12
-242
-472
-701
-906
-1069
-1184
-1244
-1239
-1169
-1059
-930
-784
-613
-423
-236
-68
86
222
311
331
284
214
155
118
87
44
-22
-120
-253
-410
-565
-732
-937
-1164
-1342
-1421
-1422
-1379
-1298
-1169
-1016
-850
-675
-484
-284
-81
118
309
493
671
831
946
997
984
910
778
615
450
299
154
16
-99
-188
-251
-285
-299
-321
-357
-399
-423
-420
-392
-342
-275
-179
-56
77
204
313
405
482
553
620
691
764
830
872
890
879
832
741
611
447
249
41
-140
-270
-355
-406
-414
-371
-299
-226
-169
-117
-65
-17
37
109
201
301
397
492
581
667
740
780
773
741
716
696
661
596
506
397
276
153
27
-99
-216
-319
-400
-455
-475
-466
-455
-481
-572
-735
-941
-1129
-1245
-1266
-1215
-1117
-1019
-941
-891
-862
-845
-843
-849
-845
-791
-642
-390
-87
198
419
558
623
631
607
560
500
434
391
402
474
570
633
628
542
399
230
61
-91
-208
-275
-296
-277
-230
-178
-153
-185
-276
-399
-516
-591
-606
-552
-425
-239
-20
188
365
499
581
608
586
547
524
535
579
625
648
646
615
543
433
311
198
113
64
60
91
135
175
197
189
139
57
-38
-128
-202
-248
-265
-269
-266
-240
-184
-124
-104
-124
-158
-174
-155
-113
-73
-65
-87
-116
-140
-170
-225
-308
-391
-448
-457
-427
-363
-276
-176
-74
18
93
155
217
283
345
406
473
546
606
639
641
607
550
479
409
357
333
335
341
331
298
260
223
163
63
-76
-208
-294
-331
-342
-353
-363
-363
-362
-382
-431
-501
-580
-643
-678
-687
-673
-638
-591
-557
-564
-601
-636
-652
-657
-665
-669
-650
-603
-538
-466
-385
-302
-219
-131
-30
89
224
375
537
686
801
879
939
997
1041
1063
1049
1010
958
899
847
790
696
549
364
166
-42
-257
-445
-584
-674
-729
-746
-716
-647
-567
-505
-456
-389
-292
-172
-52
72
217
373
524
659
771
861
919
948
955
946
928
891
840
779
702
604
487
369
243
105
-39
-173
-302
-457
-678
-968
-1282
-1550
-1706
-1711
-1587
-1409
-1248
-1122
-1012
-909
-807
-691
-552
-402
-251
-79
134
385
637
842
956
961
868
738
636
578
544
492
409
292
157
16
-130
-298
-503
-716
-891
-992
-1005
-941
-821
-680
-536
-398
-260
-117
34
210
408
615
816
1008
1191
1359
1487
1535
1482
1332
1141
966
836
730
608
455
268
60
-155
-356
-544
-731
-913
-1056
-1140
-1159
-1114
-1010
-869
-726
-602
-496
-388
-254
-90
85
249
399
552
695
813
895
930
904
812
683
561
477
419
355
263
135
-33
-237
-451
-638
-791
-926
-1041
-1117
-1141
-1120
-1057
-956
-830
-697
-562
-422
-279
-123
55
252
449
623
757
846
897
909
892
838
747
619
475
348
251
174
88
-20
-141
-263
-376
-475
-551
-594
-613
-625
-636
-636
-611
-569
-524
-481
-429
-352
-264
-171
-67
51
165
261
340
402
446
481
497
485
453
433
431
414
365
292
214
151
111
82
50
14
-7
0
30
53
73
90
74
29
-3
27
87
125
135
134
131
123
131
164
176
132
69
72
114
114
68
34
29
4
-47
-92
-130
-168
-202
-220
-229
-238
-250
-258
-263
-262
-262
-255
-225
-181
-141
-113
-75
-28
12
34
52
77
106
127
131
122
114
121
142
162
166
145
109
73
43
12
-27
-60
-86
-113
-148
-171
-174
-172
-186
-211
-226
-229
-228
-223
-206
-185
-172
-161
-153
-151
-165
-187
-205
-214
-209
-187
-148
-109
-81
-71
-75
-77
-70
-57
-54
-47
-18
32
87
140
208
294
377
436
471
496
534
572
607
626
621
583
512
422
317
209
108
18
-61
-134
-198
-258
-317
-375
-418
-443
-452
-450
-437
-406
-361
-311
-252
-180
-96
-16
57
128
194
252
306
368
444
516
560
567
565
572
560
501
409
326
256
181
90
-3
-87
-158
-222
-284
-353
-418
-469
-497
-519
-537
-543
-526
-483
-431
-377
-323
-267
-213
-153
-93
-32
22
65
95
120
146
169
185
193
192
182
165
135
88
34
-18
-67
-113
-161
-220
-288
-342
-356
-342
-326
-320
-318
-297
-248
-187
-129
-74
-7
69
149
224
292
353
406
454
498
528
539
528
504
474
430
361
270
167
68
-32
-129
-224
-317
-411
-501
-571
-606
-612
-596
-563
-520
-470
-406
-317
-216
-120
-30
75
195
308
397
467
538
616
685
732
754
750
718
666
606
541
460
372
277
165
30
-97
-192
-264
-337
-425
-512
-569
-580
-558
-529
-502
-467
-414
-351
-278
-198
-115
-36
32
98
162
216
249
264
271
270
258
233
198
147
89
32
-18
-65
-111
-149
-188
-245
-310
-349
-351
-338
-340
-355
-361
-336
-283
-229
-178
-125
-70
-25
5
28
55
89
132
189
258
316
344
344
322
278
233
210
212
223
228
212
168
108
49
5
-24
-40
-40
-30
-19
-17
-28
-47
-63
-69
-77
-88
-102
-108
-108
-103
-73
-20
34
49
19
-15
-15
14
34
33
35
56
86
107
126
148
158
144
112
79
50
26
17
23
30
22
5
-8
-20
-36
-50
-59
-56
-38
-14
2
2
4
18
40
56
55
39
28
28
30
19
-8
-45
-87
-130
-168
-191
-200
-204
-201
-182
-147
-122
-123
-136
-149
-163
-177
-184
-182
-173
-162
-145
-112
-70
-33
-10
7
32
61
80
91
103
128
149
158
154
142
118
87
63
51
52
58
54
39
16
-8
-34
-52
-55
-41
-32
-33
-45
-62
-70
-63
-44
-33
-20
7
37
50
56
67
86
111
140
163
167
164
174
199
220
225
211
197
186
174
156
138
128
124
125
123
117
90
48
5
-21
-34
-48
-66
-78
-75
-67
-66
-71
-70
-59
-52
-65
-113
-184
-238
-240
-197
-149
-109
-84
-71
-66
-53
-30
-9
-8
-26
-47
-70
-98
-122
-122
-95
-57
-43
-60
-95
-122
-122
-93
-48
0
35
51
48
32
18
13
20
31
39
37
21
-3
-20
-18
0
22
33
27
4
-16
-11
15
41
43
23
-9
-46
