5.62288 0.194814 -1.22188 1.90967 1.89266 -0.914665 1.18658 -0.155744 -0.294524 -0.421545 -0.0031242 0.0312988 
4.65925 0.245843 -0.99755 1.52722 1.88981 -0.0679827 0.0776166 0.39186 -0.300261 -0.107532 0.0242579 0.0597443 
3.74606 1.51132 0.492485 1.77226 2.39617 1.14962 0.695441 0.82278 0.557582 0.0230926 -0.0260239 -0.000189618 
3.73255 3.05517 2.42206 1.92523 1.30616 0.592246 0.187443 -0.0654475 -0.249653 -0.212281 0.0798966 -0.0269314 
3.26921 2.73775 2.29824 1.85311 1.38972 0.895098 0.385295 -0.0124382 -0.188138 -0.193729 -0.131515 -0.0686693 
2.88692 2.29438 1.8737 1.44517 0.953199 0.443215 0.0392645 -0.188249 -0.256077 -0.193942 -0.0828592 -0.0911427 
3.2231 2.75585 2.29548 1.78868 1.31555 0.817311 0.277546 -0.206257 -0.372757 -0.272704 -0.133413 -0.0997738 
3.89828 3.46749 3.00621 2.30629 1.37565 0.450839 -0.239627 -0.560015 -0.55965 -0.425186 -0.212819 -0.116249 
4.049 3.57942 2.88265 2.07997 1.24388 0.379718 -0.2585 -0.657795 -0.786625 -0.586927 -0.171108 -0.113818 
3.35626 2.84275 2.3232 1.66602 0.93106 0.246272 -0.247103 -0.491052 -0.541221 -0.388529 -0.158363 -0.11256 
3.74726 3.3086 2.71569 1.80443 0.746048 -0.152471 -0.692352 -0.98698 -1.02072 -0.655138 -0.139695 -0.113822 
3.50405 2.84176 2.16988 1.46589 0.694247 -0.0942104 -0.667081 -0.896726 -0.805897 -0.503791 -0.169091 -0.110376 
5.85388 4.19695 2.30642 1.38248 0.349645 -1.20143 -1.67199 -1.28683 -1.06972 -0.655461 -0.320067 -0.0878333 
4.00229 3.24279 2.18844 1.01762 -0.0709764 -0.919048 -1.35653 -1.40033 -1.1517 -0.6831 -0.172731 -0.0831586 
4.50708 3.63625 2.43784 1.10328 -0.351135 -1.39715 -1.58131 -1.35687 -1.15116 -0.752349 -0.24434 -0.0764952 
3.61881 2.82737 1.75353 0.655242 -0.267764 -1.06165 -1.52686 -1.42145 -0.96016 -0.518976 -0.190035 -0.0756367 
5.34881 3.82263 1.84919 0.731282 -0.595031 -2.12471 -2.14312 -1.10943 -0.721101 -0.658771 -0.239195 -0.0541361 
3.56403 2.60261 1.43395 0.188151 -0.827297 -1.36476 -1.38971 -1.11227 -0.815909 -0.495209 -0.201991 -0.0703024 
4.87841 3.62305 1.89044 0.332045 -1.28896 -2.3132 -2.03079 -1.27986 -0.867521 -0.440117 -0.175104 -0.0325502 
4.23178 3.10053 1.46367 -0.0736153 -1.35165 -2.12732 -2.00498 -1.36552 -0.822289 -0.411772 -0.149703 -0.036265 
4.67891 3.21969 1.26937 -0.290898 -1.52857 -2.20047 -1.87372 -1.21005 -0.849873 -0.435131 -0.140978 -0.0367497 
3.45749 2.33303 0.973986 -0.420679 -1.52115 -1.94472 -1.68182 -1.23912 -0.861468 -0.421612 -0.0772641 -0.0559053 
4.54651 3.03991 1.02975 -0.489477 -1.5972 -2.11665 -1.75993 -1.17199 -0.82891 -0.464542 -0.138452 -0.0404139 
7.46661 2.87616 0.0100831 0.167324 -1.13646 -2.88292 -1.16634 0.286121 -1.32298 -0.618858 -0.0953448 0.0719142 
4.82383 3.14312 1.03189 -0.430541 -1.50882 -1.95723 -1.28818 -0.596188 -0.587734 -0.440047 -0.187124 -0.0652702 
4.25904 2.89758 0.98148 -0.595538 -1.47094 -1.61132 -1.13882 -0.637474 -0.47651 -0.355575 -0.186711 -0.0736776 
4.62437 3.04572 0.929499 -0.671412 -1.6403 -1.75907 -0.977581 -0.371705 -0.435856 -0.375227 -0.165144 -0.0774938 
5.60414 3.27945 0.452273 -0.865996 -1.69731 -2.10452 -1.05452 -0.11522 -0.353742 -0.286173 -0.206988 -0.0889711 
5.45243 3.10853 0.355565 -1.00482 -2.00109 -2.1815 -0.848885 -0.141207 -0.503878 -0.172403 -0.191968 -0.0924238 
4.35965 2.5879 0.582358 -0.906174 -1.90635 -1.91412 -0.898211 -0.202288 -0.256776 -0.239408 -0.228115 -0.124331 
4.36852 2.5281 0.390284 -1.12033 -1.96428 -1.82466 -0.875518 -0.260025 -0.257864 -0.191553 -0.265163 -0.139312 
4.2782 2.42585 0.279935 -1.29154 -2.03788 -1.69521 -0.657815 -0.232275 -0.332992 -0.218427 -0.308635 -0.155588 
6.02791 2.60855 -0.316425 -0.720025 -2.01508 -2.71194 -0.428303 0.660347 -0.561167 -0.28108 -0.310545 -0.126898 
4.71639 2.39392 0.149302 -1.08344 -1.92559 -1.81258 -0.447237 0.297966 -0.147727 -0.273176 -0.364563 -0.180887 
4.29215 2.24635 0.220597 -0.95718 -1.67865 -1.57315 -0.439527 0.340989 0.0707129 -0.20005 -0.363187 -0.181454 
4.02287 2.03704 0.212472 -1.03471 -1.79169 -1.24262 0.162465 0.641845 0.013885 -0.322208 -0.323576 -0.192679 
5.45189 2.06073 -0.309311 -0.583098 -1.49777 -1.6964 0.343907 1.11565 -0.151333 -0.341229 -0.399406 -0.188138 
6.29444 1.89488 -0.51889 -0.180633 -1.3572 -1.98324 0.64581 1.65677 -0.469971 -0.59477 -0.420317 -0.160159 
4.25145 1.9459 -0.0219933 -0.529338 -0.953549 -1.10101 0.0894996 0.882591 0.0510577 -0.698598 -0.559196 -0.224974 
4.04779 2.16296 0.51714 -0.547955 -1.27995 -0.796756 0.5448 0.776354 -0.21499 -0.750615 -0.537848 -0.229873 
4.75918 1.97719 0.180869 -0.304277 -1.00289 -0.847578 0.744829 1.04411 -0.350777 -0.897309 -0.643718 -0.23222 
6.4925 1.78432 -0.568251 0.449944 -0.375991 -1.4193 0.981983 1.8957 -0.661276 -1.10767 -0.702696 -0.169845 
4.65819 2.23998 0.247684 0.0196471 -0.462606 -0.586617 0.713779 1.21937 -0.21382 -1.07829 -0.735904 -0.230711 
4.57924 2.40397 0.468379 -0.246463 -0.731221 -0.311261 1.03967 1.11945 -0.242995 -0.953103 -0.626921 -0.223598 
4.35314 1.99373 0.28309 0.0969368 0.109023 0.278354 1.0872 1.18799 -0.0795582 -0.945417 -0.626279 -0.193619 
4.44267 2.01034 0.142362 0.00849353 0.0497734 0.268101 1.35476 1.37687 -0.156989 -0.963836 -0.533806 -0.17357 
4.19713 2.07901 0.250996 -0.00630745 0.10417 0.46605 1.46142 1.40006 -0.211978 -1.05049 -0.443653 -0.158077 
4.17584 2.07052 0.502405 0.248431 0.33802 0.853836 1.6848 1.22275 -0.404588 -1.09322 -0.472724 -0.144196 
3.91266 2.01949 0.509796 0.323436 0.650001 1.18207 1.68859 1.07529 -0.411287 -1.00324 -0.503075 -0.144192 
3.68986 1.99582 0.560907 0.286196 0.735658 1.45422 1.80992 0.974187 -0.465308 -0.979577 -0.525328 -0.143984 
3.31959 1.80965 0.815344 0.564325 0.721292 1.39968 1.86337 0.971195 -0.51919 -0.99359 -0.510594 -0.131891 
3.70722 2.15114 0.840863 0.437304 0.526138 1.21113 1.98497 1.30106 -0.440211 -1.10647 -0.467825 -0.147391 
3.48065 2.01362 0.927928 0.741848 0.986683 1.5094 1.94 1.24975 -0.32325 -1.05097 -0.556329 -0.131702 
4.05671 2.21029 0.649905 0.596823 0.80299 1.07183 1.87997 1.52149 -0.310741 -1.15648 -0.466976 -0.129918 
3.01761 1.77689 0.958158 0.718343 1.0978 1.82593 1.95857 0.895779 -0.398214 -0.81929 -0.496937 -0.102745 
3.61237 2.06914 0.841032 0.692791 0.993194 1.59524 2.15822 1.36469 -0.361581 -1.02855 -0.408052 -0.105498 
3.52632 2.06283 0.793939 0.505681 0.774681 1.49757 2.14677 1.37447 -0.37596 -1.00814 -0.302117 -0.104667 
3.62603 1.7379 0.456928 0.448007 0.894433 1.68456 2.37035 1.42379 -0.384399 -0.929151 -0.355873 -0.0929261 
3.48636 1.82598 0.528227 0.280023 0.845486 1.84248 2.30607 1.2152 -0.367566 -0.789708 -0.35054 -0.0981735 
3.71428 1.95233 0.777457 0.771643 1.04828 1.77336 2.48603 1.44497 -0.396486 -0.887332 -0.349304 -0.0707519 
4.01246 2.02991 0.366356 0.253233 0.865159 1.72472 2.46876 1.53639 -0.302273 -0.824984 -0.338825 -0.0734913 
3.48749 1.72293 0.416954 0.485215 1.38394 2.20832 2.24857 1.11821 -0.180067 -0.641811 -0.449333 -0.0735871 
3.85888 2.0146 0.387098 0.228113 0.985012 1.89746 2.24044 1.21673 -0.28594 -0.776451 -0.398689 -0.0780657 
4.43074 1.93018 0.0502503 0.389205 1.13677 1.7975 2.41264 1.45747 -0.296934 -0.753986 -0.406646 -0.0646153 
4.00234 1.78187 0.0730274 0.179177 1.12057 1.84689 1.92646 1.15269 -0.0800311 -0.670851 -0.383082 -0.0812121 
6.08196 1.507 -1.04789 0.533115 1.43972 1.14273 1.81503 1.5571 0.198431 -0.654386 -0.470466 -0.0741566 
6.52383 1.46064 -0.988766 0.652208 1.52003 1.21707 1.80825 1.53776 0.301822 -0.506722 -0.414382 -0.078875 
4.94071 2.09614 -0.24058 0.168082 1.32022 1.55207 1.53066 1.27857 0.43297 -0.346266 -0.324694 -0.115845 
3.17458 1.92146 0.895329 0.687261 1.17156 1.70142 1.74259 1.15009 0.30022 -0.261458 -0.349384 -0.0968005 
5.2168 2.52655 0.279418 0.188655 1.15756 2.09907 2.29098 1.31747 0.0594264 -0.106483 -0.33661 -0.113833 
4.56971 2.62998 0.490861 -0.138251 0.550638 1.54087 2.02539 1.313 0.343102 -0.029989 -0.242516 -0.113522 
3.61633 2.38907 0.990756 0.320618 0.749655 1.46253 1.59594 1.05378 0.366696 -0.0241353 -0.0976516 -0.08276 
2.98854 1.9297 1.19866 0.973218 1.03265 1.05845 0.965966 0.753421 0.447586 0.208418 0.0121777 -0.0793854 
5.01034 2.50976 0.656813 0.875063 1.04672 0.848938 1.30365 1.37604 0.835906 0.205071 -0.101308 -0.0844365 
3.61943 2.48443 1.45402 1.15612 1.11353 1.06204 0.966505 0.586227 0.277611 0.0880859 0.0294645 -0.0392971 
3.53274 2.32624 1.31421 1.1544 1.20723 0.858706 0.578251 0.6008 0.561953 0.266908 0.0838471 -0.0179661 
5.56548 1.53886 -0.0787353 1.70977 1.93118 0.515689 1.06517 1.28594 0.896827 0.0113323 -0.118722 -0.0192151 
4.38806 1.70405 0.130681 1.381 2.05745 1.26914 0.898158 0.599014 0.232981 0.0396404 0.106538 0.0168036 
4.07043 1.80573 0.327553 1.16768 1.81062 1.23132 1.01223 0.729516 0.221022 0.0431954 0.157435 0.0210958 
4.35069 1.69308 0.226016 1.16534 1.92228 1.34182 0.823857 0.348639 0.1198 0.156192 0.201873 0.0294871 
4.86108 1.39811 0.0121949 1.38686 2.04139 1.26063 0.851152 0.388012 0.155118 0.343174 0.208612 0.0193778 
5.98479 1.30543 -0.668356 1.84812 2.62701 0.604606 1.65071 0.702878 -0.020753 0.0634055 0.168634 0.0790895 
5.66051 1.33398 -0.500273 1.67974 2.27038 0.618245 1.13036 0.480299 -0.0766496 0.237349 0.262391 0.0778783 
5.13752 1.43827 -0.199807 1.67258 2.00995 0.596818 0.827246 0.24451 0.0289373 0.202124 0.259482 0.0680982 
5.06142 1.293 -0.19855 1.70465 2.36512 0.738711 0.9712 0.336081 0.117878 0.244829 0.241387 0.0605997 
5.7481 1.08275 -0.72491 2.19766 1.76652 0.120232 0.927186 0.47417 0.567409 0.248768 0.110146 -0.0290542 
5.53136 1.07216 -0.636747 1.79362 1.99939 0.117761 0.379059 0.379078 0.654027 0.255861 0.0295503 -0.0218264 
4.39682 1.48353 0.0339826 1.24336 1.61493 0.615563 0.500028 0.450192 0.50951 0.370023 0.0750752 -0.0305731 
4.14474 1.55785 0.416093 1.37232 1.37144 0.51954 0.535275 0.693213 0.747576 0.326331 0.0624644 -0.0179518 