47
36
18
3
4
4
16
76
124
102
27
-17
-29
-90
-177
-185
-98
-2
2
-32
-50
-76
-113
-110
-24
34
-15
-99
-119
-81
-51
-11
34
51
33
31
32
-16
-47
19
100
94
35
56
122
128
91
80
78
42
-2
21
65
45
7
6
26
11
-21
-2
39
66
66
41
17
-1
0
-6
14
24
15
-19
-47
-31
-24
-37
-43
1
82
75
-22
-104
-115
-107
-135
-140
-111
-97
-120
-122
-53
21
2
-58
-70
-27
-67
-136
-110
-10
68
52
29
48
72
69
41
28
41
27
3
-6
20
42
8
-61
-69
24
99
85
63
73
44
-63
-114
-68
-7
5
13
35
39
14
-25
-27
8
70
104
101
78
63
28
-24
-61
-39
10
32
40
49
40
-24
-73
-63
-30
-43
-58
-29
26
61
56
48
27
16
27
33
17
-10
-11
18
44
16
-62
-103
-80
-51
-83
-90
-22
9
-7
-22
30
54
0
-60
-79
-54
13
70
61
-19
-72
-49
-26
-11
12
82
129
133
93
35
21
33
42
-13
-41
16
98
125
95
60
15
-43
-37
19
55
48
84
144
84
-57
-136
-112
-55
1
50
-1
-133
-173
-92
-10
-4
-4
34
47
22
5
1
-55
-108
-63
58
142
126
73
19
-21
-50
-101
-148
-117
-41
-9
-18
-4
57
87
62
8
-43
-36
17
38
2
-32
-10
59
97
66
42
53
64
-11
-116
-130
-82
-42
-29
0
40
51
21
-6
-9
-17
-42
-37
11
33
-5
-44
-38
-26
-27
-40
-56
-51
-11
47
55
45
31
29
13
-21
-22
7
34
36
8
2
14
12
11
-16
-32
-52
-71
-52
-20
6
4
-16
-29
-35
-20
15
44
40
-16
-80
-85
-38
-4
-26
-69
-70
-43
-33
-30
-17
21
32
-9
-61
-110
-106
-48
47
133
169
148
94
39
25
25
31
46
72
88
75
76
77
80
80
74
50
12
9
-10
-68
-98
-46
34
48
30
24
39
12
-44
-65
-51
-37
-48
-17
30
37
-7
-20
-12
6
23
43
54
66
71
37
-10
-18
13
9
-17
-35
-24
-23
-10
12
26
2
-44
-58
-68
-70
-51
-10
17
-18
-55
-64
-50
-24
-32
-44
-12
34
14
-49
-55
-15
-41
-102
-90
-17
25
-2
-46
-88
-72
-40
-10
18
54
95
84
42
7
6
23
35
33
11
-1
16
53
53
19
18
25
8
-9
14
24
-21
-60
-38
24
65
61
21
-32
-20
38
52
-28
-125
-134
-49
10
-8
-29
-6
31
18
-12
-15
-2
39
86
98
51
-19
-37
-35
-35
-37
4
81
117
92
42
6
-12
-8
34
82
60
-5
-35
-18
-13
-38
-23
54
100
76
41
37
34
-11
-71
-92
-80
-42
-13
-40
-86
-76
10
60
37
-6
-25
-43
-71
-62
-51
-47
-19
23
35
23
51
102
74
9
-50
-61
0
95
138
45
-49
-43
5
34
69
73
-6
-107
-106
-15
27
23
-1
22
50
32
-25
-60
-43
-38
-50
-34
11
47
72
48
-40
-120
-69
30
51
-16
-53
-43
-26
2
23
7
-31
-40
-33
-5
14
31
31
38
85
124
108
38
-28
-13
35
44
16
2
-2
-5
24
84
99
51
1
-32
-53
-85
-109
-113
-74
-20
-1
-14
-35
-61
-73
-41
35
82
86
66
68
61
14
-64
-85
-29
13
15
-24
-55
-103
-126
-115
-100
-112
-140
-142
-114
-72
-51
-57
-94
-127
-125
-101
-100
-137
-129
-60
7
-2
-71
-136
-128
-62
-13
-15
-18
34
66
18
-53
-57
7
73
119
167
190
162
99
95
142
180
158
132
164
205
219
206
202
206
218
226
248
274
317
345
316
260
254
325
395
353
236
163
169
215
223
223
212
207
230
256
276
258
217
129
3
-122
-232
-323
-438
-582
-737
-843
-901
-936
-973
-982
-936
-849
-771
-735
-703
-639
-554
-489
-446
-386
-290
-166
-34
132
311
462
551
589
609
592
536
448
306
124
-64
-238
-353
-413
-385
-314
-257
-252
-300
-334
-357
-338
-229
-78
15
19
63
203
368
530
688
837
965
1089
1232
1347
1421
1430
1367
1295
1272
1296
1285
1206
1079
928
791
685
558
403
265
227
233
231
229
244
208
39
-255
-616
-990
-1362
-1729
-2087
-2413
-2656
-2784
-2782
-2665
-2498
-2268
-1941
-1556
-1207
-953
-722
-507
-336
-180
21
309
629
927
1195
1446
1695
1895
2026
2036
1902
1624
1237
786
312
-144
-583
-1022
-1418
-1645
-1668
-1566
-1498
-1462
-1396
-1315
-1234
-1123
-932
-768
-654
-424
-4
480
894
1300
1763
2190
2445
2509
2484
2451
2360
2157
1889
1617
1354
1121
923
687
393
128
-36
-163
-309
-456
-564
-556
-458
-284
-52
275
627
914
1194
1535
1895
2163
2331
2375
2226
1792
1133
314
-631
-1643
-2660
-3590
-4344
-4852
-5078
-5068
-4857
-4483
-4025
-3511
-2927
-2294
-1690
-1146
-634
-104
489
1191
1905
2490
2989
3478
3923
4196
4232
3992
3440
2658
1728
700
-393
-1434
-2335
-3012
-3406
-3559
-3515
-3341
-3002
-2539
-2006
-1456
-1027
-740
-480
-136
298
766
1310
1925
2536
3053
3444
3688
3758
3638
3340
2918
2429
1911
1342
731
123
-419
-915
-1352
-1683
-1856
-1942
-1952
-1812
-1492
-1049
-565
-60
429
907
1494
2205
2850
3268
3507
3706
3874
3908
3739
3296
2511
1383
8
-1475
-2960
-4377
-5631
-6629
-7324
-7618
-7406
-6683
-5645
-4520
-3358
-2123
-842
368
1475
2461
3297
3922
4358
4666
4831
4863
4743
4455
3940
3163
2158
950
-426
-1838
-3161
-4334
-5336
-5978
-6136
-5842
-5219
-4258
-2957
-1519
-109
1202
2420
3416
4052
4371
4558
4670
4601
4244
3685
3135
2673
2239
1648
855
-14
-792
-1429
-1950
-2333
-2563
-2639
-2627
-2557
-2360
-1967
-1397
-789
-273
165
573
1036
1576
2107
2516
2773
2952
3155
3382
3546
3564
3406
3104
2636
2021
1358
702
76
-546
-1202
-1985
-2949
-4002
-4978
-5750
-6281
-6585
-6637
-6331
-5599
-4429
-2938
-1348
151
1466
2604
3547
4216
4534
4479
4114
3549
2912
2335
1827
1253
512
-276
-1018
-1755
-2550
-3363
-4079
-4628
-4859
-4674
-4104
-3219
-2061
-644
894
2398
3747
4803
5464
5641
5379
4758
3892
2899
1832
774
-202
-1056
-1841
-2555
-3036
-3139
-2917
-2554
-2087
-1481
-804
-163
471
1133
1696
1947
1914
1770
1612
1438
1160
837
609
599
737
962
1298
1701
1980
2090
2190
2298
2281
2080
1853
1697
1584
1462
1305
995
345
-761
-2242
-3900
-5495
-6778
-7584
-7858
-7575
-6697
-5184
-3160
-944
1071
2660
3880
4825
5388
5423
4964
4155
3167
2193
1435
853
234
-544
-1406
-2232
-3067
-3929
-4721
-5238
-5364
-5085
-4332
-3101
-1569
69
1839
3725
5379
6289
6391
5968
5251
4271
2988
1536
56
-1328
-2506
-3264
-3526
-3497
-3450
-3403
-3102
-2428
-1479
-445
591
1630
2594
3383
3880
3983
3608
2830
1844
817
-153
-938
-1412
-1584
-1443
-966
-250
501
1111
1551
1828
1939
1930
1777
1497
1227
1160
1394
1822
2294
2514
2142
1039
-635
-2550
-4484
-6310
-7779
-8583
-8504
-7515
-5658
-3007
-8
2719
4860
6402
7200
7021
6019
4616
3068
1441
-18
-1037
-1639
-2119
-2669
-3160
-3508
-3846
-4321
-4884
-5282
-5248
-4545
-3072
-1031
1181
3220
4931
6277
7084
7085
6120
4426
2422
401
-1500
-3145
-4231
-4599
-4344
-3743
-2963
-2030
-1060
-247
432
1149
1967
2737
3349
3855
4231
4248
3727
2718
1444
104
-1217
-2321
-3008
-3140
-2640
-1589
-203
1119
2123
2745
2962
2777
2292
1719
1206
854
755
971
1459
2090
2713
2980
2380
632
-2049
-4941
-7398
-9013
-9526
-8902
-7288
-4880
-1852
1578
4723
6788
7527
7217
6296
4863
3006
1131
-373
-1412
-1970
-2028
-1781
-1772
-2384
-3316
-4121
-4716
-5161
-5258
-4596
-3024
-777
1781
4234
6091
7027
6928
5983
4396
2291
-42
-2257
-3992
-4960
-5068
-4514
-3696
-2784
-1665
-402
722
1477
1934
2258
2530
2815
3186
3531
3613
3278
2560
1549
314
-1024
-2178
-2844
-2896
-2334
-1330
-40
1256
2345
3108
3464
3310
2611
1613
730
189
-49
-15
351
1077
1983
2774
3221
2925
1466
-1248
-4623
-7626
-9516
-9917
-8933
-6946
-4371
-1447
1730
4726
6767
7274
6462
5107
3683
2202
746
-266
-776
-1084
-1240
-1174
-1256
-2151
-3765
-5225
-5863
-5683
-4773
-3064
-738
1759
4096
6112
7294
7073
5634
3628
1460
-769
-2761
-4078
-4652
-4618
-3985
-2841
-1692
-1001
-740
-497
-77
416
1016
1835
2834
3783
4467
4756
4323
2982
1085
-790
-2250
-3267
-3679
-3265
-2084
-435
1237
2657
3670
4129
4021
3427
2609
1790
1028
423
114
260
788
1367
1751
1951
2095
2185
1919
739
-1580
-4558
-7295
-9014
-9379
-8268
-6041
-3430
-959
1369
3664
5410
5868
5077
3914
2958
2068
1146
549
250
-276
-1069
-1682
-2253
-3410
-5091
-6348
-6493
-5572
-3805
-1415
1215
3625
5593
6857
6955
5587
3256
879
-1065
-2533
-3439
-3677
-3443
-2997
-2283
-1283
-515
-516
-1072
-1332
-869
132
1406
2891
4382
5346
5448
4660
3085
821
-1798
-4026
-5180
-5056
-3925
-2192
-186
1732
3260
4217
4491
4094
3286
2418
1741
1355
1321
1496
1622
1629
1675
1821
1883
1712
1376
1059
808
222
-1261
-3665
-6320
-8177
-8758
-8053
-6328
-4168
-2051
-72
2109
4306
5573
5447
4489
3537
2774
1990
1212
510
-281
-1340
-2413
-3229
-3994
-4960
-5740
-5516
-4130
-2060
255
2572
4526
5814
6434
6352
5212
2967
445
-1462
-2592
-3322
-3775
-3895
-3727
-3307
-2565
-1673
-1084
-837
-442
473
1659
2677
3570
4336
4547
3851
2517
1064
-461
-2068
-3367
-3862
-3506
-2579
-1348
-58
1019
1798
2393
2827
2964
2729
2392
2227
2247
2303
2352
2423
2414
2192
1910
1721
1601
1454
1370
1235
295
-1929
-5023
-7795
-9397
-9529
-8083
-5437
-2495
-44
1938
3830
5329
5682
4870
3616
2543
1660
878
267
-285
-1118
-2233
-3252
-4048
-4835
-5657
-5892
-4958
-2898
-144
2779
5258
6726
7100
6635
5368
3217
662
-1484
-2803
-3460
-3573
-3215
-2710
-2425
-2355
-2129
-1677
-1177
-643
211
1527
3054
4362
5134
5079
4056
2234
52
-2015
-3556
-4226
-3915
-2821
-1362
89
1220
1826
1905
1726
1458
1149
1023
1359
2116
2731
2955
2955
2890
2637
2209
1828
1624
1531
1461
1588
1784
1344
-472
-3531
-6762
-9039
-9816
-8943
-6625
-3681
-976
1275
3341
5065
5678
5007
3687
2417
1392
638
225
-126
-957
-2287
-3519
-4312
-4955
-5684
-5878
-4823
-2550
285
3101
5450
6830
7081
6390
4967
2849
448
-1426
-2403
-2682
-2554
-2218
-1965
-2072
-2291
-2235
-1960
-1583
-906
321
1829
3157
4231
5005
5084
4023
1817
-890
-3393
-5031
-5317
-4252
-2278
-189
1459
2358
2468
2002
1313
630
113
8
489
1408
2302
2884
3038
2821
2372
1847
1483
1419
1654
2035
2457
2657
1871
-473
-3992
-7364
-9426
-9735
-8250
-5442
-2292
265
2183
3899
5169
5227
4017
2531
1634
1321
1226
1121
695
-490
-2347
-4135
-5466
-6497
-7143
-6742
-4863
-1952
1362
4482
6723
7551
7092
5830
3918
1482
-836
-2261
-2702
-2554
-2172
-1777
-1706
-2113
-2565
-2537
-2054
-1423
-501
1081
3080
4704
5332
4909
3644
1732
-419
-2263
-3426
-3816
-3414
-2335
-1000
180
1156
1846
2024
1759
1436
1256
1071
950
1126
1530
1868
1944
1799
1564
1310
1210
1403
1824
2224
2379
2460
2511
1859
-317
-3874
-7511
-9756
-9955
-8095
-4809
-1342
1159
2531
3459
4204
4229
3315
2162
1587
1580
1778
1888
1450
-106
-2612
-4922
-6377
-7239
-7548
-6677
-4308
-994
2457
5405
7139
7245
6184
4697
2974
1031
-702
-1572
-1666
-1559
-1514
-1548
-1886
-2693
-3473
-3450
-2502
-1048
721
2744
4578
5578
5515
4552
2840
578
-1672
-3351
-4251
-4451
-3862
-2503
-839
568
1412
1794
1875
1932
2094
2314
2336
2167
1966
1774
1572
1277
1034
820
693
817
1302
1998
2494
2639
2597
2527
1969
20
-3375
-7152
-9803
-10449
-9011
-5905
-2263
551
2005
2710
3395
3827
3439
2587
2179
2432
2869
2986
2446
728
-2237
-5328
-7272
-7920
-7815
-6848
-4549
-1207
2233
5080
6851
7061
5920
4416
3142
1816
345
-616
-714
-583
-946
-1758
-2782
-3954
-4852
-4628
-3041
-869
1267
3359
5225
6163
5748
4335
2477
493
-1408
-2879
-3752
-4004
-3494
-2227
-720
279
665
919
1216
1533
2035
2648
2982
2780
2290
1824
1311
813
519
518
799
1243
1779
2313
2666
2733
2538
2284
1677
-154
-3429
-7199
-9863
-10478
-8940
-5778
-2135
638
2017
2576
3020
3350
3162
2738
2749
3303
3793
3631
2524
283
-2927
-6046
-7893
-8325
-7754
-6250
-3760
-717
2139
4430
5925
6225
5467
4376
3471
2614
1596
728
172
-496
-1638
-2963
-4100
-5053
-5585
-4975
-2887
-148
2268
4196
5586
5898
4849
3199
1750
462
-912
-2029
-2583
-2770
-2833
-2580
-1955
-1244
-548
245
1126
1901
2589
3134
3209
2619
1813
1289
1005
801
790
1097
1479
1731
2069
2508
2695
2504
2276
2298
1862
-117
-3652
-7494
-10035
-10427
-8603
-5100
-1372
993
1770
2091
2723
3193
3071
2980
3450
4014
4066
3442
2023
-505
-3843
-6744
-8230
-8310
-7428
-5698
-3136
-247
2244
4009
4936
4949
4407
3962
3805
3438
2610
1652
719
-419
-1870
-3443
-4863
-5752
-5571
-4003
-1556
903
2979
4579
5392
5044
3853
2573
1557
706
-97
-874
-1753
-2721
-3369
-3333
-2661
-1647
-481
630
1416
2066
2753
3154
2739
1829
1220
1092
1149
1234
1404
1519
1492
1507
1798
2241
2501
2493
2473
2471
1728
-656
-4426
-8199
-10396
-10250
-7836
-4066
-652
1103
1409
1484
1973
2528
2865
3364
4248
5069
5207
4364
2375
-865
-4673
-7530
-8557
-8194
-7035
-5100
-2551
-135
1678
3055
3881
3940
3717
3934
4391
4340
3594
2506
1108
-730
-2596
-4142
-5293
-5871
-5193
-3084
-555
1355
2620
3620
4040
3668
2968
2583
2323
1687
796
-172
-1202
-2297
-3117
-3291
-2863
-1886
-460
1049
2168
2660
2720
2513
2101
1721
1525
1396
1299
1307
1433
1398
1211
1236
1500
1811
1992
2200
2500
2260
442
-3164
-7310
-10094
-10429
-8373
-4688
-1007
1082
1318
857
785
1185
1830
2838
4156
5281
5750
5249
3485
301
-3603
-6726
-8058
-7785
-6561
-4768
-2694
-883
297
1090
1764
2366
3078
4046
4982
5179
4376
3002
1375
-380
-2130
-3579
-4505
-4806
-4245
-2717
-794
695
1533
2057
2439
2623
2768
3029
3122
2747
1923
755
-737
-2418
-3651
-3789
-2748
-1088
463
1586
2145
2197
2062
1991
2008
2017
2112
2287
2295
2030
1517
853
278
228
887
1849
2537
2805
2778
2341
695
-2608
-6671
-9757
-10512
-8764
-5131
-1197
1025
859
-358
-849
-187
1080
2684
4545
6080
6606
5862
3837
546
-3371
-6295
-7048
-6207
-5016
-3901
-2723
-1749
-1368
-1159
-498
689
2213
3965
5569
6242
5471
3647
1588
-277
-1818
-2825
-3229
-3306
-3178
-2626
-1694
-948
-525
120
1112
2065
2841
3494
3791
3307
2248
1066
-250
-1725
-2893
-3099
-2399
-1499
-757
46
881
1472
1783
2130
2502
2591
2450
2437
2517
2397
2028
1611
1346
1209
1338
1685
1981
2035
1917
1546
93
-2962
-6878
-9763
-10061
-7736
-3927
-416
1211
654
-789
-1400
-632
923
2816
4773
6124
6205
5029
2875
-283
-3861
-6176
-6119
-4618
-3298
-2637
-2332
-2366
-2595
-2279
-930
956
2852
4683
6038
6108
4666
2577
760
-487
-1158
-1326
-1382
-1848
-2636
-3117
-3009
-2604
-2013
-951
640
2328
3613
4204
3972
3086
1899
729
-353
-1350
-2019
-2124
-1799
-1427
-1163
-829
-395
126
956
2064
3020
3398
3355
3206
2953
2583
2217
2013
1913
1899
1998
2168
2187
1934
1611
989
-831
-4117
-7737
-9862
-9482
-6956
-3316
-308
609
-455
-1807
-1810
-377
1613
3612
5337
6082
5402
3535
1146
-1459
-3874
-5035
-4491
-3284
-2742
-3086
-3730
-4251
-4243
-3031
-615
2044
4190
5624
6121
5245
3279
1466
630
580
685
553
-131
-1563
-3212
-4110
-3974
-3260
-2225
-745
874
1962
2385
2441
2367
2276
2374
2527
2112
938
-466
-1490
-2019
-2155
-1869
-1311
-686
20
939
1900
2426
2516
2639
3053
3448
3563
3407
3034
2430
1925
1868
2058
2089
1877
1697
1014
-1270
-5123
-8907
-10550
-9305
-5908
-1897
747
859
-826
-2234
-1847
73
2529
4889
6573
6776
5196
2572
-139
-2529
-4122
-4266
-3222
-2419
-2839
-4012
-5060
-5536
-4976
-2978
49
2890
4892
6007
5911
4393
2319
1286
1616
2315
2503
1879
302
-2124
-4370
-5275
-4858
-3804
-2458
-825
680
1428
1466
1252
1217
1572
2361
3197
3351
2457
925
-561
-1689
-2394
-2462
-1779
-744
194
804
1064
976
896
1324
2275
3285
3887
4018
3791
3340
2797
2390
2263
2288
2278
1973
606
-2551
-6858
-10267
-10887
-8551
-4495
-750
684
-546
-2642
-3216
-1560
1366
4430
6863
7802
6734
4258
1468
-1014
-2885
-3382
-2356
-1271
-1799
-3802
-5847
-7033
-7054
-5405
-2090
1480
3884
5045
5358
4624
2963
1763
2185
3659
4588
4109
2219
-566
-3269
-4826
-4872
-4175
-3286
-2272
-1324
-797
-690
-345
612
1953
3253
4039
4021
3113
1692
515
-63
-419
-1007
-1678
-1915
-1588
-1039
-465
-40
408
1049
1902
2789
3403
3751
3838
3733
3602
3496
3367
3108
2827
2602
1727
-858
-5062
-9158
-11034
-9774
-6280
-2504
-596
-1412
-3547
-4603
-3088
427
4248
7071
8177
7392
5212
2595
388
-1068
-1494
-870
-196
-905
-3193
-5794
-7466
-7709
-6374
-3619
-553
1617
2741
3337
3427
2890
2585
3495
5258
6366
5903
3960
1017
-2037
-4046
-4301
-3509
-2879
-2826
-3034
-3257
-3438
-3183
-1909
331
2771
4540
4986
4066
2327
900
670
1345
1836
1317
85
-1177
-2069
-2367
-1977
-1052
17
1031
1951
2663
2961
2945
2991
3382
3950
4220
4109
3833
3508
2924
1296
-1924
-6177
-9687
-10567
-8521
-4957
-2219
-2010
-3905
-5760
-5430
-2493
1757
5626
7919
8142
6528
3993
1756
487
178
657
1259
764
-1568
-4894
-7451
-8346
-7649
-5753
-3312
-1222
-55
676
1391
1860
2231
3317
5468
7411
7731
6358
3954
1213
-1049
-1969
-1706
-1561
-2394
-3810
-5036
-5736
-5724
-4541
-2207
358
2234
3164
3358
2998
2497
2631
3432
3943
3379
2001
605
-527
-1373
-1772
-1683
-1370
-1014
-527
253
1197
2018
2615
3094
3520
3799
3961
4170
4421
4556
4330
2971
-379
-5059
-8896
-9888
-8058
-5061
-2895
-2992
-5008
-6977
-6795
-3972
253
4322
7073
7739
6361
4045
2360
1937
2343
3065
3520
2622
-311
-4260
-7202
-8118
-7447
-5911
-4228
-3185
-2970
-2791
-1960
-718
770
2967
5792
7963
8292
6983
4961
3004
1757
1514
1681
1029
-882
-3327
-5406
-6654
-6721
-5503
-3588
-1952
-987
-352
183
673
1420
2858
4523
5356
4875
3674
2377
1202
434
273
353
52
-512
-800
-613
-107
604
1417
2067
2395
2575
2879
3335
3770
4133
3946
2067
-1833
-6127
-8348
-7586
-5014
-2605
-2157
-4259
-7311
-8703
-6981
-2988
1296
4474
5758
5099
3337
1928
1812
2716
4039
5173
5063
2867
-727
-3790
-5269
-5440
-4855
-4016
-3695
-4365
-5225
-5099
-3900
-2181
42
2891
5491
6657
6365
5476
4615
4160
4424
5029
4756
2928
297
-2023
-3648
-4547
-4538
-3894
-3439
-3547
-3693
-3448
-2951
-2104
-431
1869
3597
3931
3407
2982
2912
3006
3161
3079
2275
905
-125
-309
-10
410
876
1199
1123
848
933
1510
2242
2904
3389
3529
2441
-434
-4098
-6651
-6797
-4957
-2515
-1127
-2162
-5206
-7914
-7898
-4912
-707
2815
4477
3921
1926
265
301
1891
3898
5323
5440
3715
646
-2190
-3478
-3315
-2650
-2205
-2496
-3765
-5325
-5888
-4969
-3305
-1541
398
2283
3328
3348
3093
3282
3892
4761
5701
6018
4969
2811
703
-527
-1106
-1533
-1916
-2435
-3220
-3991
-4234
-3973
-3613
-2952
-1667
-165
819
1245
1596
2049
2590
3248
3791
3724
2908
1939
1469
1488
1662
1722
1615
1243
700
488
913
1576
1899
1896
1908
1945
1507
3
-2440
-4905
-6136
-5470
-3469
-1708
-1817
-4031
-6681
-7464
-5453
-1643
1806
3370
2830
1117
-227
-67
1661
3760
5046
5124
3943
1621
-973
-2391
-2110
-1165
-752
-1336
-2864
-4782
-5891
-5224
-3293
-1439
-276
539
1217
1574
1773
2389
3566
4715
5321
5258
4450
3062
1857
1477
1469
956
-171
-1462
-2687
-3757
-4203
-3753
-2999
-2687
-2773
-2676
-2123
-1237
-65
1208
2180
2684
2932
3027
2848
2541
2529
2822
2899
2565
2091
1817
1682
1543
1534
1724
1821
1527
1044
826
1019
1256
724
-1220
-4088
-6195
-6249
-4622
-2775
-2113
-3213
-5426
-6955
-6229
-3388
-81
2004
2346
1451
386
241
1410
3246
4679
5005
4037
2013
-237
-1495
-1426
-729
-375
-850
-2206
-4041
-5239
-4908
-3387
-1892
-1067
-621
-182
301
946
1891
2952
3722
4150
4419
4310
3663
2875
2613
2706
2445
1514
111
-1582
-3270
-4157
-3804
-2789
-2177
-2443
-3314
-4100
-4027
-2545
-71
2136
2930
2424
1576
1188
1566
2581
3710
4117
3635
2921
2539
2428
2410
2515
2764
2757
2209
1348
739
637
901
1059
210
-2137
-5088
-6709
-6216
-4540
-3135
-3027
-4501
-6634
-7494
-5857
-2607
362
1949
2104
1340
645
1118
2823
4597
5438
5235
4000
1948
35
-535
130
673
313
-856
-2560
-4288
-5009
-4174
-2773
-2109
-2126
-2006
-1700
-1376
-629
912
2592
3554
3910
4106
4087
3836
3800
4053
3874
2744
1274
157
-659
-1438
-2006
-2358
-2880
-3586
-3871
-3546
-3132
-2787
-2124
-1123
-316
132
583
988
1139
1385
2190
3220
3719
3682
3589
3532
3371
3305
3562
3922
3888
3416
2809
2134
1428
867
192
-1403
-4000
-6141
-6493
-5546
-4606
-4496
-5437
-7120
-8268
-7322
-4396
-1239
652
1195
1026
849
1463
3203
5243
6253
5882
4724
3280
1881
1172
1442
1851
1257
-401
-2319
-3855
-4640
-4376
-3410
-2827
-3250
-3935
-3936
-3163
-1884
-300
1239
2074
2184
2327
2924
3751
4494
5117
5399
4840
3488
2028
1035
532
306
12
-788
-2265
-3810
-4586
-4494
-3956
-3280
-2625
-2370
-2638
-2752
-2020
-599
880
1995
2621
2727
2726
3147
3984
4792
5145
5111
4845
4439
4065
3864
3836
3555
2786
1933
1399
726
-1012
-3762
-6345
-7490
-6986
-5579
-4636
-5188
-7027
-8548
-8161
-5745
-2587
-178
901
887
594
921
2259
4177
5754
6341
5793
4372
2776
2051
2562
3447
3413
1957
-360
-2677
-4148
-4237
-3373
-2835
-3440
-4654
-5289
-4902
-3718
-2119
-616
188
265
392
1133
2261
3358
4384
5026
4853
4078
3518
3504
3427
2945
2220
1321
119
-1152
-2082
-2889
-3926
-4655
-4429
-3665
-3296
-3445
-3527
-3265
-2614
-1379
225
1503
2110
2470
3107
3849
4442
4994
5580
5981
5984
5844
5696
5222
4324
3377
2617
1839
781
-736
-2813
-5033
-6429
-6500
-5859
-5569
-6185
-7499
-8590
-8375
-6512
-3945
-2011
-1289
-1371
-1409
-693
1095
3555
5603
6394
5948
5023
4376
4359
4941
5511
5231
3767
1640
-270
-1400
-1640
-1440
-1754
-3231
-5312
-6649
-6596
-5607
-4435
-3569
-3333
-3566
-3409
-2218
-307
1554
3058
4150
4631
4603
4681
5259
5862
5913
5323
4136
2493
1030
479
420
-257
-1763
-3349
-4402
-4914
-4803
-4099
-3429
-3349
-3556
-3289
-2399
-1130
367
1778
2644
2918
3154
3829
4844
5827
6403
6324
5684
4870
4399
4450
4610
4255
2871
377
-2550
-4610
-4888
-4041
-3590
-4452
-6464
-8676
-9848
-9071
-6751
-4545
-3681
-3914
-4214
-3679
-1987
623
3232
4709
4833
4320
4119
4743
6124
7618
8188
7211
5152
3114
1842
1407
1366
810
-1043
-3858
-6173
-6939
-6553
-5981
-5774
-5979
-6473
-6652
-5738
-3724
-1426
347
1485
2108
2540
3368
4830
6315
7024
6720
5860
4886
4120
3688
3311
2531
1209
-161
-1072
-1601
-2141
-2707
-3235
-3782
-4188
-4084
-3434
-2750
-2313
-2011
-1627
-1055
-298
628
1670
2789
3814
4549
4977
5231
5463
5835
6247
6378
5782
4225
1965
-202
-1351
-1389
-1213
-1865
-3773
-6482
-8802
-9539
-8431
-6616
-5524
-5671
-6535
-7109
-6431
-4159
-1090
1362
2467
2723
2941
3667
5112
7014
8445
8574
7542
6172
4973
4078
3593
3208
2122
-61
-2491
-3956
-4267
-4161
-4314
-4950
-5999
-7056
-7248
-6090
-4240
-2689
-1846
-1480
-1300
-829
496
2331
3785
4386
4473
4422
4418
4709
5268
5542
4966
3824
2755
2078
1629
1221
668
-292
-1624
-2838
-3508
-3697
-3664
-3568
-3562
-3641
-3531
-2947
-1930
-781
251
1052
1594
2100
2915
4115
5350
6214
6602
6571
5857
4303
2423
1042
561
477
101
-1148
-3389
-5932
-7568
-7585
-6646
-5966
-6155
-6942
-7653
-7546
-6152
-3831
-1692
-529
-95
276
1050
2358
4073
5640
6254
5756
4858
4404
4637
5210
5531
4932
3142
876
-616
-855
-485
-422
-1142
-2634
-4395
-5429
-5170
-4166
-3441
-3337
-3484
-3518
-3227
-2407
-1096
191
988
1379
1710
2171
2902
3952
4930
5155
4463
3561
3113
3077
3049
2675
1881
679
-483
-1081
-1087
-1053
-1434
-2117
-2808
-3255
-3237
-2600
-1641
-897
-555
-359
-89
447
1423
2794
3972
4405
4297
4163
3923
3190
2056
1190
966
961
607
-449
-2128
-3951
-5194
-5302
-4578
-3961
-4084
-4895
-5789
-6011
-5158
-3551
-2144
-1570
-1675
-1815
-1410
-241
1450
2929
3587
3503
3249
3325
3767
4414
4946
4789
3697
2213
1282
1173
1303
1023
103
-1311
-2698
-3402
-3227
-2737
-2526
-2730
-3137
-3420
-3216
-2314
-1039
-53
299
250
181
333
923
2023
3121
3475
2941
2184
1790
1891
2409
2879
2733
1759
529
-251
-400
-152
67
-184
-1063
-2065
-2460
-1983
-1101
-415
-184
-306
-529
-453
200
1248
2214
2756
2887
2808
2870
3303
3618
3142
1867
585
67
280
622
253
-1234
-3337
-4949
-5292
-4573
-3816
-3858
-4788
-5924
-6333
-5588
-4014
-2518
-1687
-1441
-1326
-954
-61
1399
2939
3877
3886
3418
3133
3356
4011
4621
4586
3532
1958
916
835
1141
1006
226
-972
-2237
-3022
-2968
-2296
-1752
-1772
-2217
-2680
-2733
-2138
-996
66
518
401
175
238
776
1701
2495
2575
2026
1435
1311
1687
2215
2362
1790
835
126
-56
135
374
329
-314
-1404
-2284
-2455
-1976
-1290
-734
-529
-712
-900
-611
269
1333
2195
2706
2926
3018
3274
3875
4588
4749
3808
2027
336
-350
-141
206
-178
-1731
-4059
-5965
-6238
-5026
-3806
-3819
-5014
-6372
-6690
-5499
-3391
-1669
-1137
-1438
-1683
-1244
-14
1688
3217
3917
3664
3039
2731
3012
3713
4381
4414
3419
1833
737
712
1300
1597
1076
-197
-1658
-2486
-2317
-1616
-1158
-1315
-1887
-2476
-2613
-2041
-1034
-183
122
-41
-290
-316
149
997
1793
2066
1672
1074
730
852
1252
1516
1257
534
-113
-328
-286
-298
-397
-670
-1121
-1498
-1481
-1111
-672
-344
-202
-179
11
583
1424
2223
2735
2914
2891
2928
3102
3300
3436
3533
3545
3086
1848
243
-822
-801
-267
-158
-1020
-2793
-4775
-5856
-5393
-4043
-3230
-3688
-4876
-5760
-5524
-4160
-2395
-1243
-1173
-1660
-1864
-1250
68
1475
2350
2442
2119
1967
2219
2781
3420
3828
3628
2684
1503
999
1474
2278
2383
1376
-128
-1231
-1430
-880
-214
-74
-616
-1433
-1867
-1655
-831
103
519
247
-293
-539
-504
-193
374
823
619
-203
-896
-1024
-597
108
595
315
-692
-1509
-1393
-531
349
702
465
-101
-550
-421
317
1269
1778
1526
862
525
842
1505
1963
1886
1509
1249
1437
1891
2262
2435
2399
2290
2261
2402
2303
1540
381
-487
-657
-424
-221
-525
-1699
-3393
-4624
-4693
-3927
-3247
-3249
-4044
-5183
-5746
-5070
-3537
-2273
-1986
-2334
-2622
-2358
-1377
16
1240
1767
1675
1462
1485
1951
2756
3501
3640
2945
2087
1847
2436
3247
3549
3141
2228
1316
848
926
1150
1115
748
116
-713
-1441
-1654
-1430
-1358
-1793
-2436
-2826
-2785
-2386
-1872
-1540
-1539
-1744
-1834
-1611
-1095
-503
-121
-16
20
190
509
879
1259
1643
1874
1798
1498
1231
1256
1492
1676
1594
1251
870
692
865
1316
1729
1852
1675
1423
1453
1816
2262
2390
2140
1815
1610
1612
1756
1657
941
-256
-1191
-1310
-847
-421
-740
-2015
-3695
-4685
-4324
-3193
-2552
-3217
-4808
-6065
-6048
-4901
-3600
-3015
-3151
-3565
-3602
-2870
-1454
73
1091
1497
1608
1867
2499
3498
4585
5310
5306
4628
3890
3736
4188
4713
4727
3995
2722
1382
509
244
264
91
-621
-1768
-2921
-3552
-3470
-2989
-2691
-2956
-3580
-3992
-3752
-2969
-2061
-1424
-1207
-1277
-1312
-965
-219
617
1157
1342
1442
1714
2193
2655
2901
2860
2635
2398
2241
2173
2140
2022
1646
1006
348
-46
-149
-27
118
114
-92
-370
-509
-381
129
872
1352
1330
1108
1117
1435
1968
2564
2645
1715
120
-1052
-1124
-442
74
-355
-1927
-3950
-5274
-5258
-4241
-3283
-3240
-4216
-5490
-6004
-5259
-3618
-2100
-1568
-2007
-2573
-2274
-929
817
2137
2660
2664
2577
2753
3312
4107
4815
5036
4672
3995
3411
3065
2917
2789
2438
1662
605
-298
-890
-1250
-1455
-1570
-1843
-2396
-2928
-3152
-3030
-2758
-2368
-1869
-1492
-1360
-1302
-919
-238
307
613
852
1022
949
851
1103
1500
1600
1418
1240
1107
976
924
944
917
813
748
662
378
36
-170
-130
-75
-210
-442
-638
-612
-310
127
527
760
848
854
931
1322
1876
2180
2105
1988
2074
2282
2360
2006
1030
-324
-1331
-1556
-1172
-763
-897
-1896
-3454
-4591
-4545
-3518
-2465
-2168
-2788
-3885
-4641
-4328
-3011
-1562
-810
-912
-1395
-1623
-1095
181
1474
2160
2239
2122
2088
2192
2491
2872
3083
3034
2858
2633
2312
1926
1682
1623
1534
1255
812
300
-243
-696
-886
-823
-801
-1006
-1361
-1607
-1681
-1583
-1364
-1085
-857
-749
-720
-705
-574
-334
-116
-2
7
-45
-161
-326
-332
-190
-41
-54
-172
-182
-201
-284
-325
-62
478
896
926
684
471
458
626
886
1117
1118
919
723
695
768
927
1197
1432
1455
1254
1095
1091
1229
1389
1475
1506
1543
1493
1139
424
-463
-1164
-1394
-1066
-620
-848
-1968
-3295
-3995
-3798
-3038
-2197
-1832
-2247
-3167
-3901
-3862
-3033
-1862
-956
-620
-702
-785
-594
-117
476
980
1337
1643
2014
2217
2072
1790
1746
2043
2544
3047
3228
2822
2052
1446
1292
1499
1750
1697
1179
406
-192
-430
-415
-429
-624
-963
-1367
-1673
-1788
-1642
-1397
-1225
-1091
-867
-641
-599
-700
-785
-805
-886
-916
-783
-563
-472
-578
-668
-585
-316
-18
200
296
342
470
687
792
686
559
618
799
907
915
855
772
745
784
790
726
688
826
1110
1444
1677
1696
1517
1288
1247
1480
1876
2177
2139
1615
695
-277
-818
-718
-230
145
-94
-1038
-2339
-3370
-3688
-3389
-2836
-2440
-2462
-2894
-3395
-3517
-3124
-2512
-2062
-1876
-1750
-1509
-1150
-748
-420
-281
-220
76
772
1610
2147
2249
2056
1825
1791
2065
2658
3252
3446
3102
2452
1848
1487
1321
1206
997
704
394
58
-312
-687
-915
-952
-854
-748
-730
-819
-1060
-1407
-1641
-1610
-1378
-1125
-981
-982
-1141
-1309
-1296
-1125
-957
-874
-773
-513
-180
38
42
-14
59
247
541
926
1257
1332
1210
1126
1122
1123
1131
1192
1217
1166
1107
1116
1192
1195
1042
858
966
1379
1733
1785
1634
1479
1423
1582
1922
2118
1802
970
-36
-740
-1011
-1062
-1102
-1209
-1487
-2134
-2990
-3625
-3811
-3677
-3411
-3150
-2930
-2773
-2674
-2630
-2622
-2493
-2175
-1741
-1295
-876
-469
-178
-40
77
308
772
1378
1994
2417
2520
2361
2120
2082
2312
2570
2572
2298
2009
1830
1665
1378
967
539
175
-88
-205
-219
-234
-377
-695
-1035
-1185
-1070
-853
-682
-590
-578
-634
-659
-610
-572
-652
-816
-942
-971
-918
-877
-890
-856
-757
-631
-471
-228
66
223
198
144
244
559
983
1326
1464
1421
1337
1337
1355
1287
1179
1089
1041
1016
1043
1114
1140
1144
1113
1068
1085
1174
1219
1110
976
912
871
840
715
375
-162
-665
-1005
-1176
-1107
-851
-658
-782
-1175
-1679
-2105
-2308
-2255
-2106
-2053
-2095
-2143
-2135
-2121
-2139
-2244
-2411
-2491
-2389
-2059
-1562
-1056
-776
-783
-863
-753
-425
55
620
1170
1540
1723
1854
2080
2294
2326
2323
2428
2597
2656
2530
2260
1910
1642
1549
1424
1184
930
774
624
399
155
-64
-313
-487
-553
-614
-881
-1241
-1393
-1429
-1569
-1853
-1949
-1724
-1418
-1261
-1241
-1173
-1009
-827
-683
-537
-326
-67
178
284
328
403
560
675
657
504
308
265
429
643
680
548
502
701
978
1115
1099
1040
1018
1088
1325
1704
2013
2107
2099
2074
2064
1949
1755
1618
1486
1280
878
350
-228
-744
-1024
-1090
-1111
-1219
-1511
-1918
-2438
-2892
-3165
-3344
-3380
-3373
-3377
-3466
-3445
-3215
-2968
-2806
-2600
-2245
-1853
-1445
-918
-288
307
744
1050
1307
1640
2122
2584
2832
2868
2903
2956
2941
2792
2549
2192
1793
1538
1448
1345
1154
985
850
671
451
292
123
-89
-311
-432
-454
-464
-537
-713
-923
-1112
-1243
-1307
-1390
-1539
-1661
-1669
-1624
-1572
-1470
-1301
-1218
-1257
-1232
-1105
-909
-741
-564
-351
-121
106
301
452
561
666
754
874
1103
1437
1755
1932
2001
2046
2062
2019
1921
1837
1736
1563
1381
1297
1282
1181
932
646
380
124
-146
-378
-446
-394
-317
-325
-405
-485
-597
-746
-897
-984
-999
-1005
-1031
-1080
-1177
-1331
-1545
-1705
-1765
-1840
-1991
-2112
-2029
-1805
-1574
-1378
-1261
-1205
-1138
-981
-690
-288
156
518
745
909
1078
1255
1416
1505
1503
1416
1378
1412
1504
1580
1543
1376
1136
989
957
882
682
411
180
-33
-257
-406
-435
-423
-529
-761
-1031
-1201
-1190
-1030
-867
-819
-817
-741
-540
-341
-261
-285
-312
-292
-257
-139
123
403
493
416
308
224
143
37
-33
-29
74
197
200
151
199
254
206
113
235
547
778
791
680
650
706
767
761
738
752
759
711
635
543
442
349
292
258
231
252
293
267
179
149
200
257
247
172
67
-101
-270
-441
-538
-517
-422
-279
-217
-247
-402
-598
-685
-676
-686
-797
-947
-1011
-996
-1005
-1082
-1153
-1171
-1229
-1387
-1543
-1573
-1436
-1146
-814
-576
-474
-354
-125
135
344
518
707
902
1008
1014
1029
1147
1310
1350
1236
1092
1003
958
881
795
781
802
691
412
159
72
102
95
3
-136
-243
-249
-180
-129
-127
-211
-360
-512
-523
-449
-466
-584
-638
-535
-429
-424
-491
-550
-556
-469
-300
-135
-83
-149
-261
-341
-368
-334
-200
-35
19
-42
-86
-14
140
365
632
778
758
766
934
1154
1230
1192
1203
1282
1342
1301
1198
1123
1111
1077
926
649
394
296
322
393
402
318
131
-157
-431
-602
-690
-783
-920
-1001
-965
-924
-1036
-1250
-1401
-1416
-1435
-1519
-1582
-1600
-1569
-1509
-1397
-1250
-1119
-994
-847
-723
-641
-556
-412
-243
-86
161
451
614
596
540
642
801
882
864
803
835
996
1184
1253
1149
1005
917
834
714
550
413
357
381
395
318
186
39
-105
-264
-368
-371
-354
-409
-521
-606
-623
-567
-466
-368
-369
-443
-482
-387
-204
-43
29
6
-70
-121
-143
-143
-125
-44
82
180
245
274
296
296
310
258
143
86
175
277
215
108
159
338
414
381
388
488
583
626
664
652
590
499
456
451
471
534
580
516
300
108
68
193
302
268
98
-75
-139
-174
-299
-477
-528
-456
-429
-569
-725
-750
-689
-620
-596
-605
-691
-818
-892
-856
-723
-644
-718
-872
-923
-825
-703
-617
-487
-323
-185
-126
-85
-23
-19
-55
-48
47
155
260
375
451
418
352
396
451
445
414
457
568
618
623
613
607
590
531
469
412
401
437
430
293
11
-266
-404
-341
-168
-112
-257
-445
-496
-471
-534
-645
-699
-672
-593
-496
-479
-570
-571
-413
-246
-227
-203
11
288
501
652
756
748
670
654
767
858
848
796
775
822
828
788
692
563
420
275
164
66
-36
-222
-463
-593
-480
-227
-14
125
210
215
166
127
127
152
186
200
207
203
195
174
117
56
4
-9
-10
-79
-232
-389
-629
-916
-1006
-847
-748
-844
-825
-543
-375
-609
-932
-1025
-912
-807
-717
-565
-445
-454
-494
-403
-178
50
203
329
525
821
1027
899
480
107
23
146
292
436
588
545
247
-95
-235
-270
-368
-468
-410
-202
-87
-98
-137
-47
145
235
196
95
97
291
496
536
411
326
371
393
400
382
335
295
379
536
519
302
133
149
274
395
428
372
252
171
156
145
112
35
-21
-23
-29
-73
-142
-142
-94
-97
-193
-296
-280
-114
87
149
22
-80
-20
135
132
-11
-134
-142
-95
-37
120
279
354
262
206
278
438
578
622
611
594
625
680
682
565
365
181
32
-154
-486
-852
-1048
-944
-846
-1069
-1412
-1570
-1492
-1471
-1494
-1388
-1232
-1159
-1131
-1047
-946
-910
-825
-592
-329
-267
-415
-547
-523
-389
-226
36
392
632
594
455
461
495
297
-27
-166
-191
-241
-254
-97
175
351
363
260
233
324
377
186
-32
-21
312
670
751
595
434
451
510
489
450
482
543
589
657
698
617
416
265
280
330
224
-69
-230
-20
390
654
695
705
708
727
752
757
708
580
398
189
86
222
440
448
243
74
137
293
316
235
93
-24
-131
-184
-157
-127
-107
-149
-236
-357
-396
-332
-298
-318
-350
-305
-294
-368
-382
-333
-311
-356
-367
-345
-396
-487
-494
-447
-456
-524
-565
-590
-648
-664
-599
-541
-626
-776
-778
-656
-618
-685
-710
-600
-439
-294
-197
-175
-216
-196
-132
-97
-92
-55
-8
-29
-67
-69
-44
-13
103
199
170
86
105
178
161
108
115
158
154
125
169
296
412
427
353
317
333
382
419
456
517
586
614
539
442
434
464
428
383
465
571
556
454
376
339
324
311
263
164
134
202
244
227
230
331
378
336
267
247
274
232
161
134
167
186
119
95
111
61
-61
-115
-101
-134
-238
-267
-235
-272
-301
-245
-83
18
89
134
104
19
-18
18
7
-11
17
97
131
130
102
41
-22
-41
-40
-44
-84
-167
-217
-208
-171
-201
-294
-389
-462
-561
-685
-793
-740
-603
-583
-730
-838
-703
-537
-559
-660
-618
-425
-295
-307
-368
-404
-374
-309
-276
-254
-226
-137
-36
-24
-86
-134
-66
53
123
136
108
90
121
203
211
109
19
31
39
12
79
276
491
568
550
473
382
303
324
404
512
630
663
597
503
539
616
551
432
406
466
462
393
327
240
132
58
26
-28
-130
-207
-206
-173
-172
-225
-298
-336
-340
-349
-376
-356
-247
-139
-119
-149
-138
-107
-128
-210
-239
-196
-99
-4
103
185
185
126
66
72
45
-15
-16
97
210
224
167
147
185
279
360
354
291
217
114
-6
-136
-189
-214
-233
-238
-268
-332
-412
-425
-400
-366
-422
-561
-633
-527
-339
-287
-395
-488
-532
-504
-407
-315
-290
-350
-343
-291
-236
-182
-138
-126
-165
-177
-104
27
170
295
439
568
609
582
548
612
686
701
675
674
742
758
741
745
767
725
630
652
719
637
371
145
147
223
229
111
-30
-169
-266
-319
-329
-312
-328
-338
-325
-297
-301
-349
-385
-366
-302
-225
-189
-147
-109
-100
-118
-82
-2
-14
-53
26
168
212
132
90
87
57
83
178
272
241
154
147
211
265
242
123
17
-31
-6
2
-103
-223
-329
-401
-483
-538
-544
-567
-655
-708
-650
-535
-459
-501
-569
-599
-517
-392
-346
-386
-443
-395
-214
-72
-110
-247
-285
-203
-129
-86
-52
-73
-148
-115
14
165
236
266
286
262
294
375
415
361
306
330
390
450
554
614
587
509
432
410
391
412
410
372
337
295
266
222
167
108
53
-5
-58
-53
-2
22
23
40
72
126
184
211
146
90
127
171
166
163
177
193
226
258
248
228
235
255
217
181
157
110
57
11
7
74
131
91
-32
-164
-273
-370
-350
-263
-298
-463
-567
-518
-388
-321
-353
-396
-320
-184
-208
-359
-436
-456
-536
-655
-665
-537
-399
-298
-278
-333
-394
-379
-334
-329
-376
-384
-315
-239
-174
-140
-127
-109
-78
-27
16
55
107
138
210
296
347
331
280
241
184
158
207
276
304
296
296
278
240
190
150
151
169
217
234
251
243
145
21
-32
57
206
299
321
297
265
267
302
361
397
377
338
269
215
209
267
304
210
70
-13
-16
-12
-9
27
87
92
23
-67
-93
-65
-63
-70
-23
80
157
177
159
133
122
128
139
124
111
149
231
256
158
-14
-118
-114
-80
-88
-138
-154
-146
-171
-267
-406
-459
-402
-305
-277
-339
-427
-533
-633
-639
-542
-461
-503
-571
-520
-434
-391
-366
-300
-277
-319
-358
-369
-414
-468
-394
-257
-164
-206
-219
-110
54
129
108
114
140
163
146
125
133
189
299
390
375
299
226
228
257
297
366
460
534
537
491
454
455
486
451
327
237
262
341
249
56
-67
-18
91
146
151
114
34
-110
-174
-72
47
-26
-209
-285
-218
-123
-44
7
-5
-38
-9
60
83
40
20
37
89
150
174
163
142
209
288
304
226
150
140
206
313
411
483
482
382
241
150
79
4
-28
33
56
-80
-213
-232
-224
-279
-347
-375
-410
-452
-472
-486
-524
-551
-547
-513
-472
-507
-579
-556
-430
-389
-491
-538
-470
-365
-314
-254
-146
-80
-110
-242
-351
-299
-169
-79
-80
-107
-79
-36
34
109
202
271
258
170
146
213
278
269
234
295
351
386
397
456
460
390
359
377
421
380
341
282
177
84
118
221
267
191
94
32
-38
-80
-109
-71
-14
-9
-34
-90
-124
-139
-135
-78
-60
-126
-289
-438
-462
-418
-344
-225
-69
58
97
168
365
576
721
760
736
669
537
383
276
276
333
366
367
388
408
384
361
325
287
282
284
233
135
64
44
-4
-78
-144
-223
-265
-286
-372
-528
-616
-608
-575
-574
-550
-504
-516
-569
-629
-655
-702
-745
-681
-526
-419
-391
-334
-246
-254
-338
-350
-298
-291
-321
-251
-117
-45
-13
13
45
32
28
105
183
186
53
-73
20
269
427
345
173
115
156
199
205
164
145
161
217
284
329
316
200
65
-6
-9
21
99
204
217
158
148
211
291
323
271
141
51
63
134
195
171
99
13
-39
-34
-18
-25
-133
-233
-139
79
246
254
214
183
98
17
-18
66
178
182
141
90
73
126
268
461
488
396
323
268
124
-55
-79
52
159
142
65
-41
-143
-224
-257
-258
-209
-148
-205
-376
-497
-454
-352
-312
-284
-255
-272
-340
-395
-398
-445
-522
-541
-471
-384
-353
-365
-384
-394
-323
-167
17
104
28
-50
-32
102
174
172
158
123
89
150
270
267
147
72
81
52
77
280
480
452
239
148
228
244
119
-18
1
67
66
23
31
82
70
-19
-45
42
124
187
241
288
182
49
45
209
416
431
290
49
-74
-75
-75
-163
-322
-353
-189
35
89
6
-55
-20
52
99
201
304
348
308
239
147
29
-51
-35
2
-53
-121
-112
15
111
59
-83
-191
-189
-221
-324
-353
-230
-78
-91
-209
-248
-247
-261
-251
-127
-51
-171
-318
-342
-248
-181
-144
-98
-82
-117
-168
-174
-117
-71
-55
-15
53
34
-53
-123
-164
-193
-207
-107
-17
-61
-158
-165
-66
28
46
26
9
1
18
67
168
347
442
370
172
36
20
-4
-9
37
92
87
58
109
203
237
248
220
122
-79
-183
-63
161
256
190
150
196
213
137
58
90
189
238
233
255
332
347
274
191
186
197
136
81
88
94
75
63
136
226
186
98
66
165
252
185
69
-17
-79
-190
-223
-116
9
9
-31
-30
-66
-142
-200
-207
-247
-296
-304
-294
-295
-223
-87
5
27
4
-66
-212
-324
-317
-254
-213
-177
-116
-26
28
8
-77
-157
-198
-217
-160
-57
-23
-132
-225
-188
-147
-195
-263
-195
-87
7
65
113
123
46
-86
-184
-197
-180
-206
-270
-253
-229
-230
-241
-193
-120
-78
-56
-40
-22
-10
4
41
101
176
208
186
98
-1
17
160
329
384
358
339
388
444
433
333
197
104
106
242
397
399
319
368
540
594
489
381
279
161
110
155
155
73
47
99
108
18
-43
24
159
225
176
152
163
88
-50
-113
-66
-45
-74
-110
-159
-242
-248
-191
-202
-276
-315
-260
-271
-304
-249
-145
-111
-148
-139
-122
-176
-273
-316
-267
-209
-233
-288
-323
-325
-340
-338
-295
-264
-247
-246
-227
-219
-220
-207
-179
-118
-68
-51
-76
-148
-237
-269
-187
-104
-128
-209
-217
-110
-32
-18
-58
-30
38
85
96
51
27
73
205
291
250
222
279
350
360
330
417
577
681
541
243
70
13
-54
-121
-105
-16
45
66
-5
-228
-344
-247
-103
-99
-123
-37
18
-4
14
140
239
240
195
180
222
274
310
331
390
414
383
416
508
541
411
213
91
29
47
92
92
52
-8
-11
-24
-52
-34
57
132
104
49
27
-6
-52
-82
-81
-92
-125
-135
-164
-204
-271
-360
-409
-339
-185
-90
-137
-245
-370
-452
-417
-305
-232
-265
-310
-319
-365
-378
-295
-191
-202
-318
-284
-93
74
72
-27
-118
-154
-83
55
190
205
186
244
291
267
251
364
490
435
326
301
310
214
30
-121
-235
-313
-334
-236
-91
-10
-13
-29
-55
-173
-352
-440
-357
-238
-173
-137
-66
10
54
85
150
195
221
236
226
183
68
18
56
67
-17
-69
102
340
408
301
165
61
6
64
266
518
683
574
269
75
175
410
463
330
175
88
16
-105
-165
-150
-126
-154
-193
-155
-105
-133
-239
-337
-332
-252
-219
-260
-343
-346
-236
-101
-22
-26
-66
-117
-119
-72
-47
-42
-56
-95
-202
-311
-336
-312
-294
-243
-138
-16
78
112
58
-66
-172
-154
-69
-38
-55
-50
40
44
-94
-217
-185
-23
85
140
196
244
281
247
203
165
160
