-2
9
-29
-26
24
47
1
-46
-36
-17
-25
-54
-92
-135
-135
-65
34
76
79
89
117
75
-36
-121
-128
-114
-148
-190
-155
-32
85
153
165
153
127
103
86
73
57
53
58
47
9
-47
-79
-81
-59
-49
-65
-127
-203
-235
-204
-157
-143
-139
-101
-42
5
6
-51
-101
-99
-22
46
35
-22
-52
-16
10
-9
-20
6
41
28
15
71
145
196
196
185
184
190
218
231
231
241
223
168
80
37
77
131
154
128
84
32
-11
3
71
140
160
142
92
22
-58
-110
-108
-83
-74
-106
-110
-48
42
76
68
71
84
64
36
43
74
106
112
66
-42
-152
-204
-197
-165
-121
-104
-132
-149
-122
-73
-46
-30
3
11
-27
-126
-215
-213
-161
-110
-86
-66
-62
-96
-121
-113
-65
-22
-8
-13
-8
-6
-47
-109
-132
-98
-66
-64
-50
-1
32
14
5
32
30
-33
-100
-115
-104
-74
-17
25
20
-24
-68
-97
-92
-51
-8
24
37
16
-32
-33
28
55
-7
-85
-107
-112
-99
-43
60
137
153
114
69
64
96
141
154
151
170
232
289
272
182
69
-26
-76
-84
-32
59
167
220
175
72
-16
-57
-99
-135
-126
-91
-84
-101
-81
-35
-13
-36
-60
-63
-43
-4
39
59
24
-14
-17
-4
-17
-14
71
183
241
216
169
119
59
35
50
53
-10
-82
-72
13
105
161
181
162
91
9
-10
22
41
5
-39
-15
31
40
-9
-50
-44
-54
-95
-132
-144
-146
-182
-240
-284
-264
-196
-160
-168
-168
-152
-149
-147
-86
-10
17
19
29
32
11
-21
-40
-53
-71
-102
-135
-136
-101
-53
4
75
114
92
60
87
114
93
39
18
41
67
113
159
178
142
118
141
144
106
66
79
99
108
117
126
110
78
61
54
33
19
38
61
46
12
-2
7
22
29
13
1
45
116
125
59
-11
-38
-70
-92
-66
-13
7
-11
-13
-14
-41
-54
-26
18
28
32
56
67
69
53
20
-45
-122
-164
-147
-92
-54
-76
-106
-80
-6
59
61
22
-2
-1
-1
-18
-18
8
-20
-95
-134
-106
-60
-19
12
15
-16
1
80
138
130
85
50
5
-41
-67
-74
-83
-104
-135
-147
-117
-54
-6
-3
-16
-26
-24
-22
-37
-62
-75
-61
-51
-46
-36
-17
-43
-108
-151
-141
-108
-92
-83
-80
-92
-126
-137
-96
11
93
89
12
-64
-78
-89
-91
-71
12
92
116
97
83
82
71
58
46
55
55
31
-30
-48
-22
-8
-37
-65
-45
-39
-36
-20
-4
9
51
104
105
50
29
75
114
128
136
186
217
193
128
66
46
57
85
113
124
122
113
107
109
114
125
102
48
-17
-21
32
51
-1
-81
-96
-82
-58
-23
-11
-33
-80
-85
-59
-36
-11
9
11
-8
-38
-59
-68
-68
-96
-135
-135
-89
-60
-73
-68
-20
18
33
42
43
26
16
9
-7
-20
4
46
87
149
217
243
195
139
140
199
258
297
368
481
568
578
535
479
420
382
411
462
455
410
395
409
395
366
360
348
267
108
-117
-409
-764
-1107
-1395
-1645
-1844
-1920
-1854
-1732
-1600
-1446
-1272
-1094
-896
-686
-485
-290
-101
63
172
346
623
886
1021
1067
1160
1307
1361
1261
1031
738
354
-157
-718
-1222
-1634
-1962
-2161
-2196
-2071
-1822
-1454
-982
-488
10
513
977
1345
1633
1911
2177
2345
2370
2255
2102
2004
1929
1803
1601
1387
1179
985
819
666
511
378
316
302
324
365
419
477
534
612
739
933
1169
1304
1199
831
238
-517
-1384
-2259
-3054
-3778
-4413
-4811
-4808
-4402
-3806
-3202
-2541
-1740
-868
-108
462
923
1278
1498
1633
1821
2086
2283
2322
2276
2220
2066
1692
1088
341
-511
-1409
-2239
-2922
-3466
-3877
-4027
-3813
-3234
-2371
-1302
-136
989
1972
2778
3401
3780
3863
3684
3337
2863
2246
1509
755
80
-513
-1058
-1536
-1850
-1926
-1794
-1528
-1177
-804
-494
-236
96
579
1080
1393
1494
1454
1370
1302
1284
1323
1384
1463
1571
1728
1950
2210
2434
2587
2687
2745
2699
2499
2181
1840
1491
996
217
-831
-2041
-3326
-4613
-5735
-6539
-6995
-7158
-6998
-6351
-5163
-3620
-2048
-556
916
2311
3440
4186
4602
4701
4451
3951
3395
2832
2164
1336
431
-457
-1322
-2150
-2941
-3707
-4418
-4910
-5007
-4727
-4202
-3475
-2450
-1106
429
2006
3456
4598
5297
5608
5643
5376
4716
3699
2544
1399
279
-811
-1871
-2880
-3766
-4415
-4691
-4546
-3959
-3006
-1842
-569
738
1993
3082
3820
4082
3891
3408
2708
1800
833
36
-461
-636
-462
-22
513
1053
1576
2024
2317
2432
2378
2152
1792
1383
993
697
579
679
854
825
355
-599
-1922
-3443
-4929
-6154
-6970
-7348
-7210
-6391
-4836
-2778
-628
1310
2935
4148
4837
4961
4604
3847
2781
1629
655
-43
-638
-1230
-1774
-2179
-2479
-2764
-3044
-3368
-3720
-3918
-3678
-2968
-1956
-725
792
2508
4094
5297
6020
6196
5739
4733
3418
1991
570
-737
-1799
-2498
-2803
-2808
-2695
-2609
-2599
-2629
-2569
-2223
-1456
-336
930
2157
3190
3918
4229
4070
3377
2200
806
-401
-1225
-1668
-1728
-1368
-662
217
1163
2005
2555
2730
2635
2393
2057
1640
1182
797
649
793
1119
1537
2031
2419
2284
1300
-445
-2574
-4755
-6690
-8015
-8437
-7973
-6791
-4916
-2380
409
2778
4332
5155
5366
4928
3918
2675
1502
446
-404
-885
-1008
-1124
-1482
-2027
-2632
-3313
-4087
-4683
-4833
-4452
-3527
-1984
112
2323
4179
5547
6385
6522
5828
4492
2885
1181
-507
-1888
-2625
-2729
-2531
-2218
-1721
-1106
-679
-557
-572
-585
-604
-507
-102
608
1341
1873
2182
2254
2029
1456
685
-93
-735
-1086
-1001
-461
302
1039
1657
2070
2092
1675
1062
497
68
-175
-101
302
891
1560
2256
2853
3201
3248
3042
2626
1907
660
-1249
-3607
-5938
-7861
-9177
-9624
-8910
-7082
-4518
-1559
1578
4447
6379
7067
6833
6098
4968
3504
1967
597
-601
-1600
-2260
-2704
-3303
-4292
-5412
-6270
-6636
-6369
-5321
-3486
-1157
1367
3848
5983
7307
7499
6653
5129
3299
1394
-426
-1952
-3002
-3430
-3218
-2498
-1607
-861
-304
150
499
713
880
1166
1606
2130
2653
2994
2874
2082
700
-843
-2138
-2951
-3254
-3015
-2211
-967
476
1831
2815
3187
2910
2229
1404
577
-121
-513
-451
69
1007
2137
3153
3837
4136
4105
3773
3214
2500
1572
142
-1971
-4444
-6587
-7999
-8701
-8666
-7691
-5854
-3567
-1053
1684
4345
6212
6915
6730
6080
5047
3637
2138
773
-505
-1832
-3055
-4053
-5029
-6098
-6915
-6983
-6268
-4994
-3180
-870
1533
3559
5128
6197
6409
5504
3870
2178
643
-847
-2160
-2966
-3220
-3149
-2773
-2037
-1225
-714
-388
159
959
1730
2382
2991
3397
3300
2665
1667
404
-1030
-2288
-2890
-2711
-1981
-955
225
1378
2262
2759
2858
2530
1756
709
-254
-810
-967
-838
-445
247
1114
1913
2565
3052
3297
3264
3045
2751
2372
1943
1526
840
-643
-3057
-5800
-8059
-9360
-9465
-8151
-5579
-2500
347
2814
4994
6512
6852
6086
4774
3249
1668
333
-571
-1277
-2108
-2991
-3739
-4458
-5275
-5897
-5842
-4977
-3444
-1281
1413
4009
5751
6468
6376
5507
3828
1669
-445
-2166
-3319
-3677
-3316
-2631
-1902
-1118
-233
481
807
872
1012
1495
2253
2963
3325
3166
2436
1101
-593
-2230
-3463
-4023
-3753
-2665
-1049
710
2247
3198
3429
3031
2137
918
-335
-1291
-1781
-1768
-1326
-684
3
815
1788
2694
3299
3576
3681
3694
3548
3155
2607
2158
1797
1015
-827
-3745
-6986
-9490
-10642
-10278
-8383
-5245
-1656
1585
4334
6603
7877
7587
6067
4216
2498
931
-258
-834
-1152
-1796
-2763
-3693
-4673
-5857
-6634
-6219
-4680
-2545
102
3210
5960
7411
7539
6747
4964
2139
-991
-3387
-4708
-5168
-4763
-3493
-1938
-799
-82
615
1221
1417
1434
1862
2739
3549
3941
3903
3287
1779
-505
-2814
-4500
-5283
-4924
-3301
-803
1678
3534
4601
4767
3979
2385
472
-1186
-2224
-2588
-2364
-1701
-835
74
1001
1914
2616
3106
3556
3957
4133
3997
3622
3130
2645
2228
1701
504
-1888
-5268
-8604
-10788
-11337
-10150
-7250
-3313
420
3198
5204
6661
7071
6092
4329
2695
1477
590
82
-215
-919
-2323
-3875
-5089
-6141
-7072
-7132
-5710
-3199
-293
2768
5669
7526
7733
6585
4641
2016
-949
-3364
-4622
-4836
-4323
-3141
-1687
-761
-624
-662
-280
351
906
1666
3047
4678
5682
5595
4496
2601
75
-2698
-5003
-6272
-6196
-4633
-1785
1594
4448
6118
6464
5548
3679
1509
-413
-1859
-2748
-2995
-2629
-1891
-1056
-306
356
1090
1929
2857
3818
4666
5076
4833
4090
3110
2204
1533
1060
236
-1817
-5213
-8814
-11080
-11379
-9917
-6907
-2823
1112
3788
5324
6324
6707
5994
4410
2816
1636
863
496
284
-549
-2451
-4677
-6253
-7119
-7614
-7305
-5521
-2577
718
3932
6707
8173
7695
5831
3522
962
-1817
-4085
-5002
-4723
-3958
-2991
-1808
-919
-821
-1063
-746
308
1510
2636
3877
5107
5717
5323
3980
1750
-1299
-4651
-7217
-8023
-6860
-4095
-373
3338
6021
7120
6736
5211
2967
683
-1033
-1984
-2339
-2272
-1894
-1454
-1188
-1083
-805
-53
1177
2716
4255
5395
5817
5455
4472
3077
1617
509
23
-56
-674
-2802
-6192
-9386
-11014
-10659
-8411
-4580
-247
3083
4881
5876
6600
6522
5187
3311
1874
1013
504
338
70
-1249
-3671
-5923
-7083
-7495
-7437
-6303
-3658
-246
2991
5732
7637
7965
6489
4101
1598
-937
-3251
-4503
-4411
-3706
-2927
-1990
-1020
-636
-914
-970
-112
1431
3059
4546
5831
6460
5968
4415
2158
-595
-3578
-6060
-7277
-6942
-5128
-2111
1480
4584
6372
6758
5953
4169
1769
-446
-1777
-2249
-2341
-2306
-2110
-1701
-1133
-481
264
1089
2105
3339
4533
5215
5023
4104
2867
1719
879
460
476
244
-1517
-5128
-9203
-11769
-11929
-9904
-6056
-1210
3042
5404
6142
6341
6167
5061
3247
1807
1163
900
830
769
-170
-2642
-5716
-7818
-8544
-8313
-6886
-3839
78
3514
6008
7681
8122
6797
4327
1888
-215
-2155
-3548
-3832
-3381
-2989
-2736
-2412
-2324
-2707
-2702
-1287
1231
3689
5515
6833
7389
6593
4527
1876
-923
-3740
-6233
-7697
-7649
-6057
-3188
324
3464
5378
5915
5380
4094
2366
732
-377
-942
-1144
-1200
-1344
-1584
-1776
-1712
-1184
-47
1660
3531
5030
5760
5562
4627
3355
2107
1115
540
527
949
1014
-617
-4316
-8643
-11594
-12124
-10228
-6120
-780
3735
5881
6124
5876
5446
4277
2602
1482
1274
1430
1623
1588
381
-2602
-6211
-8677
-9527
-9044
-6909
-3016
1313
4536
6549
7778
7750
5907
3123
891
-559
-1768
-2585
-2579
-2342
-2752
-3456
-3681
-3619
-3733
-3320
-1355
1771
4744
6839
7961
7851
6329
3962
1490
-991
-3458
-5476
-6634
-6893
-6301
-4729
-2334
300
2669
4598
5822
5933
4909
3330
1785
373
-860
-1666
-2002
-2078
-1973
-1561
-769
234
1305
2397
3496
4393
4742
4457
3731
2855
2029
1502
1384
1497
1392
137
-3025
-7448
-11255
-12814
-11630
-7903
-2507
2543
5258
5600
5133
4745
4046
2926
2240
2452
2880
2897
2439
1038
-2057
-6216
-9399
-10366
-9428
-7043
-3257
1095
4412
6178
7013
7032
5707
3405
1588
797
164
-812
-1720
-2435
-3502
-4918
-5875
-6000
-5586
-4435
-1918
1751
5214
7378
8261
8133
6994
5076
2933
824
-1380
-3521
-5192
-6215
-6530
-6071
-4639
-2377
350
3126
5474
6856
6756
5361
3422
1603
125
-871
-1355
-1614
-1817
-1784
-1391
-872
-383
335
1518
2969
4178
4775
4707
4097
3151
2138
1437
1207
1266
864
-1157
-5055
-9509
-12451
-12692
-10178
-5480
-18
4049
5347
4699
3844
3360
2917
2689
3161
3885
3990
3344
1967
-817
-5064
-9005
-10765
-10172
-8017
-4575
-363
3108
4834
5437
5689
5197
3801
2618
2475
2476
1518
-109
-1689
-3382
-5261
-6508
-6571
-5823
-4563
-2289
1042
4319
6506
7526
7654
6862
5339
3755
2507
1212
-566
-2748
-5096
-7233
-8441
-7882
-5418
-1869
1729
4573
6100
6092
4998
3609
2429
1552
943
480
-174
-1106
-2037
-2794
-3251
-2982
-1675
404
2645
4579
5747
5760
4817
3605
2715
2255
2041
1931
1840
1150
-1259
-5508
-10058
-12841
-12736
-9678
-4384
1168
4492
4704
3423
2605
2571
2752
3287
4523
5651
5535
4011
1436
-2253
-6667
-10082
-10896
-9196
-6080
-2436
885
2846
3288
3231
3389
3399
3115
3282
4103
4430
3312
1214
-1114
-3613
-6046
-7382
-6952
-5346
-3289
-906
1660
3688
4668
4962
5012
4911
4709
4525
4089
2865
610
-2430
-5672
-8201
-8974
-7397
-3993
-133
2853
4378
4518
3714
2757
2396
2760
3245
3242
2509
1067
-894
-2939
-4395
-4633
-3384
-968
1805
4038
5258
5449
4845
3848
2984
2662
2731
2794
2678
2324
1011
-2209
-6993
-11436
-13441
-12114
-7887
-2349
2205
3980
3157
1645
1031
1443
2474
4083
5890
6734
5853
3649
532
-3496
-7581
-9787
-9199
-6862
-4163
-1672
82
477
-38
-114
812
2165
3649
5338
6491
5907
3581
748
-1754
-3856
-5096
-4809
-3458
-2327
-1789
-1181
-323
274
672
1584
3143
4652
5616
5941
5313
3350
280
-3005
-5531
-6612
-5952
-3918
-1502
282
1040
1007
634
441
1021
2513
4198
4946
4265
2549
404
-1714
-3258
-3627
-2621
-729
1232
2732
3570
3776
3539
3228
3239
3561
3861
3821
3364
2643
1744
213
-2687
-6726
-10367
-11934
-10815
-7397
-2900
588
1423
76
-1090
-447
1578
3939
6159
7771
7744
5778
2905
1
-2936
-5523
-6536
-5660
-4203
-3390
-3234
-3528
-4213
-4486
-3143
-296
2615
4815
6470
7106
5831
3139
785
-345
-684
-483
240
651
-292
-2228
-3673
-3896
-3257
-1955
119
2461
4090
4572
4298
3458
2077
532
-602
-1168
-1451
-1562
-1549
-1633
-1854
-1972
-1840
-1507
-888
273
1729
2808
3062
2614
1808
844
-62
-528
-424
-17
355
668
1071
1580
2131
2667
3133
3545
3888
3937
3414
2359
1375
964
801
-327
-3156
-6928
-9978
-10931
-9372
-5822
-1936
181
-190
-1530
-1727
-286
1868
4077
6088
7152
6499
4575
2443
298
-2011
-3682
-3826
-3074
-2938
-3815
-5032
-6048
-6483
-5581
-3068
-17
2363
4011
5076
5020
3717
2374
2142
2669
3165
3396
3070
1537
-1054
-3269
-4076
-3840
-3162
-1894
-91
1252
1457
1136
1193
1514
1698
1960
2391
2357
1401
91
-786
-1143
-1164
-962
-795
-863
-989
-821
-413
-28
325
700
984
1127
1185
1211
1114
904
850
1105
1661
2290
2793
3116
3262
3317
3173
2698
1962
1315
1168
1345
703
-1846
-5808
-9247
-10395
-8858
-5442
-1903
-312
-1297
-3233
-3760
-2137
580
3399
5822
7138
6639
4699
2653
1047
-414
-1404
-1402
-1089
-1974
-4228
-6374
-7375
-7145
-5724
-3240
-683
785
1272
1633
2053
2245
2684
3941
5534
6319
5881
4454
2106
-561
-2237
-2234
-1452
-1149
-1378
-1727
-2187
-2665
-2523
-1370
318
1922
3139
3627
3010
1480
-29
-669
-390
317
853
753
-201
-1647
-2688
-2685
-1796
-568
600
1479
1821
1566
1023
653
725
1255
2057
2750
2980
2685
2281
2195
2490
2832
2915
2680
2249
1894
1772
1600
340
-2662
-6489
-9154
-9250
-7021
-3886
-1650
-1665
-3767
-5916
-5838
-3104
766
4205
6515
7220
6116
3984
2244
1443
1150
1125
1246
705
-1371
-4474
-6892
-7670
-7136
-5769
-3911
-2295
-1616
-1483
-874
371
1795
3421
5406
7203
7823
6962
5117
3003
1359
679
694
538
-402
-1933
-3421
-4462
-4774
-4099
-2552
-717
741
1588
1774
1254
431
126
699
1598
2013
1754
1032
19
-955
-1432
-1189
-570
14
476
806
872
633
436
586
985
1366
1598
1711
1692
1616
1690
2047
2612
3142
3364
3244
2997
2825
2790
2703
1813
-746
-4656
-8071
-9194
-7859
-5320
-3275
-3107
-5078
-7584
-8029
-5298
-772
3366
6066
7055
6193
4174
2673
2698
3504
4032
3923
2785
4
-3924
-7083
-8168
-7614
-6394
-4989
-3937
-3877
-4360
-4012
-2274
88
2422
4718
6710
7599
7151
6051
4999
4234
3876
3854
3472
2040
-243
-2437
-3896
-4494
-4269
-3460
-2605
-2115
-1925
-1783
-1558
-1170
-482
448
1284
1809
2150
2408
2419
2090
1707
1449
1230
1006
933
963
774
296
-237
-600
-801
-846
-667
-271
184
553
933
1467
2131
2704
3157
3622
4080
4333
4285
4150
3858
2572
-439
-4298
-6982
-7340
-5962
-4291
-3624
-4830
-7480
-9501
-8770
-5240
-804
2775
4841
5231
4146
2799
2754
4190
5749
6300
5675
3690
205
-3563
-5628
-5461
-4400
-3776
-3900
-4866
-6410
-7376
-6564
-4149
-1404
962
2863
4105
4516
4486
4686
5331
6258
7175
7477
6543
4440
2049
191
-898
-1352
-1638
-2298
-3573
-4933
-5757
-5948
-5635
-4828
-3619
-2410
-1452
-508
726
2086
3153
3733
3965
3926
3632
3345
3316
3327
2855
1836
704
-295
-1156
-1726
-1642
-981
-341
-136
-171
-28
337
870
1611
2493
3140
3340
3375
3578
3906
3615
1856
-1210
-4102
-5312
-4754
-3524
-2908
-3770
-6123
-8610
-9151
-6897
-3211
-70
1649
1993
1221
155
318
2273
4825
6450
6679
5494
2856
-292
-2082
-1739
-581
-213
-1031
-2797
-5200
-7210
-7424
-5747
-3599
-2066
-1022
-155
420
914
2084
4131
6281
7678
7991
7232
5751
4363
3738
3677
3468
2594
959
-1202
-3280
-4609
-5118
-5285
-5480
-5686
-5760
-5562
-4777
-3208
-1302
225
1219
1974
2625
3138
3693
4510
5169
5033
4076
2877
1897
1184
802
904
1211
1148
516
-279
-819
-1035
-910
-411
202
489
539
818
1547
2370
2977
3181
2362
107
-2628
-3981
-3321
-1833
-986
-1531
-3600
-6516
-8475
-7927
-5384
-2712
-1022
-326
-551
-1385
-1545
18
2537
4385
5001
4693
3453
1552
257
546
1629
2047
1314
-317
-2550
-4640
-5259
-4055
-2339
-1472
-1422
-1533
-1659
-1631
-816
952
2794
3827
3996
3637
3099
2905
3502
4513
5058
4651
3510
2083
686
-386
-1037
-1520
-2241
-3382
-4712
-5732
-6005
-5365
-4115
-2792
-1812
-1364
-1309
-1130
-214
1510
3325
4443
4658
4186
3428
2810
2684
2945
3061
2698
1972
1183
541
265
512
1082
1434
1313
872
469
340
596
1267
2182
2785
2080
-290
-3214
-4881
-4614
-3245
-2006
-1865
-3325
-5859
-7706
-7287
-4875
-2168
-398
252
-206
-1420
-2013
-669
2025
4186
4903
4456
3030
944
-398
187
1832
2649
2030
712
-905
-2575
-3276
-2338
-867
-494
-1258
-2137
-2655
-2864
-2315
-756
1000
1927
1954
1800
1884
2347
3309
4556
5343
5064
3962
2686
1722
1185
916
619
-138
-1575
-3534
-5365
-6240
-5806
-4499
-3164
-2454
-2529
-2912
-2746
-1350
951
2922
3641
3262
2589
2199
2270
2798
3413
3494
2795
1754
956
747
1190
2048
2749
2724
2120
1442
1078
1066
1236
1443
1504
1343
944
20
-1653
-3699
-5042
-4877
-3671
-2615
-2589
-3792
-5681
-7083
-6854
-4924
-2585
-1164
-934
-1451
-2123
-2225
-1063
1221
3365
4315
4113
3259
2204
1696
2407
3748
4237
3246
1528
-123
-1432
-1954
-1457
-861
-1394
-2839
-3827
-3734
-2943
-1695
-89
1141
1322
862
730
1314
2346
3624
4770
5073
4167
2658
1587
1338
1583
1836
1726
951
-508
-2203
-3518
-4051
-3775
-3026
-2327
-2155
-2672
-3483
-3746
-2883
-1279
125
769
776
599
608
1095
2091
3227
3897
3864
3537
3360
3364
3458
3671
3801
3403
2539
1826
1607
1541
1301
949
582
85
-483
-655
-464
-908
-2699
-4914
-5931
-5328
-4090
-3231
-3343
-4729
-6722
-7732
-6703
-4355
-2201
-865
-301
-508
-1039
-668
1277
3712
5112
5263
4769
3795
2696
2467
3372
4083
3316
1446
-462
-1889
-2485
-1854
-498
50
-999
-2574
-3286
-2969
-2118
-869
405
740
-78
-965
-992
-294
790
2091
3110
3116
2316
1741
2005
2835
3468
3454
2742
1581
373
-504
-965
-1351
-2013
-2970
-3807
-4307
-4573
-4590
-4182
-3326
-2464
-1902
-1385
-640
294
1259
2188
2974
3372
3431
3462
3596
3712
3767
3839
3917
3811
3484
3132
2871
2629
2284
1820
1240
585
9
-293
-388
-488
-1088
-2573
-4616
-6107
-6141
-5054
-3975
-3742
-4601
-6120
-7155
-6650
-4584
-2146
-445
282
210
-264
-282
888
2845
4213
4312
3656
2848
2205
2200
3183
4419
4604
3452
1810
534
-63
216
1037
1185
-250
-2561
-4156
-4452
-3939
-3151
-2419
-2205
-2670
-3081
-2579
-1159
484
1847
2764
3085
2878
2745
3247
4105
4599
4330
3443
2249
1107
420
162
-158
-1051
-2356
-3406
-3778
-3612
-3278
-3038
-2998
-3059
-2983
-2525
-1753
-885
-163
275
457
527
783
1515
2622
3603
3999
3869
3607
3459
3522
3792
4067
3997
3458
2604
1690
912
403
191
31
-274
-707
-1157
-1900
-3243
-4823
-5644
-5198
-4097
-3262
-3214
-3988
-5251
-6056
-5555
-3944
-2297
-1349
-1026
-1042
-1110
-662
778
2780
4288
4748
4518
4097
3849
4164
5064
5593
4754
2850
1056
-16
-457
-371
-84
-449
-1881
-3580
-4495
-4404
-3688
-2721
-1950
-1858
-2335
-2624
-2185
-1190
-98
777
1224
1204
1090
1460
2473
3640
4292
4182
3604
3003
2728
2872
3194
3034
1844
-52
-1709
-2465
-2502
-2354
-2459
-3023
-3959
-4723
-4650
-3652
-2270
-1226
-798
-876
-1033
-704
368
1824
2977
3458
3355
3032
2895
3233
3900
4341
4173
3493
2697
2033
1665
1679
1871
1812
1318
700
200
-215
-932
-2208
-3805
-5023
-5300
-4849
-4263
-4087
-4613
-5630
-6301
-5771
-4117
-2284
-1021
-461
-419
-514
-125
1146
2841
3972
4085
3541
2897
2542
2737
3469
4108
3831
2653
1371
641
501
733
980
607
-758
-2525
-3674
-3772
-3223
-2661
-2574
-3188
-4107
-4517
-3852
-2400
-880
214
759
954
1126
1629
2586
3670
4309
4186
3540
2898
2658
2909
3349
3266
2274
899
-107
-575
-921
-1296
-1673
-2195
-2889
-3443
-3514
-3104
-2496
-1998
-1920
-2323
-2677
-2328
-1217
7
775
1076
1152
1219
1608
2576
3851
4747
4863
4418
3837
3407
3210
3195
3160
2822
2131
1343
812
615
565
310
-590
-2166
-3744
-4419
-4044
-3313
-3015
-3526
-4676
-5779
-5957
-4947
-3477
-2454
-2228
-2586
-3118
-3081
-1829
321
2116
2689
2375
2010
2071
2684
3800
4872
5065
4126
2728
1747
1466
1734
2100
1935
783
-965
-2268
-2555
-2081
-1579
-1614
-2409
-3623
-4423
-4228
-3226
-2041
-1218
-980
-1208
-1426
-980
285
1867
2994
3254
2848
2376
2376
3007
3876
4338
3920
2765
1539
884
790
710
179
-788
-1872
-2846
-3418
-3346
-2813
-2396
-2463
-2775
-2873
-2475
-1601
-562
247
644
733
729
966
1698
2723
3487
3651
3425
3240
3299
3576
3822
3850
3583
3108
2666
2416
2313
2170
1922
1308
-31
-1925
-3436
-3845
-3573
-3502
-4086
-5157
-6288
-6867
-6397
-5182
-4180
-3978
-4270
-4465
-4171
-3116
-1347
438
1356
1366
1148
1324
2105
3426
4868
5605
5214
4242
3521
3342
3436
3503
3281
2457
1089
-256
-930
-956
-915
-1356
-2305
-3412
-4112
-3996
-3209
-2370
-1991
-2093
-2392
-2474
-2002
-869
440
1247
1291
954
766
979
1627
2505
3107
2919
2063
1248
1067
1416
1796
1862
1470
687
-217
-804
-892
-750
-727
-955
-1432
-2036
-2389
-2143
-1379
-634
-318
-387
-499
-333
207
1034
1923
2584
2795
2671
2568
2691
2909
3015
2929
2669
2353
2154
2178
2297
2282
1934
1036
-325
-1619
-2278
-2278
-2174
-2453
-3278
-4466
-5503
-5863
-5444
-4724
-4265
-4214
-4342
-4317
-3844
-2826
-1540
-477
39
229
494
1008
1776
2689
3468
3672
3326
2987
3065
3415
3731
3830
3509
2683
1694
1117
1097
1187
932
250
-666
-1527
-2054
-2123
-2015
-2039
-2285
-2631
-2928
-2938
-2474
-1713
-1089
-893
-996
-1095
-902
-350
428
1078
1282
1065
842
1029
1608
2214
2517
2438
2020
1496
1184
1228
1408
1387
1080
631
174
-188
-320
-198
-48
-195
-700
-1214
-1405
-1216
-767
-301
10
43
-23
102
434
797
1091
1379
1620
1706
1728
1846
2027
2093
1948
1503
736
-70
-468
-374
-241
-450
-1023
-1885
-2867
-3544
-3538
-3134
-2986
-3280
-3658
-3848
-3779
-3341
-2561
-1803
-1483
-1526
-1485
-1074
-318
550
1291
1688
1746
1788
2048
2495
2886
3129
3157
2869
2393
2111
2279
2598
2597
2101
1310
530
12
-171
-252
-541
-1074
-1714
-2289
-2647
-2663
-2408
-2109
-1934
-1935
-1982
-1825
-1308
-639
-89
261
470
622
808
1172
1647
2053
2229
2085
1788
1600
1653
1751
1618
1259
837
540
363
183
-63
-349
-643
-921
-1002
-785
-464
-286
-321
-444
-578
-594
-431
-215
-24
135
305
375
349
455
833
1297
1504
1419
1356
1394
1264
849
457
416
620
744
535
-62
-920
-1664
-1886
-1696
-1582
-1938
-2593
-3240
-3716
-3828
-3505
-3033
-2803
-2789
-2705
-2427
-1976
-1235
-222
649
1062
1152
1359
1862
2521
3149
3499
3383
2877
2401
2259
2330
2312
2036
1529
892
347
82
39
-22
-316
-820
-1330
-1579
-1482
-1183
-906
-837
-987
-1232
-1296
-1021
-539
-94
94
61
-52
-103
28
255
456
476
335
198
195
425
778
1051
1049
777
417
202
190
313
477
590
572
389
132
-105
-265
-335
-382
-511
-675
-717
-605
-458
-279
-14
275
445
575
840
1204
1533
1809
2169
2573
2802
2619
2024
1320
836
689
639
398
-151
-956
-1822
-2481
-2781
-2821
-2893
-3176
-3561
-3859
-3898
-3623
-3118
-2653
-2472
-2539
-2563
-2279
-1662
-842
-54
465
579
580
899
1606
2348
2800
2960
2841
2538
2291
2361
2682
2932
2836
2353
1672
1129
985
1126
1185
909
426
-62
-461
-685
-695
-593
-748
-1248
-1770
-1932
-1712
-1401
-1184
-1134
-1252
-1435
-1427
-1054
-497
-92
31
10
41
192
463
741
779
513
184
83
203
327
406
398
215
-75
-266
-207
5
202
310
275
150
72
158
444
766
870
755
654
785
1100
1439
1688
1741
1653
1619
1741
1937
2071
1945
1376
524
-67
-135
5
-90
-555
-1279
-2138
-2827
-3005
-2702
-2419
-2629
-3227
-3767
-3900
-3589
-3019
-2498
-2321
-2476
-2618
-2373
-1671
-739
89
599
777
827
1065
1667
2498
3175
3366
3062
2559
2312
2560
3031
3240
2970
2368
1692
1215
1139
1318
1292
815
43
-681
-1085
-1090
-948
-1011
-1326
-1717
-1990
-2041
-1804
-1378
-1062
-1081
-1380
-1672
-1626
-1151
-506
-114
-226
-666
-968
-728
-10
731
998
695
192
-87
60
506
990
1179
872
315
2
178
611
959
1078
946
626
373
427
753
1072
1189
1104
884
701
739
1013
1269
1264
1082
942
931
1082
1408
1749
1678
1007
110
-454
-454
-161
-8
-312
-1063
-1891
-2359
-2315
-2059
-2043
-2504
-3256
-3836
-3910
-3454
-2788
-2341
-2328
-2597
-2703
-2323
-1480
-488
317
701
668
555
786
1501
2373
2932
2951
2589
2218
2119
2376
2839
3123
2840
2039
1236
860
891
1072
1099
733
-31
-865
-1326
-1302
-1003
-779
-870
-1257
-1688
-1842
-1625
-1252
-991
-1007
-1238
-1499
-1540
-1207
-681
-347
-401
-646
-723
-456
78
643
951
903
658
468
514
827
1223
1410
1223
807
479
422
582
747
735
537
294
217
386
636
757
700
599
564
664
924
1265
1538
1591
1456
1344
1397
1618
1864
2013
1934
1429
616
-98
-382
-321
-304
-610
-1290
-2143
-2822
-3026
-2798
-2489
-2503
-2942
-3498
-3815
-3687
-3176
-2551
-2165
-2181
-2356
-2293
-1835
-1117
-404
101
305
309
425
841
1475
2078
2464
2579
2468
2314
2323
2554
2826
2895
2603
2043
1470
1116
1036
1035
860
376
-319
-916
-1145
-997
-771
-792
-1101
-1481
-1693
-1617
-1309
-955
-803
-951
-1209
-1239
-925
-448
-89
60
12
-171
-353
-322
19
489
779
713
400
64
-41
173
555
788
710
444
241
273
497
812
1024
996
766
609
782
1160
1453
1493
1313
1034
834
886
1175
1443
1495
1361
1168
985
848
827
935
1014
887
471
-130
-695
-970
-909
-780
-927
-1431
-2134
-2799
-3135
-2973
-2526
-2333
-2630
-3151
-3494
-3435
-2938
-2200
-1694
-1722
-2000
-1971
-1449
-660
99
680
999
1117
1217
1452
1805
2188
2498
2597
2459
2243
2196
2340
2463
2331
1899
1368
944
699
605
595
563
353
-68
-574
-933
-971
-729
-487
-519
-815
-1183
-1400
-1349
-1073
-791
-771
-1019
-1344
-1462
-1230
-746
-274
-106
-278
-540
-602
-345
71
406
506
385
186
75
183
505
875
1088
1069
877
672
634
823
1099
1256
1208
1038
905
940
1107
1239
1225
1063
878
788
877
1057
1154
1048
796
536
371
337
409
513
476
160
-392
-932
-1199
-1130
-907
-790
-1004
-1563
-2274
-2754
-2698
-2211
-1731
-1665
-2029
-2532
-2792
-2506
-1719
-919
-611
-861
-1257
-1393
-1084
-395
347
736
690
518
530
815
1274
1736
1973
1922
1739
1608
1656
1884
2146
2204
1949
1471
967
635
532
559
539
380
89
-237
-513
-672
-693
-625
-595
-710
-934
-1142
-1196
-1035
-731
-513
-508
-677
-913
-1056
-970
-651
-318
-259
-447
-647
-662
-477
-202
84
272
312
287
298
417
617
910
1203
1327
1195
951
883
1018
1216
1321
1313
1210
1025
865
795
756
625
406
208
133
191
275
287
243
248
336
398
368
330
365
412
333
98
-154
-320
-390
-382
-353
-451
-834
-1414
-1870
-1987
-1818
-1587
-1523
-1749
-2185
-2525
-2514
-2186
-1806
-1563
-1510
-1558
-1568
-1372
-930
-404
41
386
643
778
845
995
1242
1455
1558
1602
1643
1686
1742
1811
1837
1752
1565
1390
1331
1299
1162
893
626
438
266
53
-177
-357
-506
-643
-738
-819
-964
-1183
-1349
-1365
-1301
-1249
-1238
-1255
-1280
-1243
-1119
-942
-776
-612
-453
-333
-199
29
338
567
627
618
669
821
990
1101
1135
1082
983
900
907
986
1008
902
761
706
701
627
495
416
435
510
589
618
574
518
537
575
561
512
509
590
722
856
852
643
340
76
-133
-254
-227
-127
-195
-539
-1033
-1489
-1822
-1974
-1935
-1832
-1816
-1982
-2254
-2502
-2594
-2468
-2181
-1867
-1637
-1499
-1375
-1152
-807
-425
-95
185
462
763
1084
1360
1539
1610
1650
1739
1880
2050
2164
2173
2061
1860
1643
1437
1257
1092
925
736
493
222
6
-176
-366
-583
-764
-859
-919
-959
-1015
-1067
-1073
-1051
-1026
-1027
-1021
-1009
-1032
-1063
-1016
-860
-659
-460
-350
-347
-403
-392
-250
-5
281
544
684
666
589
584
703
850
923
906
848
796
729
635
530
474
515
606
683
679
636
567
462
394
428
560
671
704
691
691
720
752
776
814
886
909
807
599
355
95
-187
-449
-593
-592
-596
-819
-1281
-1708
-1946
-2061
-2133
-2172
-2205
-2316
-2435
-2417
-2286
-2110
-1911
-1669
-1388
-1071
-656
-213
110
230
252
368
637
1012
1374
1607
1654
1563
1472
1482
1593
1747
1859
1831
1630
1335
1113
1036
1066
1026
827
536
308
202
131
29
-137
-360
-604
-772
-851
-868
-880
-910
-1013
-1184
-1313
-1286
-1148
-1047
-1050
-1110
-1099
-986
-797
-614
-510
-465
-401
-245
-35
129
219
271
318
348
371
415
492
602
746
901
979
952
914
921
955
982
1031
1092
1140
1172
1168
1111
1064
1074
1018
841
670
614
635
656
709
708
597
448
404
437
389
212
-61
-326
-548
-692
-771
-834
-953
-1187
-1469
-1761
-2003
-2173
-2217
-2135
-2060
-2019
-2006
-1908
-1739
-1564
-1448
-1413
-1352
-1186
-877
-524
-181
142
407
610
783
1001
1233
1426
1563
1720
1867
1935
1896
1816
1730
1585
1424
1280
1113
894
705
627
521
279
-16
-231
-316
-319
-310
-345
-415
-471
-532
-630
-791
-967
-1087
-1063
-927
-803
-722
-705
-745
-855
-959
-966
-871
-731
-594
-508
-458
-390
-275
-133
-57
-47
-41
61
239
383
463
515
584
654
725
778
795
804
867
988
1149
1282
1360
1375
1342
1244
1107
1042
1088
1145
1062
856
683
602
531
371
191
100
41
-70
-223
-326
-358
-359
-355
-406
-579
-870
-1125
-1184
-1060
-933
-911
-928
-912
-902
-897
-828
-735
-741
-860
-930
-877
-759
-660
-605
-587
-601
-577
-500
-408
-322
-218
-73
49
128
193
276
344
377
402
414
417
416
424
436
446
445
411
341
278
264
328
427
467
405
325
308
307
286
250
184
66
-51
-78
-54
-55
-94
-146
-216
-325
-433
-513
-562
-587
-571
-513
-492
-550
-611
-570
-512
-525
-548
-455
-294
-215
-188
-104
65
262
437
563
605
600
616
659
710
744
751
760
813
889
899
800
631
469
379
392
461
504
518
507
451
341
228
160
125
117
156
221
255
261
271
316
349
324
283
273
283
249
176
118
84
41
2
-60
-173
-317
-453
-541
-639
-764
-899
-1003
-1079
-1153
-1196
-1172
-1068
-981
-998
-1084
-1130
-1098
-1073
-1088
-1085
-1015
-888
-709
-497
-309
-168
-15
157
308
417
515
593
633
672
706
698
647
625
617
584
498
415
329
233
159
126
120
75
-19
-110
-126
-69
-22
-27
-21
20
87
98
65
17
4
38
72
55
10
18
67
78
24
13
89
183
219
196
144
88
58
83
139
197
232
238
253
313
388
400
384
407
489
567
565
509
441
430
467
487
423
306
238
237
199
76
-21
-16
57
113
195
290
299
191
108
188
349
397
281
127
26
-11
-72
-180
-304
-358
-336
-295
-288
-309
-344
-423
-521
-638
-773
-915
-981
-942
-903
-929
-942
-874
-849
-944
-1029
-991
-913
-914
-921
-818
-633
-485
-437
-408
-299
-157
-63
-1
101
204
256
301
372
436
444
464
514
556
553
516
455
399
406
438
404
304
240
269
318
337
320
246
161
138
163
164
124
140
226
281
280
269
292
310
276
208
137
93
87
140
228
269
217
116
63
65
86
105
138
167
142
104
100
133
124
61
23
41
83
103
106
99
87
64
50
58
92
121
122
110
85
28
-36
-49
28
143
203
165
79
47
65
111
173
240
244
157
88
117
229
267
153
-44
-204
-293
-404
-506
-533
-509
-513
-543
-521
-454
-409
-398
-415
-444
-485
-540
-559
-528
-456
-414
-451
-533
-583
-552
-491
-478
-508
-510
-439
-345
-252
-170
-100
-98
-149
-137
-19
88
66
-24
-69
-56
-21
39
109
137
110
86
102
168
246
316
365
391
446
499
523
501
500
559
593
555
487
506
599
651
612
537
467
381
308
298
344
372
314
184
48
-5
41
50
-16
-81
-67
-18
-3
-12
-41
-84
-95
-14
100
123
8
-122
-136
-52
0
-34
-71
-67
-62
-71
-45
49
123
112
65
53
90
102
70
12
-9
43
125
180
194
214
181
76
13
64
151
142
74
28
-8
-40
-47
-36
-56
-122
-162
-171
-204
-307
-406
-461
-511
-591
-704
-821
-891
-818
-666
-597
-693
-868
-1002
-1012
-891
-754
-697
-690
-615
-477
-371
-326
-284
-192
-75
6
55
81
121
218
329
393
380
382
427
455
458
479
529
550
526
494
463
455
474
501
502
494
537
615
651
645
664
712
691
566
458
439
425
356
271
203
124
39
43
78
56
-29
-83
-57
-16
7
-20
-57
-83
-119
-214
-331
-366
-337
-326
-350
-346
-270
-176
-118
-116
-129
-117
-90
-56
5
82
122
150
193
218
157
104
158
261
285
222
175
192
229
246
254
232
188
134
91
27
-43
-116
-209
-327
-408
-404
-380
-392
-417
-403
-392
-440
-499
-487
-438
-424
-500
-623
-720
-748
-707
-673
-641
-596
-546
-520
-476
-370
-259
-227
-257
-250
-161
-3
166
260
272
275
310
338
327
359
437
485
491
494
512
481
419
406
469
557
603
570
483
418
423
470
480
448
406
360
304
238
211
205
214
202
165
127
70
-8
-138
-241
-258
-217
-223
-338
-470
-549
-561
-523
-446
-372
-342
-294
-177
-70
-69
-113
-59
78
169
175
149
126
120
147
203
244
230
199
191
213
242
249
237
208
169
135
147
216
289
301
244
207
232
263
235
131
18
-42
-69
-89
-135
-218
-326
-404
-395
-363
-405
-502
-537
-515
-520
-567
-585
-545
-507
-521
-572
-603
-538
-424
-374
-427
-478
-441
-350
-245
-156
-74
-40
-47
-43
4
79
130
173
229
279
330
431
566
619
595
591
649
711
712
628
468
319
278
307
328
340
355
346
292
229
180
139
98
93
113
139
146
132
98
19
-28
-2
37
-1
-120
-234
-292
-292
-259
-268
-334
-399
-417
-408
-368
-276
-170
-124
-140
-152
-124
-63
33
141
223
226
159
107
98
126
147
159
200
229
232
225
236
224
161
93
88
110
99
70
55
29
-8
2
49
49
-52
-151
-165
-157
-185
-226
-255
-285
-342
-373
-373
-374
-367
-358
-366
-397
-387
-343
-322
-336
-324
-291
-310
-341
-324
-289
-289
-309
-318
-302
-238
-121
-18
2
-28
-8
106
256
355
363
324
277
290
374
468
478
428
406
409
348
224
169
179
188
193
222
233
186
160
201
212
170
142
168
195
167
109
70
76
86
61
25
6
-14
-56
-67
-47
-20
8
43
44
2
-25
20
78
84
41
12
61
125
139
85
30
24
54
113
158
121
7
-83
-107
-122
-157
-171
-154
-159
-200
-246
-242
-193
-134
-117
-151
-191
-206
-172
-101
-67
-80
-88
-75
-89
-147
-150
-74
-24
-55
-107
-124
-125
-132
-135
-151
-184
-207
-176
-100
-29
-12
-54
-82
-75
-73
-109
-135
-84
-51
-100
-185
-191
-105
-18
28
27
2
5
55
130
163
160
168
197
214
199
175
152
133
137
143
116
51
5
-29
-85
-106
-59
27
42
31
49
86
87
62
54
84
158
246
320
338
344
346
332
306
291
309
364
420
413
354
327
366
377
302
190
119
124
163
151
76
30
61
95
53
-55
-136
-177
-196
-234
-263
-242
-259
-346
-430
-436
-442
-497
-501
-435
-404
-450
-484
-446
-363
-275
-221
-231
-286
-297
-209
-89
-57
-102
-133
-96
-47
9
92
174
206
200
176
123
51
-7
-9
28
67
59
25
20
32
-4
-58
-69
-39
-54
-107
-136
-118
-80
-54
-63
-85
-70
-27
-19
-71
-111
-73
-9
2
-35
-50
12
59
7
-76
-93
-56
-75
-116
-79
2
30
17
20
34
3
-52
-57
0
70
124
166
229
305
358
394
436
498
530
517
499
497
495
484
461
416
379
394
443
445
387
307
230
155
92
66
29
-45
-122
-149
-168
-254
-359
-398
-384
-384
-388
-357
-306
-295
-310
-308
-268
-208
-186
-216
-269
-294
-286
-261
-204
-144
-98
-70
-33
9
30
44
66
76
79
83
68
54
47
75
102
111
89
44
11
18
38
18
-43
-85
-78
-45
-28
-40
-64
-96
-132
-165
-184
-175
-152
-134
-127
-136
-148
-138
-100
-80
-106
-151
-177
-183
-198
-215
-238
-262
-244
-165
-86
-70
-89
-84
-67
-22
77
171
184
128
129
194
251
278
295
323
321
272
217
220
282
306
250
186
192
235
251
232
195
159
126
111
114
147
175
155
81
32
45
64
52
42
57
57
33
10
-11
-88
-169
-182
-135
-97
-109
-136
-155
-138
-80
-24
-9
-37
-89
-147
-166
-119
-53
-27
-44
-29
10
23
8
-26
-27
-12
-2
10
23
92
128
91
19
-3
32
57
59
67
71
4
-108
-191
-207
-189
-174
-159
-151
-172
-194
-181
-125
-95
-133
-195
-221
-200
-191
-181
-169
-146
-137
-143
-142
-159
-179
-176
-120
-41
25
63
88
117
150
174
176
170
153
80
9
24
128
204
161
70
8
44
97
126
155
191
168
68
-17
-14
75
175
209
129
45
55
80
33
-22
14
77
97
113
135
141
129
130
125
99
122
183
209
187
167
178
135
34
-53
-68
-36
-23
-60
-100
-105
-82
-67
-74
-92
-73
19
147
222
183
111
92
132
154
139
114
78
27
-26
-58
-108
-178
-225
-224
-207
-222
-231
-167
-77
-43
-104
-163
-164
-164
-207
-262
-265
-247
-241
-219
-183
-166
-169
-139
-101
-110
-145
-164
-168
-190
-201
-173
-88
3
36
-21
-116
-154
-105
-31
22
46
64
70
71
104
140
157
156
147
140
131
118
93
73
109
181
196
153
126
158
187
180
186
191
170
127
103
72
41
20
30
46
54
70
71
63
32
-1
-34
-57
-53
-50
-42
-37
-18
17
37
59
82
96
81
48
25
31
81
160
207
207
186
187
183
151
96
52
46
69
99
81
15
-63
-77
-34
-16
-24
-53
-94
-148
-187
-171
-147
-114
-89
-80
-95
-124
-146
-146
-94
-23
-12
-96
-209
-286
-317
-306
-255
-191
-180
-199
-186
-125
-92
-117
-130
-91
-45
-45
-77
-105
-101
-80
-65
-91
-134
-159
-131
-83
-51
-53
-80
-75
6
108
132
76
34
20
-30
-49
49
209
279
232
146
90
105
187
219
153
74
74
99
61
17
18
3
-58
-106
-96
-37
26
70
57
21
37
55
22
-32
7
100
140
119
98
103
110
142
203
238
182
65
10
62
155
178
133
100
127
166
165
152
191
251
247
208
209
275
305
236
118
32
0
-31
-63
-43
17
40
9
-31
-50
-81
-102
-81
-38
-27
-63
-128
-177
-196
-193
-197
-207
-201
-185
-177
-195
-216
-235
-209
-153
-129
-149
-181
-175
-167
-183
-208
-225
-221
-190
-150
-121
-112
-116
-106
-104
-112
-115
-82
-24
-13
-36
-53
-31
-14
-24
-25
-19
-39
-96
-115
-54
16
41
38
66
111
120
105
97
129
138
81
36
50
111
128
94
51
38
63
107
149
147
98
33
22
59
73
25
-45
-73
-43
19
66
83
76
78
86
104
147
184
165
93
45
70
118
152
174
186
178
151
126
110
91
79
77
82
78
71
67
41
1
-16
-18
-28
-67
-99
-111
-110
-69
-39
-46
-92
-102
-35
27
7
-57
-74
-39
-26
-64
-111
-145
-170
-170
-143
-105
-90
-108
-143
-185
-224
-258
-274
-281
-257
-225
-174
-129
-162
-235
