28
25
18
0
-2
25
49
41
7
-13
-15
-27
-50
-60
-42
-24
-17
-24
-31
-35
-44
-55
-68
-73
-75
-66
-40
-17
-28
-53
-60
-44
-28
-21
-14
-14
-13
-8
-13
-30
-56
-64
-50
-34
-34
-46
-20
26
33
-1
-26
-20
-26
-28
-19
4
6
-7
-8
-4
-13
-37
-33
9
45
45
24
5
-8
-13
-10
-14
-31
-43
-38
-26
-12
16
57
82
69
20
-16
-3
34
33
-15
-55
-27
22
39
22
11
26
33
45
53
41
17
-2
17
41
41
17
6
19
13
-12
-18
26
65
59
43
51
61
54
43
46
43
22
10
2
-3
11
36
47
14
-24
-28
-11
3
-3
-25
-41
-33
-13
-6
-14
-23
-35
-34
-21
-2
2
-3
-17
-38
-45
-33
-22
-28
-44
-49
-50
-57
-51
-43
-53
-86
-93
-63
-35
-44
-71
-63
-35
-22
-50
-80
-53
-12
3
-40
-76
-64
-36
-17
-1
27
45
36
15
15
10
0
-9
7
25
24
24
41
64
72
82
81
64
40
55
111
161
164
119
75
67
93
103
90
80
73
49
22
25
52
66
61
41
31
27
30
20
-3
-7
6
24
32
37
31
20
2
-12
-23
-36
-58
-72
-57
-20
11
16
7
-12
-20
-14
-17
-21
-24
-24
-26
-24
-17
-19
-36
-52
-54
-55
-41
-30
-29
-38
-40
-44
-73
-102
-109
-98
-85
-79
-71
-81
-92
-93
-94
-109
-122
-108
-84
-74
-86
-97
-87
-65
-49
-60
-73
-59
-33
0
18
24
11
3
29
32
-4
-55
-61
-11
29
33
-7
-31
-1
44
62
55
46
34
29
47
67
56
35
59
92
101
85
97
137
167
159
132
125
130
146
139
113
100
101
122
115
103
87
64
60
67
66
44
31
38
40
40
27
8
-14
-17
-9
-18
-25
-27
-27
-37
-39
-11
10
-6
-36
-50
-45
-44
-53
-66
-74
-65
-57
-69
-84
-81
-55
-32
-17
-12
-21
-41
-61
-69
-68
-74
-84
-78
-66
-72
-85
-83
-89
-114
-126
-103
-87
-97
-101
-70
-40
-37
-57
-81
-96
-101
-86
-69
-53
-43
-34
-38
-45
-52
-49
-35
-30
-14
-3
18
29
14
5
12
23
15
-3
12
49
82
95
91
88
90
95
114
119
109
102
113
135
141
123
94
75
97
133
140
101
53
30
57
91
101
85
64
62
66
79
80
70
63
60
69
71
62
55
57
54
22
2
1
4
-2
3
-2
-25
-24
2
9
-12
-21
-15
-13
-6
2
3
-1
14
20
-27
-84
-106
-80
-52
-49
-44
-16
22
32
11
-19
-42
-59
-64
-73
-88
-95
-90
-80
-82
-107
-140
-162
-149
-127
-117
-124
-131
-132
-128
-96
-63
-57
-84
-104
-91
-73
-74
-74
-63
-42
-27
-32
-36
-47
-46
-35
-23
-25
-24
-29
-30
-28
-6
3
-4
-9
6
34
51
59
39
38
63
111
131
126
116
122
135
153
175
172
161
142
127
125
116
118
104
73
65
73
96
93
86
89
82
67
55
53
51
35
39
55
66
60
42
36
26
41
55
51
30
14
10
3
-11
-5
16
42
66
55
28
8
1
-24
-55
-68
-70
-58
-53
-49
-67
-92
-99
-94
-94
-107
-115
-130
-160
-188
-175
-161
-176
-200
-194
-181
-176
-150
-114
-112
-151
-173
-162
-142
-121
-94
-69
-76
-103
-100
-79
-64
-59
-34
2
3
-2
-2
5
10
5
11
13
30
53
58
31
-8
-25
-38
-43
-22
28
64
65
56
66
57
57
70
94
94
77
88
107
112
122
138
146
145
144
179
186
167
123
97
110
129
123
108
101
108
106
89
84
99
111
116
100
120
150
148
114
79
86
105
113
124
115
81
44
23
43
53
49
30
4
-3
1
14
14
-9
-34
-35
-6
33
41
16
-20
-69
-122
-171
-188
-182
-164
-148
-162
-205
-240
-248
-237
-210
-170
-135
-143
-178
-199
-200
-210
-212
-180
-139
-120
-129
-127
-122
-124
-127
-115
-76
-25
15
23
-11
-48
-47
-34
-27
-50
-65
-61
-37
2
-1
-31
-40
-21
-9
-3
18
52
61
38
26
22
69
124
165
176
158
146
127
121
113
107
109
103
90
88
122
152
136
124
140
181
199
182
156
129
140
150
141
127
110
98
87
75
68
67
91
121
127
131
123
104
76
49
50
66
68
66
69
82
74
49
33
17
-12
-41
-53
-56
-46
-32
-34
-74
-124
-135
-116
-101
-112
-124
-129
-152
-191
-231
-262
-291
-304
-289
-267
-258
-252
-242
-226
-225
-236
-224
-191
-163
-163
-171
-144
-119
-112
-124
-111
-77
-60
-65
-73
-65
-65
-73
-59
-23
5
7
-3
10
22
31
40
50
62
46
33
56
91
113
86
68
66
70
82
71
69
78
99
122
113
139
173
211
223
216
207
171
155
144
152
152
173
226
267
241
169
107
89
78
91
134
160
136
98
105
123
124
102
92
105
125
131
121
129
148
162
147
130
113
107
110
104
79
22
-29
-36
-21
-34
-86
-117
-117
-126
-150
-168
-179
-193
-198
-200
-218
-251
-274
-287
-309
-329
-314
-272
-247
-258
-289
-322
-359
-358
-321
-276
-253
-237
-203
-177
-154
-130
-104
-94
-96
-69
-44
-40
-52
-46
-17
-13
-31
-35
-21
-3
3
10
34
43
53
69
82
91
87
102
96
87
110
132
138
129
142
145
121
128
164
193
185
155
151
170
201
190
178
183
189
194
200
229
241
233
211
162
132
140
172
185
185
164
132
114
133
149
153
168
188
178
139
121
120
132
143
169
172
142
119
120
131
117
77
12
-52
-74
-33
13
14
-34
-88
-121
-163
-208
-235
-236
-243
-274
-298
-318
-349
-372
-376
-362
-356
-350
-330
-325
-337
-353
-347
-322
-287
-243
-212
-216
-238
-250
-246
-243
-220
-174
-117
-91
-89
-109
-132
-150
-144
-100
-61
-23
-22
-29
-58
-74
-60
-16
43
91
107
94
75
63
67
98
131
127
106
106
125
126
104
120
161
205
216
188
191
191
199
212
219
242
223
209
212
227
243
212
204
200
204
185
190
224
261
270
264
266
270
272
261
259
256
254
243
246
252
252
250
247
237
222
196
161
113
64
28
11
13
23
25
10
-36
-103
-164
-204
-224
-230
-227
-241
-283
-339
-388
-405
-397
-374
-383
-426
-455
-449
-434
-448
-465
-446
-396
-347
-318
-306
-303
-312
-308
-303
-291
-279
-246
-196
-162
-151
-168
-175
-161
-122
-96
-82
-76
-80
-95
-86
-33
35
91
128
148
142
124
97
84
62
76
112
148
171
174
180
166
158
176
222
236
228
211
205
193
189
206
235
254
258
259
269
266
253
255
259
276
280
287
262
248
245
248
256
271
304
324
331
322
290
246
220
218
231
226
210
207
211
214
203
174
129
88
100
128
123
83
47
15
-34
-94
-135
-166
-203
-225
-238
-273
-339
-398
-434
-455
-469
-461
-459
-487
-519
-534
-526
-530
-558
-572
-540
-472
-413
-408
-428
-425
-382
-323
-285
-254
-219
-196
-186
-187
-169
-162
-165
-146
-79
-3
7
-28
-41
-7
35
59
92
126
125
92
60
59
85
104
132
143
137
136
146
168
160
143
159
168
175
177
180
150
111
125
157
197
226
258
267
270
287
311
297
324
367
389
393
371
378
364
374
380
381
391
386
396
401
390
377
359
376
369
376
378
358
314
251
187
132
115
122
128
113
76
15
-40
-88
-148
-222
-278
-293
-304
-323
-373
-434
-511
-554
-550
-550
-593
-661
-696
-708
-725
-738
-726
-684
-633
-591
-563
-556
-554
-535
-480
-390
-303
-247
-204
-167
-138
-115
-106
-82
-42
5
59
78
83
74
64
86
95
97
100
117
136
132
143
185
200
180
151
150
181
203
218
196
150
135
158
209
229
206
152
121
121
123
128
146
162
143
155
210
248
235
218
231
240
240
275
323
379
412
438
429
401
405
417
431
443
471
494
511
517
516
455
425
417
429
458
463
413
291
206
188
178
151
130
75
-25
-138
-205
-257
-336
-419
-448
-457
-512
-625
-733
-783
-804
-810
-813
-828
-878
-936
-948
-904
-844
-798
-761
-724
-679
-634
-582
-530
-447
-351
-250
-165
-118
-91
-87
-85
-67
-19
55
122
148
160
158
158
163
184
221
254
281
283
256
236
247
269
272
269
270
257
218
190
175
169
185
196
182
125
50
3
-20
10
50
96
96
78
74
99
174
247
326
375
366
322
288
324
409
514
588
582
532
486
488
519
572
629
664
674
674
658
639
648
650
616
553
498
462
417
367
308
205
90
-14
-92
-173
-272
-381
-493
-610
-710
-800
-886
-953
-992
-1026
-1089
-1155
-1191
-1210
-1242
-1258
-1239
-1207
-1189
-1171
-1124
-1056
-978
-894
-783
-668
-551
-433
-306
-183
-66
28
98
165
233
331
417
489
537
577
643
700
707
683
657
628
564
487
442
394
370
370
373
342
276
195
127
110
122
129
102
68
8
-39
-42
-33
-25
-18
19
29
19
26
77
123
154
174
207
245
267
289
323
401
479
533
582
623
657
691
722
772
809
842
904
960
1014
1010
933
855
778
738
725
734
681
485
237
66
-23
-91
-169
-250
-368
-559
-752
-909
-1010
-1099
-1202
-1304
-1406
-1491
-1580
-1674
-1746
-1745
-1643
-1522
-1462
-1471
-1501
-1501
-1442
-1278
-1059
-879
-773
-691
-579
-419
-216
4
195
335
428
505
615
753
894
1001
1077
1110
1096
1053
1011
1013
1033
1024
937
777
617
495
446
431
406
327
189
36
-70
-107
-116
-112
-113
-155
-246
-336
-379
-392
-393
-364
-301
-231
-203
-182
-119
-9
110
217
299
323
331
437
625
779
854
888
918
937
985
1084
1171
1211
1206
1188
1181
1158
1117
1035
954
907
867
793
642
412
187
23
-58
-136
-297
-536
-827
-1079
-1235
-1306
-1372
-1495
-1655
-1824
-1944
-2001
-2029
-2063
-2098
-2078
-2014
-1964
-1932
-1879
-1755
-1577
-1381
-1171
-977
-828
-690
-483
-186
112
322
454
559
694
885
1110
1317
1444
1496
1545
1631
1729
1802
1838
1847
1794
1659
1463
1249
1063
920
842
785
668
418
78
-210
-365
-385
-357
-383
-537
-759
-914
-953
-929
-904
-868
-831
-802
-779
-708
-562
-363
-153
19
151
245
322
439
619
805
935
994
995
991
1039
1201
1391
1490
1517
1501
1414
1261
1128
1104
1149
1137
1019
770
469
192
-8
-114
-183
-319
-599
-968
-1291
-1497
-1584
-1629
-1737
-1958
-2228
-2433
-2533
-2530
-2472
-2434
-2430
-2425
-2387
-2329
-2221
-2038
-1809
-1571
-1331
-1092
-886
-679
-398
-20
377
672
833
928
1086
1353
1680
1970
2147
2200
2201
2238
2336
2456
2503
2429
2271
2086
1901
1706
1541
1424
1278
1042
728
400
124
-43
-120
-228
-459
-758
-1013
-1182
-1255
-1241
-1184
-1172
-1230
-1256
-1187
-1043
-882
-703
-492
-292
-142
-10
148
349
605
851
1013
1065
1110
1241
1424
1618
1779
1821
1658
1393
1184
1111
1162
1209
1148
875
481
115
-148
-282
-394
-602
-966
-1390
-1726
-1930
-2014
-2071
-2195
-2416
-2682
-2909
-3035
-3009
-2889
-2783
-2741
-2713
-2662
-2563
-2358
-2044
-1697
-1384
-1141
-958
-767
-470
-40
417
779
1011
1174
1388
1696
2042
2347
2561
2675
2705
2730
2813
2936
3001
2946
2777
2566
2403
2305
2202
2010
1729
1400
1073
768
514
284
42
-193
-413
-629
-860
-1058
-1170
-1208
-1214
-1223
-1222
-1201
-1145
-1053
-900
-714
-534
-354
-165
22
193
364
538
711
880
1035
1196
1389
1582
1648
1505
1305
1155
1117
1123
1095
932
557
135
-187
-352
-476
-686
-1039
-1471
-1834
-2081
-2228
-2345
-2494
-2740
-3051
-3304
-3386
-3300
-3179
-3150
-3209
-3242
-3175
-3006
-2731
-2379
-2061
-1841
-1647
-1369
-995
-568
-120
295
625
871
1093
1372
1716
2087
2413
2648
2788
2861
2959
3126
3310
3398
3317
3110
2883
2714
2610
2508
2374
2175
1892
1588
1328
1133
953
764
551
287
19
-187
-307
-388
-481
-637
-843
-998
-1009
-892
-741
-623
-536
-448
-288
-33
238
446
591
737
939
1204
1495
1635
1486
1194
996
1022
1150
1180
954
470
-43
-390
-547
-620
-771
-1125
-1657
-2168
-2500
-2639
-2694
-2800
-3035
-3345
-3599
-3722
-3697
-3571
-3455
-3423
-3431
-3396
-3246
-2924
-2445
-1990
-1730
-1613
-1444
-1134
-721
-265
175
515
715
885
1180
1633
2077
2362
2503
2581
2663
2776
2963
3198
3329
3272
3076
2900
2814
2761
2667
2501
2280
2004
1721
1499
1345
1208
1015
763
509
295
101
-92
-257
-362
-436
-502
-543
-539
-493
-399
-264
-103
63
228
413
593
786
1022
1317
1536
1470
1233
1059
1099
1262
1330
1158
686
182
-96
-168
-212
-398
-812
-1409
-1946
-2246
-2362
-2455
-2629
-2953
-3375
-3713
-3835
-3784
-3664
-3599
-3642
-3697
-3644
-3445
-3156
-2798
-2472
-2306
-2211
-1979
-1545
-1050
-641
-333
-71
210
527
901
1345
1784
2062
2191
2341
2582
2820
2976
3101
3163
3111
2989
2931
2949
2912
2750
2531
2365
2253
2138
1977
1778
1562
1327
1099
900
741
566
335
135
32
-17
-104
-200
-233
-218
-203
-176
-75
85
260
445
675
959
1109
941
670
570
688
851
918
807
371
-168
-430
-361
-210
-264
-625
-1190
-1675
-1896
-1910
-1924
-2073
-2398
-2813
-3070
-3075
-2933
-2804
-2820
-2996
-3186
-3201
-3000
-2701
-2413
-2234
-2184
-2100
-1829
-1408
-1002
-710
-510
-358
-196
27
325
668
937
1050
1120
1324
1637
1889
1999
2097
2217
2287
2344
2463
2608
2594
2444
2337
2353
2412
2414
2317
2150
2008
1941
1909
1847
1706
1447
1135
935
920
936
870
747
629
565
536
557
610
680
745
783
660
318
-19
-141
-8
126
52
-285
-806
-1185
-1312
-1315
-1333
-1472
-1827
-2353
-2740
-2818
-2742
-2729
-2840
-3063
-3322
-3396
-3222
-2936
-2690
-2618
-2670
-2633
-2347
-1906
-1524
-1240
-1054
-962
-841
-540
-131
198
333
396
526
735
982
1244
1501
1645
1609
1530
1620
1856
1988
1866
1668
1597
1663
1790
1940
2002
1851
1607
1531
1653
1759
1673
1441
1244
1244
1386
1501
1523
1489
1430
1363
1383
1528
1661
1670
1626
1655
1755
1840
1928
2047
2095
1762
1199
875
952
1180
1136
778
138
-564
-1015
-1175
-1240
-1463
-1966
-2698
-3319
-3556
-3510
-3487
-3632
-3932
-4368
-4720
-4721
-4385
-4043
-3981
-4189
-4333
-4098
-3489
-2832
-2393
-2134
-1937
-1669
-1206
-556
53
377
485
665
1073
1595
2031
2311
2457
2527
2558
2704
3005
3228
3141
2843
2685
2744
2862
2889
2772
2500
2183
2024
2065
2165
2069
1736
1355
1221
1347
1442
1369
1194
1037
912
904
1087
1304
1293
1064
969
1221
1647
1959
1965
1572
1068
834
1067
1440
1474
1021
233
-365
-532
-501
-595
-936
-1533
-2321
-2940
-3103
-3003
-3091
-3502
-4063
-4520
-4692
-4562
-4270
-4034
-4089
-4391
-4536
-4186
-3550
-3093
-2879
-2720
-2536
-2261
-1745
-1049
-502
-322
-251
82
688
1265
1569
1701
1818
1916
2033
2303
2683
2856
2661
2429
2515
2848
3102
3088
2879
2624
2497
2584
2786
2859
2620
2192
1913
2002
2251
2307
2073
1754
1601
1623
1750
1914
2036
1962
1709
1567
1736
1825
1433
912
695
822
896
773
481
-75
-697
-1125
-1252
-1206
-1315
-1810
-2568
-3117
-3240
-3172
-3214
-3453
-3846
-4252
-4394
-4182
-3842
-3702
-3877
-4096
-4009
-3565
-3044
-2686
-2474
-2335
-2208
-1922
-1378
-777
-416
-302
-115
286
744
1047
1238
1486
1736
1843
1889
2129
2479
2599
2440
2334
2466
2699
2866
2905
2825
2687
2608
2647
2741
2775
2647
2401
2218
2228
2297
2217
2028
1889
1841
1824
1890
2064
2178
2051
1839
1631
1242
820
638
747
790
481
-9
-594
-1058
-1234
-1297
-1416
-1679
-2107
-2659
-3105
-3205
-3150
-3307
-3707
-4130
-4394
-4428
-4243
-4000
-3860
-3932
-4099
-4040
-3582
-2967
-2612
-2512
-2356
-2046
-1660
-1193
-679
-322
-240
-147
235
802
1172
1230
1279
1558
1936
2176
2337
2514
2585
2496
2485
2739
3015
3061
2889
2732
2755
2905
3052
3063
2955
2783
2640
2654
2882
3098
2979
2641
2472
2635
2831
2823
2755
2732
2690
2454
1897
1393
1252
1363
1360
1004
450
-238
-838
-1065
-1112
-1308
-1771
-2421
-3128
-3669
-3841
-3826
-3963
-4333
-4802
-5232
-5434
-5295
-5008
-4844
-4926
-5086
-4994
-4511
-3853
-3371
-3133
-2892
-2501
-1991
-1415
-870
-451
-205
55
532
1155
1636
1826
1949
2232
2562
2742
2872
3087
3220
3105
2948
3016
3183
3154
2915
2713
2699
2761
2729
2566
2356
2135
1951
1941
2151
2344
2252
2014
1973
2202
2448
2565
2627
2707
2685
2240
1686
1626
1990
2246
1998
1462
816
224
63
160
52
-420
-1124
-1866
-2377
-2448
-2352
-2618
-3243
-3837
-4203
-4352
-4289
-4158
-4225
-4549
-4892
-4851
-4369
-3850
-3730
-3905
-3886
-3494
-2968
-2494
-2132
-1940
-1874
-1651
-1030
-256
191
151
56
334
895
1377
1678
1934
2060
2043
2155
2624
3166
3314
3049
2761
2840
3229
3573
3601
3400
3216
3167
3304
3582
3742
3523
3047
2814
3062
3480
3681
3591
3384
2784
1877
1514
1870
2312
1989
1069
169
-511
-720
-689
-820
-1265
-2016
-2923
-3554
-3466
-3025
-3121
-3913
-4678
-4958
-4857
-4567
-4269
-4195
-4449
-4838
-4837
-4168
-3244
-2835
-3063
-3192
-2719
-1970
-1356
-904
-582
-474
-449
-57
732
1355
1297
856
803
1330
1943
2217
2278
2202
1938
1795
2133
2730
2906
2519
2046
1964
2272
2583
2574
2287
1999
1873
1970
2328
2719
2730
2298
1987
2316
3045
3524
3519
3126
2263
1587
1747
2543
3011
2440
1339
269
-186
96
438
303
-386
-1450
-2457
-2747
-2213
-1839
-2485
-3683
-4492
-4586
-4221
-3776
-3635
-3993
-4681
-5146
-4817
-3818
-3012
-3084
-3632
-3745
-3171
-2354
-1674
-1317
-1380
-1657
-1499
-550
601
981
467
27
405
1225
1698
1741
1696
1551
1370
1554
2232
2773
2605
2042
1807
2226
2889
3193
3005
2673
2552
2661
2949
3293
3398
3035
2567
2756
3583
4214
4039
3040
1860
1436
1873
2640
2838
2189
973
-287
-643
-145
262
-87
-1120
-2356
-3163
-3025
-2280
-2005
-2728
-3907
-4758
-4830
-4208
-3527
-3407
-3884
-4492
-4590
-3821
-2635
-1996
-2296
-2846
-2811
-2162
-1304
-640
-460
-741
-1004
-615
354
1157
1134
513
210
641
1421
1866
1844
1504
1038
928
1435
2223
2478
1945
1212
1000
1495
2163
2407
2148
1771
1600
1772
2311
2899
3014
2530
2102
2358
3067
3496
2849
1613
1083
1526
2324
2494
1957
882
-348
-799
-410
150
154
-687
-2029
-3031
-3005
-2366
-2156
-2677
-3517
-4242
-4493
-4083
-3329
-2920
-3226
-3945
-4181
-3471
-2316
-1713
-1911
-2215
-2067
-1524
-833
-205
159
92
-84
284
1098
1637
1429
979
992
1400
1812
1990
2037
1882
1508
1319
1662
2276
2396
1837
1190
1106
1582
2053
2142
1906
1627
1479
1603
2107
2706
2831
2400
2133
2480
3000
2602
1408
858
1205
1808
1794
1298
580
-461
-1117
-1086
-718
-611
-1236
-2407
-3344
-3377
-2842
-2692
-3127
-3747
-4303
-4561
-4223
-3473
-3055
-3395
-4069
-4137
-3214
-2041
-1619
-1886
-1982
-1511
-878
-293
319
746
724
493
799
1620
2166
1890
1321
1335
1809
2208
2322
2374
2214
1702
1399
1777
2474
2536
1852
1159
1125
1660
2107
2160
1863
1551
1396
1579
2130
2632
2639
2221
2116
2646
2866
1877
809
850
1709
2069
1473
555
-472
-1100
-1079
-747
-594
-1124
-2352
-3587
-3829
-3158
-2834
-3407
-4240
-4715
-4872
-4723
-4170
-3580
-3545
-4169
-4536
-3803
-2395
-1601
-1887
-2260
-1929
-1166
-426
330
982
1109
797
987
2089
3159
3231
2553
2355
2871
3359
3437
3467
3583
3235
2555
2376
2963
3453
3037
2096
1543
1706
2111
2271
2176
1921
1527
1233
1529
2281
2737
2443
1936
1769
1306
620
443
982
1476
895
-383
-1608
-2065
-1669
-1320
-1535
-2199
-3194
-4177
-4375
-3575
-2940
-3590
-4870
-5556
-5350
-4754
-4248
-4008
-4059
-4321
-4463
-3919
-2645
-1608
-1621
-2110
-1839
-745
273
834
1170
1479
1625
1853
2589
3441
3578
2880
2486
3103
3980
4200
3854
3556
3238
2822
2707
3083
3362
2824
1862
1430
1868
2504
2527
2024
1539
1366
1486
1946
2610
2923
2508
1897
1399
852
697
1024
1583
1543
643
-619
-1729
-1846
-1263
-1017
-1472
-2421
-3592
-4442
-4288
-3391
-3147
-4127
-5366
-5874
-5504
-4795
-4301
-4270
-4655
-5137
-5124
-4104
-2608
-1919
-2332
-2722
-2100
-885
113
687
945
1006
1073
1747
3014
3906
3658
2784
2697
3583
4517
4741
4473
4158
3770
3516
3724
4275
4348
3553
2674
2604
3218
3606
3408
2973
2599
2289
2224
2728
3519
3708
2914
1393
101
75
856
1573
1288
32
-1611
-2922
-2911
-2045
-1570
-2175
-3659
-5115
-5601
-4838
-3833
-3851
-4918
-6165
-6707
-6215
-5059
-4187
-4285
-5035
-5573
-5129
-3645
-2063
-1530
-2022
-2499
-2091
-890
501
1432
1580
1258
1232
2105
3482
4246
3776
2889
2826
3638
4526
4872
4703
4160
3512
3325
3823
4449
4315
3322
2382
2325
2963
3549
3633
3263
2688
2276
2526
3546
4468
4325
2671
544
10
1147
2589
2779
1558
-315
-2156
-2622
-1612
-524
-682
-2357
-4562
-5813
-5239
-3699
-3109
-4141
-5959
-7239
-7133
-5763
-4303
-4078
-5085
-6269
-6386
-4975
-2912
-1810
-2252
-3233
-3350
-2234
-427
1043
1372
716
120
696
2319
3733
3815
2924
2376
2704
3516
4318
4792
4499
3524
2885
3322
4401
4885
4287
3195
2587
2837
3539
4209
4367
3756
2772
2460
3382
4625
4831
3161
884
114
1125
2667
2933
1658
-623
-2739
-3076
-1790
-507
-816
-2905
-5272
-6169
-5135
-3565
-3098
-3958
-5517
-6786
-6766
-5286
-3626
-3293
-4321
-5512
-5517
-4055
-2174
-1107
-1218
-1828
-2133
-1523
116
1822
2421
1721
898
1223
2568
3778
3945
3410
2853
2492
2575
3311
4144
3958
2740
1768
1884
2631
3118
3074
2677
2123
1722
1969
2902
3687
3544
2803
2607
3306
4126
3611
1825
604
837
1955
2486
1858
204
-1897
-2897
-2232
-1025
-835
-2368
-4625
-5919
-5469
-4159
-3493
-3938
-5145
-6350
-6663
-5653
-4202
-3550
-4019
-4915
-5189
-4303
-2695
-1346
-761
-845
-1193
-1165
-98
1604
2840
3002
2577
2375
2691
3374
4018
4375
4235
3544
2894
3065
3983
4522
3972
2843
2031
1973
2450
3027
3208
2732
1888
1479
2030
3001
3496
3313
2952
2868
2891
2253
1252
685
1079
1880
2034
1172
-650
-2341
-2774
-1915
-975
-1261
-3024
-5171
-6056
-5261
-4034
-3815
-4815
-6178
-7001
-6746
-5512
-4254
-3875
-4490
-5243
-5076
-3711
-2014
-957
-774
-974
-1063
-655
493
1917
2860
3057
2994
3091
3414
3813
4248
4644
4689
4228
3609
3469
3876
4182
3949
3301
2629
2256
2303
2670
2940
2784
2312
2021
2243
2762
3218
3481
3567
3404
2380
973
285
871
2202
2658
1740
-320
-2412
-3145
-2252
-791
-499
-2164
-4840
-6573
-6139
-4307
-3076
-3728
-5684
-7330
-7547
-6187
-4368
-3443
-3973
-5265
-5809
-4859
-2983
-1405
-811
-889
-1041
-820
-81
1063
2255
3016
3335
3283
3070
2952
3321
4332
5293
5329
4284
3062
2745
3509
4480
4657
3805
2521
1671
1787
2684
3576
3654
2875
1978
1755
2423
3470
4200
4261
3055
1012
-455
-177
1754
3209
2838
482
-2495
-4100
-3521
-1445
36
-805
-3794
-6766
-7356
-5439
-2999
-2292
-3867
-6366
-7988
-7433
-5249
-3108
-2542
-3716
-5129
-5246
-3810
-1846
-441
89
-75
-533
-689
-14
1437
2944
3928
4032
3434
2530
2071
2770
4348
5553
5202
3510
1883
1538
2465
3751
4317
3619
2065
774
785
2098
3590
4151
3538
2406
1753
2112
3327
4576
4474
2673
348
-690
388
2264
3303
2402
-144
-2924
-4331
-3464
-1304
-32
-1230
-4243
-6766
-7161
-5604
-3707
-2977
-3890
-5880
-7395
-7257
-5475
-3379
-2368
-2651
-3494
-4007
-3667
-2340
-459
1136
1712
1159
180
-196
700
2690
4591
5249
4198
2253
1116
1813
3828
5431
5306
3630
1682
790
1316
2601
3519
3373
2348
1219
745
1116
2049
2979
3440
3302
2787
2244
2195
2623
2840
2319
1283
731
891
1319
1397
639
-736
-2158
-2772
-2265
-1457
-1467
-2718
-4375
-5378
-5393
-4758
-4156
-4073
-4657
-5388
-5696
-5404
-4703
-4025
-3478
-3046
-2762
-2699
-2681
-2201
-1109
202
1073
1182
752
365
706
1816
3099
3657
3109
2062
1479
1892
2930
3658
3504
2693
1966
1820
2132
2510
2625
2452
2232
2216
2384
2517
2541
2557
2759
3178
3644
3830
3584
2979
2127
1294
819
974
1554
2032
1836
691
-1008
-2451
-2915
-2335
-1377
-1093
-2113
-3927
-5409
-5794
-5195
-4277
-3808
-4139
-4855
-5249
-5056
-4557
-4058
-3515
-2791
-2060
-1682
-1762
-1895
-1576
-640
570
1448
1563
1082
766
1181
2201
3054
3139
2536
1891
1787
2129
2389
2221
1836
1649
1813
2127
2117
1612
962
839
1446
2244
2615
2307
1664
1272
1494
2196
2859
3126
2969
2466
1769
1015
381
286
939
2010
2500
1748
35
-1753
-2644
-2305
-1184
-402
-771
-2135
-3642
-4411
-4384
-4037
-3799
-3654
-3375
-3075
-3008
-3384
-4003
-4251
-3594
-2161
-786
-267
-781
-1697
-2078
-1485
-239
882
1350
1184
839
779
943
1034
1053
1313
1848
2292
2246
1699
1069
891
1376
2112
2481
2232
1613
1128
1127
1600
2113
2202
1906
1697
1855
2097
2058
1814
1717
1992
2498
2749
2304
1119
-89
-489
144
1263
1902
1487
125
-1477
-2504
-2599
-1987
-1279
-1041
-1437
-2260
-3200
-4007
-4447
-4306
-3600
-2665
-2048
-2157
-2955
-3866
-4128
-3447
-2207
-1122
-638
-739
-1042
-1117
-788
-214
307
684
1001
1340
1567
1492
1080
645
625
1130
1821
2200
2062
1611
1206
1093
1270
1543
1730
1743
1653
1557
1478
1459
1565
1784
1983
2020
1978
1965
1942
1872
1920
2222
2464
2140
1204
134
-406
-161
588
1188
1057
170
-1058
-2032
-2456
-2439
-2194
-1864
-1616
-1690
-2219
-3070
-3920
-4355
-4081
-3186
-2198
-1763
-2123
-2912
-3402
-3174
-2373
-1425
-682
-307
-298
-373
-304
-62
227
513
873
1295
1681
1846
1753
1596
1618
1838
2087
2178
2063
1871
1753
1769
1799
1665
1336
963
841
1061
1396
1491
1274
1074
1183
1523
1760
1804
1841
2010
2171
2245
2352
2342
1846
788
-305
-782
-581
6
512
442
-471
-1977
-3373
-4062
-3889
-3161
-2441
-2257
-2827
-3919
-5051
-5611
-5257
-4206
-3067
-2472
-2543
-3008
-3366
-3164
-2376
-1319
-425
196
616
927
1232
1590
2041
2438
2731
2987
3317
3707
3967
3979
3751
3443
3166
2920
2665
2437
2300
2171
1944
1488
826
172
-247
-304
-105
177
418
600
841
1110
1240
1171
1161
1459
2036
2583
2605
1821
328
-1080
-1572
-1002
16
535
53
-1334
-3048
-4387
-4893
-4591
-3906
-3290
-3087
-3419
-4243
-5164
-5586
-5264
-4379
-3416
-2781
-2649
-2778
-2608
-1835
-692
268
793
1046
1405
2155
3178
4062
4342
4015
3564
3433
3760
4301
4692
4671
4158
3380
2558
1767
1120
783
801
910
770
242
-529
-1217
-1449
-1134
-574
-103
253
707
1333
1960
2349
2450
2453
2738
3198
3285
2591
1171
-177
-812
-487
289
582
-140
-1811
-3675
-4999
-5506
-5438
-5120
-4785
-4654
-4850
-5397
-6040
-6432
-6286
-5479
-4358
-3335
-2662
-2254
-1696
-803
324
1286
1857
2175
2663
3583
4713
5532
5650
5264
4720
4380
4481
4784
4883
4495
3823
3084
2177
1196
380
-84
-283
-383
-545
-927
-1535
-2036
-2031
-1536
-831
-223
328
1004
1840
2723
3398
3801
4098
4361
4385
3854
2650
1311
443
330
710
832
228
-1265
-3206
-4876
-5924
-6380
-6515
-6507
-6431
-6339
-6312
-6426
-6699
-6939
-6723
-5971
-4857
-3688
-2599
-1406
-87
1233
2222
2698
2901
3321
4224
5410
6380
6762
6550
5984
5454
5175
5002
4669
4026
3166
2254
1321
420
-396
-1074
-1621
-2099
-2550
-2946
-3215
-3189
-2785
-2168
-1521
-877
-73
954
2037
3003
3818
4476
5063
5634
5946
5630
4375
2640
1259
672
836
1016
674
-427
-2155
-4045
-5724
-6936
-7595
-7812
-7732
-7503
-7249
-6980
-6743
-6582
-6413
-6159
-5666
-4757
-3429
-1685
246
2073
3516
4375
4745
4998
5451
6158
6825
7172
7165
6874
6478
6036
5432
4497
3241
1844
579
-495
-1407
-2221
-2924
-3418
-3761
-4013
-4215
-4379
-4372
-4060
-3332
-2262
-1027
281
1636
3013
4251
5170
5762
6227
6797
7517
7933
7530
6054
4031
2244
1137
684
296
-453
-1759
-3458
-5174
-6717
-7935
-8826
-9461
-9778
-9741
-9266
-8430
-7439
-6522
-5771
-5128
-4364
-3320
-1953
-242
1644
3524
5157
6382
7224
7837
8284
8480
8262
7704
6969
6264
5745
5347
4788
3819
2418
744
-1007
-2723
-4267
-5513
-6328
-6621
-6437
-5922
-5331
-4880
-4493
-4016
-3291
-2298
-1004
581
2298
3988
5540
6889
7950
8677
9118
9349
9392
9013
7961
6139
3968
2003
480
-609
-1605
-2678
-4065
-5769
-7525
-9071
-10217
-11004
-11483
-11535
-11038
-9908
-8360
-6790
-5483
-4421
-3370
-2106
-554
1214
3094
4913
6577
7996
9159
10044
10564
10574
10002
8928
7637
6309
5039
3828
2691
1544
216
-1310
-2942
-4533
-6128
-7718
-9088
-9861
-9789
-8977
-7730
-6338
-4999
-3751
-2587
-1352
-24
1353
2725
4197
5875
7640
9224
10390
11033
11219
11083
10742
10129
8915
6938
4292
1558
-783
-2508
-3753
-4842
-6019
-7474
-9084
-10578
-11731
-12472
-12830
-12719
-12076
-10844
-9011
-6824
-4618
-2612
-750
1017
2650
4133
5543
6911
8204
9372
10432
11333
11885
11826
11046
9671
7891
5873
3738
1636
-293
-1940
-3293
-4406
-5420
-6481
-7691
-9012
-10272
-11167
-11379
-10763
-9435
-7608
-5449
-3095
-791
1259
2961
4330
5446
6457
7557
8773
9955
10908
11530
11856
11919
11681
11011
9776
7796
5068
1838
-1365
-4037
-6065
-7512
-8660
-9630
-10500
-11278
-11927
-12461
-12839
-12960
-12683
-11813
-10206
-7865
-5031
-2070
754
3268
5378
7041
8300
9189
9783
10249
10722
11220
11601
11666
11271
10286
8733
6688
4260
1538
-1327
-4018
-6199
-7763
-8799
-9457
-9878
-10182
-10481
-10778
-10955
-10819
-10154
-8875
-6965
-4456
-1494
1561
4295
6486
8186
9472
10307
10712
10804
10760
10673
10612
10622
10576
10230
9417
8159
6488
4251
1332
-2177
-5780
-8840
-10949
-12040
-12447
-12458
-12320
-12124
-11764
-11157
-10370
-9584
-8828
-7817
-6218
-3845
-862
2246
5049
7443
9515
11155
12093
12192
11628
10729
9786
8981
8314
7636
6761
5587
4147
2453
464
-1894
-4559
-7216
-9414
-10884
-11657
-11861
-11515
-10646
-9486
-8298
-7156
-6008
-4826
-3591
-2115
-189
2107
4447
6543
8300
9712
10732
11313
11433
11066
10253
9167
8065
7100
6256
5466
4628
3687
2600
1188
-798
-3517
-6617
-9417
-11450
-12575
-12991
-12844
-12219
-11222
-9835
-8112
-6303
-4798
-3829
-3038
-1920
-261
1748
3749
5582
7307
9014
10613
11733
12005
11357
10067
8550
7073
5679
4258
2745
1188
-220
-1373
-2399
-3585
-5153
-7009
-8736
-9998
-10681
-10891
-10672
-9926
-8655
-6900
-4816
-2618
-571
1105
2468
3761
5048
6164
6984
7620
8269
8922
9466
9770
9645
8994
7901
6632
5413
4231
3010
1741
579
-315
-1090
-2164
-3866
-6136
-8362
-10034
-10900
-11151
-11094
-10795
-10148
-8956
-7207
-5175
-3261
-1785
-710
326
1577
2997
4304
5357
6284
7274
8328
9205
9575
9315
8509
7385
6075
4690
3228
1621
-116
-1748
-2919
-3683
-4432
-5423
-6477
-7244
-7658
-7871
-8018
-8051
-7817
-7093
-5768
-3952
-1936
-59
1548
2937
4234
5444
6324
6707
6720
6713
6891
7067
6993
6569
5907
5203
4570
4033
3430
2610
1579
580
-151
-581
-1045
-1983
-3548
-5475
-7123
-8128
-8544
-8671
-8652
-8322
-7489
-6214
-4636
-3075
-1775
-841
-102
805
1909
2946
3634
4015
4433
5130
5983
6639
6771
6382
5683
4899
4056
3073
1826
346
-1142
-2316
-2957
-3199
-3473
-4072
-4830
-5279
-5282
-5176
-5279
-5462
-5315
-4648
-3512
-2151
-789
400
1372
2303
3277
4182
4761
4844
4668
4531
4543
4556
4336
3960
3584
3327
3157
2961
2688
2276
1804
1401
1205
1153
1013
466
-650
-2142
-3601
-4709
-5525
-6164
-6641
-6800
-6504
-5811
-4818
-3664
-2540
-1606
-981
-504
32
638
1158
1499
1875
2476
3210
3852
4255
4487
4563
4417
3990
3307
2457
1463
381
-603
-1241
-1536
-1797
-2243
-2738
-3023
-3086
-3155
-3396
-3761
-4018
-3939
-3541
-2923
-2207
-1406
-559
284
1141
1950
2578
2900
2966
3010
3156
3329
3374
3276
3174
3195
3332
3469
3517
3476
3334
3151
3011
2983
2960
2754
2187
1130
-352
-1996
-3488
-4763
-5789
-6486
-6774
-6695
-6398
-5839
-5020
-4089
-3259
-2716
-2362
-2003
-1485
-838
-212
416
1171
2092
3051
3892
4527
4901
5004
4858
4473
3853
3010
2002
986
155
-413
-905
-1502
-2115
-2546
-2758
-2953
-3308
-3751
-4117
-4281
-4290
-4143
-3741
-3121
-2369
-1573
-646
421
1433
2197
2711
3168
3669
4086
4302
4362
4342
4264
4142
4078
4097
4150
4170
4146
4080
3963
3769
3417
2886
2056
807
-897
-2794
-4512
-5880
-6848
-7479
-7782
-7704
-7216
-6365
-5343
-4393
-3604
-3009
-2530
-2055
-1500
-861
-270
350
1242
2479
3790
4825
5499
5843
5892
5700
5305
4655
3655
2423
1198
152
-683
-1431
-2142
-2760
-3194
-3447
-3658
-3932
-4314
-4712
-4929
-4837
-4514
-4084
-3565
-2833
-1787
-482
894
2098
3025
3732
4351
4915
5290
5358
5207
5035
4874
4651
4393
4221
4105
3921
3668
3473
3306
2963
2385
1726
1076
228
-1044
-2754
-4605
-6213
-7332
-7885
-7997
-7803
-7429
-6911
-6088
-4955
-3727
-2732
-2058
-1456
-752
5
681
1276
1977
2858
3813
4668
5303
5739
5910
5753
5250
4510
3558
2342
984
-229
-1135
-1844
-2525
-3160
-3622
-3813
-3760
-3672
-3743
-3993
-4228
-4274
-4057
-3561
-2855
-2061
-1267
-387
685
1903
3083
4024
4740
5312
5699
5735
5406
4952
4512
4041
3501
2949
2426
1916
1487
1288
1288
1318
1184
870
492
177
-165
-820
-1902
-3260
-4495
-5433
-6039
-6300
-6248
-5851
-5191
-4307
-3195
-2042
-1123
-622
-306
138
707
1152
1339
1453
1783
2390
3006
3370
3487
3511
3519
3462
3239
2749
1927
856
-169
-888
-1331
-1784
-2497
-3239
-3588
-3393
-2987
-2777
-2733
-2665
-2487
-2266
-2014
-1689
-1372
-1094
-774
-243
549
1378
2014
2469
2945
3490
3850
3867
3603
3234
2822
2358
1845
1282
726
295
96
164
413
667
836
963
1221
1547
1714
1488
795
-198
-1233
-2059
-2721
-3354
-3915
-4235
-4177
-3801
-3238
-2598
-1969
-1392
-923
-533
-182
38
46
-101
-161
66
511
1055
1524
1956
2433
2932
3315
3389
3149
2650
2000
1362
763
130
-639
-1444
-2026
-2255
-2215
-2109
-2054
-1990
-1880
-1758
-1679
-1703
-1863
-2109
-2281
-2233
-1938
-1468
-921
-342
370
1268
2169
2787
3053
3112
3104
3020
2786
2391
1920
1520
1248
1115
1097
1166
1275
1419
1664
2016
2332
2455
2400
2219
1794
966
-241
-1538
-2649
-3466
-4005
-4351
-4510
-4457
-4198
-3712
-3042
-2321
-1764
-1444
-1178
-839
-554
-482
-512
-323
235
1025
1790
2362
2792
3209
3647
3948
3942
3553
2807
1873
964
215
-457
-1216
-2040
-2687
-2960
-2974
-2992
-3080
-3122
-3042
-2890
-2748
-2673
-2676
-2680
-2558
-2203
-1646
-1003
-328
418
1338
2384
3376
4125
4571
4764
4729
4507
4128
3642
3040
2366
1733
1270
1004
882
841
854
935
1056
1192
1311
1397
1416
1225
698
-141
-1130
-2026
-2794
-3478
-4049
-4381
-4354
-4057
-3554
-2878
-2118
-1430
-943
-564
-171
170
265
116
-44
-6
184
452
783
1211
1678
2027
2205
2285
2278
2042
1495
808
161
-480
-1193
-1950
-2598
-3012
-3159
-3105
-2923
-2639
-2235
-1801
-1428
-1116
-868
-691
-565
-378
-104
110
216
383
836
1549
2251
2761
3119
3440
3689
3710
3475
3041
2489
1841
1140
490
-66
-507
-850
-1025
-942
-601
-149
266
653
1097
1559
1908
2044
1908
1479
802
55
-626
-1276
-1898
-2424
-2738
-2833
-2782
-2584
-2272
-1937
-1655
-1468
-1348
-1299
-1331
-1404
-1496
-1510
-1369
-1100
-780
-456
-34
476
957
1325
1621
1857
1931
1815
1591
1303
912
416
-94
-503
-788
-972
-1052
-941
-610
-221
71
271
429
470
289
-31
-341
-552
-714
-866
-940
-848
-515
-55
373
744
1136
1542
1838
1966
1944
1772
1466
1103
755
448
219
70
43
183
468
800
1181
1690
2245
2666
2943
3194
3404
3424
3101
2407
1354
149
-984
-2007
-2935
-3782
-4455
-4886
-5012
-4822
-4489
-4149
-3842
-3515
-3141
-2774
-2552
-2478
-2353
-1951
-1323
-687
-121
461
1156
1948
2774
3566
4209
4564
4594
4444
4239
3913
3291
2353
1336
481
-198
-845
-1480
-1960
-2228
-2384
-2495
-2531
-2521
-2569
-2684
-2730
-2639
-2499
-2417
-2329
-2082
-1634
-1033
-340
458
1325
2175
2906
3478
3904
4151
4202
4063
3821
3491
3044
2495
1919
1397
954
585
288
76
-20
-27
-31
-41
16
164
300
332
261
-10
-529
-1181
-1748
-2228
-2785
-3368
-3811
-4020
-4031
-3853
-3476
-2967
-2443
-1913
-1325
-663
-33
411
651
809
1005
1209
1331
1401
1524
1755
1990
2143
2209
2251
2269
2149
1857
1412
847
109
-846
-1781
-2439
-2979
-3711
-4485
-4717
-4289
-3605
-2918
-2203
-1471
-862
-317
267
824
1241
1563
1947
2414
2816
3016
3063
3091
3207
3353
3448
3439
3361
3239
3031
2696
2216
1614
915
194
-461
-968
-1339
-1644
-1950
-2177
-2169
-1876
-1402
-864
-280
349
1016
1739
2451
3050
3414
3489
3266
2781
2178
1508
717
-238
-1278
-2280
-3142
-3809
-4204
-4351
-4339
-4277
-4167
-3918
-3527
-3129
-2875
-2740
-2579
-2322
-2038
-1769
-1470
-1064
-537
76
745
1428
2063
2588
2998
3334
3573
3556
3183
2566
1927
1327
647
-141
-888
-1465
-1864
-2094
-2108
-1945
-1754
-1580
-1332
-965
-595
-382
-304
-256
-188
-147
-150
-124
-9
229
561
937
1302
1646
1985
2304
2506
2497
2279
1955
1616
1273
903
484
49
-324
-540
-621
-630
-558
-358
-12
422
877
1288
1613
1822
1937
1989
2000
1893
1554
951
193
-545
-1233
-1917
-2591
-3160
-3546
-3774
-3844
-3738
-3502
-3211
-2884
-2432
-1856
-1322
-990
-796
-537
-162
181
365
521
799
1216
1679
2143
2595
2966
3165
3201
3173
3078
2832
2364
1766
1146
512
-185
-894
-1501
-1908
-2132
-2225
-2234
-2157
-1955
-1661
-1318
-965
-605
-244
49
282
467
604
703
762
835
875
898
959
1093
1250
1328
1339
1323
1295
1205
969
584
140
-305
-718
-1115
-1396
-1532
-1573
-1542
-1453
-1260
-977
-605
-176
254
662
1068
1499
1943
2349
2671
2883
2919
2749
2358
1780
1095
358
-392
-1142
-1866
-2531
-3126
-3607
-3908
-4029
-4034
-3966
-3779
-3449
-3015
-2562
-2117
-1665
-1179
-642
-99
384
824
1258
1728
2196
2641
3031
3320
3504
3605
3642
3549
3270
2792
2182
1503
778
31
-688
-1320
-1837
-2219
-2452
-2538
-2539
-2468
-2301
-2041
-1733
-1449
-1195
-903
-540
-162
147
384
603
827
1008
1113
1148
1174
1238
1370
1570
1728
1764
1661
1474
1200
823
384
-76
-496
-863
-1138
-1301
-1336
-1263
-1140
-967
-690
-286
194
649
1032
1343
1613
1902
2233
2564
2795
2857
2726
2422
1964
1399
725
-72
-985
-1921
-2750
-3431
-3949
-4290
-4456
-4478
-4377
-4127
-3720
-3217
-2671
-2104
-1483
-805
-159
358
731
1064
1423
1782
2104
2396
2661
2850
2949
2988
2979
2883
2630
2216
1702
1155
559
-145
-909
-1603
-2144
-2542
-2814
-2944
-2916
-2738
-2411
-1968
-1490
-1031
-558
-50
440
830
1113
1363
1609
1816
1905
1897
1846
1759
1633
1505
1408
1278
1051
739
398
50
-304
-664
-1009
-1294
-1509
-1704
-1865
-1913
-1809
-1621
-1373
-1034
-605
-155
302
797
1325
1830
2251
2594
2901
3207
3474
3654
3669
3502
3166
2683
2080
1361
561
-338
-1319
-2287
-3123
-3825
-4439
-4937
-5237
-5319
-5241
-4991
-4514
-3863
-3171
-2500
-1782
-969
-179
468
1001
1532
2066
2509
2841
3126
3375
3558
3655
3697
3686
3529
3164
2620
2020
1406
721
-77
-916
-1669
-2274
-2741
-3073
-3277
-3389
-3402
-3237
-2869
-2404
-1934
-1448
-895
-292
316
875
1320
1631
1861
2056
2213
2291
2263
2160
1993
1796
1564
1284
974
611
206
-224
-641
-1048
-1438
-1762
-1975
-2087
-2102
-2001
-1802
-1563
-1304
-970
-567
-131
320
792
1292
1801
2327
2822
3222
3531
3740
3852
3892
3898
3794
3454
2873
2152
1366
463
-573
-1673
-2738
-3682
-4486
-5138
-5640
-5966
-6044
-5864
-5480
-4949
-4290
-3537
-2731
-1908
-1078
-272
482
1172
1773
2271
2687
3061
3388
3625
3737
3761
3742
3664
3459
3103
2684
2249
1767
1181
482
-276
-1003
-1630
-2164
-2650
-3089
-3433
-3610
-3578
-3336
-2955
-2494
-1963
-1383
-802
-243
292
797
1243
1646
1997
2238
2332
2325
2289
2222
2096
1894
1630
1307
971
677
408
73
-326
-684
-936
-1142
-1357
-1550
-1693
-1778
-1790
-1693
-1479
-1160
-745
-264
243
739
1250
1749
2175
2499
2778
3065
3275
3331
3235
3070
2868
2644
2345
1881
1238
476
-322
-1161
-2064
-2991
-3852
-4566
-5096
-5473
-5745
-5913
-5883
-5577
-5042
-4404
-3728
-2961
-2057
-1042
-58
784
1471
2081
2649
3140
3532
3816
4032
4186
4305
4367
4329
4143
3819
3409
2915
2292
1512
679
-109
-859
-1623
-2360
-2970
-3419
-3736
-3920
-3930
-3777
-3507
-3165
-2731
-2155
-1432
-618
190
909
1507
1986
2422
2833
3170
3356
3369
3256
3056
2788
2420
1972
1466
947
390
-210
-777
-1277
-1691
-2039
-2319
-2536
-2666
-2671
-2555
-2382
-2191
-1930
-1578
-1142
-677
-200
286
807
1343
1872
2363
2806
3167
3403
3509
3497
3401
3234
3002
2672
2246
1723
1110
403
-374
-1152
-1935
-2747
-3568
-4328
-4911
-5269
-5410
-5394
-5237
-4900
-4355
-3614
-2771
-1886
-976
-25
922
1799
2576
3230
3732
4059
4231
4281
4241
4122
3882
3503
3029
2547
2079
1560
961
298
-368
-1020
-1671
-2326
-2972
-3564
-4050
-4399
-4577
-4566
-4370
-4011
-3493
-2804
-1985
-1108
-201
687
1472
2150
2796
3429
3899
4147
4227
4192
4006
3633
3137
2611
2112
1566
913
202
-453
-1011
-1525
-2078
-2657
-3165
-3516
-3742
-3875
-3852
-3614
-3190
-2652
-2005
-1300
-574
173
948
1698
2369
2932
3358
3620
3752
3815
3761
3580
3288
2924
2516
2092
1692
1279
837
393
-28
-420
-782
-1103
-1425
-1785
-2188
-2614
-3020
-3375
-3651
-3846
-3925
-3845
-3603
-3226
-2749
-2161
-1448
-645
179
955
1656
2260
2742
3081
3289
3360
3251
2977
2582
2144
1684
1210
736
278
-108
-413
-647
-855
-1057
-1280
-1495
-1665
-1818
-1994
-2187
-2315
-2356
-2322
-2222
-2031
-1728
-1288
-739
-111
576
1272
1920
2453
2885
3212
3419
3486
3398
3146
2759
2317
1867
1415
946
460
-24
-482
-889
-1265
-1623
-1963
-2268
-2538
-2764
-2963
-3122
-3218
-3220
-3094
-2850
-2484
-2017
-1442
-796
-147
478
1117
1783
2367
2790
3073
3265
3341
3271
3090
2840
2551
2275
2033
1807
1560
1292
1024
729
417
120
-120
-324
-524
-720
-919
-1140
-1410
-1704
-2002
-2305
-2594
-2825
-2954
-2997
-2941
-2750
-2418
-2016
-1579
-1072
-496
64
533
937
1301
1564
1691
1695
1647
1585
1503
1377
1185
989
827
697
603
559
530
443
301
158
14
-164
-381
-610
-872
-1169
-1454
-1640
-1695
-1672
-1584
-1409
-1107
-696
-206
301
754
1112
1394
1612
1749
1800
1794
1684
1457
1198
980
780
511
227
29
-90
-234
-421
-570
-667
-784
-987
-1197
-1351
-1467
-1574
-1656
-1629
-1491
-1296
-1076
-795
-416
13
445
863
1246
1566
1814
1988
2058
2007
1879
1701
1463
1168
884
688
553
416
266
140
57
-9
-59
-86
-108
-149
-199
-216
-217
-263
-367
-476
-591
-769
-1033
-1284
-1431
-1482
-1482
-1493
-1476
-1407
-1275
-1100
-906
-691
-467
-262
-51
163
346
464
539
597
621
621
623
640
646
668
720
766
785
792
805
777
722
648
526
326
100
-113
-294
-442
-572
-710
-818
-802
-694
-580
-503
-424
-307
-145
42
216
356
482
562
570
519
475
462
432
352
239
148
51
-83
-195
-225
-211
-250
-349
-482
-635
-810
-984
-1131
-1230
-1271
-1247
-1130
-939
-708
-481
-262
-28
238
564
880
1114
1227
1266
1298
1348
1372
1325
1234
1158
1122
1083
1030
940
814
698
656
674
666
600
514
423
305
154
1
-154
-337
-524
-680
-810
-966
-1166
-1368
-1529
-1638
-1701
-1730
-1730
-1694
-1599
-1421
-1193
-948
-706
-480
-244
6
256
434
538
644
799
971
1097
1161
1165
1117
1029
904
737
540
353
158
-62
-299
-527
-713
-865
-948
-961
-924
-876
-844
-789
-661
-450
-216
3
225
470
696
895
1068
1231
1364
1430
1432
1375
1273
1104
874
622
375
131
-96
-324
-583
-865
-1111
-1294
-1448
-1573
-1635
-1619
-1551
-1441
-1290
-1110
-903
-652
-366
-41
316
677
1005
1279
1533
1787
2017
2163
2146
1972
1762
1619
1514
1319
1001
623
274
-16
-253
-443
-588
-692
-812
-919
-985
-968
-932
-921
-904
-854
-735
-612
-497
-390
-281
-170
-74
25
78
89
100
131
139
86
18
-30
-92
-180
-240
-239
-209
-173
-110
-44
-33
-68
-97
-115
-132
-133
-116
-130
-195
-260
-287
-272
-227
-178
-137
-95
-23
78
161
202
191
167
154
149
146
147
161
169
154
111
67
43
47
63
60
24
-30
-69
-66
-22
26
22
-61
-169
-252
-302
-319
-289
-232
-193
-169
-127
-70
-31
-9
12
18
-9
-28
-16
13
45
68
96
131
189
264
329
401
486
524
481
390
306
224
122
44
-6
-80
-178
-250
-285
-314
-328
-292
-241
-207
-158
-68
36
134
229
314
378
438
519
584
612
585
540
505
475
425
337
243
160
81
-33
-206
-398
-525
-569
-594
-618
-579
-440
-287
-184
-94
-12
28
25
57
133
172
140
90
62
20
-41
-118
-195
-258
-317
-361
-387
-397
-405
-427
-413
-359
-311
-287
-278
-243
-183
-85
37
146
249
346
420
441
436
439
457
479
513
529
512
447
349
273
237
181
32
-188
-382
-522
-634
-749
-867
-950
-973
-949
-918
-904
-878
-841
-781
-665
-508
-343
-189
-12
204
410
581
720
856
1000
1120
1220
1297
1343
1333
1293
1269
1234
1145
1019
877
695
458
227
57
-83
-202
-310
-399
-448
-448
-431
-449
-470
-437
-362
-297
-245
-178
-83
4
50
66
59
42
12
-43
-141
-289
-436
-550
-663
-785
-893
-964
-1014
-1047
-1014
-953
-901
-867
-782
-627
-453
-269
-82
117
271
369
459
562
639
650
646
690
750
763
721
666
627
582
526
472
419
319
178
54
-41
-146
-261
-328
-366
-425
-486
-500
-476
-453
-419
-355
-274
-200
-130
-43
69
176
250
281
296
303
281
257
238
210
144
76
22
-20
-59
-82
-94
-101
-72
-24
16
36
73
106
99
64
48
55
36
10
6
33
50
27
-12
-23
9
65
117
166
202
213
192
161
129
94
88
119
168
196
208
211
226
250
289
350
409
449
444
420
394
339
209
40
-98
-198
-302
-443
-573
-657
-702
-734
-777
-814
-824
-811
-762
-681
-592
-504
-405
-273
-153
-67
16
123
235
326
382
410
414
414
433
452
429
356
274
219
184
111
-1
-106
-200
-300
-399
-434
-408
-406
-452
-486
-489
-486
-463
-379
-252
-155
-85
-40
27
123
228
313
369
427
470
490
475
431
375
314
254
191
134
93
77
70
50
20
-5
-21
-62
-93
-88
-48
-22
-31
-30
-10
35
99
151
120
37
11
98
209
251
227
194
176
181
223
269
286
275
247
204
113
28
3
39
74
68
55
73
119
157
183
202
204
175
112
26
-85
-220
-330
-426
-520
-613
-663
-667
-673
-665
-634
-576
-505
-404
-272
-156
-63
36
162
275
349
407
458
480
446
406
382
359
311
243
197
147
70
-24
-88
-108
-109
-125
-198
-315
-412
-458
-476
-509
-557
-579
-553
-479
-393
-336
-305
-260
-166
-44
72
174
272
357
404
417
427
439
437
394
323
238
136
45
-17
-44
-52
-40
-13
-7
-9
13
52
68
29
-42
-96
-99
-52
10
57
82
112
177
271
355
398
446
499
524
507
477
465
463
446
397
314
227
145
45
-48
-101
-137
-206
-299
-349
-326
-289
-291
-384
-508
-594
-626
-641
-650
-622
-552
-457
-366
-295
-249
-170
-48
70
153
217
288
365
437
452
406
345
316
277
183
60
-65
-181
-268
-308
-327
-348
-368
-376
-390
-435
-495
-518
-472
-367
-252
-168
-117
-74
-19
47
124
214
291
332
352
355
345
332
342
354
347
334
323
280
198
117
49
-32
-132
-219
-269
-288
-302
-309
-317
-298
-244
-168
-89
-5
121
254
332
343
351
407
475
540
611
671
668
602
552
542
531
489
435
400
350
268
150
36
-42
-104
-142
-170
-182
-185
-184
-161
-144
-152
-196
-280
-394
-473
-483
-458
-443
-411
-329
-250
-201
-160
-126
-137
-199
-210
-149
-91
-88
-133
-183
-235
-278
-299
-312
-336
-364
-379
-366
-349
-326
-304
-290
-284
-286
-244
-151
-41
24
34
44
68
59
34
45
96
126
113
124
171
219
273
351
413
398
322
260
231
198
171
151
120
43
-59
-117
-124
-91
-59
-37
-7
29
81
125
142
140
144
195
266
308
306
282
253
219
202
196
180
176
212
251
269
276
317
346
331
294
231
150
95
109
165
184
153
97
35
-26
-94
-171
-258
-320
-352
-357
-359
-363
-354
-343
-336
-329
-318
-309
-304
-285
-259
-254
-244
-205
-168
-178
-211
-220
-199
-182
-173
-171
-169
-156
-149
-136
-112
-69
-42
-32
-21
-9
19
56
94
99
76
59
62
81
114
157
199
222
226
219
206
185
166
165
199
234
232
199
150
113
63
5
-46
-95
-127
-134
-105
-60
-25
-9
-1
-2
-18
-21
14
79
124
101
49
22
39
74
104
134
159
157
128
95
82
77
57
10
-50
-84
-78
-50
-33
-34
-36
-39
-29
-18
-26
-62
-107
-122
-124
-123
-107
-65
-17
1
-13
-24
-9
16
31
23
7
-14
-23
-18
-3
-6
-33
-78
-115
-119
-101
-100
-132
-182
-224
-237
-210
-161
-139
-134
-105
-19
85
136
134
125
152
154
122
106
140
148
92
50
60
77
51
27
36
50
43
42
34
0
-28
-8
41
64
80
124
163
154
113
93
109
129
141
123
79
32
7
24
54
44
-20
-93
-132
-146
-171
-197
-202
-175
-149
-160
-195
-215
-217
-226
-244
-231
-170
-131
-126
-125
-89
-32
9
42
92
159
219
243
255
288
352
409
405
361
328
318
299
257
219
184
114
23
-51
-86
-94
-138
-209
-264
-285
-287
-300
-303
-296
-279
-266
-236
-181
-104
-47
-43
-72
-105
-108
-82
-47
-3
68
161
219
195
154
137
124
85
31
19
34
35
11
-37
-73
-66
-16
21
-5
-45
-53
-10
36
64
70
81
118
143
126
78
46
51
72
63
41
22
31
31
2
-10
-6
-29
-105
-178
-188
-146
-140
-183
-236
-259
-259
-246
-215
-193
-190
-195
-189
-160
-96
-16
65
105
95
48
18
45
83
103
113
129
142
144
150
169
211
260
260
195
113
65
39
36
34
28
19
17
25
20
20
-2
-67
-159
-203
-189
-175
-176
-185
-160
-107
-52
-22
-20
-22
-15
-2
29
66
77
73
78
107
135
172
208
230
220
208
217
212
175
129
131
176
205
195
172
151
130
117
119
125
110
80
57
47
46
27
-25
-78
-98
-91
-94
-114
-133
-136
-122
-111
-111
-117
-117
-128
-155
-166
-153
-143
-155
-166
-164
-149
-107
-58
-46
-109
-213
-269
-258
-216
-205
-211
-192
-163
-161
-178
-158
-96
-24
26
38
24
10
19
22
-2
-12
21
49
44
43
68
44
-15
-30
21
55
49
55
76
90
108
151
178
162
135
147
188
221
237
221
159
101
95
157
206
210
184
146
115
95
95
109
98
49
-16
-43
-21
5
3
-13
-13
-3
4
-16
-39
-54
-50
-43
-44
-29
-7
-5
-52
-94
-88
-59
-68
-101
-92
-49
-23
-31
-45
-71
-124
-161
-156
-130
-118
-102
-79
-65
-62
-79
-94
-90
-55
-21
-21
-22
-26
-41
-80
-112
-82
-14
35
28
0
-5
8
18
28
45
43
13
-38
-67
-74
-77
-97
-115
-118
-122
-135
-156
-175
-183
-170
-146
-125
-95
-37
20
37
24
37
80
132
184
229
263
279
286
302
315
311
274
219
183
183
185
159
123
113
96
33
-54
-102
-103
-95
-99
-103
-101
-104
-125
-146
-137
-103
-64
-44
-20
7
32
51
70
108
156
179
167
152
152
153
140
132
124
77
9
-22
-6
9
-12
-47
-76
-94
-91
-71
-77
-87
-81
-62
-75
-90
-53
8
41
49
82
134
159
154
142
137
128
103
67
30
-14
-61
-95
-124
-169
-255
-354
-409
-403
-365
-349
-336
-294
-239
-205
-194
-185
-179
-167
-137
-88
-40
3
47
92
158
218
253
259
260
262
245
237
250
266
258
227
180
131
87
40
-12
-52
-76
-84
-88
-115
-182
-254
-271
-229
-162
-105
-67
-52
-26
10
43
71
94
101
95
119
174
210
195
170
153
146
143
138
127
93
44
-1
-16
-5
-7
-28
-68
-109
-138
-147
-139
-155
-190
-208
-195
-163
-139
-101
-52
-19
-10
13
71
117
113
83
84
118
162
183
175
146
114
104
97
56
-10
-41
-15
21
5
-43
-93
-113
-112
-116
-153
-207
-228
-216
-191
-178
-159
-117
-70
-25
25
77
102
88
74
94
149
200
216
187
120
75
70
99
128
114
76
29
7
2
-17
-33
-34
-59
-119
-166
-169
-167
-203
-210
-183
-161
-149
-107
-42
-25
-57
-67
-19
64
133
167
173
156
147
143
157
160
127
81
48
59
65
66
62
53
23
-38
-84
-92
-59
-19
-5
-32
-70
-78
-45
-11
11
29
42
44
34
59
101
124
114
74
20
-31
-56
-46
-20
-6
-1
-6
-1
11
-2
-26
-44
-57
-71
-74
-66
-69
-90
-99
-67
-32
-43
-101
-146
-152
-160
-183
-165
-116
-86
-82
-66
-26
7
35
55
62
78
111
155
185
193
176
131
87
60
38
10
-22
-25
-18
-17
-12
6
18
-12
-28
19
85
81
30
3
22
47
58
66
63
65
71
78
95
126
139
86
-17
-112
-149
-138
-105
-82
-80
-85
-95
-103
-112
-147
-185
-178
-107
-36
-7
9
42
82
106
107
120
164
225
252
233
218
214
210
193
173
