-53
-63
-84
-105
-88
-28
11
12
-13
-21
0
12
2
-10
11
26
23
24
47
64
36
-20
-54
-66
-82
-101
-94
-56
-25
9
23
-1
-20
-9
16
3
-16
-16
-10
-12
-7
20
28
13
8
31
44
13
0
42
77
51
21
41
69
46
12
22
41
24
-11
-19
0
0
-22
-46
-66
-68
-44
-30
-41
-60
-48
-5
16
14
-1
-1
27
38
15
-10
6
61
93
76
52
37
33
16
-4
-3
11
25
27
25
22
23
37
45
46
3
-46
-54
-26
0
1
29
49
34
10
11
0
-30
-34
-3
3
-26
-23
15
35
25
24
40
41
46
53
38
-24
-49
-9
45
60
29
23
32
56
74
51
13
-39
-65
-81
-100
-81
-41
-17
-42
-69
-64
-52
-64
-74
-53
-16
-6
-23
-45
-50
-42
-37
-22
-18
-34
-80
-103
-54
3
-2
-44
-56
-29
-19
-39
-51
-59
-70
-55
-21
8
-17
-42
-26
10
11
-11
-6
11
3
-6
10
40
54
41
40
41
58
67
60
40
11
-6
10
55
70
41
12
33
66
66
62
85
119
86
14
-51
-60
-14
19
33
26
42
66
63
30
-5
-7
31
64
55
20
19
52
80
84
53
9
-30
-25
4
0
-20
-37
-36
-25
-13
9
10
-18
-47
-62
-48
-30
6
40
31
-14
-59
-51
-12
23
45
42
23
6
1
-13
-35
-40
-4
33
35
2
-69
-118
-113
-55
3
22
12
-9
-10
-4
-7
-12
-18
-21
-29
-15
27
39
8
-19
3
26
15
5
11
23
7
-8
-3
1
-1
-2
23
40
24
11
24
51
52
40
25
-2
-22
-21
-10
-2
4
31
67
63
14
-43
-69
-69
-73
-66
-42
-18
-27
-56
-59
-39
-21
-29
-55
-72
-78
-57
-16
17
-4
-52
-76
-51
-37
-51
-49
-36
-19
-8
19
49
60
63
56
41
25
13
10
14
25
26
12
9
4
-8
-25
-13
27
54
30
-36
-79
-73
-48
-43
-47
-38
-17
4
9
-1
-6
-8
-2
5
1
-36
-65
-31
37
67
52
24
21
54
95
89
25
-7
20
44
37
34
63
75
64
50
35
4
-14
18
58
60
28
5
6
15
27
25
8
-3
-7
-18
-25
-19
-1
-5
-11
2
9
31
60
68
29
-11
13
56
64
21
-32
-50
-24
0
-9
-30
-25
-24
-57
-85
-72
-38
-33
-37
-20
25
49
41
32
43
52
22
-17
-26
-16
-18
-33
-35
-23
4
20
-10
-69
-108
-105
-77
-51
-23
-15
-25
-21
-4
2
-22
-23
-4
8
-4
-13
-15
-16
-2
17
15
-12
-36
-41
-24
-6
7
20
39
40
-4
-40
-20
27
50
43
46
59
56
48
24
3
-11
-8
6
-5
-13
-12
7
22
35
51
53
35
26
25
28
42
51
50
14
-27
-45
-37
-12
-13
-48
-71
-52
-24
-13
-11
-9
-20
-41
-44
-25
-14
-19
-30
-32
-44
-72
-82
-49
18
63
59
25
-4
-14
1
28
31
9
-2
32
64
53
15
-17
-24
-22
-15
-6
-17
-36
-35
-14
-1
-6
15
42
40
13
0
8
23
39
57
46
32
26
23
10
-5
18
48
67
40
8
-1
16
27
-3
-39
-29
1
21
28
52
56
6
-37
-30
11
3
-47
-59
-16
18
-10
-46
-31
-2
-5
-10
29
63
24
-25
-6
43
16
-66
-85
-49
-24
-24
-12
13
14
15
36
68
85
68
41
33
63
97
85
47
27
29
39
38
20
-4
-27
-40
-74
-120
-122
-83
-59
-44
-27
0
11
0
-2
-3
11
12
-13
-60
-78
-51
-38
-47
-47
-14
-6
-32
-32
3
10
-14
-17
10
23
13
15
16
-13
-47
-40
-8
-1
-29
-73
-90
-52
-2
-4
-36
-44
-40
-61
-63
-17
19
-11
-58
-70
-47
-23
-31
-45
-41
-17
-7
-32
-38
-34
-30
-29
-16
0
-8
-16
-9
11
18
20
38
66
57
32
56
117
164
157
127
108
108
118
108
96
91
89
96
145
201
183
112
67
37
-12
-31
0
27
8
-13
-12
-3
9
26
27
26
66
102
100
61
54
72
63
26
-2
-1
13
39
55
35
-7
-19
-1
6
-9
-18
-23
-24
-32
-40
-42
-62
-95
-123
-118
-97
-92
-107
-124
-131
-126
-136
-158
-184
-182
-171
-164
-158
-146
-141
-147
-150
-153
-155
-155
-138
-119
-105
-98
-79
-44
-32
-47
-47
-21
1
-6
-16
-2
3
-3
-26
-46
-42
-23
-3
0
25
60
91
99
102
83
67
74
104
115
102
96
110
134
131
108
113
142
148
118
86
83
79
94
120
153
156
148
141
134
108
75
88
134
167
150
130
130
126
106
89
95
98
101
105
96
79
78
97
93
70
54
20
-31
-54
-7
30
0
-58
-89
-66
-24
14
18
2
-18
-31
-25
-14
-27
-71
-118
-155
-175
-171
-142
-136
-162
-183
-191
-204
-220
-229
-257
-318
-380
-399
-406
-405
-393
-363
-323
-290
-267
-263
-260
-231
-186
-160
-152
-126
-85
-73
-75
-43
20
47
47
81
135
148
127
127
158
172
178
195
219
253
276
268
255
289
331
309
252
243
279
276
240
209
245
299
318
295
278
284
273
242
225
224
227
202
187
192
208
194
146
122
118
111
77
18
-36
-83
-90
-99
-108
-90
-46
-11
-29
-51
-18
37
17
-74
-140
-122
-102
-125
-163
-164
-151
-141
-143
-177
-239
-305
-320
-286
-258
-275
-313
-328
-357
-395
-409
-374
-350
-363
-369
-357
-367
-401
-392
-335
-289
-284
-264
-246
-251
-265
-231
-173
-146
-152
-137
-82
-36
-29
-46
-11
62
104
107
137
199
241
247
270
284
274
265
274
300
320
333
332
350
367
366
331
335
356
386
404
414
403
398
376
337
299
306
343
332
307
269
234
200
168
140
120
136
167
171
143
119
111
100
77
56
57
59
68
61
60
42
39
29
4
-3
4
19
8
-5
-3
-11
-27
-39
-22
-4
-11
-43
-102
-161
-201
-201
-192
-209
-241
-251
-271
-326
-373
-388
-401
-433
-441
-446
-509
-592
-589
-490
-419
-435
-473
-471
-435
-423
-425
-400
-366
-324
-271
-211
-172
-172
-180
-155
-89
-28
7
-1
9
9
-31
-62
-45
21
63
69
86
103
130
145
147
153
147
159
192
219
203
184
208
258
293
320
354
378
367
349
338
341
347
369
389
380
323
258
231
205
187
175
212
222
198
164
200
255
255
248
250
269
239
221
233
241
228
215
191
149
110
118
120
90
52
45
79
98
95
62
33
15
-22
-83
-141
-155
-141
-135
-133
-147
-164
-189
-210
-229
-252
-258
-289
-325
-345
-351
-380
-465
-520
-521
-481
-455
-441
-431
-433
-450
-477
-472
-433
-374
-338
-322
-297
-271
-285
-313
-297
-231
-182
-163
-134
-85
-59
-85
-86
-44
6
23
43
76
114
128
132
111
108
114
121
159
234
298
252
178
157
195
245
255
275
276
294
304
307
323
315
325
337
356
362
349
320
334
358
377
349
313
302
305
309
293
233
174
199
255
284
261
277
280
215
140
120
149
159
169
196
166
111
69
70
84
79
99
110
96
61
19
-27
-72
-86
-90
-110
-124
-101
-82
-142
-236
-293
-320
-353
-395
-397
-397
-430
-475
-504
-515
-532
-539
-521
-493
-487
-521
-538
-526
-489
-435
-386
-352
-345
-314
-241
-181
-161
-170
-183
-173
-136
-93
-94
-111
-104
-55
-11
13
8
4
43
100
117
85
72
112
145
144
126
108
104
122
162
171
170
178
211
234
236
201
166
151
158
171
172
201
199
212
239
233
248
260
280
303
288
277
245
253
261
231
189
185
201
230
255
247
224
224
243
204
165
166
234
254
243
230
205
199
209
241
263
244
206
156
109
59
1
-25
-13
1
-50
-122
-148
-140
-140
-178
-220
-267
-333
-390
-422
-439
-458
-489
-522
-523
-479
-432
-457
-505
-512
-457
-402
-383
-383
-400
-386
-355
-297
-264
-245
-223
-205
-166
-129
-94
-85
-74
-40
-14
-26
-25
11
60
57
1
-20
-3
65
86
78
48
48
107
138
163
127
122
160
198
210
151
166
204
220
200
193
208
200
236
292
256
163
119
143
199
226
269
231
206
191
189
183
180
187
177
216
292
328
315
277
241
245
266
327
268
231
244
287
283
229
239
240
198
160
154
165
127
96
86
79
48
18
2
-21
-85
-126
-131
-119
-141
-200
-237
-275
-305
-333
-350
-399
-479
-540
-566
-568
-580
-579
-577
-604
-622
-613
-580
-571
-576
-522
-452
-406
-422
-444
-404
-324
-234
-195
-139
-61
-6
8
16
58
98
63
28
9
48
67
36
28
44
93
102
113
122
130
141
153
126
99
128
218
272
268
251
260
255
212
198
235
254
258
254
263
272
303
319
279
273
312
336
338
321
341
362
377
395
392
399
404
345
333
341
367
324
272
294
347
389
349
297
245
246
233
210
186
202
227
205
193
165
125
56
9
6
-6
-28
-71
-136
-199
-225
-249
-303
-369
-410
-421
-452
-518
-624
-707
-708
-634
-557
-557
-574
-568
-572
-638
-707
-679
-610
-568
-550
-508
-497
-510
-513
-475
-417
-350
-255
-189
-156
-153
-154
-132
-95
-50
-27
-9
30
45
33
-13
-44
-13
27
81
141
185
186
164
172
196
201
218
235
230
292
331
344
289
256
235
232
281
372
378
326
303
315
359
285
275
288
328
335
283
317
336
306
269
262
342
387
391
414
394
354
346
388
408
394
415
413
373
328
317
321
335
398
376
316
271
242
169
72
54
56
36
3
-50
-101
-160
-206
-254
-337
-410
-444
-447
-503
-597
-657
-652
-656
-691
-686
-679
-707
-764
-785
-748
-719
-693
-664
-630
-593
-575
-569
-553
-515
-447
-384
-318
-282
-282
-247
-196
-131
-113
-111
-99
-60
-19
16
35
59
102
97
94
79
127
173
230
272
285
229
173
216
270
259
262
318
292
238
197
264
278
235
232
187
160
157
225
288
277
281
249
174
180
239
347
363
371
344
291
347
384
449
450
386
368
365
420
420
404
427
490
547
556
482
414
439
484
475
434
426
412
377
320
298
247
172
91
28
-7
-63
-121
-217
-308
-373
-434
-475
-547
-602
-669
-738
-786
-792
-790
-811
-852
-872
-853
-849
-824
-772
-701
-644
-627
-625
-611
-565
-466
-377
-314
-234
-171
-150
-162
-118
-78
-60
-23
56
116
98
95
96
113
181
239
255
198
164
152
163
164
197
214
199
162
154
201
202
182
226
320
290
212
115
74
15
16
86
142
157
126
136
125
151
155
115
151
203
250
217
155
173
218
319
413
487
530
496
440
382
389
485
609
687
694
644
655
669
660
572
440
356
387
446
475
396
252
160
96
41
-67
-143
-176
-221
-302
-400
-503
-595
-667
-700
-746
-786
-801
-828
-899
-1003
-1051
-1053
-1019
-948
-843
-799
-835
-873
-827
-766
-725
-659
-536
-435
-411
-376
-297
-183
-125
-109
-69
14
96
132
107
80
121
222
357
409
379
331
281
234
156
120
199
317
351
321
308
305
232
139
166
199
136
54
84
112
37
5
81
128
81
56
79
62
53
159
205
177
122
190
269
240
323
395
540
603
660
727
644
565
548
649
763
790
844
875
817
774
735
763
715
654
621
574
589
569
452
262
81
26
-8
-13
-62
-197
-432
-618
-645
-658
-754
-925
-1013
-1043
-1099
-1166
-1233
-1309
-1401
-1421
-1330
-1230
-1187
-1188
-1177
-1167
-1118
-999
-874
-762
-609
-385
-209
-163
-138
-24
121
209
281
393
490
503
469
491
613
716
755
715
674
684
709
777
780
711
575
416
294
190
86
21
68
167
183
36
-148
-266
-295
-258
-159
-90
-162
-269
-307
-286
-340
-369
-288
-147
13
128
168
121
94
185
367
561
712
776
782
755
723
743
864
1061
1217
1293
1276
1260
1220
1125
973
825
741
803
942
1035
849
387
-39
-209
-153
-99
-152
-327
-599
-893
-1124
-1303
-1487
-1610
-1588
-1501
-1495
-1637
-1844
-2049
-2170
-2083
-1774
-1482
-1360
-1412
-1531
-1601
-1493
-1151
-767
-504
-329
-135
31
112
199
394
693
1003
1274
1383
1296
1133
1035
1066
1180
1361
1471
1412
1216
1020
940
947
1024
1042
886
558
113
-274
-496
-558
-461
-294
-152
-261
-701
-1173
-1351
-1142
-739
-341
-109
-169
-478
-743
-754
-527
-246
6
239
419
542
549
568
606
811
1218
1602
1696
1511
1321
1311
1492
1777
2104
2200
1906
1371
915
753
780
879
989
1011
740
181
-408
-823
-981
-900
-680
-579
-896
-1547
-2112
-2391
-2387
-2251
-2116
-2079
-2224
-2458
-2693
-2844
-2792
-2466
-2003
-1618
-1429
-1445
-1576
-1614
-1327
-740
-128
282
479
515
480
557
861
1339
1761
2011
2111
2104
2011
1884
1836
1963
2207
2369
2330
2027
1564
1140
977
1087
1196
1044
540
-264
-934
-1226
-1156
-829
-500
-399
-888
-1694
-2216
-2138
-1585
-928
-466
-366
-602
-964
-1099
-871
-296
408
1025
1249
1051
856
806
917
1272
1933
2474
2478
2175
1939
1850
1938
2389
2943
2891
2092
1010
178
-84
170
807
1070
431
-803
-1985
-2531
-2466
-1969
-1481
-1499
-2101
-2896
-3501
-3862
-3938
-3573
-2916
-2499
-2611
-3100
-3657
-4016
-3712
-2652
-1457
-903
-1073
-1475
-1665
-1362
-476
689
1578
1956
1971
1832
1677
1768
2314
3099
3703
3894
3698
3257
2858
2829
3180
3598
3782
3556
2900
2066
1470
1331
1354
1256
887
118
-899
-1823
-2202
-1980
-1477
-1082
-1258
-2025
-2921
-3340
-3059
-2311
-1478
-956
-973
-1456
-1850
-1680
-909
125
1084
1779
2046
1976
1852
1953
2302
2810
3285
3502
3353
2957
2633
2577
2566
2277
1772
1198
781
493
345
157
-367
-1171
-1969
-2440
-2573
-2609
-2745
-3026
-3483
-3996
-4307
-4355
-4290
-4250
-4123
-3955
-3910
-3943
-3927
-3746
-3368
-2808
-2241
-1844
-1678
-1545
-1226
-638
92
746
1198
1400
1553
1864
2313
2784
3251
3654
3834
3778
3696
3700
3796
3956
4093
4094
3851
3387
2880
2510
2293
2044
1531
771
-79
-700
-948
-933
-872
-1072
-1600
-2209
-2521
-2439
-2190
-1930
-1683
-1550
-1585
-1607
-1423
-1078
-688
-169
550
1217
1623
1891
2232
2660
3116
3629
3973
3934
3629
3492
3497
3044
2244
1496
1260
1393
1479
1268
314
-1089
-2255
-2622
-2290
-1984
-2182
-2974
-4051
-4889
-5026
-4650
-4384
-4483
-4678
-4759
-4843
-4875
-4757
-4499
-4054
-3401
-2810
-2657
-2802
-2670
-1923
-817
173
746
887
780
836
1471
2504
3353
3738
3794
3746
3701
3845
4161
4450
4589
4548
4300
3870
3428
3158
3087
3057
2767
1829
440
-636
-846
-293
198
109
-702
-1927
-2838
-2904
-2176
-1436
-1293
-1735
-2338
-2655
-2359
-1531
-665
-140
141
365
519
765
1416
2510
3505
4049
4129
3792
2924
2043
1989
2637
3429
3555
2992
1714
66
-992
-997
-181
398
8
-1319
-2937
-4106
-4225
-3360
-2479
-2493
-3485
-4712
-5580
-5716
-5008
-3936
-3259
-3321
-3825
-4266
-4240
-3532
-2287
-1137
-746
-1133
-1626
-1607
-923
278
1566
2340
2275
1769
1482
1730
2540
3536
4219
4235
3668
3044
2888
3291
3883
4074
3593
2686
1723
1250
1399
1903
2082
1456
402
-442
-657
-327
246
613
286
-600
-1314
-1351
-911
-475
-143
120
108
-64
56
680
1481
2109
2591
2582
1473
149
-185
761
2069
2624
2180
483
-1494
-2316
-1473
81
689
-178
-1927
-3508
-4145
-3492
-2198
-1490
-2026
-3274
-4234
-4488
-3875
-2688
-1650
-1457
-2143
-2978
-3234
-2634
-1438
-203
349
-77
-968
-1245
-525
685
1740
2107
1629
723
344
860
1766
2451
2672
2451
1789
1078
899
1432
2144
2344
1946
1278
677
494
950
1680
1945
1425
642
189
269
762
1394
1715
1375
669
297
602
1203
1672
1827
1706
1469
1394
1707
2268
2804
2833
1893
507
-392
-181
836
1632
1474
30
-1920
-3164
-3056
-1910
-1107
-1633
-3164
-4527
-4917
-4344
-3407
-2913
-3318
-4240
-4865
-4882
-4286
-3380
-2604
-2340
-2619
-3012
-2956
-2137
-824
383
847
519
16
155
1145
2319
3094
3161
2681
2182
2275
2962
3624
3755
3360
2777
2295
2097
2230
2542
2608
2143
1360
736
500
606
869
959
584
-91
-543
-424
96
558
660
439
193
168
462
958
1401
1642
1779
1976
2195
2508
2790
2526
1671
901
953
1623
2068
1880
951
-292
-1195
-1283
-699
-367
-998
-2320
-3410
-3806
-3670
-3257
-2981
-3296
-4131
-4828
-4928
-4552
-3949
-3445
-3353
-3709
-4143
-4101
-3424
-2415
-1585
-1340
-1600
-1820
-1326
-174
838
1248
1233
1102
1041
1350
2128
2834
2984
2769
2642
2724
2859
3050
3301
3395
3079
2533
2135
2038
2134
2297
2349
2041
1488
1134
1214
1463
1525
1373
1145
980
910
947
1158
1411
1569
1580
1603
1776
1927
1476
529
-66
123
896
1411
1280
329
-963
-1583
-1280
-535
-336
-1186
-2518
-3247
-3039
-2533
-2253
-2341
-2902
-3825
-4251
-3788
-2979
-2587
-2804
-3216
-3503
-3426
-2901
-2034
-1260
-1061
-1448
-1825
-1624
-782
165
545
374
128
183
622
1362
2040
2027
1377
885
1103
1732
2132
2134
1977
1769
1449
1228
1403
1801
1866
1547
1245
1187
1344
1627
1977
2111
1892
1583
1605
1992
2343
2438
2440
2492
2582
2740
2941
2797
1888
892
566
951
1389
1267
608
-579
-1705
-1993
-1438
-883
-1282
-2458
-3497
-3877
-3750
-3424
-3136
-3180
-3744
-4471
-4697
-4329
-3655
-3121
-3006
-3235
-3450
-3132
-2325
-1449
-924
-839
-972
-1011
-561
376
1251
1422
1127
1013
1335
1850
2421
2889
2837
2296
1848
2012
2450
2579
2296
1888
1526
1260
1318
1749
2055
1760
1177
912
987
1115
1227
1370
1308
955
789
1162
1787
2087
2020
1970
2106
2430
2914
3262
2579
1322
757
1256
2040
2108
1633
540
-864
-1580
-1135
-170
-91
-1337
-2870
-3609
-3529
-3144
-2771
-2757
-3556
-4855
-5453
-4896
-3872
-3265
-3502
-4229
-4751
-4468
-3431
-2305
-1740
-1919
-2412
-2550
-1948
-745
425
718
272
-3
491
1481
2370
2920
2864
2287
1830
2212
3137
3613
3239
2612
2284
2121
2203
2657
3096
2728
1744
1185
1421
1914
2098
1996
1728
1302
1073
1419
2049
2170
1747
1476
1706
2127
2553
2646
1779
563
148
833
1595
1657
1196
236
-837
-1337
-924
-146
-128
-1189
-2418
-2866
-2747
-2539
-2323
-2203
-2757
-3841
-4267
-3709
-2890
-2664
-3075
-3656
-4049
-3912
-3167
-2248
-1845
-2172
-2670
-2612
-1868
-807
-120
-331
-970
-1162
-651
120
780
1123
905
278
87
820
1805
2086
1610
1198
1249
1537
1955
2479
2703
2292
1732
1729
2305
2884
3070
2863
2447
2169
2361
3067
3653
3644
3262
3021
3086
3254
2909
2061
1475
1530
1953
1889
1377
486
-674
-1390
-1362
-829
-612
-1329
-2560
-3305
-3195
-2912
-2991
-3262
-3613
-4267
-4792
-4605
-3853
-3215
-3358
-3958
-4258
-3869
-3061
-2332
-1828
-1724
-1849
-1742
-1093
-106
703
821
349
161
702
1547
2056
2244
2165
1759
1431
1758
2601
3019
2568
1868
1624
1693
1706
1749
1863
1644
965
562
843
1359
1495
1286
1077
922
952
1317
1788
1837
1530
1539
2060
2680
2797
2034
1126
851
1442
2201
2312
1799
769
-159
-387
3
509
355
-720
-2018
-2601
-2292
-1852
-1816
-2203
-3000
-3926
-4233
-3709
-2951
-2765
-3339
-4024
-4160
-3602
-2827
-2262
-2042
-2259
-2660
-2660
-1873
-727
-116
-440
-999
-898
-124
734
1273
1416
1018
386
340
1184
2160
2333
1780
1294
1337
1659
2049
2454
2564
2025
1299
1293
2037
2701
2703
2365
2097
2076
2356
2853
3178
3027
2659
2551
2876
3179
2672
1683
1076
1157
1478
1374
997
238
-718
-1311
-1386
-1155
-1233
-1916
-2825
-3348
-3364
-3253
-3197
-3206
-3480
-4152
-4553
-4183
-3401
-2928
-3128
-3508
-3485
-2925
-2184
-1614
-1254
-1145
-1207
-1092
-440
581
1176
870
312
433
1164
1784
2054
2180
1992
1422
1132
1630
2316
2234
1514
1069
1203
1368
1372
1440
1397
873
211
273
955
1418
1303
1098
1152
1356
1757
2359
2827
2827
2651
2780
2819
2050
1252
1344
2087
2439
1888
1127
324
-317
-435
-56
302
-285
-1770
-2863
-2816
-2304
-2247
-2638
-3105
-3776
-4470
-4420
-3647
-2969
-3022
-3676
-4197
-4059
-3278
-2378
-1916
-1909
-2109
-2168
-1700
-659
474
876
380
-37
461
1521
2196
2268
2159
1920
1582
1658
2576
3528
3347
2236
1548
1809
2302
2469
2454
2213
1465
715
822
1642
2101
1698
1104
962
1172
1606
2153
2529
2337
1780
1638
1968
1723
906
452
664
973
684
291
-257
-1101
-1672
-1664
-1258
-1355
-2295
-3313
-3647
-3414
-3275
-3305
-3330
-3598
-4228
-4527
-4020
-3201
-2771
-2944
-3181
-3003
-2408
-1771
-1278
-829
-592
-651
-626
15
1036
1636
1391
951
1172
1846
2338
2458
2478
2290
1804
1601
2097
2657
2464
1684
1160
1211
1334
1381
1528
1603
1187
515
466
1054
1484
1363
1104
1107
1289
1642
2242
2837
2941
2724
2547
2028
1207
1010
1778
2582
2296
1291
220
-649
-956
-666
-195
-456
-1825
-3301
-3641
-2970
-2522
-2827
-3443
-4137
-4951
-5272
-4587
-3507
-3123
-3789
-4596
-4533
-3553
-2410
-1757
-1568
-1663
-1764
-1475
-442
978
1779
1369
557
761
2012
3138
3420
3151
2655
2063
2001
2973
4142
4063
2668
1470
1521
2256
2742
2805
2416
1433
400
367
1468
2467
2319
1375
673
761
1484
2398
2986
2799
2011
1458
1092
660
639
1084
1470
855
-276
-1079
-1629
-1842
-1748
-1546
-1841
-3006
-4110
-4126
-3378
-3056
-3543
-4165
-4561
-4866
-4853
-4202
-3440
-3313
-3932
-4400
-3933
-2820
-1757
-1159
-958
-1045
-1078
-499
833
2144
2578
1989
1268
1512
2533
3484
3789
3528
2970
2355
2289
3000
3798
3701
2708
1738
1489
1775
2170
2414
2110
1129
133
58
959
1870
2001
1403
695
473
996
2087
3033
3237
2785
2160
1215
536
868
1809
2168
1186
-18
-832
-1154
-980
-657
-561
-1390
-3034
-4292
-4160
-3192
-2813
-3397
-4282
-5001
-5424
-5189
-4353
-3650
-3709
-4381
-4763
-4286
-3262
-2397
-1984
-1889
-1955
-1872
-1189
243
1641
2051
1324
680
1210
2557
3649
3886
3580
3008
2572
2859
3926
4751
4305
3026
2196
2333
2803
3120
3205
2856
1889
906
917
1852
2629
2385
1518
912
972
1606
2499
3157
3128
2301
512
-799
-387
1223
2295
1426
-286
-1957
-2948
-2759
-1772
-907
-1537
-3741
-5685
-5681
-4300
-3302
-3404
-4173
-5277
-6300
-6086
-4452
-2804
-2612
-3934
-5074
-4714
-3058
-1330
-317
-87
-592
-1305
-1078
723
2964
3768
2641
1282
1430
2873
4345
5008
4784
3659
2279
2033
3412
4981
4901
3227
1679
1402
1912
2498
2847
2573
1304
-207
-399
994
2512
2694
1752
838
757
1511
2744
3823
3920
2669
359
-838
120
2226
3423
2470
439
-1729
-2847
-2349
-876
169
-779
-3495
-5798
-5796
-4130
-2808
-2917
-4116
-5719
-6924
-6506
-4615
-2888
-3016
-4791
-6069
-5523
-3584
-1741
-738
-713
-1452
-2158
-1579
612
2901
3508
2228
998
1266
2760
4299
5132
4975
3669
2185
2003
3580
5147
4993
3388
1877
1375
1644
2502
3314
3112
1527
-116
-240
1141
2600
2858
2083
1116
792
1526
3029
4426
4147
1534
-1121
-1395
748
2882
2929
1247
-1373
-3508
-3743
-1998
176
246
-2291
-5165
-6069
-4905
-3291
-2452
-2843
-4495
-6514
-7061
-5394
-2929
-1847
-2882
-4587
-5250
-4366
-2506
-537
589
206
-1211
-1884
-491
2167
3949
3584
2119
1207
1539
2860
4400
5244
4509
2656
1409
1979
3587
4384
3668
2235
984
317
656
1911
2817
2103
328
-737
-208
1134
2199
2533
2039
1176
828
1787
3583
4507
2951
234
-1090
-201
1699
2589
2050
140
-2273
-3442
-2688
-795
106
-1310
-3810
-5342
-5152
-3939
-2750
-2305
-3151
-5011
-6332
-5867
-3996
-2360
-2260
-3281
-4203
-4245
-3262
-1488
290
963
278
-634
-313
1329
3074
3664
3230
2573
2190
2387
3261
4390
4704
3717
2354
1883
2479
3172
3201
2682
1874
909
303
618
1473
1741
1017
121
-28
571
1425
2112
2396
2155
1789
1979
2888
3568
2509
522
-550
105
1487
1894
1253
-424
-2432
-3565
-3134
-1479
-808
-2262
-4688
-5952
-5508
-4449
-3576
-3356
-4046
-5467
-6285
-5510
-3647
-2265
-2329
-3131
-3542
-3159
-2185
-695
874
1636
1138
294
530
2036
3604
4015
3588
3175
3023
3013
3372
4164
4519
3737
2423
1854
2228
2643
2490
2046
1588
884
146
89
702
1024
520
-83
114
875
1522
1893
2215
2511
2689
2959
3574
3592
2151
512
105
1277
2428
2330
1059
-1118
-2917
-3413
-2389
-987
-1104
-3051
-5393
-6350
-5740
-4475
-3585
-3725
-4952
-6445
-6850
-5750
-3895
-2665
-2708
-3444
-3847
-3354
-2072
-390
1002
1492
1097
784
1437
2880
4090
4449
4302
3994
3725
3658
4054
4641
4659
3902
2976
2549
2467
2341
2123
1911
1410
510
-250
-354
-52
45
-116
-230
-51
289
764
1326
1826
2234
2713
3308
3756
2906
947
-364
-6
1810
3012
2748
867
-1967
-3842
-3735
-1800
-252
-960
-3559
-6090
-6937
-6034
-4160
-2785
-3038
-4952
-6870
-7056
-5309
-2967
-1757
-2069
-3156
-3858
-3419
-1667
634
2111
2069
1154
752
1553
3180
4536
5117
4942
4321
3712
3564
4124
4779
4756
3964
3074
2543
2167
1888
1850
1902
1408
372
-479
-646
-450
-302
-62
385
712
684
645
1104
1906
2697
3386
3918
3530
1574
-267
-405
1275
2910
3050
1744
-916
-3538
-4503
-3072
-784
-256
-2109
-4840
-6588
-6738
-5449
-3616
-2753
-3793
-5950
-7226
-6600
-4651
-2768
-1884
-2052
-2801
-3351
-2817
-993
1231
2537
2463
1712
1312
1869
3055
4391
5291
5299
4485
3424
2968
3280
3837
4089
3811
3125
2107
1111
709
1036
1386
1049
253
-469
-913
-1091
-714
297
1210
1469
1294
1271
1601
2186
3196
4359
4772
3267
893
-476
-61
1474
2544
2680
989
-2115
-4760
-5119
-3198
-1339
-1183
-2759
-5127
-7227
-7742
-6095
-3653
-2577
-3749
-5839
-6999
-6452
-4566
-2270
-565
-359
-1600
-2747
-2214
-17
2521
4129
4419
3576
2503
2206
3155
4830
6088
6094
4912
3455
2626
2623
3026
3429
3457
2749
1344
7
-497
-309
-111
-179
-392
-796
-1345
-1549
-890
422
1621
2322
2662
2953
3304
3885
4592
4181
2490
811
432
1376
2410
3053
2457
52
-3074
-4880
-4204
-2425
-1437
-1932
-3716
-6273
-8235
-8019
-5834
-3733
-3435
-4785
-6557
-7555
-7041
-4964
-2375
-802
-980
-1986
-2243
-1227
572
2445
3877
4481
4203
3590
3300
3659
4595
5669
6342
6154
5069
3572
2308
1940
2631
3554
3579
2359
616
-813
-1573
-1397
-363
583
327
-1086
-2301
-2244
-913
1055
2853
3602
2988
1959
1929
3269
4610
4217
2592
899
128
616
1941
3169
2275
-769
-3877
-4903
-3648
-1897
-1068
-1894
-4332
-7161
-8207
-6724
-4422
-3330
-3860
-5179
-6386
-6569
-5332
-3359
-1950
-1615
-1721
-1511
-826
98
1079
1997
2774
3484
4182
4494
4168
3573
3474
4269
5383
5888
5249
3658
1942
1086
1575
2744
3341
2674
890
-1185
-2432
-2076
-522
756
716
-220
-1022
-1048
-100
1562
3205
3811
3422
3084
3550
3939
3214
1835
571
308
1033
2486
3305
1669
-1739
-4637
-5072
-3482
-1612
-844
-1998
-4773
-7354
-7781
-6177
-4213
-3265
-3514
-4644
-5920
-6156
-4949
-3205
-1980
-1376
-953
-545
-229
156
777
1595
2583
3746
4705
4840
3989
2885
2511
3293
4716
5707
5363
3555
1392
248
715
1959
2719
2325
885
-962
-2263
-2290
-1243
-157
195
10
-215
-77
579
1657
2689
3246
3613
4203
4864
4598
3102
1160
-198
74
1725
3662
3884
1413
-2493
-5529
-5955
-4215
-1981
-1140
-2492
-5139
-7371
-7773
-6689
-5122
-4103
-4039
-4559
-5133
-5199
-4739
-3943
-3052
-2064
-915
223
1043
1258
1092
1149
1997
3609
5101
5675
5065
3847
2976
3155
4217
5211
5204
4015
2345
1130
865
1264
1604
1333
536
-419
-1073
-1315
-1257
-1050
-700
-117
645
1466
2157
2574
2709
2840
3324
4369
5310
5074
3428
1026
-417
-3
1881
3665
3397
834
-2794
-5368
-5744
-4344
-2644
-2104
-3103
-4970
-6518
-7215
-7039
-6237
-5282
-4480
-4036
-3869
-3814
-3830
-3716
-3170
-2021
-432
1115
2075
2217
1877
1738
2367
3479
4488
4900
4675
4181
3803
3752
3773
3590
3122
2626
2213
1829
1446
940
257
-492
-970
-1027
-917
-882
-991
-1106
-1064
-613
243
1264
2112
2736
3216
3690
4185
4783
5063
4431
2749
475
-717
-223
1645
3210
2895
530
-2922
-5508
-6191
-5099
-3541
-2745
-3206
-4579
-5907
-6724
-6825
-6449
-5781
-4821
-3914
-3216
-2929
-3003
-3145
-2934
-2049
-710
762
1920
2612
2821
2818
3008
3337
3749
3998
4106
4172
4331
4429
4171
3393
2343
1579
1304
1418
1473
1154
415
-549
-1322
-1595
-1525
-1377
-1351
-1285
-1038
-580
119
972
1803
2508
3145
3706
4206
4735
5103
4765
3364
1318
-104
-122
1295
2866
3053
1274
-1822
-4644
-6019
-5627
-4263
-3009
-2600
-3094
-4203
-5519
-6431
-6508
-5738
-4528
-3358
-2457
-1989
-1928
-2037
-2013
-1672
-959
165
1483
2739
3612
4018
3955
3570
3187
2981
3011
3212
3535
3790
3638
2909
1829
839
185
-98
-116
-39
-118
-504
-1011
-1415
-1733
-1944
-1908
-1472
-707
236
1293
2268
2967
3415
3753
4109
4593
5228
5574
5038
3343
1192
-288
-461
657
1855
1856
53
-2864
-5447
-6741
-6575
-5526
-4453
-4080
-4573
-5573
-6492
-6842
-6496
-5597
-4580
-3819
-3328
-2794
-1927
-804
174
640
764
988
1796
3131
4492
5421
5679
5370
4757
4137
3801
3828
4046
4159
3768
2812
1632
664
37
-445
-947
-1437
-1899
-2230
-2355
-2369
-2442
-2613
-2721
-2567
-2020
-1017
364
1865
3187
4192
4782
5080
5231
5552
5949
5845
4677
2580
764
53
682
1731
2157
1167
-1260
-4170
-6455
-7317
-6867
-5777
-4920
-4756
-5311
-6326
-7171
-7414
-6885
-5971
-5146
-4352
-3470
-2192
-647
801
1656
1836
1768
1973
2741
4044
5714
7105
7621
7048
5718
4334
3450
3274
3511
3629
3294
2439
1342
288
-548
-1302
-2114
-2985
-3653
-3893
-3708
-3268
-2868
-2641
-2598
-2478
-1997
-1068
339
2099
3935
5347
6014
6207
6401
6809
6878
6046
4048
1768
172
-40
985
2188
2416
747
-2316
-5570
-7790
-8538
-7925
-6660
-5665
-5458
-6026
-6784
-7238
-7196
-6735
-6254
-5667
-4743
-3259
-1299
725
2291
2985
2950
2674
2855
3653
5064
6655
7858
8251
7676
6445
5013
3843
3169
2805
2384
1760
1011
234
-532
-1349
-2224
-3288
-4446
-5290
-5503
-5007
-4145
-3240
-2526
-2050
-1686
-1078
43
1666
3480
5027
6040
6547
6888
7483
8157
8239
7065
4681
2117
373
29
704
1424
1166
-570
-3326
-6165
-8243
-9228
-9219
-8733
-8273
-8030
-7853
-7429
-6834
-6249
-5915
-5856
-5589
-4655
-2777
-249
2368
4462
5583
5762
5535
5553
6066
6956
7793
8274
8283
7825
7015
5976
4865
3685
2221
430
-1273
-2399
-2838
-2993
-3295
-3936
-4955
-6028
-6795
-7015
-6706
-6000
-4912
-3617
-2223
-736
844
2454
3877
5013
5868
6513
7154
7928
8960
9952
10227
9175
6629
3505
840
-566
-782
-604
-816
-2053
-4132
-6569
-8824
-10415
-11099
-10996
-10489
-9872
-9095
-8033
-6813
-5645
-4808
-4439
-4170
-3465
-1882
481
3157
5675
7557
8599
8926
8888
8822
8781
8631
8267
7685
7027
6407
5727
4702
3134
1056
-1204
-3333
-5020
-6071
-6527
-6608
-6708
-6955
-7117
-6997
-6637
-6249
-5798
-5018
-3807
-2082
137
2635
4965
6809
8112
8961
9436
9689
9977
10422
10997
11102
10112
7678
4413
1293
-1029
-2270
-3015
-3691
-4899
-6587
-8416
-10089
-11281
-12030
-12438
-12661
-12527
-11674
-9887
-7492
-5096
-3142
-1864
-1010
-152
1145
2996
5028
6922
8403
9582
10578
11383
11720
11387
10346
8774
7025
5368
3984
2718
1472
172
-1298
-3028
-4968
-6787
-8299
-9456
-10254
-10558
-10263
-9503
-8284
-6800
-5243
-3924
-2798
-1542
4
1763
3605
5591
7704
9612
10943
11709
12128
12328
12230
11909
11417
10734
9389
7172
3978
351
-3011
-5453
-6774
-7557
-8298
-9545
-11093
-12576
-13535
-13807
-13750
-13599
-13275
-12341
-10418
-7612
-4300
-1173
1257
2873
4102
5376
6883
8481
9953
11100
11769
12172
12480
12701
12409
11260
9192
6559
3896
1544
-484
-2336
-4050
-5638
-7155
-8545
-9736
-10652
-11427
-12011
-12265
-11900
-10748
-8949
-6758
-4538
-2343
-235
1781
3636
5289
6767
8062
9275
10448
11557
12521
13215
13499
13236
12451
11407
10279
9080
7390
4766
1086
-3110
-6803
-9411
-10770
-11456
-11882
-12481
-13292
-14016
-14354
-14064
-13376
-12565
-11654
-10286
-7877
-4430
-520
3036
5768
7653
8936
9995
10991
11867
12348
12358
12034
11705
11530
11332
10609
8975
6463
3464
456
-2281
-4740
-6966
-8990
-10687
-11918
-12516
-12485
-12171
-11960
-11933
-11705
-10811
-9065
-6682
-4125
-1690
663
3091
5582
7899
9778
10988
11490
11552
11610
11907
12289
12445
12207
11584
10725
9731
8666
7349
5546
2910
-545
-4611
-8511
-11593
-13435
-14089
-14090
-13814
-13619
-13297
-12706
-11796
-10796
-9896
-9050
-7923
-6030
-3058
635
4373
7472
9796
11428
12504
13086
13109
12608
11649
10408
9175
8245
7679
7087
5941
4095
1788
-611
-2941
-5224
-7538
-9789
-11781
-13074
-13375
-12672
-11396
-10119
-9099
-8226
-7142
-5609
-3695
-1690
149
1860
3679
5812
8139
10269
11749
12332
12120
11467
10822
10363
9904
9195
8248
7289
6529
5966
5408
4537
3121
866
-2227
-5954
-9501
-12234
-13828
-14362
-14094
-13188
-11912
-10436
-8935
-7430
-6053
-5003
-4433
-3952
-2965
-1078
1563
4540
7375
9700
11318
12300
12688
12360
11252
9509
7457
5437
3778
2664
1935
1187
258
-863
-2145
-3605
-5333
-7306
-9414
-11310
-12545
-12818
-12041
-10423
-8443
-6481
-4633
-2826
-996
685
1979
2754
3271
4040
5362
7034
8628
9787
10417
10614
10509
10175
9585
8653
7388
5971
4701
3871
3451
3196
2824
2201
1061
-806
-3497
-6542
-9374
-11592
-12929
-13373
-12852
-11508
-9640
-7618
-5695
-3978
-2541
-1656
-1214
-858
-133
1042
2560
4298
6176
8007
9558
10642
11012
10646
9572
7848
5632
3323
1391
-28
-1168
-2106
-2753
-3114
-3397
-3909
-4813
-6090
-7584
-9009
-10030
-10365
-9916
-8835
-7359
-5576
-3536
-1266
1095
3165
4497
4980
4996
5084
5450
5983
6500
6930
7318
7677
7990
8222
8238
7798
6854
5617
4477
3634
3003
2456
1895
1232
188
-1460
-3772
-6272
-8472
-10038
-11001
-11485
-11418
-10817
-9745
-8220
-6362
-4362
-2629
-1492
-760
-106
835
1951
3056
4072
5097
6214
7383
8395
8978
8996
8415
7278
5722
4067
2576
1157
-454
-2106
-3349
-3965
-4201
-4494
-4997
-5738
-6647
-7528
-8101
-8268
-8139
-7781
-7081
-5885
-4234
-2236
-90
1879
3404
4472
5325
6118
6677
6884
6800
6632
6540
6529
6672
6863
6894
6674
6346
6051
5745
5282
4584
3660
2632
1651
478
-1245
-3661
-6267
-8455
-9909
-10628
-10783
-10523
-10015
-9412
-8524
-7125
-5290
-3567
-2486
-1815
-1094
-3
1348
2757
4049
5140
6113
7116
8114
8830
9000
8518
7379
5796
4149
2781
1599
229
-1243
-2425
-3149
-3655
-4201
-4820
-5580
-6492
-7280
-7659
-7634
-7492
-7344
-6962
-6123
-4707
-2854
-771
1110
2522
3666
4786
5872
6588
6901
6914
6688
6393
6289
6489
6686
6525
6022
5510
5239
5138
4899
4314
3442
2523
1780
1172
221
-1496
-3990
-6619
-8711
-10062
-10660
-10786
-10599
-10174
-9407
-8025
-6167
-4218
-2677
-1748
-1205
-617
425
1866
3232
4160
4843
5682
6753
7781
8494
8667
8120
6860
5337
4012
2818
1402
-355
-2059
-3267
-3890
-4130
-4310
-4660
-5209
-5838
-6307
-6506
-6504
-6463
-6499
-6383
-5718
-4293
-2365
-439
1266
2809
4273
5573
6553
7127
7279
7099
6687
6192
5798
5607
5478
5122
4582
4193
4078
4033
3795
3354
2707
1917
1137
528
-32
-993
-2616
-4863
-7087
-8679
-9489
-9765
-9886
-9779
-9170
-7940
-6180
-4343
-2762
-1609
-844
-156
679
1654
2519
3077
3479
4054
5001
6152
7052
7412
7179
6467
5409
4251
3119
1872
309
-1481
-2973
-3773
-3988
-4034
-4245
-4582
-4862
-4897
-4672
-4478
-4601
-4983
-5221
-5001
-4202
-2916
-1374
112
1405
2689
4101
5470
6394
6664
6440
6037
5639
5299
4990
4549
3920
3259
2865
2812
2870
2804
2547
2130
1706
1379
1239
1187
1025
551
-462
-2017
-3883
-5594
-6878
-7777
-8387
-8639
-8326
-7400
-6145
-4773
-3416
-2098
-1038
-356
121
566
967
1230
1497
2025
2836
3763
4608
5263
5669
5780
5595
5065
4195
3031
1688
284
-1016
-1985
-2565
-2891
-3150
-3430
-3621
-3611
-3440
-3269
-3289
-3511
-3806
-3961
-3786
-3302
-2675
-1999
-1224
-248
920
2210
3396
4245
4675
4837
4898
4875
4683
4335
3911
3437
2948
2535
2296
2179
2035
1885
1851
1942
2096
2189
2200
2105
1850
1388
551
-766
-2590
-4538
-6141
-7199
-7734
-7916
-7700
-7212
-6547
-5529
-4159
-2745
-1791
-1356
-964
-326
481
1169
1600
1967
2508
3347
4310
5076
5497
5616
5514
5161
4618
3994
3142
1871
288
-1091
-1930
-2426
-2920
-3528
-4053
-4315
-4280
-4012
-3727
-3685
-3933
-4213
-4170
-3725
-3097
-2523
-1981
-1295
-304
943
2281
3508
4512
5283
5812
6100
6107
5850
5253
4346
3352
2582
2143
1818
1456
1126
927
926
1096
1314
1410
1227
932
715
651
407
-413
-1833
-3470
-4823
-5755
-6251
-6514
-6689
-6649
-6198
-5233
-3951
-2630
-1483
-709
-163
454
1153
1682
1783
1637
1678
2143
2893
3584
4047
4313
4429
4416
4285
3969
3283
2113
639
-824
-1946
-2706
-3269
-3792
-4197
-4216
-3829
-3257
-2790
-2559
-2550
-2602
-2496
-2164
-1746
-1457
-1254
-945
-306
725
1907
2923
3648
4253
4864
5325
5439
5166
4536
3641
2666
1881
1377
938
335
-339
-797
-863
-639
-327
-21
272
636
1077
1555
2016
2404
2469
1933
799
-581
-1795
-2799
-3753
-4656
-5272
-5281
-4798
-4107
-3322
-2544
-1833
-1356
-1081
-857
-744
-770
-915
-997
-806
-299
376
1026
1585
2128
2650
3027
3181
3077
2723
2118
1313
517
-131
-623
-1141
-1652
-1935
-1885
-1664
-1513
-1361
-1127
-907
-883
-1046
-1184
-1261
-1406
-1641
-1829
-1805
-1562
-1112
-456
309
1028
1628
2135
2559
2881
3068
3051
2735
2222
1702
1272
865
510
388
510
757
1000
1324
1806
2359
2893
3315
3640
3861
3996
4117
4051
3520
2342
694
-976
-2456
-3753
-4894
-5900
-6648
-7023
-6930
-6382
-5636
-4841
-4074
-3382
-2720
-2109
-1641
-1406
-1309
-1083
-549
255
1184
2099
2954
3752
4463
5045
5462
5605
5257
4434
3404
2444
1515
480
-597
-1509
-2114
-2405
-2509
-2582
-2701
-2918
-3167
-3365
-3476
-3634
-3878
-4098
-4083
-3801
-3325
-2718
-2032
-1198
-225
844
1925
2962
3877
4547
4939
5162
5270
5202
4854
4274
3596
2961
2396
1870
1379
1014
891
952
1083
1230
1373
1508
1598
1697
1805
1883
1874
1595
966
-16
-1258
-2591
-3879
-4949
-5716
-6226
-6487
-6528
-6281
-5671
-4785
-3791
-2819
-1889
-1013
-261
328
729
943
1124
1393
1715
1965
2280
2766
3301
3683
3892
4046
4002
3560
2787
1884
969
-77
-1319
-2481
-3308
-3764
-4034
-4211
-4160
-3913
-3640
-3342
-2918
-2386
-1956
-1718
-1515
-1206
-757
-248
247
762
1387
2161
2988
3779
4515
5146
5513
5567
5449
5253
4810
4008
3031
2130
1326
504
-399
-1332
-2121
-2579
-2656
-2503
-2202
-1779
-1261
-699
-24
799
1609
2248
2702
3108
3375
3299
2809
1974
1000
-77
-1227
-2387
-3491
-4377
-4991
-5281
-5214
-4822
-4268
-3817
-3453
-2953
-2280
-1778
-1674
-1756
-1673
-1364
-1016
-703
-378
38
589
1258
2045
2856
3515
3784
3723
3622
3506
3110
2284
1283
331
-513
-1211
-1686
-1932
-2077
-2197
-2215
-2002
-1526
-994
-646
-542
-561
-541
-462
-363
-253
-89
175
542
1019
1555
2042
2426
2738
3008
3150
3081
2801
2403
1999
1543
882
33
-694
-1062
-1186
-1298
-1399
-1329
-1042
-619
-159
348
909
1452
1945
2374
2753
3057
3326
3569
3623
3355
2721
1695
361
-1062
-2414
-3734
-5031
-6109
-6856
-7314
-7468
-7191
-6518
-5688
-4866
-3997
-2967
-1917
-1109
-620
-250
241
816
1347
1788
2262
2864
3547
4235
4895
5436
5661
5489
5099
4638
3998
2999
1711
466
-635
-1651
-2623
-3389
-3808
-4021
-4080
-3882
-3369
-2761
-2312
-1975
-1609
-1203
-845
-578
-356
-102
224
610
1027
1553
2184
2798
3312
3725
4054
4149
3913
3455
2939
2421
1775
936
16
-790
-1396
-1898
-2322
-2628
-2788
-2811
-2632
-2144
-1447
-775
-215
350
1026
1762
2428
3029
3608
4158
4498
4455
3992
3170
2170
1118
4
-1228
-2469
-3566
-4490
-5296
-5837
-5978
-5787
-5507
-5203
-4718
-4057
-3449
-3056
-2697
-2175
-1495
-805
-147
547
1304
2073
2794
3525
4285
4901
5223
5309
5360
5306
4912
4122
3124
2139
1143
53
-1066
-2024
-2726
-3236
-3600
-3737
-3667
-3568
-3509
-3342
-2894
-2284
-1768
-1475
-1254
-915
-460
4
462
965
1425
1769
2138
2680
3274
3568
3503
3359
3296
3139
2645
1921
1186
500
-202
-923
-1550
-2026
-2385
-2607
-2652
-2484
-2165
-1773
-1284
-669
60
759
1362
1928
2492
2998
3370
3709
4092
4419
4412
3932
3092
2094
1046
-169
-1580
-3030
-4349
-5440
-6326
-6924
-7123
-6985
-6603
-6056
-5273
-4243
-3160
-2235
-1478
-709
86
776
1306
1768
2233
2681
3146
3661
4182
4613
4931
5132
5210
5085
4613
3808
2797
1773
736
-383
-1538
-2617
-3503
-4184
-4632
-4750
-4539
-4097
-3559
-3001
-2372
-1647
-867
-128
502
978
1253
1373
1524
1804
2117
2375
2553
2701
2801
2807
2716
2559
2343
1962
1339
582
-115
-744
-1404
-2118
-2769
-3241
-3487
-3489
-3233
-2762
-2168
-1567
-990
-328
450
1230
1901
2480
3052
3561
3954
4221
4403
4541
4643
4699
4601
4264
3638
2689
1500
212
-1106
-2464
-3852
-5171
-6257
-7093
-7617
-7818
-7685
-7189
-6473
-5595
-4531
-3316
-2118
-1093
-164
801
1685
2350
2856
3336
3809
4190
4497
4782
4969
4979
4866
4714
4462
3975
3284
2475
1540
428
-819
-2040
-3150
-4083
-4812
-5282
-5425
-5309
-5014
-4593
-3956
-3124
-2244
-1458
-747
-8
724
1343
1765
2099
2396
2677
2915
3077
3100
2949
2717
2517
2384
2229
1959
1470
852
235
-293
-806
-1428
-2083
-2614
-2905
-3031
-3080
-2968
-2631
-2085
-1398
-635
149
867
1571
2354
3173
3874
4365
4655
4821
4896
4881
4829
4814
4787
4536
3891
2947
1865
686
-628
-2097
-3591
-4998
-6236
-7253
-8024
-8527
-8762
-8685
-8240
-7466
-6472
-5302
-4044
-2789
-1475
-153
1082
2048
2804
3476
3978
4282
4436
4548
4648
4736
4761
4703
4554
4313
3960
3406
2677
1776
775
-232
-1234
-2234
-3244
-4127
-4754
-5087
-5180
-5051
-4648
-4041
-3337
-2600
-1774
-876
35
910
1682
2319
2807
3177
3382
3446
3405
3283
3076
2813
2586
2409
2217
1918
1516
1122
760
313
-241
-840
-1392
-1907
-2343
-2612
-2737
-2773
-2741
-2585
-2268
-1805
-1224
-563
148
890
1629
2305
2866
3314
3657
3923
4067
4044
3864
3604
3324
2980
2595
2180
1632
856
-109
-1104
-2128
-3285
-4478
-5566
-6496
-7263
-7819
-8047
-7968
-7632
-7030
-6139
-4987
-3664
-2296
-957
367
1656
2816
3768
4501
5075
5458
5639
5668
5558
5346
5050
4735
4384
3949
3469
2973
2386
1643
796
-113
-1065
-2021
-2916
-3735
-4477
-5041
-5365
-5490
-5406
-5049
-4448
-3717
-2876
-1875
-747
354
1368
2301
3088
3727
4217
4514
4524
4306
4019
3639
3081
2414
1788
1231
686
174
-313
-843
-1339
-1704
-1942
-2237
-2623
-2944
-3093
-3117
-3083
-2962
-2728
-2366
-1885
-1283
-552
298
1250
2189
2950
3511
3934
4274
4475
4504
4418
4242
3901
3357
2722
2090
1439
765
178
-327
-934
-1693
-2478
-3170
-3853
-4534
-5125
-5649
-6116
-6412
-6338
-5929
-5352
-4619
-3610
-2302
-867
506
1708
2787
3778
4640
5253
5499
5500
5360
5043
4422
3570
2713
1897
1068
277
-377
-945
-1496
-1978
-2351
-2675
-3005
-3288
-3497
-3646
-3757
-3795
-3727
-3507
-3110
-2550
-1853
-1035
-66
1000
2076
3060
3897
4551
4999
5284
5386
5249
4831
4208
3496
2740
1858
806
-296
-1331
-2240
-3014
-3617
-4032
-4266
-4323
-4221
-4026
-3686
-3168
-2555
-1979
-1479
-975
-449
101
700
1347
1970
2524
3024
3495
3874
4107
4229
4220
4025
3624
3146
2649
2082
1422
739
81
-554
-1097
-1497
-1788
-2000
-2062
-1968
-1849
-1855
-1876
-1826
-1722
-1687
-1779
-1934
-2096
-2173
-2183
-2155
-2029
-1731
-1269
-735
-125
573
1287
1885
2332
2666
2855
2846
2637
2280
1741
988
181
-483
-994
-1462
-1898
-2220
-2402
-2449
-2334
-2074
-1753
-1448
-1182
-919
-684
-542
-516
-506
-412
-222
32
298
549
773
1094
1549
2048
2464
2793
3084
3320
3442
3379
3114
2696
2143
1464
708
-51
-721
-1329
-1889
-2428
-2911
-3246
-3393
-3379
-3240
-2977
-2612
-2218
-1836
-1430
-988
-546
-137
209
461
671
937
1234
1434
1541
1737
2042
2283
2390
2420
2436
2445
2403
2275
2029
1733
1460
1169
795
328
-131
-527
-836
-1078
-1228
-1227
-1114
-913
-694
-513
-449
-540
-720
-959
-1266
-1608
-1942
-2222
-2433
-2527
-2484
-2327
-2076
-1740
-1328
-823
-210
421
986
1434
1740
1807
1694
1564
1453
1260
919
577
298
70
-100
-202
-220
-193
-144
-93
-2
120
208
203
155
95
-26
-202
-320
-407
-542
-710
-765
-642
-470
-273
-36
309
707
1022
1233
1389
1552
1670
1648
1499
1245
882
453
37
-320
-692
-1079
-1404
-1615
-1731
-1762
-1678
-1516
-1317
-1055
-707
-319
-20
155
283
393
491
537
558
580
612
656
749
894
1036
1077
1050
1051
1102
1162
1161
1114
1007
858
678
493
336
192
35
-123
-201
-165
-73
20
132
309
498
628
671
658
559
302
-78
-477
-863
-1321
-1859
-2333
-2630
-2762
-2757
-2590
-2273
-1911
-1541
-1121
-616
-134
235
527
779
981
1064
1054
972
830
682
525
359
183
63
53
105
172
247
323
357
326
274
209
85
-154
-445
-717
-911
-1031
-1119
-1188
-1221
-1163
-964
-657
-276
137
572
992
1331
1578
1751
1860
1892
1837
1690
1414
1017
585
192
-139
-451
-717
-936
-1099
-1206
-1252
-1203
-1113
-1008
-904
-800
-671
-533
-399
-264
-104
94
267
354
440
640
919
1101
1150
1205
1393
1677
1896
1917
1744
1482
1238
1040
886
736
537
275
0
-240
-475
-667
-730
-670
-616
-622
-596
-512
-455
-455
-420
-366
-436
-672
-927
-1095
-1270
-1544
-1825
-1972
-1946
-1799
-1597
-1342
-1036
-721
-408
-41
395
816
1145
1428
1608
1559
1369
1169
976
684
322
-1
-285
-528
-693
-756
-726
-627
-448
-259
-125
-38
47
118
133
90
44
-8
-17
-2
-1
13
40
117
255
466
679
801
911
1046
1117
1022
825
608
372
107
-206
-523
-842
-1148
-1440
-1665
-1744
-1756
-1761
-1737
-1600
-1343
-991
-548
-139
158
401
704
1054
1371
1601
1749
1828
1851
1798
1649
1474
1307
1139
959
833
767
652
457
262
125
0
-147
-294
-454
-611
-759
-890
-1009
-1068
-1009
-856
-642
-407
-175
76
342
597
829
1019
1133
1099
941
757
596
413
132
-216
-502
-731
-951
-1198
-1385
-1480
-1492
-1419
-1261
-1050
-808
-559
-355
-182
-37
87
161
158
130
96
69
21
-47
-33
41
104
144
257
473
667
747
760
722
617
465
345
262
134
-71
-283
-454
-567
-642
-694
-730
-729
-640
-481
-279
-94
119
361
558
639
637
671
715
644
442
246
109
-24
-195
-319
-380
-436
-473
-375
-168
5
88
130
189
213
209
177
134
117
105
72
-42
-211
-324
-379
-437
-525
-519
-358
-173
-48
37
158
305
468
629
736
785
774
710
614
551
542
547
496
386
290
259
291
299
275
244
229
243
234
104
-125
-332
-481
-611
-731
-755
-694
-674
-702
-711
-646
-508
-376
-244
-96
57
175
184
171
154
58
-150
-386
-509
-573
-676
-823
-889
-806
-643
-495
-418
-374
-326
-196
2
214
377
493
595
680
729
726
648
477
272
123
134
237
319
336
321
313
300
282
272
229
129
-7
-141
-280
-453
-670
-895
-1074
-1224
-1321
-1337
-1275
-1181
-1056
-815
-513
-307
-211
-87
146
452
753
1043
1250
1338
1376
1438
1484
1437
1326
1226
1162
1105
1078
1065
1005
888
786
727
629
445
266
164
96
-42
-249
-420
-490
-489
-479
-510
-582
-653
-652
-590
-540
-517
-483
-416
-353
-342
-370
-383
-378
-411
-491
-545
-572
-609
-643
-593
-452
-296
-204
-213
-241
-170
20
180
232
223
209
192
172
157
140
110
79
49
14
7
-4
-54
-115
-111
-57
-52
-105
-129
-65
27
72
15
-124
-219
-173
-47
8
-56
-114
-114
-80
-33
-2
10
-35
-80
-61
29
136
155
101
50
52
60
7
-54
-77
-69
-90
-117
-82
-4
51
71
101
148
202
303
434
531
567
592
600
554
494
446
370
265
185
127
25
-112
-145
-104
-90
-120
-97
-8
28
-26
-69
-34
25
23
-32
-57
-24
2
-11
-39
-35
-1
18
45
91
136
160
154
123
26
-106
-198
-219
-239
-327
-449
-526
-520
-485
-465
-470
-459
-417
-335
-243
-197
-224
-250
-213
-146
-92
-30
97
229
300
301
304
321
326
344
386
422
412
394
413
425
407
386
316
218
145
106
25
-136
-233
-243
-269
-382
-529
-609
-616
-616
-619
-572
-430
-245
-98
33
146
208
226
262
319
319
295
289
306
268
171
87
56
54
28
11
0
0
-25
-17
67
147
159
113
92
96
82
88
148
240
300
274
194
132
151
209
209
161
135
126
105
76
56
-1
-106
-216
-320
-440
-548
-587
-589
-567
-494
-356
-233
-208
-208
-127
-16
25
28
118
236
270
213
129
57
-3
-18
-59
-179
-308
-360
-334
-320
-332
-340
-342
-335
-296
-237
-166
-57
109
257
334
386
477
581
626
600
530
454
421
406
363
259
139
44
-32
-68
-103
-173
-288
-367
-388
-385
-407
-435
-440
-412
-381
-428
-537
-613
-581
-490
-394
-279
-118
56
225
412
585
652
631
635
711
779
749
647
534
465
408
322
221
123
60
30
32
19
-42
-95
-87
-57
-85
-173
-231
-229
-204
-199
-164
-74
35
124
165
173
149
128
143
182
189
158
142
190
248
246
188
144
147
114
17
-141
-261
-324
-344
-319
-293
-250
-227
-205
-184
-146
-88
-73
-94
-91
10
168
242
236
200
168
140
106
106
101
71
22
-44
-89
-134
-152
-165
-170
-205
-309
-413
-483
-509
-555
-604
-622
-605
-576
-555
-530
-469
-344
-167
-25
63
150
232
277
265
274
311
306
264
240
254
247
220
200
164
107
47
17
-49
-137
-208
-250
-280
-283
-244
-197
-149
-65
54
121
111
69
58
88
126
134
138
169
233
285
278
231
192
210
268
315
327
324
344
384
408
395
355
307
223
120
73
83
91
61
58
92
91
43
-13
-26
-12
-16
-69
-171
-257
-291
-323
-366
-404
-413
-421
-431
-424
-399
-338
-229
-124
-90
-109
-110
-72
-53
-84
-127
-127
-109
-121
-141
-110
-17
66
97
125
182
253
305
295
243
172
135
126
112
130
195
274
308
292
265
223
182
183
205
196
142
75
34
4
-1
6
8
14
48
102
106
49
-34
-109
-163
-169
-139
-136
-191
-247
-265
-238
-195
-180
-240
-346
-392
-349
-268
-180
-116
-97
-114
-104
-53
10
45
40
-3
-26
16
116
247
319
271
144
58
41
23
-11
-32
-36
-48
-76
-91
-82
-23
26
38
15
-14
-31
-27
17
40
19
-24
-60
-95
-107
-96
-103
-121
-108
-104
-130
-137
-79
-12
26
106
228
327
343
286
189
97
68
115
172
162
72
-20
-19
52
116
173
233
290
310
334
369
364
336
316
315
277
163
2
-139
-186
-152
-132
-188
-271
-305
-289
-288
-297
-303
-280
-225
-164
-122
-120
-89
-1
78
66
-31
-128
-167
-160
-135
-99
-77
-93
-148
-183
-156
-125
-123
-93
-29
-3
-76
-221
-352
-394
-307
-200
-190
-239
-222
-174
-174
-194
-162
-68
34
128
193
239
287
331
342
326
312
282
225
151
116
128
153
171
202
255
288
254
200
204
253
253
200
156
135
127
127
183
239
241
209
174
132
29
-61
-57
13
55
49
79
169
223
177
60
-45
-109
-134
-156
-167
-177
-198
-198
-204
-196
-218
-254
-242
-178
-92
-68
-104
-113
-93
-57
-63
-109
-171
-190
-137
-77
-66
-103
-151
-215
-281
-330
-350
-377
-421
-456
-441
-374
-328
-338
-374
-352
-257
-153
-100
-78
-68
-52
-29
7
72
142
198
223
248
300
340
372
400
423
432
444
492
478
407
337
304
255
179
169
197
213
192
169
155
121
85
3
-122
-227
-227
-129
-3
117
165
135
90
118
175
201
204
203
156
91
99
187
243
193
100
32
8
-15
-24
-24
-8
-13
-36
-47
-32
-33
-55
3
97
90
-34
-138
-150
-167
-189
-179
-183
-215
-211
-152
-111
-115
-112
-76
-49
-52
-68
-71
-48
-13
-38
-114
-183
-179
-131
-152
-236
-275
-237
-202
-245
-279
-227
-163
-159
-202
-210
-191
-179
-153
-107
-89
-136
-182
-180
-160
-152
-131
-87
-62
-39
25
128
199
170
99
50
55
63
54
40
7
-23
-24
13
34
14
-25
-29
1
54
123
189
227
221
201
180
182
207
238
229
225
253
296
317
313
321
318
270
194
133
120
108
52
-6
1
96
193
226
200
160
145
141
157
170
175
168
149
94
21
-25
-25
3
23
19
-43
-125
-169
-153
-120
-123
-147
-163
-117
-37
0
-28
-90
-131
-164
-189
-188
-200
-236
-288
-291
-229
-162
-149
-184
-203
-204
-203
-215
-238
-276
-316
-302
-237
-185
-203
-236
-245
-210
-167
-138
-119
-78
25
133
177
170
168
184
194
190
178
169
157
161
134
67
17
40
79
29
-56
-64
-8
14
22
107
222
228
140
103
153
189
198
223
254
242
187
143
115
104
134
159
144
106
80
52
-13
-67
-61
-63
-125
-205
-226
-210
-240
-272
-237
-150
-115
-155
-230
-278
-300
-281
-228
-175
-109
-36
37
58
35
44
101
146
160
163
154
96
21
10
70
131
135
82
39
64
127
162
160
171
179
125
27
-42
-26
49
84
54
5
2
26
54
108
158
178
158
121
102
87
66
14
-33
-9
38
59
-4
-82
-106
-106
-136
-220
-273
-276
-229
-180
-166
-185
-157
-43
49
46
7
-7
-25
-60
-57
22
133
187
164
124
127
152
131
109
133
144
65
-80
-171
-188
-190
-198
-186
-144
-90
-66
-69
-73
-67
-43
-17
7
29
52
67
45
22
14
15
-4
-21
-13
0
17
47
66
67
36
-41
-95
-98
-65
-82
-109
-80
-54
-32
47
179
237
172
106
122
147
114
69
52
80
101
128
156
152
133
101
77
33
-25
-69
-106
-136
-173
-234
-299
-324
-269
-196
-174
-197
-220
-232
-252
-247
-200
-125
-74
-48
-41
-27
28
92
128
155
227
317
348
341
339
292
165
39
15
42
27
-24
-46
-54
-74
-95
-94
-102
-166
-220
-232
-184
-147
-149
-166
-171
-130
-125
-146
-128
-57
18
72
133
178
180
188
211
189
137
119
167
225
258
226
136
50
-4
-21
-46
-32
1
11
19
8
6
-32
-83
-108
-102
-71
-49
-24
-8
-9
13
75
118
119
128
199
247
213
131
56
42
61
77
63
62
84
92
37
-18
-15
7
-25
-106
-153
-161
-158
-170
-184
-213
-239
-199
-98
-20
-44
-136
-170
-125
-67
-67
-69
-30
31
75
105
116
103
107
172
240
223
159
138
157
144
116
133
158
112
18
-70
-146
-203
-201
-147
-126
-162
-217
-255
-257
-209
-132
-55
-17
4
-10
-50
-49
12
88
121
119
115
111
112
128
140
132
115
87
40
-8
-14
9
-32
-103
-124
-49
-2
-19
-60
-68
-49
-20
15
18
9
6
8
0
15
56
65
2
-61
-49
26
76
47
-7
-29
-14
-16
-81
-134
-86
19
83
56
10
-2
21
74
85
46
-6
-43
-49
-44
0
54
66
39
-13
-19
14
35
-1
-51
-53
-28
-13
-30
-61
-105
-112
-92
-98
-122
-119
-68
-65
-104
-142
-144
-124
-92
-44
-20
-24
-22
-12
-22
-29
-2
43
61
51
47
37
4
-25
-20
36
105
149
157
150
153
169
197
203
210
182
125
43
-38
-38
-23
-31
-94
-131
-88
-41
-36
-70
-106
-146
-172
-148
-63
27
82
110
136
171
185
164
123
126
184
228
208
154
109
83
77
96
109
88
38
-43
-146
-211
-181
-129
-136
-202
-242
-207
-150
-132
-157
-181
-171
-132
-67
11
47
37
7
6
39
84
101
81
31
7
41
99
109
52
1
-35
-69
-76
-14
42
19
-45
-70
-37
4
20
-5
-69
-131
-150
-97
-21
20
53
105
153
156
139
118
88
55
56
77
88
92
77
31
-10
8
54
24
-93
-210
-245
-210
-173
-160
-144
-83
-23
-25
-101
-170
-183
-146
-104
-82
-81
-69
-4
86
148
148
155
169
160
138
138
170
203
258
310
290
200
114
131
183
169
74
-26
-46
1
58
68
48
19
13
-5
-27
-62
-104
-140
-157
-142
-119
-96
-91
-100
-131
-157
-172
-152
-117
-121
-139
-128
-70
-21
-3
14
34
37
20
0
-18
-33
-55
-68
-64
-61
-71
-80
-53
-15
-6
-17
-9
-8
-24
-63
-68
-54
-38
-18
15
56
62
32
7
21
27
21
4
6
36
65
83
84
87
97
64
6
-45
-79
-92
-85
-57
-19
-5
3
38
65
91
105
124
98
27
18
77
115
78
40
51
69
67
62
60
82
94
86
64
37
18
-27
-69
-69
-27
28
58
20
-23
-3
80
