-42.4682
-37.4778
-26.4987
-3.04354
19.9126
24.9031
17.9164
29.3945
60.3354
67.8211
51.3526
46.3621
49.8554
41.3716
26.8993
34.385
58.8383
67.3221
62.3316
52.3507
50.3545
65.8249
87.783
106.248
104.252
102.754
99.2611
79.2992
62.8306
64.3278
84.2897
95.2687
102.255
122.716
134.693
124.712
105.749
95.2687
91.2763
78.3011
72.8116
84.2897
102.255
109.242
104.252
110.24
119.223
115.231
103.752
97.7639
91.7754
81.7944
80.7963
88.7811
91.2763
80.7963
81.2954
95.7677
95.7677
73.8097
48.8573
56.343
69.3183
56.343
24.9031
5.44026
9.43263
16.9183
20.9107
17.4174
5.44026
-6.03782
-6.53687
-6.03782
-16.5178
-30.9902
-43.9654
-60.933
-72.4111
-60.4339
-37.9768
-29.9921
-45.9616
-57.9387
-72.9101
-91.8739
-107.344
-110.339
-111.836
-119.321
-121.817
-123.314
-132.297
-152.758
-178.708
-192.681
-176.213
-153.756
-158.746
-197.672
-214.639
-181.203
-132.796
-108.841
-111.337
-120.32
-125.809
-131.299
-125.809
-108.342
-84.3882
-68.4187
-73.9082
-86.3844
-87.8815
-68.9177
-59.4358
-56.9406
-40.9711
-20.5102
-12.0264
-15.5197
-12.5254
-3.04354
6.43835
22.9069
28.8955
12.4269
8.43454
24.9031
44.3659
38.3774
30.3926
34.884
37.8783
32.8878
32.8878
41.3716
57.8402
65.3259
65.3259
63.3297
55.844
59.3373
62.8306
74.8078
83.2916
80.2973
75.8059
66.324
72.8116
90.7773
91.2763
71.8135
56.8421
87.2839
118.724
113.733
92.2744
79.2992
95.7677
109.242
108.244
97.7639
80.7963
86.7849
108.244
134.693
148.168
137.688
123.215
111.238
110.24
116.728
111.737
89.2801
70.3164
83.7906
128.705
151.661
136.191
99.7601
74.8078
73.8097
87.2839
101.756
101.756
82.7925
60.8345
48.3583
41.8707
34.385
11.9279
-17.5159
-39.474
-45.4625
-44.9635
-39.474
-33.4854
-36.9787
-49.9539
-66.9215
-78.3996
-84.8872
-93.8701
-100.857
-107.843
-112.335
-118.822
-133.295
-150.761
-163.238
-168.727
-167.23
-163.737
-165.234
-173.718
-178.708
-171.222
-163.238
-163.238
-164.735
-157.748
-149.264
-139.283
-112.834
-69.9158
-40.9711
-25.0016
-23.5045
-28.4949
-43.4663
-53.9463
-53.9463
-60.933
-59.9349
-51.4511
-40.9711
-46.4606
-56.9406
-50.453
-44.9635
-37.9768
-16.5178
13.9241
28.8955
17.4174
15.4212
29.8936
45.364
34.884
18.9145
18.4155
31.8897
38.8764
26.8993
32.3888
41.8707
49.3564
32.3888
9.93168
9.93168
26.4002
63.3297
91.2763
90.2782
66.324
50.8535
68.3202
93.7716
105.749
101.257
81.7944
56.343
63.8287
81.7944
83.7906
67.3221
71.3144
111.238
129.703
131.2
127.707
120.72
116.229
103.253
107.745
120.72
122.217
94.7696
64.8268
47.3602
51.3526
77.8021
94.7696
99.2611
87.783
98.762
127.707
125.711
104.252
92.2744
88.7811
88.7811
88.282
96.2668
102.255
73.8097
42.3697
15.9202
-0.0492582
-4.04163
-0.0492582
14.9221
12.926
-0.548305
-11.5273
-31.9883
-51.4511
-61.432
-56.9406
-55.9425
-67.9196
-73.9082
-65.9234
-66.4225
-91.8739
-125.31
-149.763
-163.238
-173.219
-171.222
-163.737
-158.247
-153.257
-155.752
-176.213
-203.66
-199.169
-173.718
-162.739
-167.23
-166.232
-151.76
-146.769
-142.777
-118.323
-92.3729
-87.3825
-113.333
-136.289
-136.289
-117.824
-94.8682
-86.8834
-70.9139
-48.4568
-26.4987
-30.4911
-54.4454
-55.4435
-33.9844
-17.0169
-30.9902
-50.453
-33.4854
13.9241
45.8631
42.3697
20.4117
2.94502
2.44598
11.9279
23.4059
14.4231
7.93549
40.3735
73.3106
81.2954
56.8421
59.8364
76.3049
75.3068
71.8135
89.7792
115.231
112.735
116.728
128.206
139.185
110.739
101.756
124.712
150.164
166.632
159.147
143.676
120.72
120.72
133.695
139.684
125.711
124.712
133.196
134.693
133.196
128.206
138.187
129.204
117.227
118.225
120.72
122.217
111.238
106.747
102.754
91.2763
86.2859
76.3049
65.8249
61.8326
54.8459
53.3488
52.3507
57.3411
57.3411
41.8707
20.9107
2.94502
1.94693
0.449789
-17.5159
-41.4701
-55.9425
-56.4416
-68.4187
-87.3825
-101.855
-106.845
-106.845
-108.841
-110.339
-103.851
-101.855
-113.333
-126.807
-137.287
-140.78
-148.266
-152.259
-151.26
-164.236
-181.702
-188.19
-172.22
-157.249
-166.232
-184.198
-187.192
-182.7
-192.182
-210.148
-203.161
-163.737
-126.308
-107.344
-104.35
-99.8586
-84.3882
-80.3958
-77.9006
-78.8987
-73.4092
-67.4206
-60.4339
-45.4625
-33.9844
-32.9864
-38.9749
-39.474
-28.994
-1.04735
16.9183
6.9374
-12.5254
-4.54068
32.8878
54.8459
51.8516
40.3735
39.3754
44.865
59.8364
74.3087
75.8059
65.8249
61.3335
97.2649
133.695
142.678
116.229
95.7677
100.758
104.252
105.25
107.246
118.225
119.223
103.752
101.756
107.246
121.718
126.21
133.695
151.661
164.137
167.63
158.149
148.168
138.187
137.688
143.177
151.661
149.166
135.192
127.208
129.204
139.684
130.701
118.225
129.204
136.69
131.699
117.227
104.252
100.259
89.2801
86.2859
81.2954
70.3164
62.8306
58.8383
64.8268
69.8173
49.8554
26.8993
35.8821
58.3392
56.8421
17.4174
-28.4949
-57.4396
-67.9196
-57.4396
-44.4644
-59.9349
-86.3844
-105.847
-115.828
-118.822
-125.809
-131.798
-128.304
-133.295
-142.278
-162.739
-183.699
-191.683
-204.159
-208.651
-201.664
-186.693
-179.207
-183.199
-181.702
-176.213
-176.213
-171.222
-160.243
-149.264
-153.257
-162.239
-165.234
-157.748
-133.295
-111.836
-105.348
-120.32
-118.822
-80.3958
-46.4606
-45.9616
-58.4377
-57.4396
-32.9864
-12.5254
-1.04735
1.94693
-4.54068
-6.53687
-16.0188
-20.0111
-27.4968
-20.0111
-10.5292
5.44026
34.884
49.8554
60.3354
50.3545
51.8516
52.3507
44.3659
40.8726
44.3659
61.8326
76.3049
80.7963
60.8345
38.3774
49.8554
79.7982
92.2744
91.2763
89.2801
101.257
99.2611
104.252
130.202
142.678
152.16
152.16
131.699
97.7639
79.2992
103.752
136.69
120.72
99.2611
88.7811
106.248
128.705
131.699
132.198
130.701
121.718
108.743
100.259
100.758
108.244
103.253
116.229
124.712
111.238
94.2706
84.2897
84.2897
78.3011
65.8249
68.8192
69.8173
59.3373
53.8478
48.3583
46.3621
28.3964
5.44026
0.449789
-15.5197
-25.5006
-34.4835
-34.4835
-23.0054
-30.9902
-33.9844
-48.4568
-66.9215
-70.4149
-84.8872
-97.8624
-105.847
-102.853
-98.8605
-118.323
-131.299
-134.293
-148.765
-173.718
-193.18
-194.178
-185.695
-181.702
-186.693
-193.679
-184.697
-175.714
-182.7
-188.19
-176.712
-161.74
-168.228
-162.239
-139.283
-127.805
-138.784
-150.262
-144.274
-120.32
-82.392
-50.952
-46.9597
-59.4358
-73.9082
-85.8853
-82.891
-71.413
-45.9616
-38.9749
-34.9825
-30.4911
-31.9883
-22.5064
-4.04163
11.9279
16.9183
11.4288
0.449789
-4.54068
-1.5464
11.9279
20.4117
14.4231
20.4117
32.8878
35.3831
35.8821
48.3583
77.303
101.756
97.2649
89.7792
87.2839
103.253
143.177
165.135
159.147
143.676
130.701
139.684
151.162
172.621
209.55
205.558
194.579
169.627
172.621
197.573
192.583
191.585
199.07
200.069
192.583
181.604
188.59
192.084
175.116
160.644
141.181
151.661
179.608
185.097
166.133
140.682
122.217
102.754
96.7658
122.217
130.701
87.2839
41.8707
38.3774
49.8554
39.3754
9.43263
9.93168
25.9012
18.4155
2.94502
2.94502
10.9298
-1.5464
-36.4797
-43.9654
-40.4721
-61.432
-98.3615
-115.329
-107.843
-107.344
-107.843
-97.8624
-97.3634
-125.809
-152.259
-160.243
-162.739
-162.739
-163.737
-179.706
-196.674
-204.658
-200.167
-220.628
-248.575
-246.079
-237.596
-229.611
-235.1
-225.618
-224.121
-227.615
-215.138
-200.167
-181.203
-174.217
-164.735
-168.228
-177.211
-156.75
-123.314
-103.851
-102.853
-97.8624
-81.3939
-82.891
-96.3653
-89.8777
-55.4435
-27.4968
-33.4854
-39.973
-22.5064
-3.04354
-0.0492582
3.94312
29.3945
49.8554
49.8554
43.8669
37.3793
37.3793
32.8878
37.8783
39.8745
37.3793
58.3392
60.8345
60.8345
61.8326
79.2992
90.7773
69.3183
66.324
97.7639
141.68
172.621
174.617
167.63
182.103
196.575
216.537
220.529
219.531
196.575
162.64
144.674
141.181
139.684
150.663
171.623
188.091
205.059
221.029
229.512
207.055
189.09
202.564
207.554
177.112
149.166
153.657
185.596
185.596
163.139
145.672
134.194
121.718
103.752
100.259
124.712
128.705
76.3049
8.93359
-2.04545
46.3621
59.3373
19.4136
-12.5254
-14.5216
-20.0111
-50.952
-91.8739
-111.836
-112.834
-106.845
-110.339
-143.775
-164.236
-168.727
-166.232
-168.228
-177.211
-171.721
-163.238
-164.236
-182.201
-216.137
-244.083
-264.544
-271.531
-270.034
-259.055
-253.565
-258.556
-258.556
-253.565
-241.089
-226.117
-207.154
-190.186
-176.712
-161.74
-142.777
-140.281
-160.742
-184.697
-184.697
-141.779
-104.849
-91.3748
-89.3787
-74.9063
-50.952
-45.9616
-51.9501
-51.4511
-48.9559
-25.5006
0.948836
22.9069
32.8878
38.8764
66.823
71.8135
59.8364
59.8364
86.7849
125.212
129.703
112.735
78.3011
70.3164
88.282
116.728
117.227
95.2687
92.2744
99.2611
120.72
138.686
135.691
132.198
116.229
108.743
118.225
133.196
173.619
184.099
167.131
142.179
126.709
140.183
147.17
136.191
139.185
148.168
175.116
181.604
156.651
145.173
175.615
216.537
219.032
196.076
172.621
170.625
162.64
178.11
185.596
163.638
134.693
126.709
155.653
163.638
145.672
139.185
153.657
146.671
96.7658
50.8535
52.8497
69.8173
60.3354
29.3945
6.43835
1.94693
-13.5235
-55.4435
-90.3767
-89.8777
-65.4244
-68.4187
-103.352
-133.295
-148.765
-161.74
-187.691
-195.676
-199.169
-206.655
-206.655
-217.634
-229.112
-246.079
-239.093
-232.605
-258.556
-280.514
-268.037
-234.102
-221.626
-243.085
-261.051
-252.567
-228.114
-211.645
-218.632
-224.121
-232.106
-228.114
-217.135
-193.18
-182.201
-184.198
-170.224
-133.794
-88.8796
-67.4206
-53.4473
-47.4587
-64.9254
-91.3748
-88.8796
-51.9501
-18.0149
-11.5273
-0.0492582
12.926
26.4002
40.8726
36.8802
38.3774
50.3545
77.303
110.24
111.737
107.745
90.2782
83.2916
93.2725
106.248
108.743
90.7773
76.804
98.263
123.215
126.709
119.223
124.712
152.659
154.156
162.141
175.615
192.084
189.09
177.112
189.09
182.602
162.64
147.17
169.128
217.036
221.029
200.069
172.122
183.101
195.577
198.571
219.032
244.484
242.987
200.568
164.636
171.623
198.072
199.07
182.103
164.636
175.116
166.632
134.693
110.739
101.756
111.238
120.72
119.722
87.2839
40.8726
17.9164
10.9298
-13.5235
-40.9711
-40.9711
-28.4949
-32.9864
-49.4549
-58.9368
-73.9082
-96.8644
-109.84
-116.327
-134.293
-161.74
-183.199
-190.186
-188.689
-183.699
-197.173
-237.097
-277.519
-293.489
-280.514
-261.051
-253.066
-265.043
-278.517
-278.517
-269.535
-260.552
-262.548
-246.079
-209.649
-198.171
-219.131
-239.093
-228.613
-215.638
-219.63
-210.647
-175.714
-154.255
-153.756
-147.767
-145.771
-138.784
-131.299
-96.8644
-52.4492
-38.9749
-39.973
-22.0073
-11.0283
-17.0169
-35.9806
-28.4949
10.9298
36.3812
47.3602
45.364
60.8345
98.762
113.234
103.253
97.2649
100.758
95.2687
68.3202
80.2973
127.208
134.693
100.758
75.8059
86.7849
103.253
90.7773
95.2687
111.737
131.2
134.194
118.225
114.232
116.728
130.701
147.17
172.122
162.141
144.175
154.156
191.086
219.032
221.528
219.531
217.535
206.556
212.545
228.015
240.491
257.459
271.432
268.937
255.463
244.484
235.501
240.491
252.968
268.937
254.465
226.019
219.531
212.545
181.604
138.686
101.257
84.7887
82.7925
88.282
85.2878
29.8936
-28.994
-64.4263
-74.9063
-73.4092
-79.3977
-70.4149
-75.9044
-95.8663
-124.811
-169.226
-208.651
-242.586
-255.561
-265.542
-279.016
-287.001
-302.472
-309.458
-305.965
-285.504
-272.03
-283.009
-295.984
-294.986
-275.523
-262.548
-271.032
-286.502
-278.018
-245.58
-221.127
-223.622
-230.609
-217.634
-196.175
-175.714
-173.718
-166.731
-151.26
-130.8
-115.828
-122.316
-114.331
-100.857
-95.8663
-92.3729
-73.4092
-42.4682
-20.0111
-25.9997
-33.9844
-15.5197
11.9279
45.8631
57.8402
69.3183
90.7773
85.7868
66.823
48.8573
63.8287
102.255
100.259
83.2916
82.2935
116.728
159.646
156.152
139.185
123.215
131.699
159.147
161.642
147.17
128.206
120.72
135.691
153.158
185.596
204.061
200.568
189.589
182.602
207.055
233.006
236.998
227.516
206.057
218.533
232.008
241.988
242.488
228.514
224.023
203.562
193.581
190.587
198.571
206.057
200.568
202.065
195.577
173.619
142.179
131.699
130.202
123.215
121.219
117.726
109.242
87.2839
60.8345
25.4021
-15.0207
-28.4949
-21.5083
-39.474
-67.4206
-93.371
-110.838
-128.803
-157.748
-178.708
-233.603
-290.994
-312.453
-291.493
-265.043
-285.504
-313.95
-328.921
-315.946
-293.489
-280.514
-274.525
-296.483
-317.443
-309.458
-287.999
-283.009
-302.472
-289.496
-262.548
-233.603
-216.137
-196.175
-175.215
-179.706
-178.209
-185.695
-163.737
-118.822
-62.4301
-25.0016
-25.0016
-38.4759
-68.9177
-77.4015
-65.4244
-33.4854
-3.04354
14.9221
33.8859
48.3583
73.8097
94.7696
98.263
91.7754
101.756
119.722
132.198
121.219
102.754
83.7906
86.2859
108.743
107.745
124.213
163.638
200.069
192.084
120.72
87.783
77.303
82.2935
104.252
113.234
155.653
163.638
159.646
158.149
137.189
128.206
110.739
144.175
190.587
232.008
242.488
215.539
184.099
163.139
166.632
182.602
208.552
238.994
289.398
296.385
258.457
189.09
149.166
180.107
227.017
270.933
252.468
200.568
166.632
162.141
165.135
153.657
146.171
122.217
87.783
45.364
15.4212
-12.0264
-32.9864
-52.9482
-86.8834
-126.807
-165.733
-192.182
-212.643
-212.643
-206.156
-230.11
-275.024
-312.952
-328.921
-336.906
-333.912
-328.422
-349.382
-386.811
-402.281
-378.826
-347.386
-320.936
-296.982
-283.508
-289.496
-296.483
-289.995
-268.536
-239.093
-216.636
-199.668
-204.159
-197.173
-159.744
-111.337
-83.3901
-87.3825
-102.853
-106.346
-97.3634
-69.9158
-34.4835
-19.5121
-6.03782
-6.03782
-0.548305
10.4307
22.4079
48.3583
64.3278
58.8383
51.8516
60.8345
94.2706
108.244
101.756
114.732
118.724
96.2668
59.8364
67.8211
115.231
134.693
115.231
95.2687
92.7735
104.751
96.7658
91.7754
98.762
85.2878
66.823
51.8516
90.2782
136.191
122.217
110.24
122.716
182.602
217.535
208.552
204.061
209.55
228.514
224.522
208.053
200.069
213.044
227.017
242.987
255.962
278.419
298.381
312.853
300.876
281.912
277.92
270.434
271.931
271.432
288.4
282.411
229.013
152.659
101.257
94.7696
108.244
101.257
61.8326
6.43835
-45.9616
-74.9063
-96.8644
-119.321
-168.727
-205.158
-205.158
-181.702
-181.203
-221.127
-266.54
-296.483
-308.46
-311.455
-297.481
-280.015
-259.055
-243.584
-248.076
-275.523
-306.464
-313.451
-302.971
-276.022
-229.112
-182.7
-160.243
-148.765
-133.794
-143.276
-167.23
-152.259
-105.348
-67.9196
-43.4663
-28.4949
-13.5235
-22.5064
-26.4987
-12.5254
-5.53877
12.4269
43.3678
63.3297
62.8306
36.3812
23.4059
-0.0492582
-35.9806
-35.9806
10.9298
68.8192
63.3297
25.9012
-5.53877
-14.0226
-45.9616
-78.3996
-48.4568
10.4307
20.4117
-38.9749
-64.9254
-48.4568
-41.9692
-68.4187
-65.4244
-20.5102
3.94312
9.93168
10.4307
18.4155
12.4269
14.4231
49.3564
87.2839
109.242
133.695
151.661
171.124
175.116
196.076
250.971
303.87
321.337
308.861
301.375
310.857
317.345
302.872
276.423
257.958
264.446
284.407
316.846
333.314
291.394
191.585
103.253
95.7677
121.219
103.253
56.8421
6.9374
-40.9711
-113.832
-197.173
-253.066
-288.997
-310.955
-285.504
-230.11
-205.158
-253.565
-348.384
-415.755
-442.704
-427.233
-381.321
-313.95
-263.047
-264.045
-313.95
-371.839
-380.822
-328.422
-241.089
-159.245
-119.321
-114.331
-102.354
-64.9254
-32.4873
-43.4663
-60.4339
-27.4968
59.8364
141.68
172.621
156.152
128.705
123.215
137.189
174.617
235.501
271.432
262.449
229.512
208.552
201.067
175.116
141.68
103.253
74.8078
78.8001
105.25
107.246
50.8535
-17.0169
-50.952
-34.9825
-5.03973
16.4193
28.3964
11.4288
-31.9883
-62.9292
-66.4225
-62.4301
-68.4187
-72.4111
-34.9825
11.4288
31.8897
36.3812
24.9031
17.9164
9.43263
34.884
136.69
225.52
258.956
214.042
197.074
237.996
296.385
354.274
358.266
336.308
305.367
278.419
258.457
260.952
283.409
323.832
318.343
262.449
171.623
52.3507
-25.9997
-60.933
-51.4511
-51.4511
-76.4034
-103.352
-144.274
-214.14
-318.94
-403.778
-415.755
-378.327
-327.424
-308.46
-362.856
-464.662
-579.942
-612.879
-559.98
-464.163
-372.338
-319.938
-302.472
-315.946
-339.9
-347.885
-329.42
-270.034
-168.727
-53.9463
22.4079
22.4079
-19.013
-64.4263
-70.9139
-21.0092
71.3144
181.604
255.463
274.926
242.987
201.566
186.594
215.539
283.908
358.765
400.685
380.224
312.853
225.52
152.16
99.2611
59.3373
58.8383
105.749
159.147
171.124
123.714
58.3392
-5.53877
-49.9539
-29.9921
23.905
60.3354
39.8745
5.44026
-5.53877
-18.0149
-41.4701
-48.9559
-32.4873
-4.54068
27.3983
59.8364
90.2782
104.751
148.667
224.023
267.939
289.897
337.306
397.192
428.133
417.154
447.596
492.011
446.099
349.284
257.459
235.501
275.924
346.289
418.152
378.727
221.528
23.4059
-140.281
-200.167
-172.719
-102.354
-101.356
-216.137
-362.856
-475.142
-568.464
-662.284
-731.652
-741.633
-721.671
-711.191
-718.178
-790.04
-910.81
-975.187
-914.802
-791.538
-700.212
-642.323
-624.357
-653.302
-698.216
-677.755
-572.955
-437.713
-288.997
-155.253
-48.9559
15.9202
63.8287
111.737
176.114
278.918
403.68
509.478
575.851
611.283
606.792
573.356
561.878
631.245
747.024
830.864
845.835
792.936
697.618
600.304
527.443
490.015
448.095
389.207
342.297
307.863
279.417
234.503
158.149
56.343
-35.9806
-68.4187
-40.4721
-1.04735
7.93549
-24.5026
-73.9082
-108.342
-107.843
-84.8872
-34.4835
50.3545
144.674
204.56
256.461
328.324
399.188
432.125
463.565
559.382
664.182
724.068
709.595
635.736
539.919
439.611
384.217
408.67
471.55
502.491
400.186
186.095
-37.9768
-203.66
-257.557
-247.577
-214.639
-253.066
-399.786
-616.372
-834.456
-976.185
-1033.08
-1015.11
-966.204
-946.242
-1008.12
-1136.88
-1276.61
-1338.99
-1280.6
-1143.37
-1001.14
-916.299
-887.355
-898.833
-921.789
-910.311
-815.492
-629.347
-418.75
-278.517
-239.592
-251.569
-230.609
-143.276
12.4269
215.539
408.171
536.925
592.818
613.279
635.237
681.15
769.481
904.723
1041.46
1098.85
1040.96
917.199
786.948
685.641
625.256
591.82
608.788
636.735
608.289
473.546
270.434
113.733
41.3716
53.3488
98.762
111.238
60.8345
-27.4968
-106.845
-149.763
-127.805
-64.9254
-1.04735
43.8669
82.2935
138.187
207.554
307.364
441.607
608.788
775.969
901.229
978.083
1001.04
938.658
801.42
665.679
600.803
660.689
784.452
859.309
766.986
486.521
143.177
-100.857
-159.245
-93.8701
-41.4701
-133.794
-401.283
-779.56
-1087.97
-1197.26
-1167.82
-1101.94
-1067.01
-1106.94
-1247.17
-1431.81
-1536.12
-1521.64
-1409.86
-1253.16
-1107.43
-1045.55
-1097.95
-1176.3
-1200.26
-1110.43
-892.844
-574.951
-277.02
-194.678
-306.464
-424.738
-377.828
-132.796
214.541
514.967
616.773
549.401
467.558
481.531
607.291
806.91
1007.03
1134.78
1133.79
1013.51
837.351
644.719
507.98
453.584
534.43
688.136
739.538
620.765
370.244
121.718
13.9241
89.2801
280.914
423.143
388.209
208.053
-7.53496
-118.323
-79.3977
49.3564
192.583
306.366
373.737
383.718
366.251
388.708
485.523
661.188
873.283
1065.91
1051.94
752.014
393.699
230.011
393.699
720.574
1022
1053.44
597.809
-135.79
-677.256
-682.745
-292.99
86.2859
133.196
-244.582
-874.379
-1383.41
-1519.15
-1344.48
-1062.02
-863.4
-872.383
-1159.83
-1533.12
-1705.29
-1622.45
-1390.89
-1109.43
-819.983
-682.745
-803.515
-1059.03
-1183.79
-987.164
-495.104
68.3202
390.704
321.337
24.9031
-175.215
-75.4053
320.339
820.883
1127.8
1038.97
712.59
476.541
485.024
656.197
888.753
1098.85
1111.83
869.789
540.419
337.805
308.362
396.693
564.872
716.582
674.662
398.19
60.8345
-110.838
-26.4987
216.537
435.619
457.577
275.425
30.8916
-96.8644
-7.53496
258.457
570.86
742.033
705.603
580.841
541.916
659.192
883.763
1109.33
1133.29
883.264
500.994
248.476
289.897
517.961
754.51
744.03
342.796
-279.016
-778.562
-889.85
-680.25
-437.214
-411.763
-724.166
-1254.65
-1718.27
-1867.98
-1687.83
-1385.9
-1185.78
-1228.7
-1497.19
-1814.58
-1948.83
-1778.65
-1397.38
-985.168
-706.201
-671.267
-825.473
-992.154
-939.255
-613.877
-130.8
310.857
515.965
426.636
219.032
182.602
458.076
928.178
1311.95
1405.27
1169.22
835.355
702.11
843.839
1114.32
1305.46
1309.95
1097.35
763.492
500.994
444.102
535.927
661.687
736.045
648.213
369.245
16.4193
-150.262
-37.4778
232.008
478.038
565.87
443.603
173.12
-15.0207
86.2859
434.122
789.942
965.107
929.675
801.42
748.521
854.818
948.639
859.809
682.148
576.849
620.765
675.66
662.685
511.973
167.131
-237.097
-518.559
-553.492
-470.151
-477.637
-669.77
-1019.6
-1384.41
-1596
-1600.99
-1541.61
-1558.07
-1647.4
-1725.75
-1801.61
-1863.49
-1842.03
-1721.26
-1545.6
-1374.42
-1236.69
-1179.3
-1197.76
-1175.8
-978.181
-635.835
-311.954
-134.792
-88.8796
-55.4435
59.8364
308.861
627.253
877.774
956.624
873.283
754.011
732.552
863.801
1047.45
1147.76
1125.3
1021.5
893.744
804.414
792.437
841.344
868.791
801.919
654.201
490.015
394.697
385.215
433.622
509.977
593.817
658.194
643.222
565.87
528.441
619.767
789.942
916.201
970.597
1004.03
1058.43
1134.28
1160.73
1033.98
791.938
549.9
458.076
553.394
675.66
640.727
302.373
-211.645
-621.363
-707.698
-495.104
-293.988
-394.795
-823.477
-1351.47
-1708.79
-1737.73
-1533.62
-1353.46
-1385.4
-1606.98
-1846.52
-1949.33
-1828.06
-1561.07
-1283.1
-1079.49
-997.644
-1033.58
-1093.46
-1015.61
-711.69
-268.037
124.712
316.346
282.411
189.09
208.053
425.638
791.439
1114.82
1227.61
1081.39
801.919
640.228
744.529
1020.5
1188.68
1112.33
876.776
621.264
455.082
438.114
567.866
689.634
647.215
440.609
206.057
48.3583
-18.514
10.9298
125.711
225.021
214.541
145.173
133.695
218.034
374.236
594.316
808.906
935.664
970.597
1007.53
1123.31
1142.27
968.102
735.047
574.853
587.828
715.584
855.816
787.946
310.857
-314.449
-698.715
-664.78
-399.786
-272.529
-462.666
-957.72
-1530.63
-1849.52
-1791.13
-1569.55
-1468.74
-1564.06
-1784.14
-2053.63
-2196.85
-2037.16
-1684.33
-1382.91
-1286.09
-1346.98
-1443.29
-1434.31
-1204.75
-754.608
-247.577
67.3221
87.2839
-35.9806
-39.973
187.592
603.797
1025.49
1232.6
1179.7
1041.46
985.568
1081.39
1289.99
1505.58
1570.45
1404.77
1124.8
917.698
885.26
986.067
1087.87
1076.39
879.271
590.822
399.687
386.213
465.561
543.912
617.272
619.767
489.017
332.815
320.838
466.56
688.635
905.721
1083.38
1122.81
1063.42
1029.48
943.648
769.98
588.826
512.472
569.363
602.3
530.438
238.994
-262.049
-682.246
-767.583
-542.014
-337.904
-444.201
-825.972
-1287.09
-1633.43
-1703.3
-1565.56
-1469.74
-1567.56
-1761.68
-1900.42
-1996.74
-1957.81
-1696.31
-1326.52
-1111.43
-1154.84
-1272.12
-1266.13
-1075
-742.631
-335.409
-3.54259
80.2973
-59.4358
-153.756
-19.5121
287.901
635.237
904.723
959.618
766.487
506.982
417.154
579.843
846.334
964.109
796.43
467.059
240.491
251.969
401.683
547.904
580.841
435.12
159.646
-32.9864
22.4079
226.518
366.251
405.177
424.141
458.076
495.005
584.335
765.489
982.574
1153.75
1249.07
1321.93
1388.3
1500.58
1482.62
1244.07
929.176
751.515
886.757
1079.89
1073.9
722.072
76.804
-536.525
-797.027
-602.898
-261.55
-251.07
-658.292
-1196.76
-1645.41
-1839.54
-1715.77
-1431.32
-1287.09
-1455.27
-1759.19
-1981.27
-1966.79
-1657.38
-1240.18
-952.73
-929.275
-1048.05
-1103.44
-948.737
-556.487
-25.0016
434.122
587.329
445.101
274.926
338.804
648.213
1065.91
1373.83
1400.28
1154.75
846.833
711.592
845.336
1143.27
1309.95
1128.79
714.087
364.255
238.994
304.369
422.144
456.579
289.897
-41.4701
-303.969
-316.445
-127.805
53.8478
135.192
149.166
116.229
60.3354
104.252
316.346
583.337
784.951
925.683
1026.49
1064.42
978.083
772.974
633.241
612.78
706.601
831.862
833.858
624.757
116.728
-428.231
-674.262
-548.003
-266.041
-261.051
-697.218
-1304.06
-1706.29
-1755.7
-1579.53
-1394.89
-1387.9
-1611.97
-1885.45
-1979.27
-1859.5
-1586.02
-1308.55
-1161.33
-1171.81
-1258.65
-1225.71
-971.194
-540.018
-115.329
131.2
188.091
165.634
206.556
399.188
669.173
898.235
1066.41
1157.24
1169.22
1120.81
1104.84
1186.19
1278.01
1246.07
1025.99
753.012
614.777
629.249
702.609
726.064
631.245
407.672
161.143
63.8287
133.695
221.528
201.566
114.732
111.238
246.48
430.628
571.359
663.683
759.001
892.247
1070.41
1246.57
1398.28
1349.37
989.062
605.295
465.561
684.643
965.606
999.043
711.093
73.3106
-552.993
-833.957
-697.218
-401.283
-404.776
-817.488
-1408.86
-1853.01
-1989.25
-1837.54
-1602.49
-1556.08
-1829.06
-2213.82
-2414.44
-2306.64
-1888.44
-1384.9
-1087.47
-1149.85
-1372.93
-1420.84
-1107.43
-525.546
54.8459
402.183
438.613
303.371
253.467
522.453
995.05
1381.81
1540.51
1506.57
1362.85
1189.68
1181.69
1408.26
1684.73
1730.65
1473.14
1108.33
862.803
822.879
891.248
926.681
826.372
559.881
221.029
-7.53496
-5.53877
127.208
196.575
156.651
99.2611
83.2916
106.747
194.579
380.224
585.333
739.039
820.384
902.228
875.279
569.363
211.048
113.733
371.741
663.683
662.685
375.234
-141.28
-651.804
-891.347
-778.562
-480.132
-389.306
-707.698
-1276.11
-1776.16
-1940.34
-1752.2
-1483.72
-1435.31
-1680.34
-2004.72
-2156.93
-2055.12
-1698.8
-1289.09
-1113.42
-1219.72
-1362.95
-1272.62
-945.244
-488.616
-58.4377
238.994
359.264
374.236
460.072
712.091
1062.92
1340.39
1464.15
1466.65
1420.74
1376.82
1414.25
1533.52
1649.8
1633.33
1427.22
1149.26
983.073
1009.52
1079.89
1029.98
857.313
651.706
453.085
307.364
282.91
331.817
321.836
218.034
169.627
213.044
267.939
300.377
377.729
541.417
706.601
825.374
920.692
876.277
562.876
244.983
180.606
391.203
564.373
483.028
178.11
-362.856
-865.896
-1071.5
-921.29
-642.822
-639.827
-1000.14
-1510.66
-1905.91
-2035.66
-1885.95
-1639.42
-1604.98
-1909.9
-2296.16
-2418.93
-2219.81
-1800.61
-1478.23
-1464.75
-1634.93
-1656.39
-1370.43
-952.231
-528.041
-167.729
65.3259
114.732
111.238
267.939
627.752
1020.5
1261.54
1365.84
1390.3
1371.33
1382.81
1472.64
1618.36
1729.65
1710.18
1550.49
1346.38
1255.05
1340.39
1431.22
1356.86
1085.38
762.494
584.335
573.855
689.134
810.902
810.902
649.71
497.001
510.476
646.216
751.016
850.826
984.071
1055.93
1072.4
1027.99
765.489
354.773
138.686
294.887
597.31
641.725
396.693
-104.35
-696.719
-1065.51
-1066.01
-777.065
-595.412
-832.959
-1384.9
-1886.45
-2032.17
-1828.56
-1523.14
-1433.81
-1698.31
-2151.94
-2395.97
-2256.74
-1821.07
-1357.96
-1156.34
-1256.15
-1472.24
-1496.69
-1188.28
-648.81
-149.264
83.2916
69.3183
-24.5026
1.44788
242.488
633.241
940.654
1029.48
1003.53
966.605
960.117
1010.52
1192.67
1428.22
1489.61
1303.96
1077.39
1030.98
1134.28
1210.14
1181.19
1065.91
856.315
654.201
606.792
742.033
899.233
903.226
770.479
645.717
637.234
758.502
924.186
1076.39
1228.6
1309.45
1332.9
1205.65
806.91
397.192
268.438
479.036
756.506
756.506
434.621
-217.634
-926.28
-1257.15
-1093.96
-690.73
-566.467
-1010.12
-1719.27
-2225.3
-2305.65
-2036.16
-1705.79
-1613.47
-1923.38
-2408.45
-2639.01
-2489.3
-2055.12
-1592.01
-1397.38
-1534.62
-1738.73
-1666.37
-1229.7
-616.871
-112.335
101.257
83.7906
29.8936
122.716
451.588
940.654
1285
1338.89
1268.53
1289.99
1408.26
1498.09
1571.45
1638.32
1647.3
1511.06
1320.43
1280.51
1397.28
1444.69
1308.45
1080.89
873.782
694.125
623.759
693.127
794.433
797.428
731.054
706.102
766.487
875.279
981.576
1105.84
1248.57
1359.35
1426.73
1317.93
881.268
416.156
242.488
441.108
681.15
655.698
365.253
-233.603
-870.387
-1221.22
-1186.78
-931.271
-901.328
-1273.12
-1802.61
-2153.44
-2214.82
-2028.18
-1734.24
-1603.49
-1885.45
-2372.02
-2582.62
-2382.5
-1898.42
-1451.78
-1316.53
-1503.18
-1728.75
-1617.96
-1142.37
-542.513
-107.843
69.3183
73.3106
30.3926
123.215
475.043
984.57
1307.95
1337.9
1244.07
1212.63
1256.05
1348.38
1483.12
1580.43
1509.07
1255.05
1005.03
944.646
1051.44
1106.34
1011.02
826.372
636.236
520.956
513.47
596.811
666.178
635.237
584.834
606.293
779.961
996.547
1132.79
1235.09
1375.82
1540.01
1572.95
1229.1
712.091
481.032
628.251
944.147
991.557
744.529
224.522
-457.675
-885.358
-926.779
-667.774
-526.045
-835.953
-1463.25
-2010.71
-2203.34
-2091.55
-1835.04
-1660.38
-1793.12
-2224.8
-2557.17
-2494.78
-2090.56
-1578.53
-1329.51
-1449.78
-1689.82
-1630.44
-1168.82
-584.433
-144.274
49.3564
82.2935
67.8211
153.158
431.127
839.847
1113.32
1125.8
1071.9
1113.82
1199.16
1221.12
1259.55
1376.82
1423.23
1258.55
994.551
873.782
948.14
1037.97
968.601
796.929
616.773
509.478
520.956
611.782
720.075
743.531
722.571
740.037
895.241
1142.27
1276.51
1254.06
1242.08
1371.83
1515.56
1282.5
740.536
414.16
487.52
806.411
905.222
682.647
184.099
-522.052
-1020.1
-1117.91
-886.357
-720.673
-1004.63
-1632.43
-2168.41
-2349.56
-2238.77
-2021.19
-1875.97
-1981.27
-2417.43
-2814.67
-2770.76
-2290.18
-1675.35
-1361.45
-1459.76
-1734.24
-1755.2
-1292.58
-581.938
-12.0264
217.036
242.488
282.411
461.07
778.464
1188.68
1482.62
1503.58
1380.31
1301.96
1370.33
1498.59
1646.31
1762.58
1716.67
1501.08
1237.09
1130.29
1225.61
1302.96
1144.76
799.923
519.958
447.097
500.495
582.338
641.725
591.321
458.076
383.718
510.975
757.504
971.096
1148.26
1309.45
1428.72
1398.28
1018.51
537.923
390.205
636.236
980.578
972.593
645.218
107.745
-484.125
-823.976
-834.955
-601.401
-494.605
-861.404
-1532.62
-2040.65
-2142.46
-1977.77
-1795.12
-1756.69
-1981.76
-2439.89
-2741.31
-2625.04
-2172.4
-1696.31
-1518.15
-1604.98
-1750.21
-1662.37
-1265.13
-717.679
-285.005
-137.786
-123.314
-51.4511
204.061
638.731
1175.21
1537.51
1555.98
1407.76
1338.89
1425.73
1535.52
1666.27
1785.54
1769.07
1539.01
1259.55
1204.65
1355.86
1431.72
1254.55
964.608
749.02
687.138
738.041
829.367
888.254
861.805
782.456
730.056
812.898
1005.53
1129.29
1174.71
1234.59
1357.36
1293.98
769.98
236.499
123.215
413.162
663.184
515.965
122.217
-455.18
-1009.12
-1272.12
-1201.75
-978.68
-1006.63
-1450.78
-2062.61
-2470.83
-2539.2
-2358.54
-2123.49
-2036.16
-2226.3
-2597.09
-2747.3
-2506.26
-1999.23
-1560.57
-1479.22
-1681.84
-1839.04
-1572.55
-931.271
-316.445
-4.54068
62.8306
135.192
310.358
591.321
978.582
1388.8
1605.38
1583.43
1519.55
1607.88
1795.02
1885.35
1893.33
1842.93
1701.2
1469.64
1316.94
1400.78
1545
1478.13
1180.2
860.308
683.146
661.188
749.02
877.774
933.168
830.365
651.706
621.763
822.879
1093.86
1262.54
1354.36
1466.15
1522.54
1161.73
573.855
293.39
525.946
961.614
1002.04
668.674
69.3183
-600.902
-1046.05
-1139.37
-899.831
-746.124
-1068.51
-1717.77
-2213.32
-2299.66
-2135.47
-1934.85
-1855.51
-2063.61
-2542.69
-2889.53
-2808.69
-2364.53
-1831.55
-1587.52
-1725.75
-2011.21
-1973.28
-1452.28
-767.583
-302.971
-192.182
-237.596
-197.672
56.8421
528.94
1095.86
1434.71
1381.81
1180.7
1169.72
1394.79
1604.89
1683.73
1657.78
1546.5
1340.39
1139.77
1131.29
1351.87
1537.51
1421.24
1087.37
795.931
709.595
778.464
912.707
1037.47
1018.51
868.791
751.016
861.805
1151.25
1406.26
1555.98
1589.42
1596.9
1331.41
831.862
563.874
682.148
1013.02
1017.51
671.668
185.097
-387.809
-831.96
-1044.55
-975.686
-859.408
-1077.49
-1639.42
-2172.4
-2354.55
-2238.77
-2048.64
-1966.79
-2082.07
-2444.38
-2787.73
-2744.81
-2327.6
-1800.11
-1549.09
-1644.91
-1843.53
-1797.62
-1351.47
-729.656
-222.125
12.4269
100.758
136.69
246.979
524.449
997.046
1463.16
1568.95
1373.33
1229.1
1380.31
1665.77
1813.99
1795.52
1649.3
1406.76
1172.21
1160.73
1383.81
1514.06
1307.45
922.189
657.695
566.369
574.354
647.215
773.473
848.33
810.403
755.508
817.39
1005.53
1177.7
1288.49
1378.82
1491.6
1339.39
762.993
309.36
350.781
768.982
946.144
662.186
145.173
-499.096
-1002.14
-1179.3
-1014.11
-809.004
-982.673
-1547.59
-2102.03
-2325.11
-2278.2
-2140.46
-2023.19
-2031.67
-2300.16
-2621.04
-2610.06
-2283.69
-1875.47
-1604.48
-1518.65
-1594.01
-1669.86
-1417.84
-830.962
-238.594
14.9221
-0.0492582
-20.0111
110.739
433.123
883.264
1300.47
1451.18
1370.83
1299.47
1343.38
1430.22
1537.51
1683.24
1726.65
1511.06
1130.79
934.167
1091.87
1369.34
1398.78
1113.82
780.46
608.788
635.237
783.454
959.618
1060.43
1030.48
978.582
1051.94
1277.51
1510.07
1632.83
1654.29
1688.23
1489.11
923.687
512.472
583.836
1003.53
1106.84
761.496
238.994
-367.348
-838.448
-1033.08
-926.779
-837.949
-1168.82
-1856.5
-2412.44
-2529.72
-2375.51
-2217.81
-2195.36
-2333.09
-2664.46
-2946.92
-2831.14
-2378.01
-1881.46
-1651.4
-1688.32
-1775.66
-1676.35
-1248.66
-623.858
-83.8891
124.213
91.7754
85.7868
284.407
663.683
1104.84
1452.68
1516.06
1383.31
1281.5
1365.34
1527.53
1655.79
1705.69
1580.93
1310.95
1054.44
1055.93
1258.55
1361.35
1174.21
815.892
588.826
560.38
628.75
709.096
778.464
826.871
809.904
821.881
984.071
1253.56
1494.1
1615.86
1683.73
1751.11
1469.64
898.734
602.799
826.871
1251.06
1241.08
819.386
204.061
-495.603
-958.718
-1019.6
-802.018
-789.541
-1319.03
-2123.49
-2634.02
-2639.01
-2373.02
-2140.96
-2137.97
-2437.39
-2925.46
-3170
-2888.03
-2325.11
-1844.53
-1687.83
-1802.61
-1957.81
-1838.54
-1269.62
-489.115
110.24
281.413
216.537
188.091
398.689
825.873
1333.9
1696.71
1722.16
1562.97
1493.1
1627.34
1792.53
1856.41
1833.95
1701.2
1440.2
1193.67
1195.17
1413.75
1492.6
1218.62
800.921
530.438
487.52
588.826
750.517
880.768
868.292
742.033
698.117
877.774
1185.19
1458.66
1613.87
1716.17
1722.16
1297.47
727.561
570.361
919.694
1331.41
1246.57
757.504
18.9145
-715.682
-1105.94
-1042.06
-720.174
-687.237
-1240.68
-2065.11
-2534.71
-2525.73
-2329.1
-2184.88
-2230.79
-2514.25
-2924.46
-3077.67
-2809.68
-2327.6
-1923.38
-1832.55
-2004.22
-2099.54
-1764.18
-1054.04
-353.873
-18.514
-40.9711
-105.348
37.8783
448.095
975.088
1503.08
1798.52
1740.63
1546.5
1546.5
1791.03
1986.66
2027.58
1941.24
1731.64
1371.33
1070.91
1082.88
1294.98
1332.9
1017.51
614.277
398.689
407.672
528.94
668.175
767.984
757.005
672.167
706.601
900.231
1120.81
1299.47
1448.68
1669.26
1694.21
1210.64
678.155
635.237
1073.9
1362.85
1088.87
488.019
-217.634
-790.04
-1010.12
-885.358
-677.755
-838.448
-1523.64
-2280.19
-2591.1
-2510.26
-2363.54
-2286.68
-2328.6
-2605.07
-3002.81
-3061.2
-2656.48
-2088.56
-1731.24
-1758.19
-2015.7
-2134.97
-1782.15
-1021.6
-216.636
201.566
202.564
118.724
274.427
699.115
1216.13
1697.71
1912.3
1858.9
1771.57
1874.87
2092.95
2209.73
2221.71
2112.42
1858.9
1533.02
1321.93
1388.3
1573.45
1520.05
1110.83
603.797
300.876
247.977
371.242
570.361
684.643
578.346
406.674
428.133
688.635
982.574
1163.73
1246.07
1377.32
1318.93
822.879
372.739
419.649
924.685
1209.64
940.654
335.31
-399.786
-933.766
-1048.55
-794.033
-568.963
-880.867
-1713.78
-2438.89
-2588.61
-2380
-2164.42
-2079.58
-2217.31
-2657.97
-3118.09
-3077.67
-2563.65
-1991.75
-1723.76
-1836.54
-2112.51
-2167.41
-1717.77
-943.747
-272.03
-6.53687
-28.994
-33.9844
219.032
710.094
1282.5
1718.67
1827.46
1661.78
1488.61
1589.42
1899.32
2182.28
2277.1
2123.89
1773.56
1393.79
1259.55
1452.68
1676.25
1584.42
1173.21
729.058
495.005
512.971
681.15
869.789
894.243
737.043
577.348
639.729
930.174
1192.67
1337.4
1457.67
1593.41
1327.42
658.194
262.449
500.495
1039.47
1153.25
760.997
69.3183
-691.728
-1132.89
-1069.01
-683.244
-567.466
-1106.94
-2014.7
-2620.05
-2636.51
-2370.52
-2169.91
-2193.86
-2476.82
-2950.41
-3254.83
-3057.71
-2502.27
-1962.3
-1733.74
-1818.58
-1982.26
-1899.42
-1384.41
-620.864
23.4059
268.438
233.006
212.545
450.59
939.157
1509.07
1909.8
1961.7
1786.54
1648.3
1710.68
1894.83
2107.43
2264.63
2198.25
1853.91
1425.23
1257.55
1410.76
1595.4
1488.11
1065.42
611.283
366.251
398.689
599.306
836.852
926.681
768.982
568.365
590.822
870.788
1199.16
1429.22
1614.37
1581.93
1001.54
283.409
128.705
693.127
1291.98
1247.57
667.176
-188.19
-941.252
-1229.7
-958.219
-469.652
-453.184
-1204.75
-2239.77
-2782.73
-2642.5
-2225.3
-1963.3
-2056.62
-2530.72
-3168.5
-3411.53
-2994.33
-2244.26
-1680.34
-1616.46
-1908.9
-2185.87
-2016.7
-1308.55
-385.813
245.981
343.794
132.697
26.8993
336.807
988.064
1678.74
2026.58
1949.73
1718.17
1602.89
1654.29
1810.99
2024.58
2156.83
2004.12
1567.46
1168.22
1113.32
1366.84
1540.51
1343.88
892.746
500.495
364.754
493.009
786.449
1052.44
1078.39
841.344
617.771
686.639
1025.99
1436.21
1717.17
1867.88
1617.36
868.292
204.061
193.082
832.86
1318.43
1186.68
501.493
-447.195
-1149.35
-1303.06
-872.882
-415.256
-595.412
-1525.64
-2583.61
-2995.83
-2721.85
-2188.87
-1866.98
-2019.19
-2640.01
-3357.14
-3562.74
-3073.18
-2243.76
-1644.41
-1590.01
-1890.44
-2107.52
-1871.97
-1150.85
-214.639
436.118
511.973
214.541
66.823
402.682
1146.26
1927.77
2311.04
2193.76
1837.44
1639.82
1699.21
1955.72
2273.61
2403.36
2156.83
1565.96
1042.96
995.549
1367.84
1685.23
1537.02
1011.52
488.019
221.029
277.421
599.306
941.652
979.081
688.136
448.594
580.841
980.079
1392.29
1717.67
1891.84
1529.53
712.091
122.716
321.337
1081.88
1517.55
1282.5
417.653
-673.763
-1427.82
-1447.78
-748.62
-194.178
-568.464
-1756.2
-2807.19
-3037.25
-2662.46
-2150.44
-1870.98
-2050.13
-2734.83
-3445.47
-3519.83
-2841.62
-1920.88
-1388.4
-1421.33
-1815.08
-2116.51
-1898.92
-1038.57
44.865
691.63
664.681
256.461
39.8745
326.826
1101.35
1904.81
2264.63
2086.47
1658.78
1403.77
1460.66
1813.99
2240.17
2425.82
2109.42
1400.28
812.399
783.953
1186.68
1521.54
1443.69
950.136
327.325
-88.8796
6.9374
544.91
1073.4
1166.72
845.336
530.438
535.927
864.3
1360.35
1839.44
1940.74
1303.46
310.857
-246.578
153.657
1029.48
1518.05
1227.61
229.512
-899.831
-1609.97
-1439.8
-617.869
-102.354
-578.445
-1802.11
-2778.74
-2981.36
-2558.66
-1925.87
-1561.07
-1792.13
-2608.57
-3399.06
-3462.94
-2761.28
-1849.02
-1311.54
-1312.54
-1681.34
-2054.63
-1928.37
-1093.96
53.8478
847.831
926.182
497.001
114.732
232.507
927.18
1811.99
2402.86
2375.91
1824.97
1216.13
1039.47
1450.68
2124.89
2529.62
2268.62
1481.62
754.51
596.312
978.083
1470.14
1608.38
1238.09
574.354
46.8611
65.3259
627.752
1290.49
1543.5
1299.47
875.279
632.742
760.498
1268.03
1958.71
2221.71
1609.88
499.996
-182.7
105.749
863.801
1348.38
1175.71
327.825
-883.362
-1813.59
-1715.27
-814.993
-181.702
-632.841
-1854.01
-2915.48
-3331.19
-3060.7
-2385.99
-1776.16
-1778.15
-2474.32
-3253.34
-3454.95
-2919.97
-2059.12
-1337.99
-1046.05
-1246.67
-1631.43
-1732.74
-1208.74
-203.66
743.032
1148.26
892.746
352.777
114.232
552.895
1496.59
2369.43
2638.91
2204.74
1429.22
862.803
953.13
1665.27
2405.86
2515.65
1842.43
886.757
294.887
345.291
858.311
1376.82
1432.22
904.224
170.625
-167.729
148.667
784.951
1264.54
1353.86
1116.32
741.534
532.434
792.936
1505.08
2046.54
1807
899.233
67.3221
-47.4587
422.643
991.557
1138.78
588.327
-549.5
-1629.44
-1806.6
-1116.42
-492.109
-725.164
-1592.01
-2420.43
-2922.97
-3021.78
-2673.94
-2088.56
-1841.53
-2175.39
-2724.35
-2999.82
-2869.07
-2452.86
-1848.02
-1258.65
-974.189
-1081.48
-1329.51
-1329.51
-867.393
-21.0092
833.359
1252.56
1084.88
645.717
440.609
750.517
1503.08
2286.58
2594.99
2184.28
1406.26
947.641
1154.75
1739.13
2158.83
2103.93
1644.81
1027.49
551.897
432.624
668.175
1011.52
1134.28
939.157
583.836
343.794
352.777
611.283
1008.52
1361.35
1478.13
1296.47
1020.5
965.606
1132.29
1190.68
978.083
684.643
576.849
565.87
522.453
398.19
95.2687
-508.079
-1205.25
-1492.2
-1235.19
-905.32
-1057.03
-1660.38
-2266.22
-2553.17
-2551.68
-2403.96
-2248.26
-2268.72
-2489.3
-2713.37
-2682.93
-2420.93
-2119.5
-1831.05
-1571.05
-1345.48
-1120.91
-848.928
-560.479
-337.904
-83.3901
337.306
796.929
1054.94
1023.5
886.757
852.822
1028.99
1432.22
1846.42
1967.19
1668.26
1228.11
1023.99
1159.74
1463.16
1669.26
1637.82
1367.34
1014.01
762.494
695.123
747.523
783.454
798.925
834.856
869.29
826.372
713.588
644.719
700.613
857.812
1031.98
1129.79
1115.82
1008.03
785.95
467.558
163.638
35.3831
121.718
287.402
369.744
239.493
-176.213
-779.56
-1254.65
-1336
-1079.49
-862.901
-931.77
-1259.64
-1654.39
-1985.26
-2129.48
-2000.23
-1741.22
-1606.48
-1681.34
-1785.14
-1778.65
-1682.34
-1560.57
-1398.88
-1191.27
-950.235
-684.742
-417.752
-215.138
-134.792
-133.794
-61.9311
195.577
580.841
911.709
1022
933.667
824.376
842.841
977.584
1107.83
1162.73
1129.79
1047.45
956.624
881.767
842.342
808.906
756.007
670.67
576.35
527.942
529.439
547.405
523.95
437.615
314.849
252.468
287.402
360.762
366.251
311.356
267.44
249.973
275.924
334.312
395.695
383.219
314.35
280.914
296.884
280.415
157.151
-4.54068
-66.4225
-27.4968
-3.04354
-62.9292
-192.182
-343.394
-498.098
-608.387
-618.867
-603.397
-636.833
-730.654
-818.985
-855.915
-844.936
-810.501
-797.027
-814.494
-808.006
-705.702
-570.46
-490.113
-472.148
-481.13
-483.127
-450.689
-343.394
-207.653
-102.354
-5.03973
128.206
241.489
252.468
213.044
212.046
301.375
401.184
416.156
355.272
296.884
286.404
276.423
240.99
238.994
265.943
255.962
172.621
79.7982
50.8535
91.7754
157.151
180.606
139.185
41.8707
-28.4949
-5.03973
101.756
217.036
245.981
202.564
138.187
100.259
107.745
169.128
288.4
378.228
334.811
161.642
3.94312
9.93168
140.183
257.459
274.926
213.044
139.185
68.8192
4.94121
-40.9711
-62.9292
-66.4225
-59.9349
-35.4816
10.9298
35.3831
38.3774
54.3469
56.343
23.4059
-18.514
-15.0207
2.94502
-31.4892
-64.9254
-82.392
-97.8624
-128.803
-136.788
-110.838
-107.344
-117.824
-110.339
-57.4396
8.93359
32.8878
8.43454
-38.9749
-60.933
-47.9578
1.94693
48.3583
53.3488
18.4155
-0.548305
42.8688
49.8554
-46.4606
-184.198
-214.14
-110.838
-12.5254
-35.4816
-155.253
-261.051
-292.99
-289.995
-256.559
-189.188
-98.3615
-56.4416
-82.392
-139.782
-214.639
-271.032
-267.039
-191.184
-97.8624
-50.453
-64.9254
-133.794
-248.076
-326.426
-323.931
-306.963
-350.879
-413.759
-432.723
-422.243
-423.241
-404.776
-365.352
-343.893
-332.914
-305.965
-214.14
-66.4225
94.7696
207.055
271.432
334.312
369.245
365.253
410.666
552.396
702.11
760.498
780.959
842.841
880.269
840.845
786.948
807.409
872.285
880.768
828.369
738.54
642.723
560.38
488.518
380.724
238.495
104.252
43.3678
46.3621
81.2954
122.716
106.248
38.3774
-70.4149
-179.207
-252.068
-265.542
-238.095
-209.649
-178.209
-141.28
-110.838
-109.84
-117.824
-146.769
-222.624
-333.413
-401.782
-388.807
-314.449
-287.5
-391.302
-581.439
-734.646
-759.599
-693.724
-608.387
-567.466
-603.896
-674.761
-714.684
-714.684
-718.178
-729.656
-736.143
-743.13
-731.153
-642.323
-496.102
-398.289
-377.329
-363.355
-260.552
-129.801
-33.9844
10.4307
20.9107
62.8306
171.623
315.348
364.255
261.451
141.181
188.59
487.021
904.224
1207.15
1237.09
1041.46
815.393
734.548
856.315
1081.39
1206.15
1118.31
933.667
847.332
919.195
1067.91
1182.19
1133.29
876.277
528.94
321.836
316.846
428.133
523.95
504.986
356.769
162.141
30.8916
-25.9997
-91.3748
-234.601
-440.708
-604.395
-626.353
-519.557
-422.243
-511.572
-824.974
-1148.86
-1250.16
-1119.91
-943.248
-846.932
-834.456
-904.821
-1022.6
-1108.43
-1100.45
-1017.61
-945.244
-916.299
-881.865
-784.551
-644.319
-522.052
-477.138
-562.974
-716.182
-741.134
-510.574
-155.752
101.756
164.137
106.248
47.8592
92.2744
220.03
321.337
318.343
270.434
286.903
422.144
625.756
739.039
631.744
322.834
65.3259
99.7601
429.131
799.424
919.694
719.077
398.19
234.503
342.297
573.855
755.508
811.401
778.963
764.491
833.858
983.073
1089.37
1092.36
999.542
853.82
727.561
632.742
564.373
504.487
501.992
642.224
855.317
919.195
609.786
12.926
-516.563
-647.812
-398.788
-75.9044
31.3907
-179.207
-594.414
-1012.12
-1227.21
-1208.24
-1129.89
-1146.36
-1223.71
-1232.7
-1131.89
-1035.07
-1042.06
-1214.73
-1441.8
-1506.67
-1265.63
-795.031
-401.283
-285.504
-447.694
-674.761
-725.164
-509.576
-126.308
222.526
419.15
497.5
537.424
548.403
528.441
502.99
512.971
563.874
660.689
847.831
1041.46
1057.43
835.854
511.973
257.958
133.695
106.747
125.711
104.252
12.926
-72.9101
-102.354
-117.824
-193.679
-345.39
-494.106
-501.591
-244.083
213.543
591.82
646.716
405.676
112.236
-8.53306
148.168
541.916
1004.03
1312.44
1373.83
1300.97
1233.59
1256.05
1293.48
1206.15
845.835
216.537
-338.902
-451.188
-12.0264
611.782
887.256
467.059
-552.494
-1655.89
-2239.27
-2028.18
-1286.09
-565.469
-353.374
-762.593
-1511.16
-2123.99
-2250.25
-1925.87
-1457.27
-1115.92
-931.77
-789.541
-651.305
-569.462
-609.885
-738.639
-773.073
-543.012
-6.03782
658.693
1197.16
1432.22
1291.48
917.698
572.857
501.493
751.016
1192.17
1617.36
1828.46
1708.69
1310.45
814.395
387.211
175.615
246.48
530.937
767.984
695.622
279.916
-348.384
-1000.64
-1456.27
-1565.56
-1331.01
-962.212
-677.755
-619.865
-815.991
-1158.34
-1419.84
-1335
-858.41
-151.26
499.497
899.732
1014.51
938.159
844.338
877.275
1075.4
1414.25
1837.44
2283.09
2631.42
2652.38
2194.26
1265.03
219.531
-436.715
-368.845
371.741
1259.05
1653.29
1135.78
-182.201
-1697.81
-2722.85
-2840.13
-2174.9
-1253.16
-697.717
-834.955
-1502.18
-2259.23
-2696.4
-2729.34
-2484.8
-2088.56
-1573.05
-938.257
-300.475
126.709
181.105
-51.4511
-295.984
-305.466
18.4155
690.632
1601.39
2423.82
2763.67
2463.25
1750.61
1047.95
682.148
749.02
1164.23
1717.17
2085.97
1962.2
1295.48
349.783
-486.62
-994.151
-1130.39
-1002.63
-751.614
-581.439
-679.751
-1043.06
-1562.07
-2078.08
-2452.86
-2515.25
-2181.88
-1569.05
-886.357
-299.477
70.3164
154.156
42.8688
-19.013
179.109
682.647
1387.3
2135.87
2747.7
3110.51
3218.8
3051.62
2582.02
1835.45
1043.96
554.891
547.904
984.071
1497.09
1622.85
1032.98
-235.1
-1750.71
-2915.48
-3261.82
-2799.7
-1993.24
-1451.78
-1426.33
-1814.08
-2345.07
-2765.27
-2960.4
-2859.59
-2522.73
-1996.24
-1296.57
-484.125
288.4
792.936
936.662
761.496
465.062
343.794
660.19
1430.22
2354.45
3052.12
3253.24
2937.34
2300.06
1629.84
1130.79
912.208
946.643
1051.94
967.104
619.268
150.663
-299.976
-761.096
-1250.66
-1716.77
-2086.07
-2293.67
-2328.6
-2149.44
-1891.44
-1722.26
-1766.18
-1913.4
-1890.44
-1571.05
-1007.62
-315.946
430.628
1116.82
1603.39
1876.87
2061.01
2274.11
2570.04
2942.83
3305.14
3455.85
3213.31
2589.01
1836.44
1254.55
997.046
1015.51
1104.34
935.165
292.392
-757.103
-1839.04
-2598.09
-2921.97
-2880.05
-2680.43
-2566.65
-2667.45
-2850.61
-2940.43
-2898.51
-2787.73
-2607.07
-2351.06
-2071.59
-1694.31
-1116.92
-324.929
498
1108.83
1409.76
1458.66
1474.63
1639.32
2003.12
2470.73
2884.94
3087.05
2962.29
2565.55
2072.99
1670.76
1382.81
1117.82
803.416
401.683
-83.8891
-622.86
-1103.94
-1448.28
-1683.33
-1932.86
-2244.26
-2562.16
-2783.73
-2829.15
-2703.39
-2426.91
-2071.09
-1699.8
-1342.49
-1003.63
-645.816
-220.628
287.901
870.289
1486.61
2058.52
2519.14
2864.98
3150.93
3406.94
3607.56
3746.3
3802.19
3640.5
3138.46
2312.53
1387.8
633.74
167.63
-34.9825
-128.304
-313.95
-789.541
-1591.51
-2508.76
-3258.83
-3715.45
-3904.09
-3919.56
-3802.29
-3573.22
-3219.9
-2781.24
-2324.11
-1951.32
-1742.22
-1661.88
-1547.59
-1156.84
-417.752
544.91
1509.07
2275.11
2733.23
2926.86
3001.72
3071.58
3092.54
3062.1
3056.61
3037.15
2880.95
2542.1
2127.89
1719.67
1254.06
655.698
-81.3939
-870.886
-1578.53
-2144.45
-2549.68
-2796.21
-2888.03
-2880.55
-2871.57
-2904.5
-2936.44
-2883.54
-2695.4
-2403.96
-2032.17
-1559.57
-984.669
-318.94
403.68
1165.72
1864.39
2412.34
2803.1
3079.57
3288.67
3475.31
3697.39
3954.4
4154.02
4224.38
4163
3921.46
3398.46
2479.22
1242.08
-24.0035
-1022.6
-1577.54
-1791.13
-1884.95
-2084.07
-2500.27
-3125.58
-3856.68
-4483.99
-4832.32
-4880.23
-4743.99
-4480.99
-4036.34
-3375.6
-2561.66
-1739.73
-1017.61
-468.654
-85.3863
242.987
642.224
1181.69
1829.46
2530.62
3207.33
3751.29
4085.65
4249.33
4275.78
4113.59
3715.85
3126.48
2454.26
1791.03
1202.65
747.024
409.668
107.745
-283.009
-855.416
-1582.53
-2359.54
-3065.2
-3625.13
-3978.45
-4084.75
-3941.02
-3594.18
-3093.14
-2517.24
-1933.36
-1392.89
-914.303
-490.113
-112.335
290.396
807.908
1473.64
2189.27
2858.99
3433.39
3921.46
4286.26
4474.9
4483.89
4339.16
4077.16
3753.78
3430.4
3137.46
2840.03
2418.83
1763.08
785.451
-420.247
-1630.93
-2625.04
-3281.28
-3663.05
-3892.12
-4142.14
-4479
-4819.84
-5000
-4933.63
-4692.09
-4413.62
-4148.63
-3809.27
-3277.79
-2516.74
-1576.04
-558.483
419.649
1250.06
1911.3
2454.26
2922.37
3338.57
3705.87
3986.84
4136.55
4161.5
4142.04
4128.07
4017.78
3716.85
3218.8
2589.01
1851.41
1011.02
156.152
-627.85
-1321.03
-1940.34
-2522.23
-3044.73
-3484.89
-3770.85
-3914.57
-3988.93
-4013.38
-3937.03
-3662.55
-3196.94
-2613.56
-1959.31
-1219.72
-400.784
415.657
1139.77
1765.58
2295.07
2728.24
3089.55
3409.94
3719.35
3992.33
4178.97
4241.35
4192.44
4073.17
3884.53
3613.05
3271.2
2872.96
2410.35
1878.36
1238.09
407.173
-670.269
-1858.5
-2929.95
-3755.38
-4307.32
-4617.23
-4719.04
-4746.48
-4830.82
-4949.6
-4951.09
-4724.03
-4322.29
-3878.64
-3428
-2899.01
-2205.84
-1333.5
-323.931
750.517
1778.05
2603.98
3149.44
3482.3
3746.3
4005.3
4196.44
4218.39
4082.15
3884.03
3745.3
3638
3411.93
2964.79
2303.55
1516.06
631.245
-280.514
-1125.9
-1804.6
-2342.58
-2826.65
-3303.24
-3696.99
-3897.11
-3929.05
-3902.1
-3875.15
-3762.36
-3494.87
-3057.71
-2479.31
-1752.2
-929.275
-103.851
670.67
1407.76
2134.37
2821.56
3385.48
3742.8
3884.53
3891.52
3861.58
3819.16
3737.81
3618.54
3466.83
3266.21
3009.7
2702.79
2384.9
2033.07
1611.87
1118.31
538.921
-186.194
-1109.43
-2199.35
-3259.82
-4129.16
-4692.09
-4911.67
-4858.77
-4652.16
-4412.62
-4175.57
-3890.62
-3509.85
-3038.25
-2528.22
-2081.57
-1674.85
-1219.22
-601.9
243.985
1225.61
2173.8
2936.34
3469.32
3850.6
4111.6
4215.4
4121.08
3841.11
3473.32
3087.05
2687.32
2297.06
1913.8
1518.55
1079.39
580.342
12.926
-657.793
-1399.88
-2097.04
-2684.42
-3197.94
-3642.59
-3908.58
-3918.07
-3748.89
-3500.36
-3188.46
-2802.2
-2337.58
-1773.16
-1142.87
-524.548
12.926
512.971
1035.97
1604.39
2174.8
2683.82
3102.03
3428.9
3643.99
3706.87
3638.5
3478.31
3234.27
2880.45
2465.24
2063.51
1742.62
1473.64
1210.64
944.646
695.622
463.066
193.581
-171.222
-680.749
-1375.92
-2272.71
-3199.44
-3937.53
-4354.73
-4496.96
-4430.09
-4159.61
-3740.41
-3250.84
-2678.93
-2012.21
-1341.99
-828.467
-542.014
-358.864
-118.323
259.954
790.441
1407.76
2021.09
2528.12
2904.4
3232.28
3539.19
3736.31
3702.38
3417.92
2935.34
2320.52
1666.77
1107.34
683.146
267.939
-235.599
-746.124
-1131.39
-1388.9
-1619.46
-1861.99
-2112.02
-2402.46
-2759.78
-3116.1
-3336.18
-3328.19
-3132.07
-2805.19
-2348.56
-1738.73
-1031.08
-313.95
357.767
935.165
1369.83
1670.26
1924.28
2179.79
2419.83
2622.44
2778.64
2859.99
2835.54
2742.71
2613.46
2435.3
2168.31
1822.47
1459.66
1104.34
775.47
501.992
282.91
80.2973
-160.243
-377.828
-429.729
-362.856
-436.216
-901.827
-1667.36
-2416.93
-2953.91
-3249.34
-3333.68
-3243.85
-3062.2
-2831.64
-2523.73
-2037.16
-1361.95
-650.806
-105.847
200.568
403.68
648.712
927.679
1183.69
1387.8
1547
1661.78
1767.08
1946.73
2205.74
2439.79
2521.63
2376.91
1990.65
1467.15
962.113
552.895
140.183
-382.319
-939.755
-1366.44
-1598
-1697.81
-1741.22
-1740.23
-1751.7
-1833.55
-1951.82
-2003.22
-1945.83
-1847.52
-1776.66
-1716.27
-1550.59
-1214.73
-758.601
-260.053
228.015
677.656
1030.98
1320.93
1656.79
2009.11
2227.2
2225.7
2103.43
2013.11
1974.68
1910.8
1743.12
1478.13
1195.67
966.106
808.407
695.622
578.845
423.642
241.988
89.2801
1.94693
-13.0245
54.3469
189.09
273.927
176.613
-130.3
-560.978
-998.143
-1371.43
-1652.39
-1875.47
-2031.17
-2082.57
-1997.23
-1819.57
-1575.54
-1254.65
-873.88
-510.075
-248.575
-101.855
16.9183
145.173
253.467
340.8
437.615
562.876
671.169
779.961
962.612
1213.13
1421.24
1497.59
1412.25
1212.14
942.151
649.211
358.765
28.3964
-341.896
-664.281
-873.88
-993.153
-1093.96
-1197.76
-1279.11
-1344.98
-1349.47
-1274.12
-1188.28
-1164.82
-1194.27
-1178.8
-1095.46
-957.221
-736.143
-464.163
-228.613
-36.4797
236.998
677.157
1151.25
1493.1
1665.77
1746.61
1805
1840.93
1843.93
1820.47
1762.09
1618.36
1375.82
1099.35
875.778
700.114
521.954
367.249
287.402
278.918
286.903
297.383
327.825
357.268
362.259
379.725
469.554
569.862
518.46
200.568
-330.917
-890.349
-1333
-1632.43
-1830.55
-1962.3
-2020.69
-2013.2
-1911.9
-1663.37
-1296.07
-934.265
-712.189
-649.808
-653.302
-598.906
-446.197
-266.041
-149.264
-68.4187
55.3449
249.973
507.481
778.963
1015.51
1153.25
1175.71
1121.81
1038.47
973.092
896.738
688.136
291.893
-170.224
-512.071
-687.237
-788.044
-853.918
-887.854
-919.793
-966.703
-950.734
-796.528
-598.906
-532.033
-628.848
-781.058
-835.953
-726.162
-498.098
-260.552
-95.3672
53.8478
272.929
581.34
894.243
1170.71
1400.28
1571.45
1634.33
1603.39
1548.49
1466.15
1307.95
1040.96
755.508
542.914
443.104
378.727
262.948
113.234
4.94121
-10.0302
35.8821
112.236
186.594
252.968
332.815
458.076
635.736
842.342
990.559
955.126
692.628
269.436
-165.234
-549.999
-901.827
-1250.16
-1613.47
-1910.9
-2079.58
-2102.53
-2010.21
-1832.05
-1572.55
-1303.06
-1136.38
-1076.49
-999.141
-860.406
-741.633
-713.686
-699.713
-618.368
-449.191
-175.714
212.545
632.243
961.614
1166.72
1306.95
1447.19
1547.5
1545
1417.74
1180.2
900.231
657.695
506.483
398.689
234.503
8.93359
-194.178
-287.001
-273.527
-197.672
-140.281
-171.222
-321.934
-548.003
-720.673
-770.578
-743.629
-735.145
-765.088
-753.61
-662.784
-530.037
-348.883
-119.821
111.238
308.362
517.462
770.978
993.054
1106.84
1129.29
1096.86
1017.01
905.222
789.443
672.666
552.396
432.624
337.805
298.381
324.83
405.177
500.994
603.797
726.563
866.296
985.069
1071.9
1135.78
1171.71
1170.22
1096.86
923.687
575.851
63.8287
-502.09
-1030.08
-1496.69
-1911.4
-2230.29
-2453.36
-2616.05
-2730.33
-2718.86
-2539.7
-2239.77
-1933.36
-1670.36
-1403.37
-1101.45
-783.054
-495.104
-260.053
-67.4206
113.733
335.809
624.258
960.616
1312.44
1628.84
1871.88
2032.57
2151.84
2242.17
2251.15
2132.88
1885.85
1557.48
1158.24
689.134
182.103
-283.009
-662.784
-956.722
-1212.23
-1419.34
-1528.63
-1570.55
-1610.47
-1697.31
-1772.66
-1759.69
-1694.31
-1638.42
-1582.03
-1467.75
-1253.66
-987.164
-685.74
-329.919
71.3144
493.009
919.195
1339.89
1730.15
2038.56
2239.67
2325.01
2304.55
2235.68
2148.35
1974.18
1670.76
1292.98
977.584
750.517
547.904
336.807
118.225
-83.3901
-238.594
-314.948
-321.934
-308.46
-290.994
-225.618
-114.331
10.9298
144.674
317.345
506.483
588.327
481.531
187.592
-204.658
-567.466
-847.93
-1068.01
-1295.57
-1529.63
-1695.81
-1766.68
-1724.26
-1591.51
-1418.34
-1246.67
-1087.97
-884.859
-607.389
-322.933
-117.824
-24.5026
20.4117
52.3507
85.2878
165.135
300.876
436.617
536.925
617.771
701.611
779.961
854.818
925.683
910.711
797.428
613.778
395.196
139.684
-135.79
-403.279
-704.204
-1016.61
-1263.64
-1373.43
-1364.44
-1305.06
-1204.75
-1077.99
-884.859
-610.384
-313.95
-101.356
-20.0111
16.4193
110.739
273.927
468.057
669.672
843.34
985.568
1132.79
1349.37
1608.88
1812.99
1899.32
1864.89
1732.14
1538.51
1351.87
1164.23
906.719
545.908
176.114
-128.304
-391.302
-642.822
-834.955
-929.774
-987.164
-1016.11
-954.726
-769.58
-526.045
-298.479
-46.9597
257.958
592.818
916.7
1200.66
1441.7
1619.86
1726.65
1741.13
1626.34
1365.34
950.136
424.64
-117.824
-607.888
-1045.05
-1462.76
-1860.5
-2214.32
-2494.29
-2634.52
-2600.08
-2461.35
-2313.13
-2164.91
-1982.76
-1760.19
-1511.66
-1243.67
-1024.59
-897.336
-774.57
-526.045
-143.775
265.444
619.767
914.704
1183.69
1486.11
1822.47
2115.41
2275.6
2294.57
2243.67
2127.89
1914.79
1567.96
1111.83
627.253
162.141
-224.62
-529.538
-751.614
-891.846
-990.158
-1088.47
-1180.3
-1182.29
-1053.04
-888.353
-794.033
-801.02
-829.964
-817.987
-767.583
-696.22
-603.896
-454.182
-267.538
-44.9635
229.013
563.874
902.727
1146.76
1287.49
1372.33
1449.18
1481.12
1419.74
1257.05
1039.96
826.871
628.75
444.602
261.451
66.823
-170.224
-405.774
-544.01
-543.012
-471.649
-417.752
-388.308
-369.344
-305.466
-155.253
56.343
255.962
392.701
493.009
604.297
771.976
999.043
1165.72
1126.3
863.801
488.019
120.72
-198.67
-485.123
-793.534
-1165.32
-1536.12
-1820.07
-1968.79
-1986.26
-1900.42
-1747.21
-1599.99
-1463.25
-1291.08
-1054.54
-810.002
-617.37
-473.645
-321.435
-124.312
103.752
331.817
529.939
707.599
876.277
1073.9
1307.45
1555.48
1760.09
1853.91
1820.97
1697.21
1541.01
1367.84
1122.31
741.534
269.935
-171.721
-522.551
-823.477
-1104.94
-1318.03
-1437.8
-1483.22
-1444.79
-1285.59
-1057.53
-858.909
-717.18
-593.915
-430.228
-251.07
-85.3863
49.3564
145.173
228.015
320.339
429.131
564.872
723.569
897.237
1051.94
1158.74
1240.58
1318.93
1363.35
1311.95
1134.78
864.799
557.386
235.501
-67.4206
-327.424
-560.978
-820.981
-1092.46
-1274.12
-1310.55
-1257.15
-1162.33
-977.183
-686.738
-340.898
-9.53115
315.348
641.226
935.664
1206.65
1477.13
1735.64
1929.27
2049.54
2112.42
2088.46
1902.82
1541.01
1078.39
578.845
41.8707
-549.001
-1166.82
-1736.23
-2192.36
-2521.23
-2744.81
-2898.51
-2984.85
-3006.81
-2961.39
-2806.19
-2513.75
-2118.5
-1693.32
-1287.09
-923.785
-600.902
-275.523
112.236
554.891
958.121
1263.54
1493.6
1758.59
2096.95
2422.82
2624.94
2675.34
2640.91
2552.08
2394.88
2123.4
1725.16
1249.56
745.527
243.486
-267.039
-773.572
-1223.21
-1577.04
-1830.05
-1977.27
-1990.75
-1864.99
-1707.79
-1597
-1494.69
-1315.54
-1062.52
-807.507
-556.487
-310.456
-78.3996
139.185
375.733
639.729
887.256
1080.39
1229.6
1362.35
1513.56
1667.77
1758.59
1727.65
1590.91
1415.75
1206.65
939.656
599.805
221.528
-148.266
-495.104
-824.974
-1148.36
-1407.36
-1558.07
-1626.94
-1645.41
-1608.48
-1467.25
-1216.73
-894.341
-527.043
-155.253
190.587
507.481
794.433
1072.9
1333.9
1558.97
1730.65
1846.42
1918.29
1918.29
1812.49
1589.91
1267.53
875.778
425.638
-59.9349
-529.538
-967.701
-1383.41
-1795.12
-2124.49
-2324.61
-2408.95
-2400.96
-2321.12
-2174.9
-1989.75
-1758.19
-1470.74
-1162.83
-860.905
-539.02
-211.146
95.2687
340.301
561.378
803.416
1054.44
1313.94
1570.95
1809.99
1990.15
2073.49
2053.03
1965.2
1847.42
1692.72
1475.63
1180.2
831.363
435.619
6.9374
-378.327
-697.717
-996.147
-1294.58
-1544.1
-1680.34
-1713.28
-1685.33
-1599.99
-1444.29
-1231.2
-1002.63
-785.05
-539.519
-266.041
-44.9635
87.2839
193.082
320.838
430.129
496.502
544.91
611.283
707.599
820.883
914.205
912.208
814.395
672.167
544.411
432.125
312.354
206.556
96.2668
-66.9215
-307.462
-568.963
-760.597
-891.846
-976.684
-984.17
-917.297
-789.042
-616.871
-384.814
-125.31
100.259
343.295
668.175
1029.48
1309.95
1473.14
1587.42
1689.22
1771.57
1820.47
1836.94
1799.51
1713.18
1587.42
1427.72
1216.13
933.667
573.855
117.726
-401.782
-935.762
-1438.3
-1887.94
-2282.69
-2590.1
-2779.74
-2859.59
-2831.14
-2719.36
-2549.18
-2342.58
-2084.57
-1736.73
-1328.51
-929.275
-539.02
-147.268
235.002
565.371
806.411
982.075
1136.28
1296.97
1453.18
1590.41
1709.69
1795.52
1807.5
1749.11
1638.32
1492.1
1317.43
1110.33
851.824
523.451
143.177
-250.072
-624.856
-978.181
-1288.09
-1514.66
-1629.44
-1653.39
-1601.99
-1465.25
-1218.72
-927.777
-695.222
-506.083
-268.037
49.3564
329.322
479.036
560.38
658.194
786.948
900.73
963.61
981.077
947.142
888.753
819.885
752.014
699.115
660.689
621.264
544.411
425.638
280.914
111.737
-109.84
-359.363
-566.467
-715.682
-825.972
-923.785
-968.699
-943.747
-860.905
-741.134
-594.913
-420.247
-199.169
76.3049
387.211
680.152
914.205
1110.83
1274.52
1416.74
1503.58
1540.51
1525.54
1464.65
1377.82
1287.49
1205.15
1096.36
908.216
638.731
307.364
-70.9139
-487.119
-934.265
-1378.92
-1808.6
-2196.85
-2534.21
-2793.21
-2937.44
-2959.9
-2900.51
-2811.18
-2680.93
-2431.9
-2025.68
-1524.14
-1006.13
-528.54
-73.4092
362.259
779.961
1172.71
1501.08
1739.13
1891.84
1965.2
2007.12
2044.55
2078.48
2071
2004.12
1917.79
1796.02
1608.88
1370.83
1131.29
882.765
557.386
140.682
-305.466
-724.665
-1109.43
-1465.25
-1787.64
-2042.15
-2207.83
-2276.7
-2250.25
-2123.99
-1917.39
-1640.92
-1297.57
-872.882
-407.771
8.93359
353.775
667.176
980.578
1259.05
1471.14
1631.34
1750.11
1784.54
1751.11
1675.75
1565.46
1389.8
1164.23
942.65
716.582
487.021
258.457
34.385
-193.18
-430.228
-658.791
-838.947
-960.215
-1051.54
-1157.84
-1271.62
-1322.02
-1290.09
-1183.29
-1007.13
-792.037
-558.483
-341.397
-88.8796
244.983
615.775
942.65
1183.19
1393.29
1592.41
1758.09
1847.42
1858.4
1803.51
1705.69
1551.99
1342.39
1086.38
816.391
546.407
248.476
-94.8682
-479.134
-855.915
-1202.25
-1540.11
-1914.39
-2316.13
-2666.46
-2892.53
-2992.83
-2994.33
-2930.95
-2770.76
-2489.3
-2091.55
-1626.44
-1134.88
-589.424
0.449789
565.87
1066.41
1507.57
1901.32
2221.21
2428.31
2549.08
2594.5
2574.53
2502.67
2366.93
2166.81
1924.28
1663.27
1403.77
1097.35
744.529
364.754
-25.9997
-410.266
-790.54
-1114.42
-1394.89
-1662.37
-1947.83
-2221.81
-2402.46
-2466.34
-2420.43
-2295.66
-2078.58
-1773.16
-1413.85
-1018.1
-556.487
-26.9978
503.489
975.088
1374.82
1702.2
1942.24
2095.45
2163.32
2129.88
1994.14
1792.53
1566.46
1327.91
1069.41
791.439
500.994
186.594
-137.287
-442.205
-706.7
-946.741
-1202.75
-1425.33
-1586.52
-1700.3
-1795.62
-1836.54
-1784.64
-1700.3
-1640.42
-1550.09
-1308.05
-928.776
-526.544
-170.224
182.602
549.9
884.262
1182.19
1471.14
1738.13
1938.75
2059.52
2140.86
2162.82
2081.48
1887.85
1647.3
1448.18
1268.03
1050.44
777.965
517.462
285.905
75.3068
-104.35
-246.578
-394.296
-616.372
-884.859
-1152.35
-1378.42
-1577.54
-1770.17
-1953.32
-2086.56
-2120
-2048.64
-1900.92
-1683.33
-1391.39
-1042.56
-640.825
-223.123
182.103
563.874
927.18
1252.06
1463.66
1576.44
1620.36
1590.91
1470.64
1285
1084.38
871.786
673.664
491.013
316.846
136.69
-23.0054
-142.777
-266.041
-386.811
-503.089
-622.86
-760.098
-887.355
-988.661
-1088.47
-1190.28
-1282.6
-1340.99
-1351.97
-1289.59
-1173.31
-1012.62
-786.547
-483.127
-131.299
227.017
573.855
889.751
1187.68
1460.66
1680.24
1799.01
1806
1726.65
1586.42
1408.76
1206.15
1004.03
815.892
635.237
433.123
217.535
16.4193
-169.725
-352.376
-510.075
-631.344
-737.142
-853.419
-962.212
-1039.06
-1090.47
-1135.88
-1166.82
-1182.29
-1172.31
-1119.91
-997.644
-805.511
-603.397
-421.245
-230.609
-11.0283
236
495.504
761.995
998.045
1139.77
1198.66
1224.11
1248.57
1257.55
1241.08
1189.18
1082.88
938.658
813.397
728.06
639.729
503.489
349.284
218.034
129.703
65.8249
-23.0054
-165.733
-360.86
-564.471
-750.117
-951.732
-1186.78
-1417.84
-1599
-1719.76
-1819.08
-1882.45
-1872.47
-1776.66
-1593.01
-1348.97
-1070.01
-778.063
-465.161
-124.312
219.032
541.916
837.85
1083.38
1247.07
1328.91
1352.37
1324.42
1239.08
1123.8
1024.99
969.599
908.715
805.911
710.094
659.691
637.234
601.302
549.401
464.064
305.866
92.2744
-104.35
-265.542
-411.264
-595.911
-820.981
-1042.06
-1195.77
-1239.68
-1228.2
-1166.32
-1039.56
-840.943
-605.892
-368.346
-123.813
144.175
406.175
617.771
757.504
844.837
901.229
900.231
837.351
755.508
668.674
545.908
378.727
208.053
70.8154
-55.4435
-176.213
-279.516
-361.359
-425.736
-469.652
-496.102
-520.555
-541.016
-554.49
-556.986
-571.458
-575.45
-547.504
-479.633
-395.793
-297.481
-167.23
-22.0073
105.25
213.044
348.285
501.493
654.201
780.959
878.273
946.144
971.595
982.574
972.094
921.69
838.35
729.058
610.285
486.022
359.764
238.994
127.707
43.8669
-4.04163
-41.9692
-90.8758
-142.278
-149.763
-101.855
-18.514
47.8592
55.844
-22.0073
-183.199
-371.34
-531.035
-632.342
-731.153
-859.408
-999.141
-1097.95
-1144.86
-1146.86
-1092.96
-979.678
-831.461
-664.78
-515.565
-392.799
-280.015
-134.293
52.8497
231.009
361.261
435.619
478.537
496.502
489.516
465.561
450.59
438.114
434.122
430.129
445.6
467.059
478.537
485.523
480.533
469.055
435.619
370.743
276.423
159.646
23.4059
-152.758
-366.849
-564.471
-697.218
-764.09
-793.534
-781.557
-725.663
-663.283
-607.389
-494.106
-290.495
-72.9101
78.3011
192.583
336.807
494.007
599.306
623.759
608.289
595.314
583.337
550.399
483.028
397.691
307.364
217.036
135.691
71.8135
12.4269
-62.9292
-176.712
-309.957
-414.258
-471.649
-510.574
-574.452
-661.286
-728.658
-758.601
-767.084
-754.109
-717.679
-634.338
-511.073
-365.851
-205.158
-33.9844
164.636
378.727
582.838
768.483
921.191
1028.49
1080.89
1104.34
1111.83
1095.36
1064.92
1037.47
995.05
910.711
808.407
703.108
580.841
442.605
322.834
213.543
85.2878
-45.4625
-137.287
-188.689
-233.104
-275.523
-330.917
-412.262
-494.106
-574.452
-667.774
-786.048
-897.835
-970.695
-1031.58
-1092.96
-1144.36
-1158.84
-1129.39
-1055.03
-941.252
-782.555
-574.452
-335.908
-103.851
86.7849
248.975
408.171
566.369
694.624
760.997
767.984
746.525
713.588
662.685
571.858
446.099
321.337
236
180.107
130.202
80.2973
44.3659
15.4212
-32.9864
-96.3653
-167.23
-237.097
-299.976
-348.384
-386.312
-410.266
-423.74
-430.228
-439.71
-426.235
-342.894
-209.15
-76.9025
43.8669
173.12
302.373
415.657
533.931
662.685
761.995
797.927
802.418
788.944
735.546
633.241
513.969
400.685
280.415
121.718
-63.9273
-230.609
-349.382
-443.702
-536.026
-614.376
-667.774
-708.197
-749.618
-763.591
-728.658
-670.269
-622.361
-575.949
-488.117
-364.353
-238.594
-127.805
0.449789
156.651
299.379
401.184
470.053
552.396
645.717
717.081
761.995
800.422
821.382
782.456
687.637
597.809
534.43
480.533
382.221
236.499
81.7944
-45.9616
-129.302
-189.687
-234.102
-282.011
-353.873
-433.222
-460.67
-440.708
-413.759
-396.292
-353.374
-280.015
-220.628
-182.201
-146.769
-116.327
-117.824
-137.786
-150.761
-147.268
-155.253
-168.727
-191.683
-229.611
-250.072
-242.087
-211.645
-209.15
-211.146
-170.723
-97.8624
-25.9997
29.3945
106.747
206.556
303.371
376.232
406.674
372.24
285.905
207.554
187.093
187.093
156.152
110.739
102.255
117.726
109.741
79.7982
77.303
100.259
96.2668
59.3373
25.9012
14.4231
13.9241
-17.5159
-82.392
-170.224
-248.575
-296.483
-348.883
-413.26
-472.647
-470.151
-403.279
-332.414
-294.487
-261.55
-201.664
-126.807
-43.9654
51.8516
164.636
257.958
322.834
367.249
392.701
391.703
356.27
312.853
294.887
296.385
275.425
207.554
119.722
58.8383
14.9221
-30.9902
-67.4206
-92.872
-102.853
-114.83
-131.798
-148.266
-181.203
-210.148
-207.653
-167.23
-134.293
-130.3
-129.302
-98.8605
-46.9597
3.94312
61.3335
98.762
125.212
170.126
242.987
315.847
345.79
374.236
429.63
480.034
480.533
444.602
413.162
376.731
314.849
227.017
143.676
58.3392
-46.9597
-167.23
-254.563
-269.036
-237.596
-215.138
-231.607
-251.569
-253.565
-255.561
-286.502
-336.407
-358.864
-346.388
-339.401
-349.881
-355.371
-335.908
-318.441
-312.453
-285.005
-228.613
-142.278
-60.4339
18.4155
121.219
250.472
383.219
454.083
472.049
477.539
491.512
486.521
409.169
283.908
167.63
95.7677
38.3774
-41.9692
-131.299
-207.653
-283.009
-349.881
-384.315
-370.342
-342.894
-317.942
-287.5
-251.07
-218.133
-186.194
-150.761
-139.283
-150.761
-155.752
-110.339
-29.9921
58.3392
125.212
172.122
227.017
302.872
375.234
415.158
444.602
482.529
513.969
504.487
461.07
411.165
336.807
221.528
74.8078
-65.9234
-208.651
-346.388
-460.17
-558.982
-666.776
-768.581
-817.987
-810.002
-766.086
-681.248
-545.508
-416.753
-315.946
-215.138
-89.8777
41.8707
138.686
221.528
285.905
319.84
346.289
382.221
424.141
449.093
472.548
511.474
555.889
598.308
644.719
685.142
693.127
657.195
625.256
619.268
603.797
546.906
475.043
426.636
357.268
226.019
84.2897
-1.04735
-34.4835
-73.9082
-142.278
-213.142
-262.548
-290.994
-313.95
-351.877
-397.291
-439.211
-479.633
-523.05
-561.477
-575.45
-567.965
-568.963
-583.435
-606.89
-623.359
-610.883
-558.483
-473.146
-389.306
-292.99
-169.226
-45.9616
38.8764
108.244
211.547
289.897
279.916
218.533
190.088
206.556
202.065
159.147
101.257
56.343
39.3754
37.8783
29.8936
12.4269
-1.5464
-18.514
-40.4721
-36.4797
8.43454
54.3469
65.3259
67.3221
95.7677
127.208
120.221
77.303
38.3774
19.9126
-2.54449
-33.9844
-51.4511
-51.4511
-36.9787
-18.514
16.9183
51.3526
80.7963
137.189
203.063
235.501
199.569
134.194
76.804
31.3907
-9.0321
-43.9654
-69.4168
-88.8796
-114.83
-143.775
-150.262
-112.335
-62.9292
-35.9806
-21.5083
12.926
68.3202
117.726
168.13
219.531
273.428
309.36
333.314
358.765
354.773
301.375
241.988
241.489
285.406
300.377
271.931
250.971
264.446
265.943
225.021
167.131
124.213
80.7963
-11.0283
-117.824
-181.702
-205.158
-239.093
-297.98
-326.925
-324.929
-322.933
-341.896
-355.87
-340.898
-296.982
-249.573
-218.133
-186.194
-127.306
-30.4911
70.8154
148.667
187.592
209.55
229.013
246.48
256.96
261.451
260.453
249.973
233.505
195.577
126.21
42.8688
-9.0321
-37.9768
-86.8834
-161.241
-235.599
-300.975
-361.858
-402.281
-402.281
-380.822
-368.346
-379.325
-393.797
-380.323
-341.896
-322.434
-344.891
-359.862
-315.447
-227.615
-150.262
-101.855
-43.9654
32.8878
107.246
154.156
191.585
226.518
256.96
303.87
376.232
430.628
413.162
338.305
249.474
175.615
135.691
130.701
113.234
68.8192
22.9069
-5.53877
-38.9749
-89.3787
-124.312
-144.274
-161.241
-189.188
-202.662
-173.219
-123.314
-96.3653
-98.3615
-70.9139
2.94502
78.8001
126.21
163.139
207.554
234.503
235.501
244.983
261.451
266.941
242.987
218.034
211.048
210.049
207.554
202.564
198.571
193.082
165.135
126.709
80.7963
41.8707
4.94121
-50.952
-128.803
-220.129
-302.971
-395.294
-484.125
-554.989
-588.426
-602.898
-622.361
-631.344
-620.365
-571.458
-477.637
-351.378
-219.131
-121.817
-47.9578
41.3716
154.156
274.926
375.234
457.078
519.459
548.403
527.942
474.045
431.626
401.184
351.28
255.962
150.164
73.8097
62.3316
92.7735
96.2668
42.3697
-21.0092
-19.013
37.8783
83.2916
75.8059
29.3945
-19.5121
-43.4663
-54.9444
-81.3939
-123.314
-146.27
-140.281
-130.3
-134.293
-137.287
-105.348
-31.9883
59.8364
135.691
183.6
218.533
250.971
277.92
286.404
278.419
248.975
210.049
184.099
162.141
131.2
81.2954
15.9202
-52.9482
-114.83
-139.283
-137.287
-129.801
-124.312
-121.318
-117.325
-112.335
-108.342
-111.337
-113.333
-117.824
-122.316
-151.76
-191.683
-227.116
-250.571
-250.072
-232.106
-200.666
-179.706
-157.748
-113.333
-52.4492
-12.0264
-8.03401
-6.03782
38.3774
117.726
171.623
174.118
153.158
134.194
124.213
115.73
111.737
87.2839
20.9107
-46.4606
-52.9482
3.44407
51.8516
45.364
19.9126
16.9183
24.404
12.4269
-12.0264
-22.5064
-26.4987
-19.5121
11.9279
66.324
99.2611
96.7658
95.2687
98.263
74.8078
26.8993
-18.0149
-54.9444
-89.3787
-100.857
-74.9063
-43.4663
-33.9844
-34.9825
-38.9749
-37.4778
-30.4911
-28.4949
-60.933
-114.331
-140.78
-124.811
-101.356
-109.84
-124.811
-127.306
-109.84
-73.4092
-26.9978
3.94312
9.93168
19.9126
52.3507
70.8154
51.8516
27.3983
26.8993
32.3888
5.44026
-19.5121
-7.03591
24.404
34.385
18.4155
10.9298
16.4193
30.8916
57.8402
81.2954
88.7811
83.7906
86.2859
94.7696
88.7811
65.3259
29.3945
8.93359
6.9374
10.9298
2.44598
-9.53115
-15.5197
-16.5178
-23.0054
-48.4568
-72.9101
-77.9006
-45.4625
-21.5083
-23.5045
-33.9844
-31.4892
-6.53687
19.9126
47.8592
61.8326
63.8287
47.8592
13.9241
1.44788
38.8764
98.762
144.674
150.663
134.693
107.745
83.7906
76.3049
65.8249
47.8592
25.4021
7.93549
6.43835
15.4212
20.9107
4.94121
-27.9959
-57.4396
-46.4606
-2.54449
26.8993
-7.53496
-64.9254
-80.8949
-56.9406
-35.4816
-44.4644
-64.9254
-87.8815
-94.8682
-81.8929
-58.9368
-43.4663
-37.4778
-38.9749
-41.9692
-18.0149
26.8993
55.844
23.905
-36.9787
-57.9387
-22.5064
30.3926
39.3754
5.44026
-25.0016
-30.4911
-10.5292
12.4269
29.3945
32.3888
27.8974
25.4021
28.3964
37.3793
55.844
77.303
88.282
98.263
96.2668
82.2935
75.3068
87.2839
97.2649
72.8116
37.3793
26.4002
31.8897
47.3602
47.3602
41.8707
23.905
-0.548305
-23.0054
-36.4797
-26.9978
-13.5235
1.44788
9.93168
10.9298
-14.5216
-50.453
-53.4473
-25.5006
-5.03973
-5.53877
-3.04354
2.44598
-10.5292
-25.9997
-8.53306
26.8993
41.3716
26.8993
4.44216
5.9393
36.3812
68.3202
76.804
58.3392
44.3659
58.3392
91.2763
106.747
72.8116
27.3983
11.4288
18.4155
10.9298
-8.53306
-24.5026
-28.994
-28.994
-40.4721
-70.4149
-106.346
-119.821
-122.316
-140.78
-166.731
-189.687
-208.152
-229.611
-263.546
-303.969
-343.893
-351.877
-341.397
-333.413
-326.426
-285.504
-217.135
-165.733
-137.287
-119.321
-95.3672
-69.4168
-46.9597
-32.4873
-28.994
-26.4987
-19.5121
17.4174
93.7716
180.107
210.049
187.093
171.623
193.581
247.478
307.863
376.731
425.638
435.12
430.129
419.15
370.244
278.918
192.084
152.659
128.206
88.282
54.3469
48.3583
55.844
29.3945
-32.9864
-80.3958
-93.8701
-91.8739
-91.3748
-67.9196
-34.9825
-17.0169
6.9374
50.8535
87.783
86.2859
74.8078
79.2992
64.3278
22.9069
-13.0245
-17.5159
-5.53877
13.425
45.8631
78.8001
90.2782
74.8078
63.3297
64.8268
83.7906
77.8021
49.8554
28.3964
34.884
45.364
13.9241
-48.4568
-129.801
-198.67
-240.091
-255.062
-259.055
-267.039
-261.051
-222.624
-168.228
-129.302
-116.826
-86.3844
-21.5083
43.3678
79.2992
105.749
123.714
118.724
98.263
76.3049
63.3297
48.3583
19.4136
-34.9825
-88.8796
-113.832
-121.318
-139.782
-156.75
-151.76
-130.3
-128.803
-150.761
-165.733
-152.259
-127.306
-121.318
-132.297
-148.765
-166.731
-186.693
-192.182
-177.71
-160.243
-142.278
-123.813
-93.8701
-44.4644
8.93359
57.8402
75.8059
71.8135
82.7925
127.208
161.143
153.657
150.164
180.107
207.055
184.099
146.171
135.192
134.693
123.714
107.745
94.2706
74.3087
53.3488
38.8764
16.4193
-10.0302
4.44216
57.3411
81.2954
51.8516
28.3964
50.8535
94.2706
123.714
143.676
149.166
128.705
98.762
90.7773
105.749
107.745
82.2935
56.343
61.8326
82.7925
81.7944
62.3316
28.3964
8.93359
14.4231
31.3907
51.3526
67.3221
83.7906
85.7868
68.8192
53.3488
31.3907
0.449789
-19.013
-27.4968
-43.4663
-50.952
-13.5235
51.3526
65.8249
33.3869
3.44407
-6.53687
-10.0302
-11.5273
10.9298
37.3793
45.364
32.3888
15.9202
-7.53496
-51.9501
-101.356
-129.801
-132.297
-126.807
-116.826
-111.836
-126.807
-139.283
-119.321
-86.3844
-86.3844
-113.333
-118.822
-94.8682
-74.4072
-61.432
-48.4568
-35.9806
-33.4854
-41.4701
-50.453
-55.4435
-56.9406
-61.432
-54.9444
-28.994
-5.03973
-7.53496
-28.994
-46.9597
-56.4416
-66.9215
-82.891
-107.344
-112.335
-100.358
-103.352
-142.777
-171.222
-139.782
-90.8758
-72.4111
-86.8834
-91.8739
-75.9044
-58.4377
-38.4759
-19.013
9.43263
55.3449
117.726
173.12
190.587
198.571
222.027
259.954
289.398
309.36
330.819
335.31
322.834
304.369
275.924
221.528
168.629
154.156
155.154
133.695
88.282
71.3144
81.7944
73.3106
31.3907
-24.5026
-40.4721
-45.9616
-60.4339
-70.4149
-65.9234
-60.933
-83.3901
-102.354
-115.329
-119.321
-102.853
-64.4263
-27.4968
-25.0016
-39.973
-51.4511
-45.4625
-29.493
-14.5216
-22.5064
-52.9482
-82.891
-98.8605
-92.872
-67.9196
-43.9654
-37.4778
-38.9749
-2.04545
50.8535
40.8726
-24.5026
-71.413
-51.9501
-23.5045
-41.4701
-75.9044
-106.346
-124.811
-135.79
-126.308
-98.8605
-92.3729
-84.3882
-62.9292
-27.4968
-15.5197
-36.9787
-71.413
-96.3653
-89.8777
-59.9349
-14.5216
13.9241
23.905
18.9145
23.905
29.3945
13.425
-9.0321
-11.5273
1.94693
2.94502
-15.5197
-31.4892
-34.9825
-22.0073
-1.04735
10.4307
7.93549
12.926
27.8974
28.8955
10.4307
-12.0264
-21.0092
-27.4968
-29.493
-14.5216
14.9221
45.364
60.8345
58.3392
49.8554
53.8478
78.3011
106.248
125.212
145.672
165.634
175.615
168.13
167.63
180.107
170.126
120.221
68.3202
55.3449
58.3392
39.8745
14.4231
16.4193
38.8764
44.865
39.3754
35.8821
36.3812
23.4059
3.94312
3.94312
24.9031
43.8669
16.4193
-36.9787
-69.9158
-67.9196
-57.4396
-59.9349
-54.9444
-45.4625
-53.9463
-62.4301
-50.453
-29.9921
-32.4873
-41.9692
-30.9902
-23.0054
-25.5006
-35.9806
-38.4759
-46.9597
-59.9349
-48.9559
-19.013
2.44598
-11.0283
-31.4892
-35.4816
-23.5045
-10.5292
2.94502
21.4098
16.9183
5.44026
1.44788
17.9164
33.8859
29.3945
8.43454
-24.5026
-47.4587
-68.4187
-80.8949
-97.3634
-122.316
-142.777
-134.293
-92.3729
-56.9406
-48.4568
-54.9444
-65.4244
-79.8968
-90.8758
-82.392
-75.4053
-97.3634
-136.289
-145.272
-113.333
-64.9254
-36.4797
-20.5102
-1.5464
17.9164
26.4002
6.9374
-9.0321
-5.53877
11.4288
21.4098
17.9164
19.4136
28.3964
30.3926
33.3869
46.8611
76.3049
114.232
130.701
112.735
68.8192
32.8878
28.3964
50.3545
80.2973
109.741
133.695
139.684
128.705
121.219
134.693
143.676
129.703
100.758
73.8097
48.3583
37.3793
51.3526
66.324
61.3335
28.8955
-3.54259
-22.0073
-12.5254
23.4059
51.3526
40.8726
6.43835
-8.53306
21.4098
54.3469
56.343
40.8726
25.4021
30.3926
52.8497
78.3011
76.3049
51.3526
47.3602
76.3049
94.2706
75.3068
46.3621
38.3774
43.3678
50.3545
58.3392
43.3678
-0.0492582
-43.4663
-72.4111
-93.371
-127.306
-147.767
-145.272
-139.782
-123.314
-106.845
-78.8987
-54.9444
-36.4797
-25.9997
-26.4987
-14.0226
9.43263
22.9069
14.4231
-9.53115
-27.9959
-38.4759
-46.9597
-44.4644
-40.9711
-36.4797
-41.4701
-62.4301
-78.3996
-68.9177
-42.4682
-42.9673
-72.9101
-85.3863
-59.9349
-33.4854
-38.9749
-59.9349
-65.4244
-52.4492
-40.9711
-37.9768
-35.4816
-24.0035
-17.0169
-16.0188
-4.54068
16.9183
33.8859
38.3774
47.8592
59.8364
45.364
14.4231
7.93549
42.8688
74.8078
70.8154
50.8535
48.8573
57.3411
52.3507
44.3659
48.3583
47.3602
15.9202
-33.9844
-59.9349
-67.4206
-85.3863
-110.838
-118.323
-105.348
-100.358
-97.3634
-77.9006
-51.4511
-42.4682
-44.4644
-39.474
-16.5178
17.4174
55.844
96.2668
119.722
130.202
146.171
164.636
167.63
146.171
123.215
118.225
110.739
100.259
104.252
114.732
107.246
64.8268
19.9126
-8.53306
-34.4835
-70.4149
-106.346
-118.822
-130.8
-146.769
-153.756
-133.794
-99.3596
-79.8968
-71.413
-69.4168
-65.9234
-55.9425
-34.9825
-19.5121
-20.5102
-21.5083
3.44407
42.3697
62.8306
59.8364
55.3449
57.3411
57.3411
49.3564
42.8688
41.3716
40.3735
34.884
37.3793
46.8611
48.8573
34.385
18.4155
11.9279
-0.548305
-12.5254
-11.0283
-6.53687
-15.5197
-37.9768
-47.4587
-35.9806
-22.0073
-12.0264
-18.0149
-20.0111
-8.03401
7.43645
33.3869
63.8287
107.745
138.187
149.665
151.162
143.676
