3.79511 1.75732 0.729061 1.45839 2.38888 0.7877 1.36661 1.26078 0.655618 0.815584 0.397249 0.0809637 
4.47487 1.26121 0.310885 1.09747 3.15831 -0.031711 2.66417 1.62674 0.682751 1.09623 0.186099 0.0886396 
3.11066 1.85432 1.34555 1.18206 1.667 1.18759 1.71643 1.38164 0.663456 0.525493 0.150232 0.0280119 
3.22235 1.79463 1.01809 1.12436 1.3417 1.23925 2.17083 1.63692 0.4359 0.593921 0.14819 0.0201552 
4.55904 1.09625 0.935604 0.730005 2.2337 0.419415 3.59864 1.91108 0.607986 0.847044 -0.00214717 -0.00441349 
3.24479 2.01028 1.19114 0.913151 1.17793 1.47026 2.05697 1.79902 1.08867 0.406809 -0.13503 -0.041523 
3.03537 1.86481 1.06268 0.955211 1.39621 1.85163 2.00443 1.49736 0.760063 0.194802 -0.138952 -0.0259231 
3.4633 2.04523 0.892306 0.876047 1.55758 1.96514 2.01853 1.50523 0.767902 0.244325 -0.197821 -0.0442929 
3.48929 2.23231 1.228 0.968649 1.19384 1.71617 2.2653 1.75996 0.616377 -0.084744 -0.178452 -0.0441926 
4.48271 2.3023 0.872582 1.15098 1.61583 2.15254 2.9684 1.94593 0.418415 0.00287063 -0.285527 -0.0539402 
4.02477 2.30903 1.04976 1.13486 1.63779 2.23693 2.76451 1.98026 0.39436 -0.256046 -0.271888 -0.0318702 
3.89895 2.15691 0.955189 1.09423 1.71039 2.41521 2.83491 1.8922 0.312024 -0.283197 -0.309047 -0.0261569 
3.84277 2.21146 0.879597 1.02721 1.88352 2.3825 2.63305 1.79592 0.376062 -0.384799 -0.295548 -0.0203208 
3.72452 2.11945 0.952712 1.20013 1.99711 2.487 2.64401 1.78242 0.300503 -0.444835 -0.286259 -0.000131802 
4.13894 2.17573 0.966785 1.16703 1.68027 2.28477 2.90081 1.91966 0.0530707 -0.523442 -0.187828 0.0156408 
4.03947 1.87453 0.599503 1.48912 2.29237 2.26717 2.54056 1.89441 0.222561 -0.547243 -0.171562 0.0502489 
4.16898 1.97904 0.572554 1.44793 2.26625 2.16606 2.38392 1.8883 0.222863 -0.602514 -0.0912112 0.0673208 
3.63992 1.834 0.698441 1.37047 2.17601 2.30763 2.32983 1.67011 0.210871 -0.517271 -0.0458431 0.0634376 
3.59544 1.5336 0.812112 1.67878 2.23763 2.47098 2.74754 1.80763 0.0258199 -0.613378 0.0219195 0.113394 
3.92594 1.54512 0.40499 1.78024 2.78942 2.3586 2.25966 1.93178 0.232294 -0.777095 -0.0497005 0.126246 
4.18275 1.41989 0.20985 1.75098 2.65757 2.2696 2.29239 1.97514 0.270642 -0.899099 -0.00463278 0.157819 
3.90046 1.29132 0.173925 1.87043 3.08085 2.48664 2.15455 1.84764 0.23461 -0.849118 -0.0334715 0.158217 
3.9484 0.948777 0.155116 2.15782 3.10932 2.48218 2.22163 1.80783 0.249261 -0.851136 -0.0571983 0.176527 
4.1507 1.05208 -0.010904 2.08375 3.30897 2.31113 1.92453 1.76543 0.299824 -0.9186 -0.0878309 0.171644 
3.95765 0.932492 0.0216172 2.02895 3.15268 2.28301 1.92257 1.71062 0.209396 -0.920543 -0.0655697 0.164832 
4.18586 0.895106 0.0497275 1.94632 3.03033 2.00184 1.81248 1.62362 0.149129 -0.900044 -0.069068 0.154785 
4.98137 0.657673 -0.613169 1.94644 3.02702 1.81131 1.63776 2.02422 0.0330676 -0.688958 -0.177801 0.141424 
5.83269 0.929233 -0.972833 1.54864 3.32738 1.19589 1.78348 2.41557 -0.185908 -0.615837 -0.282935 0.139075 
4.06154 1.3771 -0.0240661 1.40858 2.42406 2.023 1.87787 1.68377 0.197696 -0.796626 -0.159887 0.0658767 
3.60041 1.30137 0.370632 1.44034 2.30002 2.24905 2.08437 1.53631 0.0955307 -0.736313 -0.197403 0.0547227 
4.02512 1.16839 -0.0326133 1.70933 3.12608 2.35348 2.01474 1.5841 0.266811 -0.64303 -0.323607 0.0547439 
5.99606 1.02503 -0.846001 1.7679 3.16616 1.21704 2.0507 2.03231 0.411334 -0.818991 -0.474117 0.0813081 
4.08051 1.47142 0.0415142 1.3646 2.45503 2.11186 1.85745 1.7318 0.333975 -0.928327 -0.33933 0.0263299 
3.76451 1.49833 0.218428 0.982537 2.04404 2.16258 2.20481 1.63764 0.156399 -0.815468 -0.272349 0.0143979 
4.36459 1.25184 -0.538176 0.779083 2.43118 2.24339 2.08882 1.75896 0.434388 -0.598574 -0.325594 -0.00945792 
6.62984 0.774832 -1.23214 0.649755 2.51005 1.52278 2.87529 2.4022 0.0708449 -0.596067 -0.338081 0.0191082 
4.64721 1.88199 -0.525556 -0.165748 1.50464 2.58714 2.78046 1.69424 0.253634 -0.277225 -0.333606 -0.0629078 
4.25397 1.6363 -0.549677 -0.301444 1.37947 2.79943 2.94135 1.67364 0.311324 -0.235834 -0.284032 -0.0545998 
5.1784 1.90987 -1.25268 -1.0339 1.47953 3.48199 3.44872 1.6267 -0.00675449 -0.168219 -0.22813 -0.0156901 
5.36024 2.4833 -1.14489 -1.68188 1.01302 3.54016 3.80639 1.66896 -0.0414084 -0.118424 -0.254633 0.00398813 
4.43046 1.93408 -0.765777 -1.10104 0.951507 2.95098 3.06562 1.50131 0.302443 0.128377 0.142131 0.0538496 
3.80101 1.61216 -0.393554 -0.620406 0.956103 2.62841 2.81661 1.4791 0.282415 0.0531348 0.273254 0.0423938 
4.56409 2.49082 -0.177514 -0.908276 0.625711 2.39256 2.45446 1.14571 0.130755 0.0843515 0.0664023 0.0418506 
4.23567 2.77137 0.539839 -0.500455 0.377383 1.76185 1.92507 0.864996 -0.0265857 -0.102182 0.0838349 0.0181223 
4.89128 3.06554 0.543029 -0.540857 0.281641 1.49085 1.69535 0.692903 -0.166917 -0.062048 0.0372331 0.0271769 
4.19814 2.84565 0.959604 -0.060601 0.311875 1.12193 1.32444 0.644205 -0.0626316 -0.126823 0.0626755 -0.0268118 
3.67996 2.707 1.40133 0.465961 0.377354 0.737874 0.852155 0.521213 0.108464 -0.0319039 0.0597125 -0.0644161 
3.17348 2.43758 1.64318 0.969871 0.631429 0.576923 0.485341 0.241824 0.0373805 0.0395674 0.0994041 -0.0754691 
3.67294 2.7909 1.74717 0.978598 0.553615 0.391374 0.277963 0.167754 0.0749139 0.0420417 0.107926 -0.0485245 
3.25618 2.70176 2.06537 1.30377 0.643306 0.099369 -0.211162 -0.310763 -0.157861 0.100556 0.228961 -0.0471063 
3.88159 3.25083 2.21657 1.14991 0.523072 0.160834 -0.147459 -0.472797 -0.486766 -0.133249 0.24329 -0.00337967 
3.45688 2.69218 1.84289 1.15139 0.697382 0.404697 0.0763238 -0.0970145 -0.129738 0.007606 0.203648 -0.0437674 
3.40262 2.71844 1.98726 1.32391 0.814101 0.413368 -0.018852 -0.29262 -0.229701 0.0441485 0.232786 -0.0396267 
3.24392 2.65278 2.02664 1.46728 1.06774 0.654454 0.14362 -0.218593 -0.259145 -0.0670074 0.124491 -0.0634686 
4.83868 3.59019 2.16271 1.61167 1.40055 0.512457 -0.358845 -0.647211 -0.625618 -0.553919 0.0530582 -0.00500401 
3.69284 3.20379 2.56036 1.81569 1.10141 0.382211 -0.303956 -0.764474 -0.73757 -0.307766 0.195813 -0.0357243 
3.68862 3.14293 2.35126 1.57628 1.05504 0.53346 -0.217327 -0.842374 -0.867379 -0.345514 0.22711 -0.0279283 
4.24342 3.55296 2.45852 1.61544 1.20139 0.625395 -0.187576 -1.0108 -1.31618 -0.778448 0.193829 -0.00425109 
5.12044 3.63904 2.11351 1.58242 1.36313 0.756554 -0.0942819 -0.847215 -1.47232 -1.27636 0.0234134 0.038555 
4.17415 3.54984 2.62198 1.76623 1.14407 0.442785 -0.310114 -1.00414 -1.31333 -0.837818 0.175728 -0.0198491 
4.21735 3.67051 2.94113 2.24192 1.27107 0.11116 -0.667922 -1.01446 -1.14356 -0.789984 0.0893808 -0.0412339 
4.27941 3.64272 2.82026 2.12772 1.34006 0.348898 -0.589547 -1.1378 -1.21341 -0.768429 0.0982789 -0.0347065 
4.97239 3.80582 2.39767 1.89263 1.6024 0.668274 -0.393218 -0.98596 -1.35521 -1.12064 1.66464e-006 -0.00526685 
6.85858 3.26 1.4199 2.3299 2.22691 0.486233 -0.412878 -0.664128 -1.25431 -1.12523 -0.327191 0.0176603 
3.9843 3.38571 2.59015 1.84984 1.14942 0.433039 -0.261693 -0.828767 -1.03871 -0.641466 0.0994253 -0.0346834 
3.64988 3.10238 2.45596 1.80028 1.11841 0.309274 -0.420426 -0.742561 -0.681769 -0.374254 0.032428 -0.0429639 
4.50041 3.61697 2.64125 2.20724 1.69251 0.668796 -0.466015 -0.956759 -1.05155 -0.773516 -0.0032614 -0.0465909 
5.73408 3.7219 2.19504 2.63086 2.65935 0.859956 -0.692813 -1.03878 -1.11184 -1.02832 -0.229567 -0.0606687 
3.90873 3.45899 2.87896 2.14776 1.24215 0.287195 -0.483015 -0.926043 -0.985003 -0.634475 -0.0565664 -0.0775365 
3.78871 3.27663 2.54254 1.68731 0.934482 0.205435 -0.502023 -1.01627 -0.992753 -0.595653 -0.117106 -0.0734543 
3.99624 3.55664 3.0235 2.40957 1.41743 0.164902 -0.781628 -1.1887 -1.20052 -0.788078 -0.149406 -0.113274 
4.52802 3.81363 3.06343 2.96543 2.28535 0.588473 -0.795623 -1.27417 -1.36164 -1.10028 -0.199494 -0.15058 
3.88439 3.50035 2.91294 2.16716 1.30399 0.282069 -0.562027 -1.02864 -1.07432 -0.69121 -0.130773 -0.110659 
4.44596 3.74567 3.05038 2.33454 1.47651 0.421086 -0.349963 -0.775954 -0.88223 -0.687634 -0.157259 -0.0945564 
3.59843 3.07837 2.65278 2.19315 1.5088 0.647845 -0.0783809 -0.46105 -0.523091 -0.35002 -0.0893364 -0.0971766 
3.67526 3.14434 2.61615 2.32966 1.91454 1.06273 0.174011 -0.316754 -0.420904 -0.295713 -0.0964163 -0.0960916 
3.18891 2.65 2.18785 1.75671 1.32799 0.907238 0.535131 0.170588 -0.0649128 -0.17668 -0.137256 -0.0861749 
3.96223 3.26963 2.76822 2.22995 1.6611 1.14959 0.734977 0.283472 -0.0940889 -0.220429 -0.152166 -0.0822813 
3.34822 2.80895 2.40075 2.06151 1.60281 0.98518 0.46211 0.15342 -0.0796024 -0.200244 -0.126972 -0.0816423 
3.44735 2.83219 2.29532 1.97187 1.54121 1.01066 0.562167 0.230103 -0.0779857 -0.218814 -0.098952 -0.0776153 
3.65719 2.97788 2.65821 2.4179 1.91098 1.22124 0.542158 0.0613006 -0.2796 -0.259541 -0.0572484 -0.0697081 
5.38818 3.07312 2.03354 2.8527 2.55518 1.12022 0.185495 -0.138639 -0.524503 -0.69433 -0.130621 -0.0322838 
3.27692 2.58697 2.10406 1.88222 1.55659 0.99887 0.452292 0.0343652 -0.295109 -0.306857 -0.102248 -0.0662106 
3.98656 2.95041 2.16286 2.15446 1.90665 0.931909 0.0816947 -0.0988336 -0.222071 -0.367768 -0.132815 -0.0750303 
4.92246 2.72168 1.28016 2.19225 2.60401 1.1742 0.197875 0.0659822 -0.196109 -0.354157 -0.222131 -0.0854818 
3.85402 2.64609 1.80979 2.08918 1.97891 0.902806 0.101187 -0.0292353 -0.0458064 -0.25067 -0.174584 -0.0733084 
5.37663 2.47654 1.31159 2.59837 2.41354 0.914881 0.575968 0.222625 0.0819778 -0.137402 -0.154707 -0.0625424 
5.1702 2.58686 1.14178 2.11588 2.13058 0.65368 0.477574 0.51946 0.320947 -0.113013 -0.192015 -0.0675277 
4.86475 2.5848 1.30356 2.31523 2.17753 0.884644 0.362056 0.422474 0.172963 -0.0665134 -0.150726 -0.0587221 
3.55664 2.24626 1.26372 1.40034 1.51094 0.998407 0.587374 0.443297 0.185977 0.030985 -0.0404321 -0.0246005 
3.78258 2.28636 1.38837 1.58127 1.53253 0.647418 0.14908 0.0894334 0.063639 -0.0620934 -0.127222 -0.0499619 
4.89993 2.3939 1.02528 2.07882 1.92796 0.24597 0.0447245 0.155223 0.0159394 0.0720465 -0.108844 -0.0517741 
5.9663 2.04188 0.451801 1.88248 2.17783 0.136718 0.434929 -0.04626 0.146672 0.0451155 -0.12927 -0.0733891 