SAMPLES:	17746
BITSPERSAMPLE:	16
CHANNELS:	1
SAMPLERATE:	16000
NORMALIZED:	FALSE
-11
-5
-1
-3
-7
-8
-7
-8
-13
-14
-15
-18
-23
-25
-22
-16
-13
-11
-13
-18
-21
-21
-19
-13
-6
-2
0
2
-1
-3
-4
-2
3
10
15
16
13
8
8
6
-1
-4
-2
7
13
14
15
19
26
29
25
16
8
3
0
-1
0
1
4
6
2
-6
-14
-18
-16
-18
-20
-23
-22
-17
-10
-5
-3
-6
-9
-7
-4
-1
-1
0
-2
-8
-13
-13
-8
-7
-12
-17
-15
-8
-1
2
3
4
10
12
8
6
9
18
22
20
13
7
4
0
-2
3
14
26
34
43
45
36
25
18
16
16
15
14
10
11
11
7
4
-1
-5
-8
-11
-10
-7
-5
-9
-12
-12
-10
-13
-16
-14
-11
-8
-2
10
15
-4
-31
-42
-32
-18
-8
-6
-7
-18
-30
-35
-25
-10
0
4
7
4
-7
-11
-3
11
20
19
13
6
-2
1
11
22
26
26
27
25
20
13
5
0
-6
-10
-9
-4
0
0
-2
-4
-3
-2
-2
-6
-14
-21
-25
-29
-33
-34
-32
-28
-30
-34
-32
-26
-18
-13
-12
-13
-9
-3
-1
-4
-9
-9
-5
1
6
11
15
16
15
13
11
5
0
-1
-1
0
2
2
3
6
10
10
9
11
16
21
23
24
26
27
28
27
24
20
17
16
22
25
28
31
34
39
40
38
34
28
21
11
2
-4
-7
-7
-9
-7
-3
-3
-2
1
3
1
-6
-12
-18
-22
-24
-22
-20
-17
-18
-18
-15
-14
-15
-13
-10
-11
-12
-16
-18
-16
-16
-15
-13
-15
-19
-18
-13
-6
-3
-1
2
3
3
4
6
6
6
4
-2
-9
-9
-2
5
8
4
-2
-8
-15
-23
-25
-20
-10
-2
-1
-4
-6
-6
-10
-16
-19
-16
-11
-9
-10
-11
-10
-10
-12
-14
-16
-17
-15
-9
-2
4
8
11
11
10
5
-1
-7
-9
-1
5
13
18
24
30
32
29
25
22
20
18
11
7
7
12
16
16
13
9
7
8
6
6
14
21
24
20
18
20
19
17
13
15
19
20
16
7
3
1
2
6
8
6
-1
-14
-24
-26
-22
-13
-4
4
7
3
-6
-10
-5
4
10
5
4
3
1
0
-1
2
6
7
5
-2
-7
-9
-14
-16
-17
-13
-7
1
2
-2
-10
-16
-18
-19
-16
-10
-6
-3
-3
1
2
1
-5
-11
-16
-18
-16
-12
-8
-7
-5
-8
-15
-22
-28
-28
-22
-19
-17
-17
-17
-15
-11
-13
-18
-20
-16
-11
-5
1
6
9
9
12
12
12
7
-1
-8
-7
-5
-4
-8
-14
-13
-11
-11
-8
-2
8
17
19
15
14
12
8
3
2
6
13
17
15
15
21
30
35
36
32
33
31
31
29
26
22
17
15
13
13
15
17
19
21
22
23
25
23
20
18
17
16
12
9
13
20
24
24
19
12
2
-7
-15
-21
-29
-37
-44
-47
-47
-44
-38
-32
-24
-17
-14
-15
-16
-18
-17
-16
-22
-28
-31
-28
-25
-24
-25
-23
-23
-22
-22
-19
-15
-10
-6
-2
1
4
7
10
15
13
7
-1
-4
-3
0
-2
-9
-13
-16
-19
-23
-24
-20
-9
0
5
8
9
12
14
16
18
15
7
-3
-11
-15
-13
-12
-9
-5
3
10
11
7
2
2
4
6
6
7
10
12
11
12
16
17
14
14
16
21
26
29
30
26
21
17
16
17
14
12
14
18
18
14
8
2
-3
-6
-5
-3
-1
2
0
-7
-15
-18
-12
-5
2
3
0
-5
-9
-12
-15
-17
-18
-18
-19
-17
-20
-19
-20
-21
-19
-15
-14
-12
-14
-14
-13
-13
-12
-9
-6
-3
0
5
8
9
8
9
11
12
10
8
9
15
20
23
22
17
13
11
9
4
-3
-4
-2
-3
-3
-1
0
-6
-14
-18
-20
-21
-22
-21
-20
-20
-22
-19
-16
-10
-4
0
2
0
-9
-17
-18
-17
-17
-13
-10
-8
-6
-1
1
1
0
-1
1
4
9
12
15
19
22
22
23
26
27
26
21
16
15
14
12
12
13
19
24
23
20
19
22
22
17
12
9
9
4
0
-3
-4
-5
-7
-9
-8
-5
-2
-1
-2
-6
-14
-19
-16
-9
-5
-6
-12
-17
-19
-19
-16
-15
-16
-19
-19
-15
-11
-8
-11
-14
-16
-16
-14
-9
-6
-4
-8
-11
-8
1
11
17
17
16
16
11
3
-1
-1
4
7
10
13
15
11
4
0
-3
-7
-12
-16
-14
-12
-13
-18
-20
-19
-18
-15
-9
-1
4
5
5
10
15
15
12
6
6
7
11
18
25
25
18
8
2
-1
-1
1
5
9
11
9
3
3
5
4
2
1
2
1
-3
-3
1
5
6
4
3
0
-8
-15
-15
-8
1
4
1
-6
-9
-6
-2
3
5
3
2
2
6
12
17
20
22
21
16
7
1
-1
0
0
-2
-3
-5
-9
-10
-11
-10
-5
2
6
3
-8
-16
-15
-9
-8
-13
-21
-25
-25
-25
-21
-14
-6
1
1
-2
-1
-2
-6
-7
-5
-5
-3
-4
-9
-12
-13
-18
-23
-19
-10
0
5
5
5
4
6
7
7
8
6
7
11
16
19
20
25
33
36
32
23
14
10
12
17
23
27
29
23
16
14
18
21
21
22
22
16
8
2
0
-4
-9
-11
-13
-14
-16
-17
-18
-17
-16
-20
-25
-29
-30
-27
-22
-15
-15
-19
-23
-23
-18
-12
-3
6
15
18
13
4
2
4
5
4
0
3
3
2
-1
0
2
4
3
2
5
8
9
11
17
24
25
20
15
13
12
11
7
3
3
-2
-8
-10
-7
-2
1
4
7
9
5
-6
-17
-22
-17
-5
-1
-4
-9
-9
-3
2
2
1
0
0
0
-4
-9
-9
-2
6
9
7
5
7
6
3
-1
-1
-2
-2
-3
-6
-5
-7
-7
-8
-10
-14
-20
-21
-15
-6
1
2
4
6
9
9
8
7
2
-2
-3
1
11
17
19
18
19
16
7
0
-3
0
1
-2
-4
-2
2
2
-2
-5
-6
-3
0
0
-3
-6
-10
-11
-8
-1
6
7
7
5
4
1
-1
0
4
6
4
5
9
12
13
10
11
15
15
10
6
4
5
4
0
0
2
4
5
-1
-5
-7
-10
-15
-18
-19
-20
-18
-12
-5
-3
-4
-5
-2
-2
-2
-1
0
5
6
0
-8
-15
-17
-12
-7
-5
-8
-11
-11
-10
-7
-6
0
6
10
11
9
6
7
9
12
11
9
8
10
14
14
12
10
8
3
-3
-2
5
11
12
14
17
12
0
-9
-12
-8
-3
-2
-2
-6
-9
-14
-18
-19
-17
-16
-19
-22
-22
-21
-22
-24
-25
-25
-23
-17
-10
-5
-3
3
7
9
7
4
3
2
3
6
10
13
17
26
30
30
27
25
24
24
25
25
23
19
17
14
10
4
-1
-5
-7
-6
-5
-3
-2
-3
-3
-3
-5
-8
-9
-3
2
2
-3
-9
-11
-9
-11
-14
-18
-15
-7
-2
-2
-6
-9
-6
0
5
3
-3
-8
-6
-3
-4
-7
-9
-3
5
10
12
10
10
11
13
13
15
16
18
19
21
23
22
14
3
-4
-8
-6
-4
-5
-1
4
4
1
-2
-3
-2
-3
-7
-10
-18
-26
-29
-29
-25
-21
-16
-13
-10
-12
-15
-16
-18
-17
-18
-16
-17
-16
-16
-17
-17
-15
-9
-2
2
4
8
15
22
25
26
26
29
33
32
27
26
26
26
24
17
6
-2
-3
1
7
9
8
2
-3
-5
1
8
10
5
0
-3
-4
-3
-1
2
5
4
3
5
5
6
8
10
8
2
-6
-11
-9
0
8
5
0
-5
-11
-15
-12
-6
-1
-2
-4
-4
-3
-2
-4
-6
-7
-8
-15
-22
-23
-22
-20
-22
-29
-30
-28
-28
-28
-25
-17
-6
-5
-6
-10
-15
-21
-22
-15
-7
-4
-4
-1
6
9
4
0
1
9
12
10
8
12
16
14
12
14
19
21
20
16
16
23
29
33
33
29
21
16
12
11
10
8
11
12
10
3
3
7
12
11
10
10
8
5
2
-1
-2
-4
-8
-12
-10
-8
-6
-4
-4
-8
-10
-10
-7
-4
0
3
6
4
0
-2
-3
-2
-2
-1
-4
-5
-8
-13
-16
-14
-11
-11
-17
-23
-24
-20
-15
-17
-23
-23
-18
-13
-11
-12
-10
-11
-14
-17
-16
-14
-12
-12
-8
-3
-5
-5
-2
4
9
11
12
15
15
15
16
17
19
20
20
22
21
19
13
8
9
11
12
10
4
1
2
4
5
6
3
-1
-6
-11
-16
-19
-16
-4
6
10
8
2
-1
0
2
0
-2
-3
-2
-3
-5
-7
-7
-5
-5
-6
-7
-7
-4
0
5
4
4
6
6
2
-2
-3
1
5
7
4
0
-6
-8
-8
-8
-8
-5
0
3
6
8
7
2
-3
-7
-9
-8
-10
-9
-4
1
1
-3
-10
-14
-9
0
7
9
8
8
9
11
11
13
16
21
26
28
27
22
15
11
11
13
15
15
17
23
26
23
17
10
5
4
2
0
-6
-13
-24
-30
-31
-27
-23
-20
-18
-17
-17
-15
-16
-14
-10
-4
0
-2
-7
-11
-11
-9
-4
1
7
11
9
2
-3
-5
-4
-6
-13
-18
-18
-14
-5
0
1
1
-3
-8
-10
-13
-15
-15
-10
-2
3
4
2
2
4
4
-4
-10
-9
-2
1
-1
-5
-7
-7
-4
-8
-14
-19
-15
-7
-3
0
0
-2
-6
-8
-6
-1
6
16
26
30
31
29
27
26
29
32
36
41
46
44
42
43
42
38
32
28
25
20
17
19
27
30
28
20
12
7
5
3
-2
-8
-11
-11
-11
-9
-11
-13
-11
-16
-24
-36
-39
-37
-34
-32
-29
-26
-28
-32
-38
-41
-41
-34
-25
-18
-14
-10
0
9
14
15
11
9
3
-3
-4
0
5
8
10
9
5
-1
-3
-1
4
6
6
2
-3
-6
-6
-6
-2
4
9
5
-2
-6
-7
-4
-1
2
5
8
7
5
3
7
10
12
12
6
-2
-7
-5
2
4
2
-4
-8
-16
-25
-31
-29
-21
-12
-6
-2
1
2
4
5
5
6
10
16
21
20
19
16
15
14
13
9
7
10
11
7
2
1
5
8
10
12
11
9
8
7
7
7
8
9
8
6
7
6
3
-1
-1
1
3
0
-6
-10
-9
-7
-6
-6
-5
-1
0
1
1
1
2
1
-6
-12
-17
-18
-16
-11
-4
1
2
-1
-6
-12
-13
-15
-12
-10
-9
-8
-7
-6
-4
-3
1
2
4
4
-1
-7
-11
-11
-9
-7
-6
-8
-13
-18
-17
-14
-10
-5
2
7
7
4
-2
-4
-3
0
1
1
3
4
4
0
-5
-9
-5
2
5
3
-1
-2
-2
-5
-4
0
4
7
12
17
21
22
21
25
26
18
8
4
4
8
11
7
5
4
3
0
-5
-5
-3
-2
-1
-3
-6
-9
-12
-16
-16
-13
-10
-6
-5
-3
-1
3
4
4
2
1
0
0
0
-3
-4
-1
0
0
-2
-2
0
4
8
12
12
10
9
8
9
12
16
19
16
8
-2
-7
-9
-8
-4
1
9
12
8
1
-9
-14
-17
-19
-20
-19
-15
-13
-16
-24
-29
-30
-29
-22
-12
-1
9
15
14
12
11
12
13
15
17
18
13
7
2
0
-1
-2
-4
-2
3
7
12
12
6
0
-1
-2
-2
-5
-9
-13
-13
-11
-11
-9
-7
-3
-1
-3
-8
-14
-13
-4
-1
-6
-10
-11
-8
-7
-8
-10
-7
-3
0
3
6
4
0
-2
0
2
10
18
19
15
10
7
6
5
5
8
15
20
21
21
22
18
14
11
10
7
5
5
6
4
-2
-5
-8
-6
-6
-4
0
2
3
-1
-3
-9
-15
-13
-9
-8
-13
-17
-16
-14
-15
-16
-16
-15
-14
-15
-9
0
6
6
5
4
2
-1
-5
-7
-1
6
9
6
6
7
8
5
0
-5
-6
-3
1
5
11
17
19
19
17
13
8
10
13
15
15
9
2
-2
-4
-4
-6
-11
-16
-17
-16
-13
-14
-13
-12
-9
-9
-10
-8
-6
-4
-3
-7
-10
-16
-18
-17
-17
-16
-14
-13
-14
-14
-14
-12
-12
-11
-11
-8
-6
-2
0
-3
-8
-13
-17
-18
-15
-8
3
12
16
17
19
17
11
5
4
7
8
7
7
10
15
17
15
14
20
30
35
35
34
34
36
34
31
26
20
15
10
12
15
18
20
19
17
13
9
5
0
-4
-7
-10
-8
-7
-6
-5
-10
-18
-25
-25
-23
-22
-21
-19
-18
-16
-15
-16
-18
-13
-7
-6
-10
-17
-25
-29
-29
-23
-16
-11
-11
-18
-24
-24
-22
-17
-13
-11
-10
-9
-11
-6
2
10
15
18
23
26
22
17
11
8
12
19
21
22
20
19
16
10
5
4
5
3
-3
-12
-18
-17
-12
-9
-8
-6
-6
-4
1
7
14
18
21
22
19
11
4
4
10
11
11
7
4
-2
-11
-14
-12
-8
-4
1
5
4
-3
-6
-7
-3
1
6
10
5
-3
-10
-8
0
6
8
8
3
0
-5
-11
-14
-15
-15
-16
-15
-13
-10
-6
-1
1
1
-3
-3
-1
0
3
7
6
2
1
3
9
13
14
12
12
15
17
13
8
6
4
0
-6
-16
-20
-18
-11
-3
3
8
12
14
11
7
6
6
5
3
3
6
7
7
7
6
3
4
11
18
17
12
9
10
13
17
18
16
8
0
-3
-5
-6
-7
-5
-3
-6
-13
-16
-14
-13
-15
-17
-18
-21
-26
-26
-25
-18
-10
-3
-2
-9
-18
-23
-24
-20
-13
-5
-1
-5
-10
-16
-19
-16
-10
-1
4
3
1
0
3
9
17
21
16
7
1
0
4
3
0
-4
-8
-10
-14
-12
-8
-1
5
9
8
6
5
9
18
25
26
22
20
19
17
12
10
11
16
20
18
13
13
15
17
19
19
17
12
7
9
14
15
12
8
7
7
5
1
-4
-9
-7
-6
-4
-3
-3
-5
-6
-6
-6
-5
-10
-21
-27
-25
-17
-11
-7
-4
-1
-6
-13
-17
-18
-20
-22
-23
-18
-13
-10
-7
-3
-4
-9
-14
-15
-16
-16
-13
-7
1
4
2
-3
-5
-4
1
7
10
13
13
9
6
3
-1
0
1
2
-1
-7
-12
-17
-21
-22
-18
-9
-4
-1
0
-1
-1
5
10
14
13
13
20
24
24
18
16
19
23
25
24
22
20
17
19
21
21
18
14
11
11
14
16
17
17
17
15
11
6
-1
-7
-7
-3
8
15
17
11
3
-6
-17
-24
-29
-28
-25
-25
-26
-27
-27
-28
-29
-26
-25
-24
-27
-29
-27
-26
-25
-23
-24
-27
-25
-23
-20
-19
-16
-12
-5
3
10
13
15
16
18
22
25
28
27
22
22
22
23
24
27
30
31
31
31
33
32
30
28
25
20
19
22
25
22
12
3
-2
-6
-6
-5
-2
0
-1
-1
-7
-12
-18
-21
-19
-17
-19
-23
-27
-31
-32
-33
-34
-32
-29
-27
-26
-26
-26
-27
-28
-30
-30
-27
-18
-10
-8
-11
-15
-17
-14
-12
-11
-10
-7
-6
-7
-7
-4
4
12
16
16
17
20
20
21
18
16
16
15
11
11
15
22
26
30
28
23
15
6
1
1
2
7
15
20
19
18
17
14
14
16
21
26
26
23
20
16
11
8
6
4
5
5
8
12
13
10
5
0
-5
-7
-5
-4
-7
-11
-17
-24
-29
-31
-29
-24
-20
-19
-18
-21
-23
-25
-28
-31
-30
-29
-31
-30
-28
-23
-16
-12
-8
-9
-14
-20
-21
-21
-15
-10
-7
-9
-11
-9
-4
3
6
4
6
9
11
7
7
9
15
20
17
14
12
12
12
14
18
26
34
40
33
22
14
13
11
12
13
15
14
12
11
7
6
8
12
17
15
9
4
6
14
17
15
10
5
6
5
2
-4
-7
-6
-7
-11
-13
-15
-20
-29
-34
-35
-35
-33
-29
-25
-25
-25
-24
-25
-25
-26
-23
-18
-11
-6
-5
-6
-9
-11
-10
-11
-12
-12
-8
-3
1
6
12
21
29
32
32
26
21
17
11
5
2
4
11
20
28
31
35
36
34
30
24
19
14
14
15
16
15
12
6
3
2
4
8
11
14
13
11
8
5
2
-1
-3
-3
-3
-3
-2
1
1
-2
-5
-10
-15
-21
-24
-22
-16
-15
-16
-20
-22
-21
-22
-24
-22
-24
-26
-26
-24
-20
-18
-19
-20
-18
-18
-16
-15
-12
-11
-11
-11
-14
-18
-19
-16
-14
-15
-14
-9
1
7
10
11
15
18
17
14
14
16
19
19
13
11
14
17
18
20
22
23
24
22
19
13
5
2
2
0
-1
1
4
9
16
20
21
21
21
20
16
12
13
16
20
22
20
18
19
20
21
21
19
12
5
-2
-10
-12
-12
-7
-6
-10
-20
-30
-36
-40
-40
-35
-28
-22
-22
-22
-26
-27
-24
-22
-21
-20
-16
-17
-18
-17
-14
-12
-7
-1
6
5
0
-7
-10
-8
-2
1
2
3
8
14
19
20
18
15
11
3
-3
-4
1
10
18
24
25
18
7
0
-3
-5
-6
-1
4
8
9
5
1
-1
-1
-1
-3
-5
-5
-6
-6
-3
3
9
10
4
0
-2
-5
-8
-12
-10
-5
-2
-3
-4
-5
-4
-4
-4
-3
-1
6
15
18
13
1
-10
-16
-15
-12
-10
-11
-11
-10
-8
-8
-6
-3
0
6
8
7
7
7
7
14
19
23
24
25
26
26
27
27
25
18
9
1
2
6
8
9
8
4
-5
-15
-23
-23
-16
-11
-8
-9
-12
-14
-16
-15
-8
-1
3
7
4
0
-3
-5
-1
5
11
15
14
14
13
15
16
17
17
12
2
-8
-10
-7
2
11
14
8
-2
-8
-12
-19
-29
-35
-33
-27
-24
-19
-14
-10
-11
-18
-23
-24
-23
-23
-21
-17
-12
-7
-5
-7
-10
-14
-13
-13
-8
-2
4
10
14
14
11
6
2
2
4
3
2
4
6
10
11
10
10
13
18
20
17
13
14
17
18
16
13
13
16
19
15
11
12
15
19
20
21
25
29
30
27
23
21
19
16
14
13
11
8
3
-1
-6
-9
-8
-3
-1
-2
-5
-7
-10
-10
-9
-11
-14
-14
-11
-10
-12
-15
-16
-16
-20
-25
-29
-30
-31
-32
-28
-22
-16
-10
-6
-5
-8
-10
-6
2
6
5
1
-2
-5
-12
-19
-20
-14
-8
-2
1
6
8
11
12
11
7
4
4
5
7
5
-2
-8
-11
-11
-9
-9
-7
-4
2
11
17
19
20
20
21
17
12
8
3
1
-1
1
2
2
1
2
2
2
2
5
7
7
3
-4
-7
-5
-1
3
5
5
2
-1
-3
-7
-9
-10
-9
-4
-2
-3
-7
-12
-13
-15
-13
-8
-7
-8
-9
-7
0
1
0
1
5
4
3
1
0
0
2
4
5
9
14
17
21
22
18
12
11
11
10
9
9
12
10
8
10
13
15
16
16
17
17
20
22
23
23
23
25
23
15
3
-6
-10
-13
-15
-19
-18
-17
-17
-22
-30
-32
-30
-26
-23
-24
-24
-23
-23
-24
-24
-25
-24
-22
-16
-8
-6
-6
-10
-12
-13
-15
-16
-16
-14
-11
-9
-7
-4
-2
0
2
9
16
17
15
12
12
18
23
24
20
17
19
24
29
26
24
22
21
19
20
20
21
20
17
15
14
16
16
17
15
8
-3
-13
-13
-9
-6
-3
-4
-9
-13
-15
-13
-10
-8
-8
-9
-9
-13
-13
-12
-11
-16
-25
-30
-28
-22
-17
-19
-19
-17
-10
-3
0
-2
-5
-8
-11
-12
-11
-9
-6
-5
-7
-11
-15
-15
-15
-12
-6
4
10
14
15
13
12
10
10
7
6
6
7
6
6
8
13
18
22
24
21
19
13
9
2
2
12
20
25
24
20
22
23
23
25
28
31
30
26
24
24
21
14
12
13
16
17
17
11
-1
-8
-12
-16
-20
-25
-27
-27
-28
-28
-24
-25
-31
-37
-39
-37
-35
-32
-32
-32
-32
-28
-20
-9
-3
-6
-11
-11
-9
-6
-4
-3
-1
2
0
-5
-5
2
10
18
23
24
25
25
25
22
15
9
7
10
13
14
14
13
12
11
8
5
3
1
1
1
0
3
4
2
-2
-8
-12
-10
-10
-8
-6
-3
-2
-4
-6
-6
-7
-9
-14
-14
-11
-8
-6
-6
-7
-6
-5
-5
-6
-13
-17
-16
-12
-10
-9
-8
-8
-3
3
9
11
10
9
4
1
-1
0
4
5
6
7
5
8
9
10
10
9
10
14
16
17
15
11
9
8
7
4
2
2
1
2
2
-3
-3
3
9
13
13
10
5
0
-2
-4
2
10
14
20
24
26
28
24
19
13
6
4
3
5
7
8
7
5
5
9
14
13
11
9
10
8
4
2
0
-3
-7
-13
-16
-18
-20
-23
-26
-25
-27
-29
-34
-36
-32
-25
-18
-19
-24
-25
-26
-28
-29
-30
-28
-24
-23
-22
-18
-14
-12
-9
-1
8
15
17
17
14
12
10
11
15
17
15
11
9
6
5
2
0
1
3
4
4
6
12
12
12
8
2
-4
-5
-3
1
5
4
2
-5
-11
-18
-22
-21
-14
-5
-1
1
1
1
3
4
4
3
3
6
13
18
21
20
18
20
25
28
31
33
35
34
32
27
21
16
12
12
15
17
19
23
23
22
18
13
6
1
-4
-8
-10
-11
-10
-9
-5
3
6
6
6
4
3
3
4
4
1
-8
-14
-17
-22
-23
-24
-24
-27
-29
-33
-39
-44
-44
-39
-34
-32
-30
-27
-25
-25
-28
-30
-28
-21
-13
-7
-4
-6
-8
-10
-8
-1
9
16
22
25
24
21
17
9
5
4
9
16
18
19
20
23
24
15
-2
-15
-14
-5
2
-4
-16
-21
-15
-4
0
-5
-8
-2
6
3
-11
-20
-21
-19
-18
-21
-23
-19
-10
2
10
14
13
11
9
10
11
11
11
11
19
29
34
30
25
26
28
25
16
11
11
14
14
11
9
12
16
20
19
17
13
4
-3
-2
6
11
13
15
18
24
30
30
31
28
21
11
5
5
7
8
6
4
1
-2
-5
-14
-24
-32
-38
-38
-39
-40
-40
-40
-40
-43
-45
-46
-46
-45
-44
-43
-43
-42
-38
-32
-24
-16
-12
-12
-13
-14
-14
-13
-12
-12
-14
-19
-18
-12
-2
7
12
13
14
12
6
1
0
6
13
17
22
26
27
27
26
24
21
18
19
23
30
32
32
32
31
25
14
7
5
7
13
20
24
19
15
12
7
4
-2
-6
-5
-3
-2
0
0
-3
-5
-4
0
2
0
-7
-12
-12
-13
-16
-17
-14
-7
-6
-9
-11
-10
-12
-15
-16
-12
-10
-12
-13
-12
-11
-5
1
9
9
0
-10
-14
-15
-12
-8
1
11
14
8
6
6
6
11
11
-3
-11
3
22
25
11
-5
-17
-14
-7
-8
-10
5
18
7
-19
-29
-9
25
40
18
-24
-42
-24
16
39
15
-26
-40
-26
-15
-7
1
-7
-18
7
45
48
7
-25
-21
5
5
-13
-22
-7
16
33
55
84
27
-295
-581
-95
1010
1084
-529
-1729
-602
1302
1381
-129
-1176
-931
79
1005
919
-245
-1128
-679
403
883
449
-390
-815
-338
506
723
160
-472
-568
-97
467
520
22
-420
-357
53
380
325
-50
-344
-258
64
288
244
-4
-215
-175
58
207
118
-95
-208
-105
105
187
62
-111
-155
-33
133
173
45
-110
-135
-19
115
137
31
-87
-106
-25
82
119
41
-70
-79
8
64
43
-9
-52
-47
18
70
42
-21
-42
-20
3
12
-2
-27
-35
-18
14
25
-10
-66
-91
-57
7
42
28
-19
-57
-55
-14
27
22
-19
-38
-17
4
1
-19
-47
-40
0
22
10
-5
-14
-5
24
35
20
24
30
-65
-160
-31
170
149
-24
-137
-84
78
160
91
-15
-79
-57
50
130
95
-20
-109
-66
50
101
57
-42
-107
-52
60
92
36
-41
-69
-32
13
33
25
-14
-39
-26
-3
4
7
5
-4
-18
-22
2
28
20
-10
-29
-19
7
4
-23
-31
-14
-4
-4
1
20
25
-10
-43
-31
11
41
18
-32
-45
-8
43
64
32
-21
-41
-4
48
57
12
-25
-9
35
52
27
-6
-12
3
20
32
21
-8
-29
-28
-7
13
17
4
-17
-31
-23
-4
6
-2
-19
-15
8
27
19
-10
-26
-12
11
19
3
-19
-25
-12
8
6
-15
-23
-4
23
26
5
-8
-3
3
6
9
12
12
4
-5
-11
-14
-15
-6
7
9
-1
-8
-2
7
-2
-15
-16
-2
4
-10
-31
-27
-8
3
-3
-13
-12
-11
-20
-28
-20
2
24
30
22
10
-3
-12
-18
-14
-4
17
34
38
27
9
-3
-8
-2
8
15
20
27
35
30
14
-9
-15
0
19
27
21
12
5
4
-1
-12
-24
-28
-21
-12
-12
-17
-13
0
14
21
16
11
14
26
31
19
4
0
8
16
10
-3
-9
1
14
14
3
-13
-21
-17
-3
14
20
15
5
-2
4
7
0
-10
-11
-4
0
-6
-15
-21
-20
-12
-8
-8
-10
-10
-15
-19
-27
-34
-35
-30
-23
-17
-19
-25
-31
-29
-23
-18
-19
-24
-25
-15
-1
9
11
9
8
11
12
14
18
24
26
28
27
28
34
44
48
41
32
31
39
45
43
31
17
5
-1
-1
3
9
10
7
4
5
8
12
6
-5
-16
-24
-28
-25
-14
-3
8
10
0
-11
-23
-31
-30
-21
-11
-2
2
-3
-11
-17
-16
-11
-11
-13
-14
-12
-10
-8
-4
-1
-4
-12
-21
-23
-20
-13
-4
5
12
12
-1
-20
-35
-39
-32
-17
-4
3
-4
-11
-14
-13
-8
0
8
18
26
28
28
32
40
50
54
57
53
50
54
58
67
76
76
66
52
34
14
-1
-3
4
13
10
-7
-33
-56
-82
-100
-78
-11
70
77
-1
-109
-178
-152
-68
17
63
42
-11
-55
-67
-35
18
72
97
50
-37
-104
-108
-48
-3
5
-15
-62
-82
26
323
604
481
-159
-899
-1039
-416
497
1049
861
205
-469
-785
-554
-7
465
555
246
-201
-475
-426
-102
288
492
382
30
-329
-451
-278
50
320
381
211
-84
-303
-294
-84
155
224
92
-98
-200
-186
-89
67
214
242
100
-88
-140
-96
16
242
347
309
31
-830
-1439
-1076
-135
1161
2017
1574
373
-979
-1943
-1756
-628
636
1451
1418
643
-275
-841
-815
-323
218
462
291
-80
-275
-156
154
446
476
159
-283
-575
-556
-183
304
579
542
225
-180
-411
-389
-151
161
321
269
72
-154
-235
-131
56
204
187
4
-166
-191
-60
146
272
233
57
-163
-306
-299
-156
57
212
208
67
-101
-186
-136
-2
105
118
31
-96
-156
-96
26
109
81
-22
-111
-138
-107
-42
14
37
39
10
-55
-107
-125
-98
-17
57
51
-25
-113
-147
-93
13
86
79
31
-12
-30
-6
21
2
-26
-45
-72
-56
-3
44
104
133
102
63
18
-21
-16
-7
-6
3
-10
-16
21
72
128
169
140
62
-16
-87
-99
-53
11
84
147
162
135
67
-13
-46
-25
16
51
55
34
25
30
26
4
-41
-82
-76
-22
41
76
64
16
-31
-55
-57
-47
-34
-21
-9
8
27
36
25
0
-39
-72
-75
-45
13
68
81
41
-31
-96
-118
-95
-58
-40
-32
-14
30
91
116
77
-10
-100
-142
-117
-56
3
48
76
111
138
124
53
-52
-135
-146
-91
-6
59
86
80
64
45
22
-8
-41
-56
-39
11
74
106
75
14
-42
-75
-68
-34
2
5
-36
-63
-68
-55
-27
-29
-66
-96
-91
-83
-71
-63
-35
29
66
57
5
-33
-33
-28
-4
13
13
-16
-25
-7
4
-11
-29
15
72
119
158
155
99
45
60
114
149
143
126
113
62
-11
-37
12
76
117
133
115
106
110
80
37
-12
-54
-59
0
27
99
86
126
25
44
-82
-51
49
108
2307
3486
2200
-210
-2595
-1850
1938
5216
5255
2023
-2951
-5570
-4483
-1980
111
1698
3886
5909
5221
1290
-2881
-3117
739
1891
-3121
-7565
-6765
-2328
2524
4595
2948
278
-205
178
1399
2118
2869
6698
10001
7009
-648
-5604
-5343
-2557
-1232
-2156
-2345
-109
5349
9683
5828
-1510
-5219
-5790
-4042
-2998
-5583
-5822
-742
5320
9682
7059
-650
-4502
-3806
-2001
-1604
-4430
-6352
-3357
-245
1110
-504
-3010
-1015
1880
707
-2714
-5255
-4784
-2119
-4376
-9647
-11800
-10138
-5499
-2725
-5538
-9278
-7705
-2581
-223
-4921
-12320
-12416
-5235
1258
3564
1600
1898
5943
5710
448
-4229
-4010
625
5487
6800
6349
6332
6278
5948
3522
-488
-876
3750
8066
9082
8046
8766
10208
7798
2826
90
1837
7057
10323
9838
8869
7490
4958
2164
868
458
2222
3860
2758
2816
4347
6091
7151
5498
1523
-2535
-4183
-2642
-2440
-3752
-2469
963
1903
2268
4121
3612
-915
-5819
-7591
-7398
-5369
-512
3280
2264
-1289
-4060
-6357
-9849
-10667
-8127
-6440
-5716
-3678
-2081
-993
-2969
-6530
-7753
-7886
-6630
-5862
-4544
-2392
26
-827
-5058
-7722
-7366
-5629
-4894
-5096
-4168
-2367
-467
-923
-5222
-7348
-5736
-2775
-332
501
578
1262
2979
3544
2086
-128
-1609
-47
2191
2975
5601
8839
8952
5399
1789
1650
3336
4681
5571
7214
9575
10107
8311
5894
3957
2456
1671
1386
1813
3104
5380
7138
7485
6929
6087
5067
3144
1143
-304
-580
-536
170
2386
4323
4022
584
-3446
-3819
-2857
-4918
-7048
-5640
-3670
-3747
-5138
-5949
-5562
-5400
-5073
-3997
-3715
-4199
-4446
-5359
-5749
-4131
-2268
-2874
-3849
-1953
-326
-993
-1795
-3172
-4589
-5182
-5124
-3608
-1049
1834
3348
3265
2158
1467
1900
2196
3055
4547
6233
7613
8060
8404
8712
7723
5865
4335
4275
5205
5735
6899
8711
10199
10377
9076
7895
7397
6259
4016
2574
3091
3910
3899
4095
5107
6053
5336
3204
1302
300
-997
-2741
-3408
-3031
-2626
-2805
-3540
-4519
-6220
-8366
-10477
-12147
-12647
-12010
-11091
-11027
-11584
-11817
-11772
-12023
-13366
-14521
-14772
-15400
-15883
-15990
-15612
-14306
-12374
-9435
-7146
-6752
-6600
-5802
-4614
-3652
-3308
-3151
-1982
-157
1642
2788
3740
4615
4846
6143
7762
8807
9595
10754
11328
10800
10335
10262
10067
9200
8481
8895
10524
12204
13887
15249
15994
16367
17003
17709
17874
17100
16434
16834
17325
17327
16982
17154
17610
17494
16295
14749
13427
12046
10099
7848
5694
3662
2194
830
-87
-1285
-2556
-3519
-4652
-6931
-10297
-12211
-12943
-14375
-16716
-17980
-17929
-18433
-19499
-19141
-18002
-18266
-20244
-21268
-20968
-20622
-20618
-20063
-18287
-16850
-16294
-15571
-14322
-12840
-11598
-11082
-11036
-10787
-9915
-9708
-9221
-7487
-5589
-4016
-2985
-1716
-260
140
-383
-639
-169
1012
1789
2902
4150
4643
5071
5776
6392
6028
5391
5246
5721
6331
7371
8591
8696
8845
11058
15462
19021
20530
21943
23957
25517
25151
24451
24994
25596
24722
23452
23101
24173
25115
25348
25048
23821
22003
19453
16789
13692
10482
7526
4376
1281
-1181
-2848
-3752
-5058
-6639
-8619
-11289
-14920
-18839
-21384
-23162
-25032
-27072
-28328
-28395
-27748
-26976
-25528
-24028
-23260
-23603
-23690
-23102
-22349
-21810
-21407
-20623
-19460
-17992
-15897
-13521
-11306
-9590
-8880
-8912
-9104
-8477
-7647
-6971
-5971
-4367
-2870
-1672
-538
1285
2530
2515
1674
1159
926
272
-284
77
1856
3568
4919
5959
7229
7801
8081
8219
8470
7963
7706
9417
14046
18800
20645
21591
24205
28386
30037
28936
28057
28926
28507
25794
23535
24537
26410
26909
26508
26584
26850
25710
23875
21770
18863
14859
10602
6884
3465
387
-1409
-2458
-3141
-4310
-6301
-9351
-12429
-14813
-17787
-22408
-26824
-29284
-30788
-32317
-32487
-30761
-29360
-29059
-28737
-27289
-26141
-26083
-26093
-25445
-24847
-24343
-23255
-21344
-19193
-16841
-14843
-13312
-11571
-9088
-6653
-5667
-5190
-4091
-2955
-2791
-2858
-2595
-2366
-2418
-1762
-299
943
2058
3053
3818
3507
2351
980
-270
-1184
-1684
-1591
-863
655
2907
4813
6598
10459
16386
20673
20589
20048
22988
26794
26511
24458
25542
28850
29481
28089
28128
30837
32767
32131
31676
31496
30328
27816
25339
22772
19777
16869
14589
12100
9009
6653
5567
4267
2068
35
-1835
-5178
-9867
-13562
-16103
-19353
-23456
-26500
-28086
-29296
-30031
-29726
-29226
-29158
-28957
-28316
-28274
-28681
-28258
-27664
-27871
-27956
-26454
-23722
-21496
-19600
-16961
-14108
-11874
-10029
-8234
-7125
-6418
-5244
-4200
-4055
-3982
-3309
-2580
-2629
-2223
-624
409
208
306
1411
1751
693
161
394
-56
-1044
-894
351
896
771
2187
6052
11230
15468
17582
19307
22365
25986
27076
26215
26743
28723
28900
26738
25779
27570
29448
29906
30332
31243
31525
30470
28859
26773
24061
21463
18620
14713
10183
7039
5618
4027
1740
138
-420
-1846
-4899
-8026
-9919
-11932
-15701
-20445
-24046
-26039
-27497
-28953
-29608
-29228
-28470
-27876
-27554
-26829
-25717
-24993
-25327
-26349
-26626
-26046
-25494
-24777
-23182
-20502
-17824
-15402
-12439
-8915
-5725
-3973
-3233
-2479
-1933
-2125
-3098
-3733
-3413
-3005
-2880
-2622
-1515
8
742
828
1044
1431
1442
632
19
-330
-638
-1125
-1468
54
4357
9882
13730
16052
19927
25530
28984
29215
29166
30908
31476
28841
25749
25080
26119
26618
26741
27767
29284
30253
30318
29650
28607
27010
24596
20674
15591
10611
6817
3960
1245
-1440
-3170
-3724
-4325
-5816
-7289
-7846
-9059
-12572
-17059
-20273
-22824
-25918
-29009
-30428
-30641
-30598
-30188
-29036
-27195
-25226
-23710
-22961
-22779
-22443
-22250
-22883
-23550
-23270
-21909
-20529
-18912
-16108
-12224
-8372
-5481
-3238
-1215
254
818
211
-1042
-2188
-3187
-4170
-5137
-5064
-3942
-2583
-1307
199
1980
3268
3501
3440
3331
2995
1966
258
288
3258
7907
10922
12236
16031
21552
25826
27329
28281
31181
32695
30841
27785
26119
26067
25218
23863
23248
23582
24407
24542
24484
24623
24607
24112
22036
18678
14723
10787
7408
3701
-100
-3503
-5760
-7192
-8792
-10098
-10320
-10158
-11127
-13462
-15297
-16633
-18683
-21721
-24419
-26147
-27757
-29112
-29750
-29161
-27897
-26479
-25112
-23757
-22025
-20210
-19106
-18698
-18512
-17949
-17650
-17689
-16949
-15251
-13149
-11261
-9159
-6683
-4567
-2745
-1213
-148
527
784
664
-87
-795
-969
-1417
-2244
-2653
-2253
-1604
-1384
-599
697
1537
1848
1880
3460
6806
10641
13036
13924
16497
20642
23464
24071
24910
27801
29837
28971
27574
27400
28474
28652
28107
27846
27591
27369
26536
25449
24626
23825
22689
20443
17208
14031
11077
8697
5989
2910
103
-2183
-4060
-6189
-7975
-9076
-10323
-12389
-14819
-16673
-18195
-20098
-22040
-23669
-24797
-25991
-26938
-27436
-27277
-26617
-26025
-25499
-24855
-23917
-22903
-22362
-21846
-21285
-20793
-20460
-20152
-18960
-17129
-14791
-12251
-9646
-6971
-4617
-2760
-1358
-502
56
75
-540
-1271
-1804
-1969
-2383
-2671
-2364
-1655
-1017
-415
473
1456
2070
2358
2355
3019
5385
8745
11137
11896
13922
18012
21608
22887
23743
26670
29599
29794
28374
27803
28737
29098
28053
26997
26503
26400
25577
24353
23775
23547
22903
21227
18814
16325
13853
11587
9283
6350
3217
299
-2294
-4845
-7174
-8734
-10145
-12080
-14091
-15526
-16580
-17868
-19373
-20540
-21636
-22923
-24278
-25312
-25795
-25884
-25921
-25878
-25675
-25119
-24353
-23716
-22746
-21674
-20794
-20350
-19940
-18721
-16954
-15114
-13377
-11623
-9445
-7202
-5389
-3762
-2398
-1181
-550
-461
-394
-461
-442
-615
-928
-1082
-859
-464
-266
-242
219
850
1327
1511
1955
4134
7593
10563
11584
12705
15960
19758
21502
22003
23869
26818
27877
26655
25698
26334
27377
26968
25941
25409
25386
25039
24028
23241
22825
22296
21131
19153
16842
14502
12429
10342
7394
4172
1466
-556
-2942
-5638
-7302
-8206
-9693
-12013
-13712
-14394
-15413
-17117
-18641
-19771
-21018
-22638
-23890
-24626
-24949
-24993
-25092
-25158
-24826
-23873
-22843
-22219
-21554
-20668
-20021
-19673
-19142
-17810
-16071
-14437
-12901
-11217
-8987
-6708
-4887
-3601
-2382
-1071
-319
-172
-17
468
782
390
-132
-209
24
275
259
220
400
586
831
637
1034
3042
6322
9336
10771
12346
15485
19194
21509
22553
24056
26395
27364
26674
25630
25798
26566
26225
25140
24262
24033
23792
23008
22372
22133
21762
20896
19172
17079
14943
13030
10970
8004
4645
1989
-98
-2661
-5602
-7449
-8204
-9709
-12135
-13801
-14124
-14802
-16462
-18066
-18946
-20072
-21722
-23141
-24003
-24477
-24918
-25407
-25772
-25643
-24694
-23681
-23095
-22237
-20883
-19619
-19026
-18502
-17369
-16052
-14937
-13805
-12370
-10407
-8296
-6331
-4612
-3030
-1389
-192
351
734
1205
1526
1254
704
468
348
120
-99
-135
190
540
775
977
1283
2717
5469
8613
10631
11682
13682
17129
20070
21364
22206
24112
26251
26515
25497
25013
25759
26357
25682
24719
24405
24392
24009
23248
22766
22481
21777
20519
18621
16459
14407
12570
10330
7249
4239
2061
121
-2597
-5286
-6718
-7747
-9738
-12195
-13480
-13966
-15295
-17358
-18909
-19864
-20998
-22642
-23957
-24665
-25065
-25467
-26066
-26410
-26054
-25268
-24576
-24171
-23536
-22518
-21803
-21343
-20585
-19055
-17107
-15364
-13640
-11691
-9417
-7170
-5227
-3522
-1805
-199
899
1368
1619
1951
2029
1526
854
554
779
895
787
878
1346
2006
2308
2534
2799
3874
5830
8425
10191
11224
12764
15559
18314
19583
20542
22379
24647
25275
24569
24190
25121
25927
25539
24689
24308
24402
23837
22945
22300
22050
21343
19968
18201
16498
14752
12965
10926
8360
5821
3655
1688
-750
-3158
-4855
-6277
-8386
-10721
-12343
-13418
-14791
-16571
-18053
-19250
-20512
-21879
-23090
-24020
-24633
-25239
-25916
-26570
-26685
-26201
-25656
-25158
-24485
-23618
-22765
-21996
-20914
-19353
-17617
-15737
-13758
-11489
-9042
-6730
-4820
-3224
-1831
-563
243
740
1322
2001
2650
2823
2766
2644
2582
2469
2244
2134
2022
2027
1901
1866
1641
1633
2774
5092
7546
8801
10009
12546
16096
18531
19717
21144
23573
25311
25042
24248
24344
25226
25161
24194
23367
23110
22747
21967
21291
21019
20948
20346
19377
17810
16159
14546
12966
10795
7860
5196
3164
1014
-1953
-4555
-6033
-7302
-9625
-12010
-13278
-13967
-15359
-17115
-18361
-19227
-20424
-21886
-23037
-23889
-24586
-25387
-26149
-26636
-26469
-26025
-25772
-25608
-24895
-23713
-22738
-21931
-20709
-18749
-16561
-14617
-12675
-10307
-7626
-5247
-3351
-1546
203
1363
1850
2078
2350
2526
2381
2007
1590
1588
2005
2376
2385
2386
2680
2938
2712
2305
2202
2781
4076
5874
7412
8576
10283
13115
16118
18056
19605
21807
24394
25626
25565
25364
25993
26493
25993
24866
23968
23536
22776
21687
20752
20470
20064
19168
17740
16373
15085
13694
11981
9611
7077
4716
2607
29
-2665
-4827
-6445
-8557
-11053
-12972
-14088
-15196
-16734
-18038
-18985
-19892
-21122
-22260
-23107
-23630
-24270
-25114
-25965
-26324
-26227
-26219
-26318
-26247
-25719
-25101
-24311
-23103
-21287
-19184
-17060
-14722
-11982
-8881
-5941
-3337
-1129
704
1888
2538
2872
3051
3061
2814
2443
1860
1479
1471
1848
1988
1988
2149
2614
2815
2706
2565
2730
3547
4986
6717
7789
8860
10888
14021
16717
18434
20194
22681
24794
25404
25271
25581
26517
26718
25906
24706
23908
23411
22512
21549
20909
20626
19924
18760
17375
16199
14877
13392
11500
9017
6545
4268
2241
-439
-3228
-5456
-7209
-9506
-12008
-13829
-14853
-16055
-17740
-19044
-19965
-20724
-21861
-22863
-23576
-24060
-24835
-25881
-26783
-27060
-26861
-26807
-26696
-26264
-25201
-24148
-23069
-21683
-19773
-17708
-15812
-13768
-11213
-8123
-5226
-2967
-1286
231
1458
2190
2385
2446
2485
2444
2244
2078
2179
2354
2428
2371
2559
2887
3033
2772
2459
2559
3460
5110
7017
8398
9425
11291
14169
16838
18280
19662
21816
24030
24762
24449
24455
25218
25785
25267
24318
23628
23287
22638
21720
21129
20906
20414
19342
17900
16443
14941
13469
11706
9320
6650
4390
2478
81
-2578
-4758
-6307
-8198
-10552
-12541
-13771
-14818
-16271
-17809
-18988
-20012
-21183
-22439
-23417
-24073
-24733
-25533
-26351
-26730
-26660
-26442
-26313
-26113
-25551
-24776
-23861
-22723
-21061
-19047
-16969
-14895
-12638
-10064
-7366
-4724
-2296
-53
1853
3203
3949
4314
4360
4103
3478
2711
2116
1764
1764
1735
1863
2013
2351
2471
2543
2565
3168
4553
6462
8098
9005
10390
12795
15708
17536
18809
20457
22752
24069
24170
24047
24638
25493
25393
24557
23710
23377
22935
22117
21261
20790
20281
19278
17893
16310
14837
13361
11799
9676
6904
4349
2501
715
-1804
-4424
-6104
-7275
-9218
-11506
-12858
-13426
-14544
-16446
-17866
-18643
-19549
-21037
-22219
-22907
-23358
-24124
-24905
-25408
-25433
-25129
-24958
-24844
-24565
-23869
-23221
-22571
-21695
-20137
-18245
-16374
-14490
-12111
-9050
-6021
-3603
-1710
266
1890
2809
3030
3319
3492
3088
2243
1520
1268
1101
1047
1030
1378
1864
2268
2510
2368
2687
3855
5890
7851
8969
10068
12143
15111
17350
18676
19933
22140
24018
24389
24006
24162
25179
25623
24909
24001
23558
23282
22620
21647
20979
20560
19843
18644
16947
15229
13667
12102
10148
7594
4963
2855
1073
-1132
-3506
-5387
-6561
-8189
-10392
-12094
-12881
-13713
-15372
-17067
-18157
-18985
-20304
-21583
-22530
-23085
-23708
-24361
-24928
-25152
-25044
-24940
-24962
-25095
-24675
-23970
-23058
-21993
-20448
-18530
-16688
-15035
-13204
-10870
-8344
-6111
-4438
-2761
-848
894
1910
2380
3036
3595
3525
2804
2480
2707
2843
2633
2294
2482
2397
2139
1528
1488
2574
4531
6912
8513
10158
12330
15518
18323
20098
21439
23161
24962
25346
24670
24005
24379
24816
24258
23083
22371
22493
22520
21930
21384
21458
21401
20551
18845
17090
15420
13584
11236
8287
5033
2288
249
-1826
-4193
-6370
-7506
-8494
-10075
-11712
-12407
-12710
-13874
-15720
-17224
-18173
-19614
-21436
-22934
-23730
-24462
-25467
-26301
-26563
-26262
-25843
-25465
-25047
-24111
-22878
-21685
-20664
-19414
-17818
-16248
-14900
-13498
-11691
-9454
-7095
-5010
-3196
-1378
429
1683
2427
3056
3898
3955
3130
2232
2159
2241
1636
798
560
969
1011
823
872
2376
4718
7289
9004
10542
12693
15518
18125
19678
20954
22418
23991
24456
23905
23406
23757
24405
24238
23413
22767
22832
23044
22770
22194
21846
21629
20831
19098
16934
15023
13326
11259
8351
5115
2481
680
-1099
-3278
-5184
-6284
-7216
-8812
-10505
-11496
-12087
-13276
-15139
-16831
-18107
-19370
-20969
-22376
-23297
-23873
-24675
-25503
-25848
-25490
-24871
-24460
-24113
-23531
-22610
-21704
-20882
-19953
-18628
-17134
-15798
-14548
-12934
-10810
-8617
-6786
-5062
-3089
-963
632
1667
2639
3674
4294
3892
3455
3245
3349
2884
2093
1613
1251
1086
688
805
1582
3394
5775
7842
9584
11488
14487
17479
19625
20993
22203
23753
24342
23932
23036
22833
23149
22987
22145
21496
21687
22058
22139
22052
22227
22332
21676
20391
18620
16639
14703
12427
9623
6245
3032
741
-1170
-3131
-5202
-6707
-7589
-8604
-10021
-11181
-11515
-12150
-13746
-15964
-17411
-18484
-20084
-22042
-23531
-24381
-25269
-26215
-26714
-26443
-25816
-25089
-24445
-23687
-22677
-21486
-20387
-19324
-18080
-16629
-15209
-14005
-12567
-10665
-8457
-6390
-4553
-2773
-817
1040
2482
3464
4139
4757
4885
4298
3548
3122
2928
2347
1299
658
454
400
203
626
2319
4946
7436
9017
10913
13401
16529
18666
20032
21468
22888
23764
23524
23088
22833
22999
23051
22782
22276
21845
21974
22145
22144
21951
21597
21036
19966
18308
16220
14061
12144
9896
6799
3429
891
-823
-2687
-4756
-6415
-7348
-8420
-9862
-11131
-11944
-12668
-13982
-15693
-17342
-18735
-20105
-21615
-23020
-23970
-24579
-25236
-25915
-26070
-25485
-24587
-23882
-23324
-22453
-21315
-20190
-19262
-18312
-17169
-15992
-14981
-13864
-12233
-10000
-7585
-5402
-3322
-1080
1179
2974
4077
4837
5415
5663
5253
4330
3379
2472
1773
806
-24
-492
-402
25
401
1819
4194
7285
9528
11187
13255
15919
18637
20028
20964
21800
22843
23077
22412
21896
21942
22536
22756
22667
22613
22715
23124
23223
23109
22628
22080
21222
19632
17413
14891
12728
10549
7875
4616
1671
-172
-1455
-3059
-4857
-6105
-6764
-7865
-9460
-10842
-11681
-12822
-14827
-17082
-18898
-20329
-21957
-23602
-24794
-25397
-25776
-26195
-26348
-25984
-25237
-24446
-23900
-23360
-22683
-21791
-20977
-20247
-19333
-18121
-16806
-15686
-14242
-12109
-9382
-6887
-4719
-2534
-94
2093
3610
4576
5336
5871
5793
5133
4127
3472
2908
2477
1720
1189
898
1003
1238
1526
2981
5233
8227
10008
11444
13324
16077
18720
19963
20778
21763
23157
23550
22934
22417
22734
23454
23389
22892
22732
22867
23126
22848
22493
22035
21435
20437
18756
16711
14532
12603
10321
7598
4296
1506
-268
-1577
-3269
-5252
-6563
-7339
-8571
-10399
-11614
-12284
-13355
-15527
-17732
-19294
-20542
-22105
-23689
-24794
-25517
-26025
-26584
-26780
-26402
-25521
-24653
-24201
-23867
-23116
-22109
-21141
-20251
-18959
-17333
-15698
-14206
-12406
-10012
-7385
-5064
-3151
-1285
662
2343
3617
4552
5371
5793
5664
5021
4286
3773
3311
2850
2034
1594
1319
1449
1326
1357
2580
4660
7247
8722
10276
12496
15523
18147
19493
20834
22281
23799
23913
23299
23005
23230
23576
23171
22569
22180
22061
22186
21956
21691
21348
20986
20127
18540
16600
14483
12616
10401
7687
4406
1473
-484
-2081
-4050
-6044
-7319
-8135
-9425
-11062
-12075
-12618
-13642
-15558
-17504
-19009
-20320
-21892
-23470
-24526
-25113
-25431
-25821
-25998
-25592
-24788
-24031
-23624
-23074
-22110
-20998
-20142
-19402
-18258
-16924
-15615
-14469
-12865
-10630
-8123
-5775
-3660
-1454
732
2651
3887
4799
5472
5704
5396
4677
4070
3556
3087
2630
2134
1705
1313
1268
1373
1850
3373
5542
8043
9417
10821
12859
15633
18061
19359
20672
21989
23317
23358
22885
22638
23050
23543
23246
22570
22155
22171
22259
21973
21547
21167
20543
19495
17789
15761
13653
11848
9737
6900
3703
942
-756
-2328
-4000
-5739
-7079
-8143
-9444
-10894
-12162
-12875
-13869
-15599
-17846
-19449
-20535
-21751
-23247
-24169
-24566
-24925
-25480
-25683
-25188
-24509
-23816
-23412
-22930
-22237
-21220
-20224
-19377
-18238
-16751
-15084
-13594
-11786
-9372
-6647
-4157
-2134
-276
1529
3131
4206
4741
5085
5103
4669
3816
3267
3075
2918
2599
2236
2353
2302
2261
1930
2359
4016
6272
8393
9370
10749
12934
15829
17955
19141
20504
22177
23584
23577
23043
22955
23497
23776
23147
22131
21572
21435
21331
20797
20183
19822
19363
18350
16454
14445
12618
11018
8844
5911
2696
8
-1742
-3219
-4930
-6730
-8065
-9093
-10318
-11691
-12615
-13144
-14039
-15750
-17708
-19201
-20310
-21489
-22902
-23851
-24311
-24580
-24982
-25097
-24442
-23439
-22538
-21989
-21293
-20420
-19387
-18468
-17652
-16651
-15446
-14079
-12833
-11409
-9505
-7060
-4777
-2851
-1170
698
2557
4079
5164
5908
6214
5912
5117
4173
3564
3008
2589
1757
1401
1312
1698
1908
2042
3652
6078
8989
10033
11005
12861
15875
18250
19042
19837
21092
22572
22521
21779
21322
22016
22571
22341
21510
21151
21287
21308
21069
20513
20247
19615
18569
16675
14412
12298
10571
8766
5971
2617
-264
-1926
-3055
-4514
-6155
-7395
-8331
-9441
-10871
-11953
-12587
-13417
-15104
-17291
-19044
-20204
-21201
-22416
-23371
-23827
-24116
-24501
-24620
-24023
-22972
-22082
-21496
-20974
-20292
-19558
-18832
-18239
-17488
-16471
-15244
-14077
-12714
-10645
-7997
-5425
-3476
-1680
99
1905
3413
4583
5480
5823
5811
5146
4375
3680
3306
3038
2551
2255
2289
2543
2782
2771
3593
5488
8047
9984
10715
12169
14533
17456
18744
19438
20599
22287
22936
22115
21458
21722
22527
22425
21773
21081
21073
21022
20658
19988
19422
19110
18195
16659
14410
12357
10503
8689
6403
3372
437
-1767
-3000
-4259
-5779
-7082
-7896
-8857
-10372
-11738
-12363
-12803
-14067
-16048
-17907
-19142
-20165
-21275
-22228
-22668
-22759
-23029
-23371
-23190
-22262
-21211
-20673
-20448
-20099
-19545
-18997
-18454
-17715
-16584
-15320
-14072
-12915
-11275
-9076
-6665
-4615
-2810
-905
1024
2624
3781
4661
5292
5388
4977
4240
3692
3297
3044
2724
2642
2781
3074
3277
3422
3727
4076
5386
7128
9346
10366
11456
13227
15884
17818
18536
19648
21446
23150
22844
21971
21635
22432
22597
21907
21094
20839
20682
19881
18961
18292
18078
17310
15920
14015
12099
10250
8272
6337
3842
1080
-1909
-3784
-4905
-6002
-7509
-8968
-9667
-10751
-12035
-13354
-13632
-14243
-15594
-17628
-18918
-19733
-20668
-21672
-22322
-22231
-22498
-22673
-22690
-21824
-20861
-20090
-19618
-19380
-18915
-18344
-17436
-16736
-15808
-14778
-13608
-12637
-11462
-9593
-7271
-4930
-3044
-1220
501
2298
3780
4956
5731
6188
6169
5528
4803
4237
4079
3722
3332
3067
2918
3058
3104
3568
3869
4458
5863
7914
10072
10923
12168
14082
16691
17976
18477
19550
21193
22194
21482
20829
20751
21440
21248
20627
19996
19858
19651
18799
18026
17445
17248
16263
14797
12935
11066
9097
7156
5195
2668
-246
-2805
-4415
-5707
-7087
-8359
-9149
-9933
-11076
-12194
-12818
-13198
-14123
-15613
-17244
-18496
-19582
-20485
-21190
-21452
-21552
-21674
-21749
-21492
-20781
-19912
-19106
-18505
-17986
-17493
-16971
-16380
-15710
-14817
-13868
-12972
-12197
-11204
-9654
-7710
-5731
-3943
-2170
-401
1197
2590
3831
4883
5437
5536
5400
5225
5031
4809
4604
4361
4098
3950
3860
4074
4260
4727
4731
4979
6035
7890
9934
10776
12065
13851
16271
17528
18191
19328
20929
21929
21280
20638
20348
20867
20590
19993
19336
18939
18419
17454
16808
16262
15998
15025
13773
12007
10007
8079
6310
4630
2123
-667
-3261
-4736
-6134
-7524
-8932
-9789
-10315
-11428
-12520
-13471
-13603
-14290
-15460
-17167
-18222
-19142
-20032
-20825
-21145
-20934
-21190
-21280
-21171
-20207
-19311
-18425
-17715
-17063
-16420
-15887
-14996
-14293
-13273
-12445
-11543
-10805
-9819
-8159
-6308
-4451
-3004
-1223
433
2073
3212
4147
4980
5309
5389
4990
4867
4754
4738
4439
4106
3987
3985
4100
4014
4222
4419
4609
4364
4903
6235
8287
9539
10266
11769
13718
15752
16482
17745
19319
20944
20866
20185
19802
20085
20141
19324
18689
18026
17563
16483
15666
15166
14927
14348
13296
12155
10558
9043
7389
5897
3841
1113
-1551
-3642
-5255
-7086
-8840
-10081
-10798
-11901
-13162
-13916
-13951
-14164
-15195
-16413
-17214
-17881
-18765
-19581
-19906
-19884
-20090
-20306
-20144
-19455
-18492
-17531
-16707
-15945
-15258
-14498
-13751
-13062
-12298
-11426
-10628
-9964
-9256
-8088
-6591
-5129
-3827
-2477
-908
683
2099
3434
4842
5940
6342
6154
5997
6138
5983
5487
4994
4830
4675
4272
4027
4136
4446
4425
4311
3872
4110
5218
7067
8634
9211
10368
12034
14048
14869
15833
17268
18939
19201
18286
17751
17895
18513
18157
17578
16804
16436
15889
15264
14822
14629
14550
13599
12177
10299
8779
7221
5611
3587
1027
-1658
-4100
-5669
-7184
-8434
-9712
-10517
-11498
-12767
-13671
-13952
-13819
-14452
-15479
-16694
-17336
-18167
-18768
-19134
-19001
-18783
-18931
-18806
-18283
-17058
-15916
-14864
-14177
-13560
-13017
-12470
-11714
-11081
-10242
-9654
-9115
-8732
-8032
-6857
-5394
-4032
-2860
-1651
-455
868
2097
3413
4462
5093
5230
5149
5203
5364
5464
5234
4885
4540
4275
4104
3962
4095
4242
4208
4013
3628
4199
5499
7436
8673
9349
10434
12042
13667
14375
15434
16878
18376
18220
17306
16820
17152
17646
17312
16974
16460
16148
15484
15047
14755
14583
14221
13115
11535
9446
7750
6190
4626
2536
-53
-2670
-4902
-6457
-7779
-8891
-9890
-10726
-11834
-13128
-13883
-13918
-13776
-14340
-15344
-16335
-17073
-17628
-17898
-17749
-17609
-17612
-17809
-17657
-17070
-15972
-14740
-13700
-12978
-12456
-11923
-11426
-10747
-10045
-9251
-8818
-8466
-7996
-7138
-5884
-4570
-3231
-2210
-1150
-93
1175
2391
3500
4447
4902
4987
4736
4739
4793
4848
4728
4551
4318
4060
3985
4027
4028
3955
3742
3586
3090
3164
4127
5682
7096
7736
9070
10660
12391
13226
14314
16002
17627
18017
17157
16756
16792
17210
16824
16404
16015
15501
14692
13801
13537
13412
13252
12322
10939
9221
7754
6732
5305
3122
257
-2433
-4738
-6771
-8446
-9765
-10834
-11754
-12622
-13532
-13972
-13989
-13878
-14013
-14270
-14526
-15119
-15967
-16478
-16325
-16004
-15844
-15743
-15495
-15082
-14415
-13317
-12025
-10726
-9867
-9375
-9032
-8455
-7722
-6946
-6491
-6391
-6250
-6059
-5483
-4747
-3678
-2646
-1811
-1190
-538
507
1693
2760
3328
3608
3598
3564
3552
3536
3757
3813
3574
3087
2805
2843
2982
3134
3122
3100
2882
2736
2548
3198
4489
6109
7221
8137
9767
11597
13079
13878
15414
17142
18305
17893
17286
17173
17350
17142
16399
16007
15521
14835
13647
12907
12505
12185
11415
10143
8662
6752
4938
3217
1605
-533
-3068
-5489
-7387
-8873
-10160
-10944
-11518
-12090
-13101
-13808
-13901
-13492
-13184
-13188
-13440
-13896
-14364
-14656
-14353
-13824
-13334
-13208
-13143
-12848
-12126
-11094
-9961
-9018
-8435
-8169
-8048
-7749
-7313
-6887
-6644
-6668
-6776
-6698
-6211
-5425
-4592
-3882
-3248
-2650
-2028
-1170
-145
908
1577
1857
1952
2065
2316
2554
2807
2960
3007
2911
2859
3071
3466
3800
3851
3695
3558
3429
3404
3352
3586
4349
5409
6581
7472
9007
10852
12721
13752
14747
16262
17736
18380
17869
17634
17467
17361
16530
15764
15168
14463
13449
12235
11601
11092
10616
9509
8162
6553
4875
3276
1597
-170
-2458
-4746
-6728
-8188
-9516
-10734
-11457
-12003
-12701
-13674
-13886
-13413
-12882
-12958
-13123
-13019
-12941
-13012
-12938
-12430
-11982
-11838
-11860
-11638
-11106
-10387
-9608
-9006
-8562
-8259
-7925
-7577
-7111
-6588
-6195
-6102
-6206
-6116
-5789
-5276
-4856
-4459
-4124
-3728
-3254
-2620
-1808
-973
-193
252
590
932
1497
1943
2192
2332
2522
2632
2584
2696
2951
3259
3270
3322
3304
3390
3412
3620
3852
4126
4928
6024
7458
8405
9809
11375
12992
13951
14805
16185
17359
17841
17147
16801
16518
16443
15758
15007
14401
13661
12748
11491
10702
10019
9459
8300
6910
5370
3758
2185
494
-1167
-3196
-5317
-7120
-8379
-9256
-10081
-10601
-11027
-11447
-12033
-12290
-11992
-11557
-11310
-11544
-11680
-11787
-11613
-11365
-10930
-10465
-10244
-10192
-10209
-9776
-9157
-8400
-7927
-7647
-7499
-7406
-7151
-6891
-6555
-6468
-6503
-6734
-6805
-6611
-6155
-5620
-5297
-5000
-4702
-4176
-3529
-2705
-1872
-1179
-756
-495
-86
472
1132
1650
2024
2247
2413
2581
2900
3274
3674
3876
3917
3809
3789
3934
4176
4412
4595
5265
6144
7359
8340
9650
11104
12417
13269
14003
15301
16502
17116
16609
16213
15839
15569
14956
14342
13852
13039
11958
10707
9896
9172
8564
7567
6316
4767
3115
1638
179
-1325
-3035
-4726
-6209
-7361
-8321
-8980
-9413
-9753
-10267
-10847
-11077
-10801
-10467
-10371
-10477
-10595
-10631
-10691
-10427
-9935
-9467
-9376
-9455
-9401
-9026
-8496
-8004
-7573
-7405
-7338
-7379
-7299
-7087
-6826
-6750
-6879
-7130
-7173
-6920
-6530
-6142
-5861
-5547
-5152
-4692
-4143
-3432
-2654
-1950
-1495
-1109
-611
57
680
1197
1566
1886
2205
2414
2711
2984
3414
3686
3855
3906
4098
4448
4801
5113
5286
5566
6056
6910
7961
8996
10042
11150
12189
12972
13648
14660
15734
16388
16143
15600
15066
14693
14225
13667
13070
12158
10962
9582
8527
7761
7127
6275
5051
3562
1985
631
-489
-1541
-2769
-4314
-5794
-6955
-7593
-8017
-8318
-8547
-8892
-9460
-10092
-10078
-9597
-9141
-9345
-9734
-10022
-10114
-10078
-9753
-9175
-8847
-8910
-9101
-8956
-8541
-8019
-7568
-7332
-7418
-7690
-7855
-7741
-7469
-7233
-7225
-7484
-7746
-7733
-7296
-6767
-6262
-5871
-5435
-4982
-4452
-3695
-2833
-1941
-1405
-981
-647
-68
590
1247
1797
2137
2485
2736
3203
3616
4175
4584
4936
5097
5188
5382
5656
5977
6075
6142
6345
6972
7804
8755
9727
10862
11830
12487
12997
13886
15050
15793
15746
15127
14540
13878
13255
12621
12116
11322
10050
8638
7469
6778
6119
5446
4464
3275
1860
495
-592
-1639
-2708
-3950
-5035
-6086
-6990
-7595
-7911
-8228
-8951
-9510
-9677
-9476
-9536
-9671
-9600
-9493
-9556
-9687
-9304
-8745
-8396
-8452
-8457
-8252
-7983
-7710
-7526
-7348
-7282
-7207
-7185
-7209
-7209
-7117
-7068
-7147
-7133
-6825
-6394
-6142
-6045
-5809
-5427
-5002
-4617
-4152
-3593
-3057
-2571
-2109
-1507
-801
-106
423
896
1459
2046
2592
2963
3452
3882
4260
4460
4661
4913
5108
5233
5286
5464
5634
5870
6032
6287
6849
7636
8575
9412
10241
11061
11645
12003
12365
13027
13540
13621
13081
12468
11906
11310
10869
10343
9829
8844
7679
6554
5729
5063
4392
3649
2566
1313
-71
-1205
-2020
-2938
-3755
-4820
-5615
-6201
-6538
-6621
-6833
-6908
-7335
-7579
-8080
-7956
-7883
-7761
-7997
-8428
-8436
-8520
-8203
-8066
-7608
-7506
-7462
-7605
-7508
-7180
-7064
-6849
-7071
-7103
-7300
-7301
-7236
-7147
-7035
-6975
-6856
-6755
-6358
-5898
-5300
-4804
-4401
-3864
-3384
-2843
-2322
-1836
-1279
-871
-470
-78
387
906
1375
1847
2172
2710
3055
3591
3821
4079
4352
4554
4832
4817
5004
5008
5214
5152
5297
5387
5652
6190
6837
7823
8570
9443
10051
10565
10863
11370
12004
12343
12139
11439
10924
10323
9765
9188
8710
8126
7123
6024
5230
4823
4384
3796
2955
2077
1109
122
-679
-1345
-2046
-2792
-3723
-4542
-5248
-5847
-6295
-6760
-7048
-7262
-7362
-7597
-7679
-7750
-7566
-7431
-7390
-7303
-7340
-7304
-7423
-7394
-7344
-7246
-7357
-7489
-7512
-7387
-7086
-6910
-6656
-6526
-6345
-6162
-5882
-5473
-5069
-4726
-4573
-4430
-4280
-3922
-3557
-3206
-2943
-2731
-2388
-2024
-1529
-974
-428
22
309
625
1068
1584
1982
2212
2400
2532
2740
2829
3056
3209
3338
3386
3413
3592
3814
4119
4282
4483
4584
4881
5357
6041
6833
7526
8165
8642
8969
9233
9654
10153
10402
10172
9623
9169
8812
8475
8205
7916
7540
6826
6088
5606
5364
5049
4452
3723
2873
2068
1240
618
-39
-863
-1901
-3024
-3915
-4639
-5065
-5468
-5890
-6485
-6999
-7277
-7274
-7108
-7003
-6934
-7080
-7269
-7422
-7358
-7172
-7087
-7156
-7296
-7339
-7295
-7129
-6899
-6637
-6410
-6250
-6015
-5700
-5249
-4806
-4449
-4214
-4076
-3898
-3718
-3496
-3314
-3094
-2907
-2759
-2598
-2356
-1965
-1614
-1247
-925
-514
-138
252
611
953
1216
1381
1543
1610
1723
1751
1938
2065
2253
2367
2541
2742
2914
3202
3463
3889
4112
4394
4569
4944
5392
5930
6490
6947
7367
7599
7853
8061
8387
8624
8687
8483
8153
7885
7742
7632
7448
7112
6677
6154
5659
5262
4963
4623
4005
3209
2325
1658
1031
454
-260
-1031
-1878
-2730
-3421
-3943
-4252
-4643
-5060
-5569
-5915
-6100
-6120
-6084
-6124
-6205
-6391
-6505
-6561
-6469
-6389
-6429
-6597
-6781
-6795
-6688
-6467
-6248
-6020
-5839
-5680
-5438
-5087
-4663
-4337
-4124
-4007
-3900
-3783
-3647
-3469
-3302
-3162
-3062
-2923
-2699
-2401
-2040
-1655
-1280
-963
-669
-325
46
393
623
797
924
1019
1094
1197
1402
1590
1736
1816
1981
2247
2550
2841
3097
3414
3763
4145
4529
4900
5313
5693
6122
6533
6993
7393
7663
7823
7902
8077
8183
8257
8114
7932
7675
7435
7206
6962
6703
6272
5784
5257
4845
4437
3948
3337
2636
1977
1343
774
195
-441
-1141
-1915
-2590
-3176
-3608
-4026
-4442
-4828
-5154
-5343
-5513
-5604
-5735
-5802
-5897
-5971
-6016
-6038
-6041
-6138
-6214
-6277
-6228
-6184
-6144
-6081
-5977
-5811
-5706
-5563
-5418
-5182
-4962
-4775
-4591
-4408
-4154
-3955
-3753
-3614
-3456
-3326
-3214
-3052
-2832
-2478
-2125
-1745
-1388
-992
-575
-197
145
395
632
831
1042
1279
1528
1803
1988
2159
2289
2504
2752
2995
3238
3475
3801
4109
4449
4711
4998
5234
5501
5792
6130
6511
6821
7086
7229
7375
7479
7585
7598
7518
7369
7167
6969
6722
6479
6181
5842
5439
5013
4590
4190
3773
3299
2746
2129
1501
899
352
-167
-702
-1306
-1951
-2585
-3104
-3501
-3805
-4109
-4450
-4796
-5101
-5298
-5413
-5471
-5563
-5670
-5803
-5865
-5856
-5796
-5751
-5774
-5832
-5899
-5909
-5878
-5788
-5705
-5620
-5554
-5457
-5328
-5154
-4966
-4771
-4585
-4421
-4268
-4149
-3996
-3830
-3607
-3384
-3133
-2878
-2585
-2256
-1879
-1447
-1008
-572
-187
206
591
981
1318
1602
1843
2036
2214
2338
2497
2621
2777
2887
3024
3191
3385
3635
3850
4119
4333
4620
4862
5118
5321
5507
5714
5885
6091
6207
6339
6343
6366
6371
6444
6475
6377
6203
5962
5789
5564
5369
5108
4833
4453
4013
3600
3234
2895
2444
1949
1410
910
396
-108
-580
-1040
-1506
-2018
-2487
-2909
-3259
-3592
-3884
-4134
-4356
-4558
-4729
-4839
-4915
-4990
-5061
-5119
-5155
-5190
-5225
-5268
-5328
-5391
-5454
-5473
-5475
-5445
-5422
-5405
-5377
-5326
-5207
-5062
-4863
-4677
-4471
-4284
-4082
-3855
-3612
-3322
-3035
-2706
-2392
-2061
-1741
-1406
-1052
-695
-319
32
368
658
952
1239
1509
1721
1893
2045
2188
2340
2511
2705
2880
3016
3141
3284
3440
3583
3717
3852
3963
4071
4187
4330
4464
4559
4652
4752
4892
5009
5138
5226
5278
5259
5216
5181
5122
5035
4876
4693
4455
4196
3922
3663
3406
3108
2783
2430
2105
1777
1458
1121
762
388
0
-348
-654
-911
-1168
-1444
-1736
-2010
-2234
-2427
-2569
-2702
-2829
-2991
-3163
-3321
-3457
-3584
-3737
-3897
-4059
-4201
-4339
-4473
-4602
-4734
-4869
-5000
-5085
-5120
-5110
-5085
-5040
-4968
-4869
-4740
-4588
-4401
-4205
-3991
-3771
-3525
-3256
-2973
-2688
-2415
-2139
-1858
-1562
-1270
-980
-702
-418
-133
164
464
750
1009
1229
1422
1602
1766
1889
1981
2064
2145
2234
2321
2438
2557
2677
2792
2942
3120
3292
3433
3546
3651
3741
3824
3909
3994
4056
4083
4101
4118
4129
4109
4072
4013
3916
3792
3661
3547
3414
3257
3098
2948
2809
2650
2516
2385
2242
2048
1853
1707
1563
1394
1194
1032
847
619
376
184
2
-262
-554
-820
-1028
-1287
-1576
-1836
-2056
-2298
-2586
-2827
-3031
-3231
-3486
-3725
-3916
-4090
-4274
-4466
-4610
-4734
-4844
-4942
-4990
-4972
-4921
-4846
-4751
-4601
-4417
-4208
-3996
-3780
-3549
-3318
-3087
-2875
-2664
-2456
-2238
-2019
-1817
-1619
-1413
-1181
-953
-731
-516
-285
-59
142
335
537
746
920
1070
1214
1368
1505
1622
1741
1873
2016
2145
2272
2396
2529
2659
2784
2909
3044
3176
3283
3362
3426
3487
3523
3533
3530
3528
3514
3466
3404
3341
3275
3190
3109
3044
2981
2893
2796
2717
2653
2586
2517
2463
2406
2332
2239
2143
2043
1920
1774
1604
1422
1219
998
774
553
322
77
-175
-422
-676
-939
-1202
-1456
-1703
-1949
-2193
-2435
-2675
-2910
-3136
-3352
-3560
-3749
-3917
-4066
-4197
-4313
-4404
-4465
-4498
-4504
-4478
-4422
-4340
-4240
-4119
-3973
-3807
-3631
-3450
-3260
-3060
-2863
-2673
-2476
-2268
-2069
-1885
-1701
-1494
-1272
-1054
-843
-629
-408
-193
8
200
385
559
713
856
1004
1165
1326
1474
1614
1764
1923
2072
2197
2310
2425
2533
2618
2687
2757
2826
2878
2910
2948
3001
3039
3044
3047
3073
3084
3038
2975
2959
2967
2920
2824
2760
2738
2680
2564
2470
2444
2417
2310
2187
2144
2144
2078
1950
1865
1842
1781
1632
1481
1384
1270
1054
792
587
427
200
-109
-397
-606
-820
-1118
-1441
-1685
-1872
-2106
-2390
-2619
-2757
-2897
-3109
-3323
-3458
-3548
-3676
-3829
-3927
-3953
-3989
-4067
-4110
-4067
-3998
-3974
-3951
-3849
-3694
-3572
-3476
-3324
-3115
-2930
-2792
-2624
-2393
-2155
-1966
-1797
-1594
-1362
-1139
-935
-737
-535
-333
-143
43
233
437
640
816
963
1107
1265
1426
1554
1649
1743
1863
1987
2091
2181
2275
2368
2445
2520
2609
2702
2780
2840
2896
2954
3009
3052
3075
3082
3083
3089
3085
3046
2984
2930
2883
2803
2697
2606
2533
2426
2275
2148
2059
1949
1790
1641
1541
1428
1253
1082
967
847
662
466
336
224
50
-154
-315
-451
-628
-820
-967
-1089
-1248
-1427
-1571
-1685
-1827
-1999
-2140
-2247
-2367
-2515
-2651
-2752
-2853
-2968
-3064
-3127
-3189
-3252
-3286
-3284
-3265
-3245
-3201
-3132
-3047
-2951
-2838
-2722
-2606
-2480
-2333
-2185
-2047
-1908
-1757
-1605
-1466
-1307
-1121
-938
-787
-635
-450
-258
-105
24
172
334
473
593
734
896
1037
1136
1233
1356
1488
1588
1670
1765
1871
1952
2005
2077
2178
2268
2309
2339
2402
2476
2507
2510
2535
2574
2581
2550
2533
2535
2513
2447
2375
2319
2250
2146
2038
1942
1835
1692
1540
1417
1318
1203
1062
923
804
686
559
439
334
228
109
-5
-91
-158
-236
-339
-440
-524
-596
-670
-746
-824
-910
-994
-1063
-1114
-1170
-1251
-1343
-1433
-1512
-1581
-1651
-1717
-1789
-1871
-1953
-2021
-2071
-2119
-2176
-2225
-2258
-2277
-2288
-2282
-2254
-2215
-2177
-2133
-2067
-1973
-1869
-1772
-1680
-1579
-1463
-1341
-1219
-1096
-969
-841
-714
-585
-451
-310
-166
-31
97
219
340
460
573
685
793
895
982
1061
1140
1217
1285
1345
1399
1456
1506
1543
1562
1580
1597
1615
1632
1639
1639
1635
1635
1640
1644
1636
1610
1571
1535
1503
1475
1437
1380
1302
1215
1130
1051
973
893
806
715
626
549
481
422
366
316
277
255
241
219
190
152
111
72
34
-5
-61
-133
-207
-271
-329
-394
-461
-524
-587
-653
-717
-762
-801
-849
-907
-959
-1004
-1055
-1115
-1168
-1216
-1260
-1307
-1345
-1373
-1399
-1419
-1433
-1438
-1437
-1430
-1410
-1375
-1330
-1278
-1220
-1151
-1078
-1010
-948
-891
-829
-766
-701
-642
-588
-533
-477
-420
-363
-298
-222
-149
-82
-12
75
166
239
298
360
429
482
511
541
585
629
667
710
768
827
869
910
963
1016
1047
1054
1059
1067
1053
1014
977
955
927
871
822
804
791
757
726
731
740
711
668
649
642
614
579
561
545
507
464
435
415
382
345
320
298
259
209
171
143
112
74
47
23
-10
-54
-94
-122
-161
-218
-273
-314
-355
-411
-462
-496
-526
-571
-614
-635
-644
-662
-682
-689
-684
-688
-707
-724
-729
-733
-748
-767
-776
-779
-789
-813
-828
-836
-844
-854
-854
-836
-812
-802
-795
-775
-743
-712
-686
-646
-594
-545
-504
-448
-374
-291
-209
-123
-28
67
156
244
330
404
458
502
544
578
593
601
608
614
611
602
600
599
587
568
561
566
562
546
533
534
533
524
514
521
541
542
526
520
538
550
543
540
565
586
578
557
555
561
538
497
471
457
423
362
309
280
252
202
147
112
88
51
4
-32
-59
-96
-145
-180
-190
-205
-247
-294
-325
-352
-398
-450
-482
-502
-545
-612
-659
-676
-698
-739
-763
-752
-734
-741
-752
-738
-718
-718
-725
-707
-672
-649
-634
-592
-521
-445
-386
-337
-282
-233
-198
-168
-125
-62
6
67
129
198
253
279
281
280
283
285
289
308
338
364
378
387
378
346
300
263
243
232
228
229
237
238
229
214
203
192
178
166
166
177
191
204
219
237
245
246
247
259
269
271
280
298
314
310
300
296
289
274
260
252
241
216
184
163
142
110
75
53
42
25
-4
-30
-56
-87
-126
-163
-187
-208
-231
-262
-289
-304
-316
-337
-362
-377
-384
-393
-409
-421
-422
-417
-417
-413
-397
-375
-355
-334
-306
-271
-235
-200
-156
-102
-41
18
70
122
180
239
287
326
355
370
367
353
331
302
264
221
179
142
107
73
37
0
-39
-76
-111
-149
-184
-212
-228
-229
-214
-191
-160
-123
-81
-39
1
38
72
100
123
143
165
191
222
255
288
316
338
350
350
341
323
294
259
222
188
153
118
87
62
42
25
6
-15
-40
-70
-98
-127
-156
-188
-220
-251
-283
-314
-341
-361
-374
-387
-394
-396
-393
-388
-378
-362
-343
-325
-305
-282
-254
-224
-194
-160
-122
-78
-33
17
69
114
151
183
215
247
280
309
336
361
383
402
417
428
435
441
437
424
397
367
330
287
238
187
140
97
55
17
-16
-43
-66
-89
-111
-128
-140
-150
-156
-160
-162
-155
-140
-116
-87
-60
-33
-8
15
38
60
78
89
98
106
116
121
120
106
86
64
35
-2
-42
-79
-111
-136
-159
-181
-205
-231
-257
-280
-300
-317
-332
-340
-342
-341
-336
-329
-317
-302
-288
-270
-247
-219
-188
-160
-131
-97
-61
-28
0
28
55
77
95
110
122
132
139
144
148
148
151
155
158
160
165
174
183
188
192
195
191
180
173
172
176
174
163
146
127
105
80
57
36
19
3
-13
-31
-50
-65
-71
-69
-68
-68
-66
-53
-33
-7
20
46
72
96
121
141
156
170
180
192
206
216
224
227
222
215
207
197
184
166
150
127
100
69
40
9
-28
-69
-110
-145
-171
-193
-214
-230
-245
-252
-251
-244
-235
-226
-215
-196
-173
-150
-129
-106
-84
-65
-46
-28
-6
8
16
21
29
34
35
30
21
12
3
-2
-8
-11
-16
-22
-28
-34
-44
-55
-71
-88
-106
-120
-134
-151
-164
-175
-185
-196
-202
-197
-194
-188
-176
-154
-129
-106
-83
-59
-37
-13
10
32
51
73
97
120
139
158
179
198
215
230
246
267
296
328
354
369
382
390
393
396
399
401
394
384
369
354
336
320
302
281
257
224
186
149
118
93
67
36
10
-10
-25
-44
-67
-94
-115
-130
-143
-154
-160
-157
-146
-134
-121
-107
-92
-70
-50
-36
-26
-18
-12
-17
-24
-32
-40
-51
-67
-88
-116
-145
-173
-197
-218
-236
-249
-264
-286
-310
-329
-339
-343
-341
-337
-328
-316
-304
-294
-283
-272
-261
-257
-249
-237
-223
-206
-184
-156
-127
-102
-74
-45
-13
20
49
79
111
140
168
191
211
236
261
286
309
333
356
372
381
390
404
415
417
415
414
407
390
365
338
306
271
238
206
176
143
115
91
70
50
31
17
3
-11
-23
-28
-32
-37
-43
-42
-37
-30
-24
-15
-2
12
20
26
32
36
37
32
27
19
11
1
-6
-11
-22
-34
-51
-68
-82
-94
-110
-133
-160
-184
-210
-237
-261
-280
-297
-315
-331
-347
-364
-380
-391
-394
-388
-378
-364
-352
-343
-335
-320
-300
-279
-256
-226
-195
-165
-134
-104
-74
-46
-20
7
29
48
65
77
85
90
103
118
133
152
168
182
193
204
219
234
246
256
262
271
282
296
307
316
329
345
358
363
366
369
373
367
354
344
336
327
314
301
289
276
254
225
190
147
103
69
43
24
10
2
-1
-5
-15
-32
-57
-91
-126
-159
-190
-216
-234
-242
-246
-249
-261
-283
-310
-349
-393
-436
-467
-483
-484
-479
-465
-439
-417
-402
-390
-378
-369
-361
-345
-321
-289
-255
-224
-191
-159
-128
-103
-78
-55
-31
-8
16
41
65
84
95
101
104
111
119
130
143
156
166
172
174
174
173
173
179
190
205
226
246
259
269
275
275
269
263
261
261
267
270
273
269
260
249
236
220
201
183
169
152
137
124
111
96
78
68
62
56
42
29
20
6
-9
-26
-41
-52
-63
-75
-83
-87
-88
-89
-88
-87
-90
-101
-116
-126
-135
-144
-153
-153
-153
-159
-171
-180
-184
-189
-198
-204
-207
-212
-214
-213
-209
-205
-199
-186
-166
-145
-122
-97
-74
-56
-42
-27
-10
5
16
22
24
25
29
33
33
30
18
3
-10
-17
-18
-16
-14
-13
-11
-11
-12
-5
9
27
45
60
75
89
102
116
131
143
147
154
166
180
193
202
209
217
224
230
231
227
224
218
207
187
165
144
124
100
76
54
33
14
-4
-16
-27
-33
-35
-38
-42
-51
-60
-68
-75
-78
-79
-83
-87
-92
-96
-100
-105
-113
-122
-126
-124
-122
-124
-124
-119
-111
-100
-88
-81
-76
-74
-69
-66
-66
-70
-75
-81
-90
-102
-112
-116
-112
-105
-92
-76
-58
-43
-34
-24
-15
-9
-5
-9
-18
-30
-41
-48
-52
-54
-54
-55
-55
-55
-50
-44
-42
-43
-38
-26
-11
2
14
30
52
74
94
107
121
136
152
165
179
192
200
202
202
203
203
207
214
220
218
216
213
206
192
179
171
159
142
122
101
80
59
38
19
2
-15
-30
-43
-52
-59
-64
-64
-63
-62
-62
-60
-59
-60
-62
-61
-61
-68
-80
-90
-92
-89
-83
-79
-81
-81
-79
-77
-75
-76
-72
-63
-56
-55
-61
-70
-77
-84
-98
-113
-128
-138
-145
-151
-159
-161
-160
-157
-155
-153
-148
-143
-140
-138
-138
-141
-145
-148
-150
-149
-147
-143
-131
-118
-104
-86
-69
-50
-34
-20
-3
15
34
51
69
87
108
128
147
159
167
168
168
170
170
165
156
143
129
115
105
99
94
86
76
67
62
54
42
31
27
29
30
30
33
44
55
67
78
87
95
98
97
97
103
111
117
120
121
119
110
96
82
71
58
43
23
-1
-27
-52
-76
-97
-113
-125
-133
-143
-150
-157
-162
-163
-161
-154
-145
-134
-125
-117
-109
-100
-89
-77
-65
-54
-45
-45
-46
-47
-45
-49
-60
-76
-90
-102
-118
-131
-144
-153
-159
-157
-152
-145
-135
-119
-95
-81
-73
-66
-53
-37
-23
-17
-13
-8
0
9
15
20
26
36
44
53
61
65
68
72
77
79
83
86
92
94
94
96
97
100
97
94
95
101
107
111
118
120
116
116
117
113
107
99
92
84
76
76
77
75
67
54
41
31
19
7
-1
-9
-12
-15
-20
-29
-39
-48
-51
-50
-50
-53
-58
-61
-61
-60
-57
-53
-48
-42
-38
-38
-45
-53
-53
-47
-40
-33
-27
-20
-20
-25
-32
-38
-41
-37
-34
-30
-28
-32
-37
-43
-43
-41
-39
-35
-33
-32
-33
-37
-41
-42
-42
-40
-35
-33
-35
-39
-43
-45
-41
-31
-22
-17
-14
-10
-9
-8
-9
-7
-2
7
7
3
5
11
19
23
29
37
43
47
56
71
86
100
112
118
119
119
116
111
109
111
118
121
119
118
117
112
107
99
92
84
76
65
49
33
18
5
-9
-20
-32
-47
-67
-86
-98
-107
-108
-109
-111
-116
-126
-132
-133
-134
-136
-132
-125
-118
-114
-113
-115
-116
-111
-101
-92
-85
-82
-84
-82
-77
-70
-59
-46
-33
-22
-16
-16
-14
-6
7
22
34
43
52
60
65
62
60
59
60
60
62
59
54
49
44
43
40
37
39
43
45
41
34
31
32
36
47
56
58
55
52
47
44
44
49
59
65
69
64
55
49
47
50
54
56
54
54
48
40
30
27
26
21
11
-1
-12
-25
-36
-45
-49
-49
-48
-49
-51
-53
-60
-71
-77
-79
-74
-70
-67
-66
-65
-64
-62
-58
-49
-40
-31
-23
-18
-15
-14
-10
-7
-4
-1
3
9
14
15
12
5
4
6
10
11
11
12
13
12
11
10
10
10
5
3
2
5
6
9
10
14
19
20
20
19
20
22
23
23
19
15
13
14
17
20
19
17
14
11
9
9
9
7
6
6
5
7
12
14
11
6
4
5
11
18
19
17
16
14
12
8
5
4
1
-2
-2
-4
-9
-12
-13
-10
-14
-23
-31
-34
-27
-19
-13
-11
-13
-16
-17
-14
-13
-11
-8
-3
1
5
10
12
13
11
10
8
0
-8
-13
-15
-16
-16
-16
-15
-14
-12
-11
-9
-8
-5
-4
-5
-4
-2
-1
-2
-3
-6
-8
-6
-3
6
12
18
21
21
19
23
29
33
34
33
32
30
24
18
17
17
15
11
6
-1
-4
-1
2
3
2
-1
-5
-9
-14
-19
-18
-18
-15
-14
-13
-11
-10
-12
-15
-17
-18
-16
-13
-13
-14
-10
-8
-4
-3
-5
-3
-1
2
1
0
-1
1
0
0
-1
-5
-3
3
8
17
22
27
30
29
28
26
24
27
28
27
23
16
11
5
-1
1
6
9
7
4
3
3
-2
-7
-11
-8
-3
0
0
-1
-3
-6
-6
-5
-4
-4
-4
-4
-5
-7
-10
-11
-9
-6
-4
-2
-1
2
4
2
6
13
19
22
22
21
16
10
5
4
5
2
-3
-4
-3
0
0
-3
-8
-8
-7
-8
-9
-9
-4
0
0
-5
-13
-18
-24
-28
-29
-29
-29
-32
-38
-42
-45
-46
-44
-37
-27
-19
-15
-12
-7
-5
-2
-2
-4
-5
-4
-1
9
22
32
41
45
40
31
21
13
12
18
24
26
22
15
8
2
-8
-14
-15
-13
-11
-11
-7
-2
5
9
10
8
8
6
3
-2
1
6
7
9
9
9
11
11
13
11
11
12
15
16
14
14
13
9
2
-5
-10
-11
-9
-4
-2
-2
-6
-12
-15
-16
-13
-9
-6
-4
-4
-3
-5
-11
-12
-8
-1
3
3
0
0
0
2
5
5
5
4
0
-8
-13
-15
-11
-8
-4
0
3
2
-1
-6
-8
-8
-7
-5
-5
-5
-8
-11
-11
-8
-3
1
1
0
0
0
0
2
6
6
0
-9
-17
-18
-17
-16
-14
-11
-9
-9
-6
-1
3
2
1
3
3
0
-6
-9
-7
-2
-2
-6
-10
-11
-9
-8
-8
-6
-2
0
-1
-1
-1
-3
-2
1
3
3
-3
-5
-5
-1
2
4
2
3
5
9
11
13
16
21
23
24
21
17
18
20
21
26
28
27
22
18
20
24
25
20
16
13
13
12
12
12
11
9
2
-6
-13
-16
-13
-6
5
8
4
-2
-7
-12
-16
-15
-14
-11
-10
-8
-3
-3
-5
-8
-11
-16
-21
-21
-18
-13
-10
-10
-15
-19
-21
-18
-16
-14
-12
-11
-12
-15
-16
-10
-5
-6
-12
-19
-21
-22
-23
-21
-20
-20
-25
-28
-22
-16
-10
-9
-11
-7
-4
-1
0
-2
-2
0
3
5
5
5
8
9
12
15
19
20
17
16
20
25
30
34
38
42
46
51
52
49
43
38
30
23
19
21
26
26
23
22
23
23
19
12
8
2
-2
0
6
11
9
6
-1
-7
-10
-13
-18
-24
-29
-30
-26
-21
-16
-13
-8
-9
-13
-21
-28
-30
-26
-21
-15
-12
-13
-15
-17
-17
-17
-13
-6
-2
-1
-3
-4
-6
-10
-15
-18
-17
-12
-7
-3
2
7
9
2
-7
-12
-13
-11
-12
-12
-11
-8
-4
-1
3
7
8
5
0
-3
1
5
7
9
11
17
18
18
18
18
24
27
27
29
33
40
43
45
44
39
35
31
30
27
28
32
36
38
33
25
18
10
2
-2
-1
-5
-16
-22
-22
-19
-19
-24
-26
-26
-21
-20
-25
-27
-24
-17
-11
-12
-18
-23
-25
-24
-16
-5
4
6
4
2
-1
-1
-4
-2
3
6
2
-6
-10
-12
-9
-8
-5
-5
-6
-9
-11
-10
-10
-12
-15
-15
-14
-14
-12
-8
-3
1
4
4
5
8
8
7
11
17
21
22
20
15
11
8
9
10
14
14
12
11
15
18
17
11
8
6
6
5
4
4
6
11
15
16
14
14
11
10
13
17
16
12
10
7
6
3
-1
-1
3
5
7
4
0
-4
-7
-12
-14
-14
-11
-6
-4
-5
-8
-12
-12
-10
-10
-8
-6
-6
-4
-2
0
1
-2
-2
-4
-5
-11
-20
-24
-25
-21
-17
-11
-7
-5
-1
4
6
7
2
-1
-1
-2
-5
-6
-4
-3
-5
-10
-9
-8
-8
-6
-4
-5
-5
-2
-2
-3
-4
-3
-3
-5
-8
-8
-1
9
16
18
19
17
17
15
12
10
10
10
12
17
25
32
32
27
22
19
15
12
13
14
16
15
13
10
7
2
-6
-11
-12
-11
-8
-5
-5
-5
-6
-8
-11
-10
-4
3
6
6
6
5
3
1
-2
-6
-9
-9
-6
-5
-6
-8
-7
-7
-14
-21
-19
-11
-3
3
2
-1
-5
-8
-10
-8
-9
-10
-13
-13
-16
-18
-20
-22
-23
-22
-20
-17
-13
-8
-2
-1
1
3
8
14
16
14
12
13
11
12
13
14
11
8
6
8
11
15
15
9
5
2
-2
-6
-10
-13
-13
-13
-12
-12
-10
-3
2
4
8
13
17
18
20
17
12
5
4
6
6
3
2
2
5
7
11
13
13
10
7
4
3
1
-3
-7
-11
-13
-16
-16
-13
-8
-1
0
-1
-1
-1
-2
-4
-6
-8
-10
-12
-15
-13
-9
-3
4
10
13
12
7
2
1
0
1
2
2
1
-3
-5
-2
3
7
8
8
5
2
0
-3
-7
-13
-14
-14
-14
-16
-12
-3
0
-3
-8
-9
-7
-5
-4
-3
-1
-3
-5
-6
-6
-5
-5
-7
-10
-12
-11
-5
1
4
9
16
17
16
15
16
18
18
18
19
17
12
8
9
15
20
22
22
22
23
21
15
13
16
20
24
25
18
10
5
2
3
8
12
16
19
20
15
11
9
8
3
-7
-15
-23
-29
-35
-38
-37
-37
-36
-36
-34
-30
-25
-19
-13
-12
-11
-13
-17
-21
-22
-20
-18
-19
-22
-23
-17
-8
2
4
2
-1
0
2
2
-4
-10
-9
-5
-2
-4
-6
-5
-3
-4
-3
0
1
3
-1
-3
-4
2
6
12
10
7
6
7
12
14
17
22
27
28
21
13
8
7
8
13
19
23
24
24
24
25
26
27
28
31
33
35
33
32
32
32
27
21
16
16
14
11
6
2
0
0
2
5
11
11
9
8
8
6
2
-5
-13
-20
-23
-25
-26
-23
-19
-16
-17
-24
-31
-36
-37
-36
-34
-37
-34
-25
-11
-1
0
-3
-5
-6
-5
-2
2
2
0
-6
-14
-19
-22
-18
-17
-15
-16
-15
-14
-14
-15
-18
-20
-21
-14
-6
2
2
-2
-9
-13
-11
-8
-4
-3
-1
-3
-5
-8
-10
-7
2
12
19
20
17
13
13
17
20
21
19
15
9
5
1
1
0
-5
-8
-9
-7
-2
0
1
0
1
3
7
10
12
17
23
32
33
32
28
22
23
28
33
40
44
46
44
40
34
29
24
22
20
19
14
5
-1
-3
-2
1
4
8
7
2
-6
-12
-15
-20
-25
-30
-32
-29
-23
-18
-16
-15
-9
-2
1
-4
-15
-22
-24
-25
-27
-29
-32
-32
-29
-29
-29
-30
-28
-26
-21
-16
-14
-16
-20
-24
-23
-19
-16
-13
-12
-9
-8
-7
-5
-5
0
7
13
13
9
6
6
11
12
14
17
15
10
7
12
19
25
23
18
14
11
8
5
5
7
11
12
9
4
0
2
7
13
16
15
11
6
-2
-11
-17
-13
-7
-1
2
7
10
6
-4
-12
-14
-12
-5
1
2
1
0
1
4
9
13
15
16
18
17
12
7
5
6
10
14
17
17
17
15
10
8
8
9
12
12
10
6
3
1
-2
-3
0
0
-4
-10
-13
-12
-10
-11
-14
-18
-23
-27
-29
-26
-19
-12
-8
-6
-7
-11
-12
-10
-6
-3
-4
-7
-8
-7
-8
-8
-7
0
4
5
7
10
14
15
13
13
12
12
11
9
8
5
2
0
1
1
2
4
6
5
1
-4
-10
-16
-15
-11
-6
-1
-1
-3
-7
-6
-5
-8
-13
-16
-17
-15
-8
-1
8
13
11
8
7
6
3
-3
-4
0
1
1
0
-1
-7
-13
-15
-12
-7
-2
1
-1
-5
-7
-8
-6
-6
-3
1
3
3
3
2
1
1
4
6
3
-2
-4
-3
1
5
9
11
11
11
12
14
14
11
11
14
19
21
18
13
7
1
2
8
16
18
14
10
4
1
-4
-8
-9
-5
0
5
9
9
9
9
9
7
1
-4
-8
-11
-12
-12
-10
-11
-13
-15
-17
-20
-18
-19
-22
-27
-28
-25
-22
-22
-23
-23
-18
-12
-4
4
8
9
9
9
2
-4
-5
-1
5
6
6
5
5
8
11
12
15
21
25
25
22
13
1
-8
-14
-15
-15
-14
-12
-10
-4
1
2
6
11
14
11
2
-7
-15
-19
-18
-15
-8
-4
-5
-12
-22
-28
-29
-26
-20
-14
-12
-16
-21
-23
-21
-19
-21
-19
-13
-7
-2
1
8
18
25
28
24
20
18
20
23
26
27
25
25
24
25
27
29
35
42
44
39
32
28
24
20
19
23
28
28
23
16
15
16
18
20
18
11
0
-6
-10
-15
-20
-23
-21
-19
-19
-21
-23
-24
-27
-30
-31
-31
-34
-35
-34
-33
-30
-26
-22
-20
-23
-24
-25
-26
-26
-23
-15
-10
-13
-19
-28
-32
-31
-24
-12
-5
-2
-1
0
-3
-8
-7
-3
2
4
2
1
5
9
12
13
8
3
1
2
7
16
22
19
12
4
5
16
25
28
28
22
18
17
17
19
21
23
21
16
12
9
8
5
2
2
3
4
8
12
19
21
18
11
5
2
6
13
18
20
19
16
9
2
-3
-4
-3
-2
-2
-4
-6
-8
-10
-13
-16
-17
-15
-16
-20
-25
-25
-20
-17
-17
-19
-22
-26
-27
-23
-17
-15
-19
-22
-23
-23
-23
-24
-26
-24
-17
-11
-10
-11
-8
1
8
12
14
13
11
10
12
14
14
12
11
15
24
28
31
31
29
27
23
20
21
20
18
15
13
9
5
4
5
4
4
5
7
9
7
2
-5
-9
-10
-7
-5
-6
-11
-19
-28
-35
-37
-34
-29
-27
-27
-30
-31
-34
-34
-31
-28
-26
-27
-29
-26
-21
-16
-12
-8
-4
0
-1
-2
2
11
21
28
27
21
19
18
16
15
17
18
18
17
18
21
23
24
21
20
18
14
14
14
13
8
4
4
6
6
6
5
5
7
9
7
5
3
4
3
-1
-10
-15
-17
-13
-7
-4
-2
0
6
11
11
8
7
10
13
15
13
13
14
12
9
8
8
8
6
5
6
10
10
9
8
4
-4
-12
-22
-28
-30
-29
-28
-27
-26
-23
-21
-21
-20
-21
-19
-18
-17
-18
-25
-32
-35
-31
-24
-21
-18
-18
-18
-16
-14
-11
-7
-3
1
2
2
-1
0
3
6
7
10
17
25
27
21
16
11
11
15
17
19
20
21
21
22
24
26
29
27
23
20
16
13
10
5
2
-1
-1
1
3
6
5
4
4
5
9
12
14
10
3
-4
-5
-2
1
-1
-6
-8
-5
0
7
13
17
13
6
4
1
-5
-9
-8
-10
-12
-11
-5
-2
-3
-4
-2
-1
-5
-8
-8
-10
-14
-20
-23
-22
-23
-24
-24
-21
-16
-10
-5
-3
-4
-3
2
9
15
16
15
12
10
5
0
1
4
7
8
8
8
7
7
3
0
-1
3
8
11
13
13
12
9
5
3
0
-2
-3
-6
-8
-6
0
7
7
6
5
6
4
4
5
5
1
-5
-9
-7
-9
-16
-20
-17
-11
-5
-2
0
1
1
-2
-4
-7
-9
-10
-9
-5
-3
-7
-14
-16
-12
-13
-16
-22
-24
-20
-21
-22
-23
-23
-19
-18
-17
-15
-12
-4
7
16
22
25
25
26
26
26
28
31
32
33
28
23
19
13
11
13
16
19
21
23
25
28
27
24
20
20
18
17
12
8
5
6
9
13
16
15
10
2
-3
-1
2
2
-2
-4
-6
-12
-20
-25
-26
-24
-19
-16
-15
-15
-17
-18
-20
-25
-31
-35
-32
-30
-28
-27
-25
-22
-16
-10
-5
-6
-6
-4
-1
-3
-10
-15
-15
-13
-13
-11
-8
-10
-11
-9
-5
-6
-9
-10
-9
-7
-6
-3
-1
-4
-4
-1
4
3
3
6
9
13
14
16
19
19
15
10
9
11
16
23
29
31
32
32
34
33
30
26
25
26
25
23
24
25
28
29
31
29
23
16
10
6
1
-3
-6
-10
-14
-20
-24
-24
-25
-23
-23
-22
-24
-27
-28
-29
-26
-21
-19
-21
-17
-12
-9
-11
-15
-15
-9
-4
-1
-1
1
4
4
4
3
2
-1
-6
-10
-10
-5
1
4
8
10
13
12
8
3
2
8
18
17
13
11
13
14
11
8
10
14
15
12
4
-3
-10
-12
-9
-7
-2
4
8
9
5
0
-6
-9
-11
-9
-6
-2
2
6
8
7
1
-4
-4
-3
-5
-6
-5
-2
-1
2
6
9
10
12
13
9
3
-1
-3
-6
-10
-12
-12
-10
-8
-7
0
8
11
6
3
4
3
-2
-8
-11
-10
-5
-1
1
0
-3
-7
-9
-5
2
13
21
26
26
23
18
15
16
16
14
11
5
4
1
-1
-3
-2
1
3
6
8
10
10
8
3
0
-2
0
2
5
6
5
3
-1
-2
0
1
0
-3
-5
-6
-5
0
2
3
5
4
4
2
0
0
-3
-8
-13
-17
-20
-21
-22
-20
-15
-9
-9
-11
-10
-9
-11
-10
-7
-1
2
2
1
-3
-4
-5
-7
-6
-5
-5
-8
-15
-22
-26
-26
-17
-8
-8
-14
-18
-17
-11
-7
-4
2
5
4
3
4
12
20
26
32
38
41
42
42
40
32
24
20
19
18
16
21
28
37
44
46
39
32
25
22
22
21
18
16
13
6
-3
-13
-16
-17
-15
-18
-21
-22
-21
-17
-15
-18
-25
-27
-23
-21
-23
-25
-22
-16
-14
-18
-20
-19
-18
-18
-21
-26
-30
-31
-29
-26
-25
-23
-20
-12
-4
3
4
4
4
5
5
5
8
8
11
13
13
9
6
7
13
20
21
14
4
-1
0
1
1
-1
-2
-1
2
4
3
1
1
5
9
10
11
11
14
19
26
28
25
18
8
5
7
4
-3
-11
-13
-12
-9
-6
-4
-2
-6
-12
-16
-18
-24
-27
-31
-33
-34
-34
-33
-27
-21
-15
-8
0
5
2
-6
-11
-13
-15
-14
-11
-6
3
9
17
21
20
21
18
11
8
12
18
21
21
24
26
28
28
29
30
31
32
35
33
25
14
9
10
9
5
5
10
17
18
17
14
14
12
10
7
4
1
-4
-8
-8
-9
-9
-10
-10
-10
-9
-10
-13
-18
-24
-25
-24
-25
-29
-30
-28
-24
-24
-24
-24
-23
-26
-31
-34
-31
-27
-25
-22
-21
-21
-25
-27
-22
-14
-8
-6
-7
-9
-13
-16
-17
-13
-8
-2
0
0
2
7
11
14
15
16
18
17
15
12
13
12
7
0
-4
-3
-1
0
-1
-5
-10
-15
-14
-8
0
6
9
12
12
12
17
24
30
37
39
41
38
36
34
30
26
25
25
26
22
16
13
16
17
18
15
12
5
-1
-4
-5
-4
-3
-7
-10
-8
-3
1
3
1
-4
-10
-16
-15
-12
-8
-6
-7
-10
-14
-21
-28
-32
-31
-24
-16
-11
-8
-5
-6
-8
-10
-12
-17
-25
-26
-24
-17
-16
-18
-17
-11
-1
5
5
5
2
-3
-8
-12
-13
-11
-11
-10
-8
-2
3
5
3
0
-2
-1
3
7
7
6
8
13
16
14
7
5
6
10
12
8
1
-5
-10
-10
-9
-7
-6
-1
2
4
6
4
4
3
2
-5
-13
-17
-13
-5
0
0
0
4
6
7
7
10
13
13
12
8
4
1
-3
-7
-8
-7
-7
-7
-6
-4
0
10
15
17
16
12
12
14
16
18
17
19
19
19
15
9
3
0
-5
-5
-4
-2
-4
-3
1
5
7
6
7
10
14
13
13
16
20
20
17
13
8
4
-1
-6
-8
-5
-3
-2
-5
-9
-12
-12
-12
-14
-14
-10
-7
-9
-11
-14
-17
-21
-25
-27
-30
-31
-27
-23
-18
-15
-14
-13
-16
-23
-27
-26
-23
-20
-15
-13
-13
-14
-12
-13
-18
-16
-11
-8
-8
-8
-5
-1
1
2
7
9
4
-1
-4
-3
1
3
2
-1
-5
-1
5
13
20
20
18
17
15
14
16
21
23
24
29
33
39
42
42
45
48
49
47
40
35
32
34
36
33
31
28
24
18
9
0
-11
-20
-25
-25
-21
-19
-18
-19
-17
-11
-5
0
0
-6
-12
-18
-20
-21
-20
-19
-19
-18
-13
-10
-9
-7
-3
2
4
0
-6
-15
-24
-33
-37
-33
-30
-27
-25
-22
-20
-17
-14
-12
-12
-14
-18
-19
-16
-10
-10
-14
-16
-17
-14
-10
-4
1
3
4
2
-1
-7
-9
-8
-4
1
5
9
12
15
17
21
29
34
32
25
20
23
26
23
21
22
26
24
15
9
7
8
6
3
6
7
6
-1
-7
-11
-15
-16
-16
-16
-16
-17
-14
-12
-5
2
8
9
7
6
6
11
10
6
1
-3
-2
1
6
12
14
13
13
10
7
4
4
9
15
20
21
19
17
15
12
13
16
15
9
6
11
21
20
10
2
3
2
-8
-20
-24
-19
-14
-16
-18
-22
-28
-36
-43
-45
-45
-47
-47
-43
-40
-36
-29
-21
-11
-3
2
3
-1
-3
-5
-4
-1
5
11
14
12
8
6
5
7
7
11
16
21
19
14
11
10
11
10
10
15
14
9
2
-1
0
-2
-7
-9
-5
0
3
8
12
16
8
-4
-12
-10
-3
-1
-1
2
7
8
2
-4
-8
-12
-13
-14
-14
-15
-14
-10
-6
-5
-5
-1
6
12
14
12
9
8
5
1
-2
-4
-6
-3
-3
-3
0
0
0
-1
3
5
6
4
1
0
0
2
7
12
18
22
24
21
14
7
2
4
8
11
13
12
9
7
8
10
12
9
8
7
7
4
0
-6
-6
-4
-2
0
2
6
7
5
0
-6
-11
-15
-13
-10
-6
0
4
3
-8
-20
-28
-29
-25
-21
-15
-10
-8
-7
-6
-9
-11
-12
-11
-6
-2
1
1
3
4
4
3
5
4
4
3
0
-3
-7
-10
-13
-17
-21
-23
-18
-13
-12
-12
-11
-11
-13
-13
-7
-1
-1
-5
-8
-9
-7
-2
3
8
10
11
9
7
7
10
12
17
17
16
13
10
10
11
13
16
19
18
13
7
5
11
20
23
19
11
8
13
18
20
20
20
19
17
16
17
17
14
7
2
0
0
-4
-7
-4
0
0
-3
-7
-6
-4
-2
-5
-7
-7
-2
-2
-8
-16
-17
-14
-9
-6
-4
-1
-6
-14
-19
-14
-6
-1
-3
-5
-5
-6
-6
-7
-6
-1
3
6
4
1
1
6
11
11
10
8
9
8
7
7
6
6
3
-1
-2
-5
-8
-9
-6
2
6
3
-5
-12
-16
-23
-27
-29
-27
-26
-25
-23
-21
-21
-19
-19
-20
-20
-19
-19
-16
-12
-7
-2
-2
-5
-4
-4
-4
-4
-2
4
6
4
1
2
4
3
4
7
11
13
13
13
12
12
12
12
14
14
8
4
3
5
9
12
14
14
13
11
8
9
10
16
25
31
27
18
12
12
13
11
9
10
14
17
17
16
13
12
9
6
2
0
2
7
11
9
4
-3
-10
-13
-14
-14
-15
-14
-11
-8
-6
-7
-5
-3
2
7
11
11
5
-2
-6
-6
-6
-8
-9
-9
-10
-14
-17
-16
-16
-15
-14
-15
-17
-21
-27
-35
-37
-31
-22
-14
-11
-13
-15
-14
-11
-6
1
8
12
13
6
-3
-12
-19
-23
-25
-22
-13
-3
3
5
3
-5
-6
-3
6
10
8
4
3
-3
-11
-14
-12
-7
-3
2
6
10
11
11
10
9
9
7
4
0
-2
-4
-3
1
7
16
19
20
15
12
10
7
5
2
1
0
1
4
6
8
13
17
22
23
23
17
7
2
4
7
8
8
8
10
18
18
15
9
4
1
1
2
3
-1
-7
-13
-16
-15
-12
-11
-14
-14
-9
0
5
5
3
3
4
1
-4
-9
-9
-4
0
5
8
11
14
18
13
1
-9
-10
-4
0
6
14
23
27
22
8
-3
-9
-10
-11
-13
-15
-15
-16
-15
-13
-10
-12
-18
-18
-18
-18
-17
-12
-9
-10
-15
-20
-27
-32
-35
-30
-19
-10
-4
-4
-9
-12
-15
-13
-10
-6
0
10
17
19
20
20
15
12
9
6
2
3
11
22
28
26
21
17
18
15
5
-7
-16
-16
-13
-6
-1
1
2
2
3
2
1
2
6
11
13
12
8
4
2
2
5
9
13
17
18
18
16
12
7
4
7
16
25
27
22
13
4
-4
-6
-3
-1
-2
-2
3
7
9
10
11
11
9
5
2
-6
-13
-16
-15
-14
-7
0
6
8
4
1
-1
-2
-1
1
1
-1
-6
-4
2
7
11
13
15
16
17
13
12
12
13
12
6
-2
-9
-12
-12
-14
-14
-12
-12
-17
-20
-22
-17
-11
-11
-16
-22
-25
-29
-31
-31
-25
-19
-17
-18
-18
-17
-15
-14
-15
-16
-12
-9
-5
-3
-1
2
3
4
3
5
11
13
11
8
7
7
7
11
18
26
27
23
20
19
19
20
22
29
33
34
28
20
13
10
8
10
12
13
13
16
18
11
1
-10
-10
-7
-5
-3
0
1
2
2
3
4
5
5
4
-1
-4
-5
-1
0
0
-2
-6
-11
-13
-14
-11
-3
5
6
5
2
-2
-2
0
3
4
4
4
6
9
13
15
15
13
13
14
14
11
9
5
1
-2
-5
-5
-9
-12
-12
-10
-6
-6
-7
-8
-14
-23
-28
-24
-19
-19
-21
-17
-14
-14
-17
-18
-17
-19
-22
-28
-30
-27
-18
-6
2
1
-4
-4
1
3
2
0
-2
0
2
3
5
6
8
9
8
9
11
13
12
12
11
12
14
15
16
15
12
12
15
16
17
20
22
28
32
37
39
36
30
19
10
4
-3
-10
-9
-4
1
5
6
1
-4
-9
-11
-10
-7
-2
2
3
4
4
2
0
-2
-3
-4
-4
-3
-1
0
1
3
6
6
5
3
1
2
1
-1
-3
-7
-11
-15
-18
-19
-20
-21
-21
-16
-9
-5
-5
-9
-14
-23
-34
-40
-35
-23
-13
-4
-1
2
3
4
6
9
9
9
10
12
12
6
-2
-7
-6
1
7
6
3
1
2
7
10
10
8
6
3
2
-2
-3
-4
-4
-2
0
4
7
10
11
8
2
-6
-13
-16
-13
-6
0
2
4
5
6
1
-7
-16
-17
-14
-11
-9
-12
-13
-14
-12
-8
-6
-5
-1
4
7
10
15
17
18
21
21
17
13
10
11
15
16
14
14
17
22
25
22
19
19
18
15
12
9
11
15
19
23
23
18
8
1
-2
-3
-4
-3
-1
-2
-7
-12
-15
-12
-8
-5
-4
-5
-4
-3
-1
-5
-11
-13
-13
-12
-9
-5
-4
-5
-5
-2
0
-1
-3
-4
-4
-7
-11
-12
-12
-10
-8
-9
-13
-19
-24
-23
-24
-30
-37
-37
-33
-27
-23
-19
-13
-11
-9
-9
-11
-10
-5
6
16
21
18
15
13
13
15
14
11
8
7
5
2
0
2
11
17
18
12
9
10
14
17
20
22
22
19
15
12
11
15
19
21
19
15
10
7
6
6
8
8
5
3
1
-2
-11
-18
-19
-16
-17
-18
-8
10
19
16
9
0
-7
-16
-19
-13
-6
-3
-3
-5
-7
-8
-6
-2
0
-4
-7
-8
-8
-7
-6
-7
-6
-5
-6
-9
-10
-7
-3
1
0
2
5
6
2
0
5
10
10
7
1
-1
-3
-3
-5
-9
-12
-11
-7
-5
-5
-4
-4
-4
-3
0
2
5
8
8
11
14
18
18
15
10
5
3
5
8
11
14
14
14
11
4
-5
-12
-13
-6
-3
-5
-10
-15
-20
-23
-24
-25
-27
-25
-19
-14
-13
-14
-15
-11
-6
-5
-11
-15
-13
-7
-5
-8
-7
-3
0
-1
-4
-5
-2
3
2
-3
-6
-8
-5
1
4
5
4
3
9
15
19
17
15
18
20
20
18
15
13
11
10
11
10
7
4
2
6
7
6
0
0
5
7
5
5
7
9
8
9
8
8
6
1
-4
-5
-3
-4
-7
-8
-4
3
10
13
9
0
-7
-10
-11
-13
-13
-12
-11
-13
-18
-25
-27
-26
-21
-18
-18
-25
-32
-33
-29
-21
-16
-15
-19
-21
-23
-22
-18
-13
-10
-5
-2
-3
-3
-4
-2
-1
2
7
10
14
14
11
10
13
18
21
23
23
26
26
23
15
7
5
8
13
14
15
11
7
6
5
4
5
6
6
6
6
5
3
3
4
8
11
8
6
5
8
13
14
13
12
12
11
11
13
11
8
0
-8
-13
-15
-16
-18
-15
-10
-6
-7
-8
-9
-15
-22
-27
-24
-19
-18
-18
-17
-14
-13
-13
-11
-6
-1
5
6
0
