1.44621
7.0438
16.6397
33.0326
17.4393
1.84604
-16.9459
-10.9484
-0.952754
-3.75155
10.6423
14.2407
6.64397
24.6362
13.8409
-16.9459
-32.939
-14.1471
-6.55034
16.6397
24.6362
23.0369
7.44363
-8.94931
-25.3423
-36.5374
-21.344
3.04552
19.0386
7.44363
14.2407
-2.15224
-23.3431
-17.3457
7.84346
-3.35172
12.2416
31.8331
37.8305
17.0395
-26.9416
9.8426
-4.15138
-13.3474
0.646557
1.84604
17.0395
-13.3474
-36.1376
-20.5443
-22.9433
-19.3448
-3.35172
-8.54948
7.84346
3.84518
3.84518
8.24329
-4.95103
7.0438
15.84
-26.5417
-25.3423
-6.95017
13.0412
-0.552926
-20.9441
-6.55034
-0.552926
-36.1376
-36.9373
5.44449
-0.552926
-9.74897
-23.7429
-56.5288
-22.1436
-16.546
-14.9467
-22.5435
-12.5478
27.8348
3.44535
-22.9433
-27.7412
-42.5348
-42.135
-21.344
-3.35172
21.4376
-8.14966
-2.95189
-1.75241
11.0421
-7.35
-12.5478
20.2381
4.24501
-2.15224
18.239
17.0395
-6.55034
-20.5443
-10.9484
6.24415
-7.35
-1.75241
2.6457
-19.3448
-20.5443
-15.3466
-22.9433
-39.3362
-36.5374
-20.9441
9.8426
2.6457
-4.15138
10.2424
1.84604
17.4393
-12.9476
-20.9441
-4.5512
13.0412
17.4393
-5.35086
15.84
29.0343
22.2373
-4.15138
-10.1488
-6.95017
-14.5469
15.4402
47.8262
49.4256
45.0274
9.8426
-24.5426
-33.7386
-29.7404
3.04552
-12.9476
3.44535
41.429
27.435
2.24587
-37.7369
-40.5357
-24.1428
-22.9433
11.4419
20.2381
18.6388
25.4359
-2.55207
-18.5452
-35.7378
-7.35
17.8392
11.8417
29.834
19.8383
5.44449
-18.1454
-17.7455
7.44363
23.4367
27.435
27.0352
21.0378
15.4402
14.6405
-27.7412
-52.1307
-57.3285
-23.7429
21.4376
27.8348
25.0361
-3.35172
-27.7412
-60.1273
-72.5219
-26.5417
30.6336
50.2252
21.8374
20.6379
13.441
9.04294
-18.945
-30.1402
4.64484
23.4367
32.6328
2.6457
3.04552
5.44449
-12.9476
-4.5512
6.24415
1.04638
-6.55034
9.04294
19.0386
-10.1488
-18.1454
-16.546
-19.3448
-6.95017
24.6362
54.6233
29.4342
31.0335
34.6319
4.24501
-20.1445
-38.9364
-14.9467
27.0352
46.6268
37.4307
22.6371
13.0412
-4.5512
-25.7421
4.24501
45.8271
34.2321
22.6371
8.24329
-17.7455
-31.7395
-17.7455
-1.35258
-12.9476
-18.945
-7.74983
-20.9441
-42.135
-31.7395
-35.7378
-60.9269
-37.3371
-10.9484
-6.15052
-20.9441
-10.9484
-15.7464
-56.9286
-64.5254
-35.3379
-36.5374
-51.3311
-28.141
-3.75155
0.646557
-38.5366
-53.3302
-26.5417
10.2424
41.429
41.0292
41.429
45.4273
23.8366
20.6379
12.2416
11.8417
29.0343
57.4221
60.6207
31.8331
29.834
44.2278
7.84346
-10.5486
34.2321
55.0231
17.4393
-0.952754
25.4359
32.233
33.8323
66.2183
73.4152
5.04466
-63.3259
-80.1187
-80.1187
-67.3242
-42.135
-31.7395
-48.9321
-81.718
-95.7119
-110.905
-129.697
-131.696
-116.103
-86.5159
-83.3173
-102.909
-114.904
-108.506
-99.3104
-120.101
-126.899
-106.507
-74.1212
-52.1307
-42.9347
-23.3431
-23.7429
-31.3397
-26.5417
8.24329
59.8211
92.607
107.401
112.598
110.999
102.603
105.801
131.39
181.769
217.353
222.151
245.741
273.729
276.528
242.143
203.359
191.764
181.369
151.382
132.59
140.186
159.378
162.577
134.589
88.6087
25.4359
-26.5417
-47.7326
-60.1273
-95.7119
-118.902
-98.5107
-89.3147
-119.702
-172.879
-204.465
-219.659
-232.053
-226.855
-216.06
-195.669
-163.683
-155.686
-197.268
-238.45
-237.651
-201.266
-180.076
-161.684
-132.496
-108.506
-104.508
-130.497
-159.285
-167.281
-132.496
-75.3207
-34.5383
-26.1419
-9.74897
3.04552
11.4419
16.2398
35.0317
92.2071
145.384
192.964
215.354
218.153
224.55
234.546
264.533
319.309
371.287
413.269
452.052
485.638
477.641
384.481
276.128
222.951
240.943
292.921
333.303
334.103
274.928
152.181
7.84346
-122.101
-198.468
-217.26
-209.663
-190.871
-194.469
-230.454
-304.422
-405.179
-510.733
-594.697
-598.296
-513.132
-402.78
-332.41
-312.818
-324.014
-360.398
-391.585
-382.788
-318.016
-228.055
-120.901
-10.1488
53.4238
41.429
-38.9364
-122.5
-174.478
-156.886
-67.3242
41.8288
132.19
169.774
146.984
65.8185
-28.141
-82.5176
-74.5211
19.0386
185.767
331.304
384.881
345.298
260.535
190.565
199.761
317.71
471.644
618.78
741.927
791.506
696.347
481.639
254.137
114.597
114.597
256.137
442.856
499.232
386.88
158.179
-114.104
-358.399
-515.531
-531.524
-455.557
-353.601
-257.642
-247.247
-354.401
-576.305
-804.607
-904.963
-828.197
-619.486
-390.785
-214.461
-140.493
-180.475
-279.233
-359.198
-368.395
-274.035
-58.9278
209.357
413.669
466.446
360.492
128.991
-116.903
-230.454
-169.68
12.6414
208.157
338.501
336.502
195.363
-14.5469
-197.268
-272.836
-194.869
25.4359
288.922
472.443
492.035
355.294
180.569
108.2
196.562
406.872
682.753
959.833
1132.96
1081.38
808.299
439.258
126.192
14.2407
150.582
442.056
664.361
628.776
323.707
-132.096
-572.707
-866.18
-963.338
-884.572
-699.052
-513.932
-451.959
-599.095
-914.959
-1270.81
-1485.91
-1421.94
-1089.68
-656.271
-321.215
-160.884
-160.084
-266.438
-388.786
-423.171
-285.63
18.6388
428.862
816.295
1007.01
901.059
539.215
138.587
-71.3225
-0.552926
253.738
533.217
719.937
715.539
478.841
82.2114
-282.831
-469.951
-415.974
-138.094
270.53
626.377
710.341
496.433
178.97
11.8417
112.598
428.062
868.673
1250.91
1374.85
1160.15
692.749
202.16
-110.506
-112.505
154.98
455.651
553.608
333.303
-154.487
-715.845
-1150.06
-1293.2
-1127.67
-811.804
-534.323
-457.556
-567.509
-792.212
-1072.89
-1278
-1272.41
-973.334
-499.538
-70.9226
152.581
135.788
-26.5417
-201.666
-223.657
-26.9416
316.111
653.965
875.87
928.647
733.131
325.307
-106.907
-341.206
-277.634
17.4393
367.688
554.008
447.654
105.401
-285.23
-517.93
-487.543
-223.657
167.375
546.012
767.916
769.515
627.177
491.635
483.639
656.364
1024.21
1368.06
1398.04
1049.39
502.43
58.2218
-128.498
-36.1376
206.158
345.298
234.546
-150.888
-709.847
-1246.42
-1620.66
-1745
-1609.46
-1297.59
-996.524
-914.959
-1078.09
-1366.76
-1610.66
-1642.25
-1351.97
-814.602
-242.049
175.371
364.49
380.883
311.713
278.127
370.087
650.767
1087.78
1501.6
1680.72
1533.59
1076.58
478.441
7.0438
-113.704
82.6113
346.498
484.038
396.076
61.8202
-435.166
-866.18
-989.727
-754.228
-293.227
194.163
524.821
579.597
383.282
135.788
104.202
389.679
916.252
1483.61
1803.87
1697.12
1187.34
536.816
66.6181
-71.7223
143.385
495.633
695.147
521.222
-84.1169
-892.569
-1594.67
-1906.53
-1773.39
-1338.78
-856.184
-632.681
-810.604
-1278.4
-1744.6
-1948.91
-1752.6
-1150.46
-345.604
328.905
623.578
526.02
232.147
-8.94931
23.0369
378.084
955.435
1498.8
1765.49
1623.95
1086.98
358.892
-292.427
-546.318
-322.014
158.579
548.011
572.8
212.955
-387.186
-948.945
-1174.45
-949.744
-387.186
264.133
749.924
911.854
728.733
392.878
241.343
480.84
1052.59
1653.13
1911.42
1669.13
1028.6
321.708
-105.708
-117.303
171.773
438.858
438.058
80.2123
-578.704
-1343.57
-1948.51
-2171.62
-1961.31
-1470.72
-988.128
-794.211
-985.729
-1411.95
-1780.19
-1820.97
-1409.95
-676.262
106.601
670.358
873.871
760.319
502.43
346.897
460.848
868.673
1440.03
1901.03
1968.6
1539.18
775.913
-19.7447
-577.504
-707.449
-417.174
-9.74897
156.18
-66.9243
-565.909
-1126.07
-1493.91
-1416.34
-891.369
-162.083
451.253
745.126
697.946
444.855
271.33
435.659
1003.41
1783.08
2409.21
2553.55
2110.54
1256.91
386.48
-78.1195
34.2321
504.829
888.664
817.495
184.967
-866.58
-1942.92
-2602.63
-2650.61
-2228.39
-1665.44
-1256.01
-1212.83
-1574.28
-2101.65
-2415.91
-2248.38
-1572.68
-567.509
428.462
1032.2
1070.59
741.927
446.854
476.841
898.66
1588.76
2266.87
2601.93
2382.82
1680.72
760.319
-77.3199
-570.707
-581.103
-192.87
192.164
155.78
-367.995
-1102.88
-1701.42
-1943.32
-1678.23
-950.944
-105.308
462.848
603.987
465.246
259.335
206.558
536.816
1304.49
2238.08
2829.43
2721.87
1956.2
929.846
156.579
-35.3379
349.696
909.055
1119.36
692.749
-314.818
-1558.68
-2596.63
-2998.86
-2631.42
-1793.78
-1006.12
-737.036
-1129.27
-1936.92
-2604.63
-2615.03
-1832.16
-562.311
650.767
1355.66
1385.65
938.643
429.662
279.726
670.358
1458.82
2293.26
2734.27
2467.98
1541.98
354.094
-614.688
-1061.3
-896.167
-349.203
118.596
116.197
-431.967
-1246.42
-1921.73
-2059.27
-1531.49
-585.101
358.892
890.663
886.265
558.406
294.12
399.675
963.432
1879.84
2772.25
3072.52
2503.17
1354.46
230.548
-322.814
-162.483
455.651
961.433
797.903
-133.696
-1463.52
-2601.03
-3102.82
-2912.1
-2235.59
-1468.72
-1037.71
-1147.66
-1671.03
-2166.02
-2222.8
-1671.83
-596.696
629.176
1491.2
1673.93
1330.07
913.054
761.919
996.618
1582.77
2266.07
2643.11
2438.4
1683.52
631.975
-385.587
-1079.69
-1265.21
-1006.12
-670.265
-663.068
-1113.67
-1764.99
-2218.8
-2222
-1707.82
-860.183
-42.9347
454.851
576.399
509.627
542.813
847.882
1438.03
2199.3
2923.79
3368.8
3258.04
2512.36
1429.23
501.231
109
288.123
696.747
820.693
248.14
-972.135
-2313.16
-3231.96
-3467.46
-3112.41
-2454.7
-1849.36
-1641.45
-1911.33
-2365.53
-2529.06
-2094.85
-1102.48
177.37
1343.67
1962.6
1897.83
1483.21
1252.11
1474.01
2025.77
2641.11
3033.74
2947.38
2326.84
1347.67
322.908
-477.548
-958.94
-1184.84
-1270.01
-1367.16
-1629.45
-2102.85
-2569.45
-2710.99
-2435.1
-1835.36
-1075.29
-346.004
153.381
369.688
496.433
798.703
1346.07
2030.97
2726.27
3343.21
3735.44
3673.86
3021.75
1984.19
1006.61
435.259
355.694
540.014
561.205
7.0438
-1190.44
-2570.25
-3549.02
-3830.9
-3509.84
-2930.09
-2410.72
-2197.21
-2325.95
-2547.46
-2490.68
-1912.53
-900.965
287.723
1358.46
2022.98
2158.92
1966.2
1855.05
2074.15
2534.36
2991.36
3208.86
3001.75
2326.44
1358.86
365.29
-443.962
-1050.1
-1479.92
-1774.59
-2020.48
-2269.98
-2598.63
-2880.11
-2889.31
-2500.28
-1802.98
-1068.09
-444.762
13.8409
348.897
691.949
1172.14
1833.06
2533.56
3131.3
3588.3
3890.17
3885.37
3329.21
2265.67
1161.75
454.051
228.149
254.137
148.183
-421.572
-1577.07
-2918.9
-3842.9
-4090.79
-3804.11
-3300.73
-2772.16
-2375.53
-2248.78
-2265.58
-2100.05
-1485.91
-455.557
737.529
1841.85
2545.55
2682.29
2456.79
2302.06
2481.58
2842.22
3117.3
3109.71
2710.28
1937.01
967.03
-0.952754
-851.786
-1567.08
-2128.44
-2469.89
-2671
-2797.75
-2925.29
-3012.06
-2902.9
-2462.29
-1669.43
-789.013
-64.5254
459.249
888.664
1328.07
1830.26
2432.4
3066.13
3601.5
3968.14
4148.46
4002.92
3284.03
2043.77
789.107
9.44277
-246.047
-283.631
-449.56
-1048.9
-2212
-3583.01
-4498.62
-4601.37
-4094.39
-3371.9
-2670.6
-2166.02
-1989.3
-1962.91
-1663.44
-856.984
307.714
1550.78
2645.91
3266.84
3227.66
2814.63
2574.74
2737.07
3052.53
3234.85
3100.91
2495.57
1442.43
250.139
-757.827
-1564.68
-2241.19
-2762.96
-3073.23
-3203.17
-3257.15
-3242.76
-3144
-2855.32
-2261.58
-1416.74
-504.736
255.337
835.887
1325.68
1819.06
2372.43
2977.36
3557.91
4009.32
4272.41
4346.77
4125.67
3322.42
1987.39
623.578
-279.233
-645.875
-766.623
-957.341
-1543.09
-2681.4
-3978.04
-4788.49
-4793.69
-4220.34
-3453.07
-2671
-2042.47
-1699.82
-1495.91
-1048.1
-167.681
960.633
2093.75
3064.93
3605.09
3546.32
3136.9
2858.22
2879.81
2966.17
2885.4
2522.36
1784.28
698.746
-469.151
-1386.76
-2032.88
-2581.44
-3094.42
-3535.43
-3754.54
-3727.35
-3462.66
-3012.86
-2456.7
-1773.79
-1044.5
-292.827
446.455
1141.36
1800.67
2418.81
3031.34
3600.7
4048.1
4311.19
4388.36
4320.79
3976.93
3083.72
1729.1
336.502
-666.666
-1149.66
-1343.97
-1539.89
-2144.43
-3245.16
-4385.46
-5000
-4787.29
-4028.42
-3112.41
-2277.17
-1688.63
-1313.59
-951.343
-290.028
736.33
1862.24
2849.02
3546.32
3828.6
3654.27
3212.86
2877.81
2787.05
2721.08
2430.8
1797.47
854.679
-276.434
-1363.97
-2144.03
-2632.22
-3032.45
-3446.67
-3812.51
-3938.06
-3744.94
-3257.95
-2562.25
-1810.57
-1058.1
-364.796
282.525
933.845
1619.95
2358.83
3083.32
3722.24
4186.44
4415.15
4418.74
4273.61
4022.51
3438.77
2311.25
875.07
-392.784
-1189.24
-1577.07
-1789.38
-2148.03
-2959.68
-4066.8
-4878.05
-4942.02
-4357.88
-3506.64
-2616.23
-1819.37
-1259.21
-872.178
-298.824
657.564
1768.69
2719.88
3440.77
3857.39
3799.81
3352.8
2910.19
2716.28
2584.73
2269.27
1691.92
817.495
-312.419
-1450.33
-2261.58
-2704.99
-2996.86
-3309.93
-3622.59
-3850.5
-3898.47
-3605.8
-2928.49
-1967.71
-973.334
-142.892
471.644
913.453
1352.06
1920.62
2663.1
3480.75
4166.85
4562.28
4605.86
4390.36
4060.9
3554.72
2629.11
1323.68
47.4264
-850.587
-1376.36
-1782.99
-2245.99
-2937.29
-3902.87
-4742.91
-4947.62
-4418.25
-3563.02
-2758.57
-2010.09
-1351.57
-865.78
-369.594
467.246
1651.14
2738.67
3433.97
3771.02
3747.83
3352.4
2840.22
2599.53
2581.14
2342.84
1682.32
751.923
-283.231
-1341.18
-2229.19
-2722.58
-2912.1
-3097.22
-3421.08
-3757.73
-3883.28
-3641.78
-3011.66
-2059.67
-968.936
-29.7404
542.013
819.494
1136.96
1720.31
2515.96
3358.8
4084.89
4519.9
4546.29
4248.02
3871.78
3511.53
2865.41
1742.3
452.052
-598.296
-1290.8
-1801.78
-2242.39
-2752.17
-3549.82
-4418.25
-4825.28
-4495.42
-3713.35
-2868.12
-2037.28
-1278
-744.233
-355.2
268.131
1300.89
2436
3284.43
3735.84
3786.22
3432.77
2864.61
2437.6
2282.86
2128.53
1658.33
819.094
-246.447
-1324.38
-2218.8
-2773.76
-3005.26
-3098.42
-3286.74
-3603.4
-3771.33
-3555.02
-2916.5
-2047.27
-1110.47
-228.855
424.864
853.879
1222.52
1758.29
2474.38
3198.47
3818.6
4232.02
4339.58
4128.47
3762.63
3402.78
2811.04
1744.3
437.259
-667.866
-1349.97
-1768.19
-2084.46
-2490.68
-3254.75
-4196.35
-4772.5
-4560.99
-3729.75
-2754.17
-1870.95
-1186.04
-720.243
-333.21
242.942
1170.54
2247.68
3150.89
3696.26
3767.82
3388.79
2779.45
2299.66
2116.14
2007.38
1677.92
957.435
-121.301
-1294.4
-2231.19
-2726.98
-2876.91
-2952.48
-3104.82
-3349.11
-3499.85
-3335.92
-2778.56
-1933.72
-1046.1
-228.455
442.856
926.648
1292.09
1708.31
2301.26
2969.77
3563.91
3994.93
4171.65
4031.71
3652.27
3229.66
2733.47
1874.64
646.768
-578.704
-1397.15
-1781.39
-1986.9
-2291.57
-2938.49
-3872.49
-4600.17
-4577.38
-3786.52
-2698.99
-1745.4
-1027.31
-554.314
-262.84
132.19
906.656
1990.19
2984.96
3599.9
3763.03
3433.57
2759.86
2129.73
1867.44
1812.27
1548.38
895.461
-91.3138
-1236.82
-2273.57
-2878.91
-2998.06
-2915.3
-2938.49
-3111.21
-3254.35
-3212.37
-2875.31
-2202
-1289.2
-347.204
413.669
960.633
1337.67
1653.13
2053.76
2611.52
3276.44
3854.99
4156.46
4069.29
3671.87
3201.67
2749.46
2094.94
1074.58
-110.905
-1084.49
-1665.84
-1968.11
-2216.4
-2688.6
-3484.65
-4270.71
-4522.21
-4008.03
-3064.83
-2126.04
-1337.58
-705.449
-227.655
178.17
759.92
1612.75
2503.57
3186.87
3569.11
3569.11
3118.1
2423.2
1920.22
1731.9
1551.98
1066.99
250.539
-749.031
-1749
-2497.08
-2819.74
-2841.73
-2853.72
-3006.86
-3183.58
-3169.19
-2918.1
-2443.5
-1750.2
-898.966
-30.54
683.952
1226.92
1630.74
1973
2362.03
2861.41
3417.97
3846.19
4000.92
3866.58
3533.13
3104.11
2493.97
1536.79
322.508
-796.21
-1499.51
-1796.98
-1948.11
-2223.2
-2870.92
-3817.71
-4523.81
-4444.64
-3575.81
-2451.9
-1521.1
-857.384
-448.36
-203.665
178.57
986.222
2080.95
2981.76
3446.36
3514.73
3194.07
2547.55
1928.22
1690.72
1675.13
1432.43
781.91
-150.888
-1211.23
-2192.81
-2792.95
-2893.31
-2780.16
-2783.35
-2954.88
-3113.21
-3057.24
-2747.77
-2138.83
-1259.61
-310.02
470.844
975.427
1342.07
1701.51
2092.55
2540.35
3044.54
3531.53
3833.8
3832.6
3584.7
3240.05
2859.02
2280.06
1323.68
124.193
-972.534
-1674.23
-1957.31
-2052.47
-2256.38
-2829.73
-3678.97
-4323.89
-4282.31
-3498.65
-2415.91
-1440.73
-704.65
-232.053
56.6225
406.472
1115.77
2080.95
2881.01
3305.22
3390.79
3124.1
2500.37
1823.06
1486.81
1398.04
1136.16
523.621
-326.812
-1278
-2196.41
-2793.75
-2905.3
-2766.56
-2718.58
-2829.33
-2919.7
-2826.14
-2508.27
-1900.93
-1045.3
-152.088
560.006
1016.61
1378.05
1764.29
2206.5
2663.1
3084.92
3463.16
3684.26
3657.47
3420.77
3110.11
2769.05
2259.67
1403.64
260.934
-887.371
-1753
-2176.82
-2273.17
-2297.96
-2625.02
-3365.1
-4093.19
-4269.11
-3683.37
-2671.8
-1624.65
-735.436
-144.491
164.576
432.461
1016.61
1902.63
2704.28
3193.67
3373.59
3229.26
2691.49
1991.39
1539.18
1363.66
1128.96
600.388
-168.88
-1078.89
-2020.88
-2719.38
-2946.48
-2822.94
-2701.79
-2744.97
-2861.72
-2863.32
-2650.21
-2144.03
-1312.79
-300.024
627.177
1211.73
1449.22
1543.58
1726.3
2097.34
2598.73
3130.5
3513.13
3524.73
3172.08
2720.68
2405.61
2151.72
1802.67
1199.33
226.949
-984.129
-2031.28
-2545.06
-2637.02
-2606.23
-2654.61
-2934.49
-3396.69
-3732.15
-3514.64
-2699.79
-1631.85
-593.498
187.766
604.786
821.493
1214.12
1927.02
2635.51
3052.13
3193.27
3068.93
2621.12
1984.59
1465.62
1136.16
764.718
258.935
-330.011
-1050.9
-1904.53
-2623.82
-2882.91
-2765.76
-2591.44
-2510.67
-2495.48
-2463.89
-2269.18
-1736.21
-941.348
-138.494
524.821
1058.99
1466.42
1747.49
1996.99
2297.26
2617.92
2901.4
3102.11
3154.09
3016.15
2753.46
2449.19
2099.74
1715.11
1242.91
488.037
-605.492
-1744.6
-2507.87
-2744.57
-2615.43
-2344.34
-2305.96
-2769.36
-3470.26
-3731.75
-3160.79
-2056.87
-882.573
89.4083
660.762
772.314
780.311
1163.35
1888.23
2536.35
2913.39
3037.74
2789.45
2102.14
1327.68
857.877
650.767
428.862
76.6138
-472.75
-1305.59
-2221.2
-2759.36
-2719.38
-2418.71
-2221.6
-2186.01
-2218
-2177.62
-1932.12
-1358.37
-532.724
292.921
951.837
1340.47
1480.41
1517.59
1653.13
1991.79
2410.01
2735.47
2812.24
2568.34
2170.91
1925.42
1933.81
1963.4
1783.48
1391.65
729.933
-292.827
-1429.14
-2204
-2379.53
-2131.24
-1763.79
-1598.66
-2012.09
-2908.9
-3583.81
-3332.72
-2200.41
-856.184
161.777
617.181
538.015
288.123
419.266
1157.35
2083.35
2669.5
2751.06
2388.02
1688.32
924.649
476.841
456.45
555.208
435.259
-24.1428
-795.411
-1681.43
-2314.36
-2391.92
-2030.08
-1645.84
-1518.7
-1617.46
-1736.61
-1646.64
-1269.21
-689.456
-83.3173
403.273
723.935
917.852
1079.38
1266.9
1484.41
1715.91
1939.01
2066.56
2018.58
1843.05
1704.31
1732.7
1829.06
1808.27
1588.36
1254.51
785.908
51.8245
-814.203
-1505.9
-1826.97
-1806.18
-1587.47
-1420.74
-1739.8
-2540.66
-3189.58
-3062.43
-2198.81
-1170.45
-375.192
55.0231
86.2097
-80.5185
24.6362
686.351
1571.17
2134.13
2250.88
2050.96
1585.16
985.023
632.774
734.331
952.637
860.276
396.476
-302.423
-1085.69
-1683.43
-1799.38
-1471.12
-1147.26
-1152.46
-1424.34
-1695.02
-1733.41
-1479.12
-967.337
-383.188
84.2106
372.486
539.215
664.761
763.518
896.661
1149.75
1506.8
1799.87
1815.86
1591.96
1424.43
1513.6
1800.67
2026.57
2054.16
1863.04
1512
1029
345.698
-470.75
-1191.24
-1551.09
-1491.51
-1238.02
-1154.06
-1617.46
-2553.45
-3273.54
-3170.39
-2306.36
-1303.19
-608.291
-332.01
-422.371
-557.113
-270.037
549.61
1433.63
1938.21
2109.34
2089.75
1808.27
1338.47
1056.19
1134.96
1289.29
1180.54
779.911
129.391
-661.468
-1258.41
-1372.36
-1139.26
-1052.5
-1315.99
-1711.42
-1948.91
-1896.94
-1578.67
-1098.48
-698.652
-503.136
-400.381
-185.673
179.37
567.203
891.863
1105.37
1220.92
1270.5
1299.29
1368.06
1540.38
1807.47
2045.37
2132.93
2058.96
1853.45
1567.57
1312.48
1024.21
463.647
-407.977
-1258.41
-1676.23
-1632.65
-1426.74
-1435.53
-1957.71
-2807.34
-3382.7
-3185.58
-2355.14
-1457.93
-850.187
-602.294
-603.893
-547.517
-80.5185
785.509
1607.95
2070.16
2229.29
2168.11
1867.44
1515.59
1428.43
1585.56
1624.75
1331.27
770.315
10.6423
-786.215
-1272.81
-1274.4
-1094.88
-1167.25
-1527.5
-1928.12
-2137.23
-2021.68
-1607.46
-1085.69
-727.44
-615.488
-596.296
-443.962
-32.1393
524.021
1043.8
1415.24
1603.16
1611.95
1486.01
1429.63
1571.17
1861.45
2114.54
2212.89
2146.52
1892.23
1521.99
1242.11
1138.96
836.687
35.4316
-979.331
-1687.83
-1912.93
-1872.15
-1740.2
-1802.18
-2360.34
-3114.01
-3350.71
-2744.17
-1795.38
-1069.29
-647.474
-456.756
-409.977
-223.257
421.265
1375.25
2106.54
2364.03
2305.65
2060.96
1683.52
1402.04
1428.03
1597.16
1515.59
1057.79
395.277
-338.807
-970.935
-1276
-1215.63
-1102.88
-1302.79
-1755
-2136.43
-2168.82
-1860.15
-1419.94
-1036.51
-823.798
-715.445
-561.112
-206.864
338.901
836.687
1116.97
1234.12
1352.86
1483.21
1523.19
1518.79
1585.96
1714.71
1779.48
1739.5
1653.13
1503.2
1312.08
1183.74
1128.96
866.274
101.803
-920.957
-1673.43
-1912.93
-1753.8
-1455.53
-1298.39
-1656.24
-2481.48
-3072.43
-2845.33
-1972.5
-1062.5
-428.369
-98.5107
-83.3173
-192.87
31.8331
756.721
1576.77
2047.37
2134.93
1990.59
1631.94
1202.93
1041.8
1204.93
1362.06
1183.34
699.546
60.2209
-628.682
-1121.67
-1212.03
-999.723
-909.362
-1188.84
-1683.83
-2062.07
-2096.05
-1782.59
-1284.4
-825.798
-584.701
-543.519
-496.339
-254.843
127.792
508.028
883.466
1262.9
1521.99
1547.58
1441.23
1420.83
1584.36
1850.65
2057.76
2113.34
1978.99
1711.51
1474.81
1400.84
1227.72
508.828
-601.894
-1476.32
-1739.4
-1551.09
-1253.21
-1173.65
-1724.61
-2781.36
-3503.04
-3223.56
-2199.61
-1204.43
-615.888
-459.955
-641.477
-787.414
-365.196
659.563
1670.33
2186.51
2274.47
2108.94
1748.29
1437.63
1519.19
1858.65
1965.4
1614.75
993.819
255.737
-507.535
-980.531
-978.932
-813.803
-997.324
-1601.06
-2224.8
-2538.66
-2403.92
-1904.93
-1325.18
-973.334
-960.939
-1042.9
-911.761
-448.76
198.961
749.124
1082.18
1230.52
1236.51
1154.55
1137.76
1326.48
1586.76
1644.74
1435.63
1123.36
871.072
755.521
867.073
1152.55
1311.68
1074.18
580.797
217.353
50.2252
-183.274
-580.703
-974.533
-1236.02
-1353.57
-1305.19
-1154.06
-1209.23
-1606.26
-1967.31
-1854.15
-1310.39
-743.833
-367.195
-148.489
-47.3328
13.441
248.14
707.542
1120.96
1241.31
1191.73
1198.93
1196.93
1050.19
868.673
812.697
789.107
611.983
315.311
1.04638
-356
-709.448
-846.189
-730.639
-669.465
-900.965
-1246.42
-1412.34
-1331.58
-1112.47
-868.179
-682.659
-625.484
-639.878
-550.716
-260.441
103.402
334.103
421.265
530.418
731.532
922.65
1026.6
1091.38
1143.35
1156.15
1154.15
1208.13
1283.69
1294.49
1286.09
1336.87
1359.26
1241.31
1097.77
1047
779.111
43.4281
-845.389
-1376.76
-1415.94
-1153.26
-814.602
-801.808
-1505.11
-2525.07
-2969.67
-2469.89
-1536.29
-799.409
-487.543
-643.876
-1015.72
-992.926
-237.651
766.317
1330.87
1389.65
1262.5
1074.98
914.653
1041
1430.43
1658.73
1499.2
1138.96
733.531
220.952
-234.852
-332.01
-183.674
-194.07
-583.902
-1187.64
-1737.4
-1979.7
-1713.82
-1150.06
-779.418
-881.374
-1223.63
-1360.77
-1097.28
-533.523
57.8219
436.059
554.808
545.612
587.994
770.315
1051.79
1304.88
1410.44
1352.06
1219.32
1083.38
965.831
902.258
939.042
1011.01
975.027
818.694
678.755
603.587
537.215
503.23
485.638
242.143
-344.005
-954.542
-1178.05
-1016.52
-729.839
-553.515
-721.043
-1311.99
-1958.51
-2060.47
-1491.51
-731.838
-274.435
-252.844
-539.121
-862.182
-819.8
-217.26
570.401
995.418
932.645
675.156
462.448
384.481
543.613
896.261
1145.75
1062.99
758.32
439.658
172.173
2.6457
19.8383
136.188
91.0076
-226.056
-637.479
-919.757
-979.731
-816.202
-556.713
-429.168
-598.296
-921.356
-1084.49
-919.357
-530.325
-160.884
34.6319
29.834
-72.1221
-96.9114
67.4178
402.873
743.127
931.446
918.251
782.31
670.758
679.954
831.889
1031.4
1126.16
1039.8
872.671
809.098
886.265
1017.41
1122.96
1156.15
1045
631.575
-19.7447
-587.5
-809.804
-721.043
-544.319
-475.948
-771.821
-1530.29
-2320.35
-2520.67
-2007.69
-1265.61
-794.211
-788.214
-1186.44
-1608.66
-1488.71
-649.473
367.289
916.252
917.852
699.945
558.806
670.758
1140.96
1740.7
1984.99
1743.1
1315.28
985.023
749.124
586.794
566.803
536.416
266.932
-232.853
-744.633
-1111.67
-1313.59
-1299.59
-1153.26
-1138.86
-1394.35
-1727.41
-1819.37
-1601.46
-1185.64
-724.641
-365.596
-206.864
-192.87
-102.109
194.563
645.169
1059.79
1296.09
1348.87
1288.89
1226.12
1222.92
1313.28
1434.43
1474.41
1393.65
1239.71
1100.57
991.82
917.052
880.668
814.296
664.361
463.647
131.79
-410.776
-1018.11
-1363.17
-1331.58
-1111.27
-926.154
-1023.71
-1561.08
-2249.98
-2491.48
-2033.68
-1233.22
-599.495
-395.583
-611.09
-919.757
-801.808
-77.7197
779.111
1210.13
1191.73
1007.01
812.697
752.323
1011.81
1429.23
1529.59
1212.12
847.082
632.375
430.461
224.55
174.971
161.777
-76.5202
-492.741
-856.584
-1103.68
-1264.01
-1204.43
-939.349
-800.209
-990.127
-1277.6
-1303.99
-1006.12
-542.719
-112.505
108.2
65.4187
-66.1247
22.6371
422.465
878.668
1048.2
879.068
609.185
477.241
569.602
808.699
991.42
951.437
695.947
428.462
332.104
449.653
665.16
799.103
802.301
687.551
520.823
416.467
484.838
678.355
871.871
886.665
505.229
-228.455
-888.97
-1026.91
-651.073
-104.108
171.373
-226.056
-1200.04
-2012.09
-2000.09
-1267.21
-475.149
-160.084
-511.933
-1272.01
-1734.61
-1341.98
-358.799
369.288
394.077
-30.9398
-463.154
-566.709
-161.284
582.796
1089.78
1023.81
688.75
488.037
468.045
534.017
716.338
906.656
845.883
540.414
215.354
-31.7395
-260.841
-368.395
-238.85
-107.307
-269.237
-665.866
-982.53
-1044.1
-872.577
-555.114
-304.022
-308.42
-507.934
-630.682
-500.738
-186.473
123.394
277.327
265.732
199.761
190.165
264.133
398.475
529.619
581.197
528.019
449.253
430.062
480.44
562.005
660.762
746.325
745.926
674.756
650.367
720.337
805.1
871.072
941.841
957.435
877.469
792.705
639.571
259.335
-256.843
-583.502
-597.896
-442.363
-286.03
-379.99
-951.743
-1750.6
-2156.82
-1895.74
-1289.2
-832.994
-811.004
-1222.43
-1722.61
-1766.19
-1152.86
-309.62
198.561
229.348
10.2424
-157.685
-10.9484
533.617
1128.96
1323.68
1160.95
1015.81
1023.01
1058.19
1092.98
1136.16
1048.6
778.312
489.636
264.533
22.6371
-217.659
-318.416
-308.82
-390.785
-619.486
-864.581
-1005.32
-984.529
-780.217
-508.334
-393.984
-527.526
-724.641
-720.243
-455.957
-51.7309
278.927
364.49
178.57
-104.508
-188.872
37.8305
424.064
715.539
739.528
503.63
208.157
88.2088
211.356
453.252
655.165
677.155
484.038
252.938
196.962
320.909
504.43
656.764
709.541
626.377
528.019
577.198
794.305
1024.61
963.032
490.436
-135.295
-477.947
-384.787
-1.75241
355.694
267.332
-463.953
-1407.15
-1870.55
-1647.44
-1076.49
-653.072
-759.026
-1395.15
-2052.87
-2085.26
-1430.34
-644.276
-251.645
-317.616
-596.696
-763.424
-515.931
152.981
833.888
1109.77
1054.99
981.024
1004.21
1116.97
1318.48
1485.21
1425.63
1198.13
1021.41
893.062
680.754
428.062
281.726
204.959
62.6199
-170.88
-447.56
-738.635
-968.136
-996.524
-858.583
-776.219
-883.373
-1059.7
-1120.87
-1038.51
-847.788
-598.695
-393.184
-319.616
-308.82
-224.057
-42.5348
159.778
338.101
446.854
440.457
392.878
447.254
618.381
750.324
729.933
587.194
438.458
381.682
428.062
492.035
506.029
471.244
433.26
425.264
455.651
506.429
542.813
587.194
667.16
755.921
839.885
777.512
465.646
21.8374
-240.849
-168.481
105.002
358.093
300.517
-218.859
-939.349
-1328.78
-1190.04
-776.219
-441.963
-453.558
-874.976
-1420.34
-1605.46
-1273.6
-764.224
-488.743
-559.912
-829.796
-1042.5
-944.546
-497.939
-3.75155
175.371
51.0249
-73.3216
-8.94931
240.543
579.197
835.887
829.09
631.975
518.823
574.799
670.358
732.331
774.713
757.521
637.572
488.836
367.688
227.749
68.6173
1.44621
58.6216
94.6061
-12.5478
-236.052
-471.95
-621.885
-591.099
-394.383
-220.058
-280.033
-514.732
-693.455
-683.859
-540.32
-376.791
-287.629
-356.4
-511.133
-537.122
-327.212
-38.5366
112.598
85.0102
1.44621
27.0352
248.54
575.599
833.088
925.448
893.862
853.879
900.259
1021.01
1090.58
1035.4
926.248
838.286
799.902
799.103
779.511
673.557
528.419
454.051
460.848
422.465
217.753
-127.698
-468.751
-635.879
-580.303
-364.396
-193.27
-315.217
-761.025
-1216.03
-1340.38
-1102.08
-677.861
-345.604
-366.795
-739.035
-1081.69
-1048.5
-690.256
-289.628
-80.9183
-147.29
-411.176
-601.494
-505.136
-209.263
11.8417
12.2416
-132.496
-264.839
-288.429
-180.076
-25.3423
13.8409
-101.709
-208.463
-164.083
-34.1385
62.6199
117.796
144.984
140.186
160.578
274.129
398.875
433.66
423.265
486.437
640.771
771.515
800.302
717.538
581.197
489.236
513.626
605.586
619.58
487.637
289.722
122.194
25.4359
20.6379
51.4247
-11.3483
-224.856
-461.155
-555.514
-495.14
-396.382
-372.793
-448.76
-554.314
-569.908
-453.958
-282.032
-172.479
-166.082
-193.27
-171.679
-70.5228
54.6233
127.792
109.8
20.6379
-50.9312
-19.3448
117.396
248.94
276.528
217.753
134.989
82.6113
99.404
180.569
242.942
226.549
178.17
154.98
156.18
172.173
203.359
226.149
210.556
193.763
217.753
289.322
363.69
366.489
288.922
197.362
168.974
191.364
224.15
230.148
170.573
24.2364
-151.288
-273.236
-321.215
-338.407
-380.389
-474.349
-592.698
-690.656
-739.835
-727.84
-660.669
-573.906
-518.73
-495.94
-487.143
-473.549
-435.965
-376.391
-290.428
-187.273
-72.9218
15.84
28.6345
-3.35172
-14.9467
43.4281
148.983
240.943
260.535
208.557
150.182
156.18
221.751
278.127
275.728
238.144
217.753
222.551
254.137
304.116
344.498
342.899
322.508
333.703
370.087
386.88
367.688
320.109
255.337
194.563
151.781
110.999
59.0214
10.6423
-20.5443
-55.3293
-115.703
-175.678
-207.264
-206.464
-195.269
-190.471
-201.266
-236.851
-284.031
-295.226
-240.45
-152.088
-97.7111
-94.1126
-91.7137
-54.5297
4.64484
63.8194
120.195
172.173
208.157
225.75
239.744
252.138
268.131
278.927
265.333
217.753
156.579
125.793
114.597
87.809
29.4342
-30.9398
-76.5202
-112.905
-140.093
-160.084
-184.074
-233.253
-267.638
-243.248
-177.677
-122.101
-87.3156
-41.7352
17.8392
72.2157
122.194
164.976
188.566
202.16
224.15
233.746
196.162
108.2
20.2381
-34.9381
-66.9243
-103.709
-165.282
-260.441
-374.792
-475.548
-519.929
-496.339
-446.761
-433.167
-473.549
-525.527
-539.921
-474.349
-338.807
-190.071
-104.508
-97.3113
-93.7128
-30.1402
106.201
265.333
388.08
446.455
442.856
414.468
394.877
396.876
411.67
418.067
397.276
340.1
257.736
180.569
131.39
105.801
85.4101
55.423
-2.55207
-80.9183
-158.885
-208.064
-217.26
-201.666
-159.285
-114.104
-104.908
-143.691
-194.869
-192.47
-138.893
-70.5228
-18.1454
13.8409
25.0361
17.4393
12.2416
15.4402
12.6414
5.44449
19.4385
56.6225
86.6095
88.2088
67.8176
27.0352
-0.153099
11.0421
57.4221
106.601
141.386
176.971
200.161
211.756
227.749
269.731
320.109
325.707
289.722
258.536
275.328
314.911
315.711
258.136
178.17
116.197
75.8142
45.4273
7.44363
-42.9347
-120.501
-209.663
-272.836
-286.83
-264.439
-252.844
-276.434
-323.214
-359.198
-352.002
-305.622
-250.845
-203.665
-161.684
-125.699
-113.304
-110.106
-90.5142
-60.5271
-41.3354
-30.54
-13.7472
-1.75241
-16.546
-51.3311
-92.5133
-125.699
-150.488
-166.881
-176.477
-189.272
-198.068
-205.665
-220.458
-246.447
-258.042
-221.258
-160.484
-100.51
-47.3328
10.2424
48.6259
61.4204
83.0111
130.191
182.168
202.56
189.765
161.777
131.39
97.0051
69.0171
75.8142
120.995
166.975
167.775
118.196
47.0266
-6.95017
-17.7455
24.2364
99.8039
163.776
186.167
174.572
157.379
139.387
125.393
130.191
158.978
178.57
173.772
159.778
145.784
128.591
101.803
87.809
94.6061
112.199
103.802
68.6173
21.0378
-15.7464
-47.7326
-71.7223
-64.1255
-29.3405
-0.552926
-8.94931
-31.3397
-56.9286
-91.3138
-116.103
-99.7102
-51.7309
-26.5417
-36.5374
-52.1307
-57.3285
-50.5314
-31.3397
2.24587
22.2373
23.4367
23.4367
26.2355
15.4402
-25.7421
-80.5185
-110.905
-92.1135
-48.1324
-40.1359
-84.9166
-129.297
-142.492
-131.297
-104.108
-68.9235
-60.5271
-81.718
-92.5133
-38.5366
55.8228
127.392
136.588
102.203
84.6104
113.398
169.374
194.563
172.573
114.597
51.4247
-2.15224
-39.3362
-64.1255
-99.3104
-164.083
-244.048
-311.219
-358.399
-380.789
-386.787
-395.183
-412.376
-410.776
-369.594
-328.412
-307.221
-274.035
-217.26
-162.883
-105.308
-0.952754
142.186
236.945
256.536
268.931
343.299
470.444
551.609
538.815
482.439
464.447
487.237
483.239
437.658
376.085
314.911
265.732
246.141
232.947
159.378
43.4281
-43.3345
-56.9286
-62.9261
-116.903
-192.87
-243.648
-258.442
-255.243
-245.647
-230.454
-217.659
-205.665
-188.072
-173.279
-154.886
-129.697
-99.7102
-86.9157
-90.5142
-105.708
-124.1
-133.296
-122.101
-104.908
-94.1126
-87.7154
-78.5194
-74.9209
-86.1161
-96.1118
-100.11
-101.709
-107.707
-96.1118
-46.1333
34.2321
101.803
129.391
139.387
166.175
212.555
250.139
268.531
272.929
266.932
256.936
260.135
272.929
266.932
227.349
180.169
148.983
128.591
112.598
96.6052
61.4204
-5.35086
-72.9218
-106.507
-96.9114
-85.3164
-88.9149
-102.909
-122.9
-141.692
-162.483
-173.279
-176.877
-180.076
-187.273
-196.069
-186.073
-166.082
-163.683
-188.472
-210.063
-190.871
-149.689
-120.501
-113.304
-123.7
-132.896
-121.301
-70.9226
-1.75241
43.4281
57.4221
63.4195
67.8176
62.22
38.6302
10.6423
3.44535
15.4402
48.2261
80.2123
95.4058
87.0094
61.8202
52.6242
72.2157
115.397
147.783
150.982
130.191
103.402
81.8116
75.8142
88.2088
96.2054
81.8116
49.0257
35.4316
42.2287
42.2287
15.4402
-26.1419
-51.7309
-60.5271
-60.5271
-58.9278
-50.1316
-41.3354
-53.73
-91.3138
-118.502
-94.9123
-36.9373
8.64311
-3.35172
-47.7326
-79.319
-66.5245
-22.5435
10.2424
19.0386
19.8383
25.0361
18.6388
22.2373
70.6164
158.179
205.758
174.971
108.6
58.6216
50.2252
75.4144
107.001
88.6087
17.0395
-41.7352
-24.1428
21.4376
3.84518
-63.7257
-88.9149
-35.7378
23.4367
23.4367
-37.7369
-89.7145
-84.9166
-32.939
9.8426
25.4359
32.6328
38.2304
34.6319
28.2347
28.2347
22.6371
14.2407
5.44449
-3.75155
-18.945
-23.3431
-12.5478
-8.54948
-27.3414
-62.5262
-90.5142
-104.908
-116.903
-131.297
-149.689
-161.284
-162.483
-159.684
-160.084
-162.483
-165.682
-163.683
-157.285
-152.088
-124.5
-76.1204
-23.3431
1.84604
-0.552926
7.44363
35.8314
71.8159
95.8056
102.203
101.803
105.801
111.399
112.598
110.599
104.602
91.0076
65.0188
38.6302
17.4393
