-18
-12
10
21
5
-12
-5
13
13
8
11
16
14
6
-1
-7
-7
1
4
0
-7
-2
3
0
-3
5
13
6
-2
-5
-3
2
6
13
13
7
2
-4
-1
8
19
17
5
-1
7
15
9
-1
-5
-3
3
5
-2
-11
-17
-14
-9
-5
-10
-28
-32
-18
-10
-26
-37
-25
-12
-16
-18
-6
-2
-14
-22
-9
7
6
-1
-7
-10
-6
-1
-7
-22
-29
-18
-8
-12
-21
-18
-9
0
11
19
22
20
21
22
28
30
27
15
7
7
12
16
18
16
14
11
4
-11
-25
-23
-13
-6
-8
-5
1
-6
-13
-14
-13
-22
-30
-23
-4
3
2
-3
0
-3
-9
-5
3
10
18
30
38
30
10
-10
-16
-10
-5
-4
2
14
17
13
3
-4
-6
-8
-9
-1
7
10
5
3
10
16
17
15
8
6
14
27
34
34
30
11
-9
-9
6
8
-7
-14
-8
-3
-2
-3
-3
4
8
-5
-22
-20
-1
6
0
-10
-15
-17
-12
-6
-5
-4
2
9
14
10
5
-2
-8
-15
-25
-29
-19
-3
-1
-1
4
4
-8
-15
-4
8
7
-1
-5
-2
4
13
12
11
17
18
14
4
-3
-4
-4
2
1
-2
-2
3
10
7
0
-6
2
12
12
-2
-9
-4
3
10
9
6
6
0
-1
-2
-2
-5
-7
5
14
9
-9
-20
-16
-7
-6
-16
-22
-15
-7
-8
-10
-10
-14
-23
-22
-15
-17
-24
-31
-32
-27
-23
-20
-20
-8
7
12
4
-5
-10
-11
-9
-5
4
12
14
16
16
9
1
-3
-4
-5
-10
-12
-13
-5
0
1
1
5
12
9
3
-6
-10
-10
-4
6
11
8
5
9
10
3
-5
-3
5
21
30
36
33
30
28
21
17
16
15
11
8
12
17
18
15
5
0
8
25
30
16
7
13
19
12
4
8
10
11
7
1
-4
-9
-12
-14
-11
-3
3
4
4
7
8
4
-2
-10
-19
-23
-21
-12
-10
-13
-11
1
16
15
-1
-16
-16
-10
-13
-17
-13
-6
0
-6
-7
-9
-7
-1
-1
-6
-6
1
3
5
9
11
-1
-8
-1
9
7
-7
-21
-22
-12
-9
-16
-13
0
4
0
5
18
17
7
-4
-3
4
6
-3
-17
-14
1
7
5
1
-8
-8
-1
9
8
6
7
7
3
4
6
4
4
5
5
0
3
6
9
7
3
2
9
24
30
23
16
6
-4
-14
-8
0
0
2
5
4
-7
-8
0
0
-14
-27
-20
-11
-8
-8
-4
3
6
9
8
2
-10
-20
-24
-24
-17
-6
-3
-12
-16
-15
-11
-12
-8
-9
-22
-33
-29
-18
-16
-12
-7
-8
-20
-32
-27
-20
-15
-12
-1
10
5
-2
-10
-14
-19
-23
-18
-8
0
2
1
1
1
7
16
25
25
23
22
21
25
28
22
12
14
30
42
37
27
31
42
38
22
14
21
27
22
10
3
9
18
28
34
34
30
24
25
30
38
45
45
44
41
31
17
7
13
12
0
-7
-3
-4
-14
-18
-12
-14
-22
-25
-20
-16
-17
-15
-18
-25
-36
-35
-29
-27
-35
-41
-39
-38
-39
-41
-37
-37
-41
-46
-45
-41
-44
-53
-58
-53
-45
-44
-48
-43
-40
-48
-65
-70
-56
-40
-34
-37
-33
-27
-21
-23
-22
-18
-13
-12
-9
-1
6
16
14
6
4
18
32
38
41
50
63
68
64
49
38
35
43
59
71
75
72
65
55
44
43
49
54
63
78
89
93
98
104
102
90
78
72
73
81
88
85
76
73
67
65
65
61
50
45
50
51
42
42
51
52
40
24
18
17
8
-9
-28
-40
-45
-48
-60
-85
-109
-123
-127
-126
-128
-131
-143
-165
-183
-191
-194
-205
-228
-241
-239
-229
-222
-223
-230
-234
-226
-204
-179
-164
-165
-163
-152
-134
-122
-113
-99
-86
-67
-44
-19
2
21
36
46
56
77
101
116
119
124
143
176
205
215
220
231
238
238
244
263
272
266
259
260
266
270
271
274
278
275
259
241
227
219
216
214
208
202
200
194
172
153
156
159
146
126
124
123
110
95
93
90
76
64
54
34
1
-29
-53
-81
-125
-190
-243
-267
-276
-299
-352
-418
-487
-534
-544
-533
-534
-564
-598
-613
-604
-585
-563
-546
-540
-533
-513
-478
-439
-403
-375
-356
-333
-286
-214
-143
-91
-55
-10
37
69
92
114
149
197
250
292
311
322
328
334
339
360
395
424
428
415
408
403
391
375
369
370
368
354
331
314
300
296
289
279
263
245
232
225
227
220
204
189
190
194
196
194
193
195
192
183
178
194
215
218
212
217
220
202
170
157
160
164
162
159
148
124
100
86
73
49
17
-13
-37
-68
-118
-184
-257
-327
-380
-418
-462
-527
-598
-650
-691
-733
-772
-807
-837
-861
-870
-858
-830
-805
-794
-785
-757
-715
-670
-617
-551
-485
-420
-353
-287
-222
-158
-85
-7
68
131
180
219
267
336
409
466
495
507
505
510
529
541
540
531
526
523
512
492
463
434
415
406
406
393
359
316
278
267
267
259
235
212
198
186
172
162
157
146
130
133
146
146
132
127
145
167
175
172
171
186
210
230
241
239
222
199
200
225
240
235
223
218
209
190
173
164
151
129
97
64
31
-21
-88
-162
-233
-295
-338
-381
-447
-535
-623
-692
-742
-776
-814
-866
-921
-947
-944
-941
-944
-937
-909
-876
-833
-771
-706
-653
-608
-552
-476
-384
-288
-209
-140
-56
38
110
160
212
283
366
437
485
518
551
577
581
570
573
591
594
572
546
536
528
508
481
457
433
413
394
375
346
311
285
265
240
206
182
167
160
144
128
113
101
88
80
85
97
113
119
125
131
146
163
174
186
202
229
262
281
282
272
266
271
274
274
273
274
282
276
261
241
220
200
184
176
153
106
34
-49
-133
-201
-254
-311
-385
-483
-578
-665
-734
-789
-844
-898
-965
-1027
-1066
-1069
-1060
-1049
-1032
-1008
-984
-952
-902
-840
-777
-717
-648
-568
-475
-378
-289
-198
-96
8
89
150
212
287
368
444
508
556
595
624
650
673
687
696
706
711
700
675
649
625
594
558
530
515
498
463
423
383
351
336
321
289
245
222
220
206
168
129
100
81
75
76
76
64
56
69
89
107
107
98
97
107
135
148
153
161
168
171
174
198
226
240
245
249
251
256
256
250
230
216
196
169
125
53
-31
-113
-172
-215
-271
-354
-461
-573
-665
-729
-777
-823
-873
-931
-988
-1031
-1043
-1044
-1058
-1076
-1069
-1034
-983
-931
-884
-840
-789
-709
-606
-498
-398
-302
-205
-116
-32
60
150
222
294
385
487
579
648
693
715
724
736
754
764
762
755
754
753
733
687
637
601
580
557
521
479
438
401
354
310
272
240
208
176
145
109
77
48
19
-1
-12
-22
-29
-25
-13
-11
-16
-5
16
27
26
42
83
135
169
179
182
197
229
256
270
287
312
330
329
323
325
318
301
288
277
248
186
111
38
-33
-106
-189
-275
-365
-468
-576
-675
-748
-814
-883
-956
-1025
-1082
-1119
-1129
-1124
-1138
-1155
-1146
-1092
-1026
-984
-952
-904
-824
-730
-632
-536
-430
-321
-212
-106
-1
103
196
284
376
468
546
614
662
696
727
760
792
811
816
814
806
789
764
731
694
655
620
600
584
552
494
429
380
346
317
274
231
193
167
136
96
59
29
1
-26
-30
-12
6
11
8
8
23
42
63
86
105
136
166
199
218
229
241
260
289
320
337
337
335
347
363
368
361
356
354
337
292
217
117
15
-69
-123
-171
-248
-371
-520
-646
-734
-795
-860
-937
-1031
-1132
-1200
-1220
-1221
-1237
-1263
-1265
-1240
-1190
-1127
-1067
-1024
-978
-904
-798
-675
-559
-449
-335
-221
-119
-15
88
191
293
400
505
593
669
720
757
796
844
888
909
913
910
900
885
860
824
782
751
737
722
694
646
583
512
447
403
363
321
273
222
183
153
126
80
24
-21
-39
-33
-28
-34
-46
-52
-45
-33
-25
-20
-8
21
58
98
128
138
145
167
207
245
268
280
289
297
314
338
360
372
362
343
313
269
189
77
-24
-92
-137
-189
-277
-405
-549
-673
-768
-839
-901
-970
-1062
-1160
-1226
-1247
-1250
-1262
-1281
-1289
-1266
-1221
-1157
-1089
-1021
-951
-866
-767
-649
-530
-420
-314
-196
-57
70
173
254
343
447
568
687
776
819
837
870
912
943
948
944
946
947
937
903
860
815
772
737
713
679
626
548
478
429
391
349
298
248
199
155
112
59
-1
-49
-75
-87
-96
-95
-90
-101
-122
-128
-115
-99
-89
-68
-28
17
50
66
74
93
132
183
228
266
297
327
356
380
400
412
417
415
406
385
332
246
146
57
-5
-64
-152
-281
-429
-562
-665
-753
-841
-932
-1031
-1126
-1207
-1258
-1293
-1325
-1355
-1366
-1348
-1309
-1253
-1191
-1130
-1070
-991
-881
-754
-630
-509
-388
-260
-124
10
120
211
309
433
571
697
800
865
906
945
987
1027
1051
1069
1086
1087
1072
1047
1012
957
892
846
824
802
747
659
562
491
435
367
286
205
144
89
39
-5
-52
-102
-152
-182
-181
-176
-183
-204
-211
-200
-182
-173
-170
-154
-124
-83
-36
7
45
73
100
138
181
223
255
285
318
354
384
401
414
425
433
433
404
339
234
115
25
-29
-92
-198
-355
-522
-672
-787
-862
-931
-1028
-1157
-1275
-1346
-1373
-1388
-1404
-1420
-1421
-1401
-1349
-1273
-1198
-1136
-1068
-979
-858
-722
-589
-455
-319
-173
-33
98
220
334
452
588
733
856
940
991
1030
1073
1123
1163
1178
1175
1165
1163
1149
1111
1050
979
925
886
853
811
740
655
575
514
457
384
309
231
157
101
60
12
-50
-113
-164
-203
-222
-225
-224
-230
-236
-229
-219
-214
-208
-179
-132
-91
-65
-44
-12
16
44
83
144
211
261
294
313
327
346
377
412
432
437
420
362
266
151
47
-31
-95
-177
-308
-475
-645
-783
-881
-962
-1057
-1170
-1282
-1367
-1414
-1438
-1451
-1470
-1496
-1504
-1476
-1402
-1312
-1236
-1163
-1078
-964
-836
-690
-536
-394
-248
-90
80
224
341
468
620
771
897
992
1066
1119
1158
1201
1233
1249
1254
1259
1263
1248
1216
1166
1103
1033
977
935
889
823
740
663
589
512
434
354
280
209
145
97
51
-2
-67
-129
-174
-210
-230
-232
-227
-228
-226
-213
-205
-206
-200
-170
-116
-57
-20
-9
-5
26
77
130
180
220
259
293
325
349
362
372
390
410
400
334
223
111
22
-52
-131
-217
-336
-505
-694
-843
-933
-1007
-1107
-1227
-1333
-1421
-1485
-1522
-1537
-1545
-1544
-1515
-1466
-1409
-1349
-1281
-1205
-1112
-984
-827
-662
-515
-374
-224
-59
100
240
364
487
621
764
902
1012
1087
1145
1191
1234
1269
1294
1300
1282
1266
1260
1248
1204
1128
1048
977
926
889
849
776
678
584
512
445
371
291
209
140
81
21
-54
-124
-175
-211
-240
-263
-271
-272
-273
-274
-265
-242
-213
-194
-173
-132
-80
-30
5
42
83
123
161
195
234
281
332
371
395
415
436
457
457
436
380
288
179
71
-18
-95
-180
-295
-458
-643
-818
-949
-1043
-1126
-1220
-1331
-1446
-1538
-1587
-1604
-1613
-1626
-1618
-1580
-1517
-1443
-1361
-1280
-1197
-1087
-935
-757
-589
-431
-275
-110
56
215
357
486
618
762
907
1039
1135
1199
1239
1271
1301
1322
1345
1360
1364
1345
1317
1278
1228
1159
1079
1010
945
881
810
736
654
571
496
420
325
225
141
79
28
-15
-65
-135
-202
-237
-238
-236
-237
-232
-228
-216
-202
-187
-181
-166
-128
-71
-12
41
85
111
130
153
186
222
260
305
349
384
407
423
430
427
405
358
282
177
63
-33
-119
-221
-363
-542
-742
-924
-1053
-1132
-1208
-1319
-1453
-1574
-1661
-1711
-1745
-1768
-1772
-1751
-1703
-1627
-1529
-1428
-1338
-1247
-1125
-971
-790
-610
-444
-281
-109
75
258
420
556
673
794
939
1088
1211
1290
1336
1369
1396
1411
1414
1421
1437
1447
1422
1368
1304
1230
1144
1059
986
924
858
770
670
577
497
421
343
253
169
109
73
36
-20
-97
-175
-233
-254
-255
-256
-248
-225
-194
-167
-143
-124
-101
-65
-15
37
79
113
143
177
221
262
302
344
388
437
479
512
527
523
503
458
369
241
107
-2
-91
-181
-301
-480
-697
-908
-1079
-1212
-1314
-1409
-1509
-1621
-1722
-1788
-1826
-1848
-1874
-1883
-1857
-1787
-1679
-1560
-1455
-1356
-1247
-1102
-940
-774
-602
-421
-211
4
205
372
511
634
754
892
1050
1200
1317
1390
1434
1463
1483
1487
1471
1453
1446
1449
1429
1373
1283
1184
1095
1018
951
889
826
754
676
598
517
422
311
196
97
25
-22
-56
-93
-153
-220
-276
-304
-319
-322
-308
-283
-247
-201
-149
-116
-105
-101
-73
-22
50
124
184
233
276
321
357
388
426
471
513
548
576
597
585
516
388
225
76
-33
-102
-170
-284
-469
-700
-932
-1117
-1259
-1386
-1508
-1625
-1729
-1826
-1900
-1952
-1988
-2009
-2011
-1974
-1888
-1755
-1605
-1468
-1344
-1211
-1054
-882
-702
-512
-305
-82
150
373
572
743
878
992
1105
1234
1366
1478
1569
1636
1677
1688
1675
1629
1558
1500
1478
1463
1407
1320
1218
1112
1007
913
827
726
610
513
440
375
291
186
69
-45
-137
-202
-240
-268
-297
-341
-380
-394
-385
-370
-361
-344
-314
-267
-217
-165
-108
-51
-1
50
115
183
233
280
347
428
502
551
586
613
637
661
676
670
621
527
393
249
113
-6
-122
-264
-445
-662
-898
-1128
-1319
-1462
-1580
-1690
-1799
-1898
-1978
-2021
-2039
-2055
-2070
-2068
-2022
-1911
-1750
-1582
-1429
-1282
-1119
-945
-767
-580
-378
-163
65
306
551
764
922
1032
1131
1242
1362
1481
1579
1637
1673
1694
1699
1671
1613
1531
1452
1400
1361
1298
1204
1108
1013
908
796
691
594
496
404
323
255
186
96
-10
-107
-185
-257
-319
-356
-374
-381
-378
-356
-338
-328
-309
-270
-215
-151
-74
3
65
114
159
215
285
352
402
451
526
607
669
708
735
760
784
794
763
654
479
279
114
25
-10
-69
-228
-511
-870
-1238
-1538
-1739
-1870
-1980
-2093
-2195
-2287
-2352
-2385
-2405
-2428
-2428
-2347
-2174
-1928
-1634
-1314
-1011
-748
-515
-294
-73
166
436
743
1068
1374
1612
1756
1820
1830
1801
1752
1710
1680
1643
1578
1476
1323
1120
871
611
369
189
87
46
44
50
51
37
24
29
51
103
213
382
565
709
804
844
821
748
671
636
634
642
638
602
525
410
278
155
55
7
15
67
132
180
212
233
266
331
430
548
676
815
944
1049
1140
1216
1190
949
446
-246
-1012
-1727
-2247
-2507
-2578
-2666
-2913
-3295
-3705
-4017
-4096
-3811
-3176
-2376
-1603
-961
-504
-274
-184
-49
253
700
1230
1777
2214
2385
2256
1938
1517
1074
718
576
614
681
649
439
9
-580
-1109
-1368
-1318
-1035
-594
-101
281
437
390
245
118
144
438
957
1488
1825
1873
1642
1250
903
756
791
910
1041
1115
1037
768
369
-54
-398
-576
-540
-364
-202
-177
-272
-423
-550
-590
-469
-171
241
681
1066
1328
1410
1366
1308
1335
1452
1606
1736
1770
1653
1392
1073
792
599
486
419
342
240
155
114
89
-66
-519
-1372
-2526
-3693
-4536
-4844
-4628
-4111
-3642
-3428
-3415
-3369
-3122
-2605
-1739
-552
720
1742
2337
2469
2120
1442
830
619
755
972
1099
1017
615
-69
-751
-1168
-1273
-1067
-553
129
675
868
715
320
-128
-349
-136
418
1002
1408
1582
1487
1108
576
140
-39
50
332
649
791
637
269
-117
-319
-242
71
450
731
860
852
724
515
335
285
367
508
652
733
681
500
308
220
278
448
662
848
988
1108
1202
1217
1156
1126
1201
1333
1433
1443
1355
1183
976
795
659
571
519
472
414
373
365
349
141
-519
-1759
-3374
-4880
-5821
-5958
-5380
-4435
-3589
-3134
-2991
-2866
-2523
-1872
-881
433
1851
2989
3541
3366
2534
1374
380
-103
-81
229
562
643
330
-246
-790
-1132
-1243
-1032
-422
411
1088
1345
1157
617
-70
-563
-603
-238
255
675
948
997
780
395
31
-187
-184
77
482
784
829
696
529
396
342
421
619
813
935
1005
1049
1016
873
686
538
465
449
461
463
416
347
319
359
456
582
756
982
1218
1393
1459
1435
1379
1328
1290
1256
1196
1095
960
830
730
645
556
456
365
281
224
170
-121
-1039
-2699
-4640
-6159
-6801
-6508
-5469
-4125
-3040
-2476
-2193
-1827
-1326
-745
60
1246
2576
3526
3772
3273
2126
643
-573
-1035
-857
-505
-215
21
135
2
-239
-376
-382
-242
193
931
1572
1674
1199
413
-400
-968
-1093
-833
-443
-72
326
711
888
759
433
105
-102
-56
296
781
1130
1247
1247
1214
1107
925
743
645
686
887
1160
1317
1222
893
474
123
-47
-28
88
222
352
500
639
718
736
758
885
1141
1443
1654
1690
1579
1380
1159
978
886
868
845
786
701
621
516
358
198
95
92
23
-511
-1886
-3980
-6052
-7300
-7359
-6399
-4831
-3239
-2151
-1652
-1339
-841
-214
417
1212
2312
3403
3969
3764
2816
1308
-317
-1402
-1621
-1290
-884
-554
-259
-62
-38
-48
19
86
141
390
892
1309
1256
727
23
-622
-1027
-1098
-905
-626
-311
180
779
1241
1349
1096
637
168
-47
115
546
974
1269
1453
1546
1444
1079
584
227
211
515
932
1211
1212
934
471
-14
-336
-371
-151
165
483
800
1098
1264
1260
1185
1196
1363
1656
1950
2057
1902
1573
1226
964
824
788
806
787
694
574
505
459
387
316
102
-747
-2597
-5074
-7198
-8174
-7858
-6537
-4652
-2829
-1619
-1042
-663
-221
165
544
1266
2405
3481
3938
3546
2282
394
-1411
-2332
-2246
-1710
-1160
-564
130
689
895
840
709
592
615
899
1341
1517
1174
467
-260
-766
-982
-981
-907
-765
-354
407
1228
1677
1582
1111
467
-173
-587
-596
-242
259
777
1280
1638
1609
1114
422
-36
-23
369
894
1281
1355
1097
633
150
-217
-374
-265
121
728
1370
1823
1986
1922
1766
1634
1615
1716
1833
1856
1786
1694
1574
1375
1090
854
741
710
707
733
784
814
758
340
-960
-3340
-6155
-8274
-8992
-8353
-6746
-4626
-2608
-1267
-632
-279
16
160
317
1010
2321
3550
3900
3158
1582
-373
-2028
-2765
-2577
-1980
-1278
-314
878
1778
1995
1710
1358
1184
1280
1611
1872
1654
940
137
-434
-777
-1003
-1108
-1081
-879
-358
491
1327
1670
1430
917
378
-184
-724
-1061
-1012
-584
120
928
1502
1565
1149
615
322
395
703
1005
1150
1154
1072
845
410
-106
-439
-378
54
690
1326
1774
2015
2124
2189
2167
2024
1848
1736
1720
1738
1723
1624
1436
1225
1067
1021
1023
977
911
940
1112
1113
259
-1927
-5025
-7833
-9319
-9334
-8245
-6372
-4092
-2024
-653
91
453
460
259
426
1378
2670
3441
3270
2251
636
-1111
-2351
-2750
-2562
-2081
-1142
338
1832
2616
2594
2250
1983
1846
1781
1685
1358
713
48
-343
-545
-827
-1174
-1310
-1143
-688
-1
770
1315
1451
1350
1174
821
120
-731
-1263
-1156
-491
364
1079
1446
1426
1157
812
525
359
356
526
768
954
932
603
39
-479
-648
-402
110
704
1270
1740
2087
2280
2302
2199
2046
1940
1869
1792
1668
1513
1419
1414
1452
1455
1426
1393
1348
1338
1393
1361
695
-1197
-4168
-7167
-9047
-9521
-8964
-7620
-5548
-3198
-1304
-175
402
584
465
494
1169
2251
2934
2834
2157
1097
-295
-1655
-2413
-2416
-1923
-1027
342
1844
2793
2915
2635
2478
2472
2373
2067
1569
892
182
-318
-619
-933
-1303
-1447
-1219
-764
-240
290
743
971
974
852
588
60
-652
-1191
-1260
-864
-232
444
1036
1397
1445
1206
840
513
371
447
635
782
787
626
297
-103
-365
-313
48
617
1283
1934
2413
2622
2581
2366
2116
1962
1942
1937
1843
1718
1642
1617
1595
1556
1536
1595
1738
1888
1900
1317
-469
-3513
-6888
-9314
-10214
-9832
-8443
-6151
-3448
-1195
119
723
930
820
693
1058
1917
2593
2563
1934
924
-462
-1988
-3003
-3126
-2593
-1674
-276
1495
2998
3647
3584
3344
3119
2819
2365
1728
893
27
-517
-689
-795
-1009
-1129
-924
-503
-98
240
606
983
1191
1114
724
110
-583
-1145
-1363
-1186
-700
-67
567
1053
1252
1147
874
615
479
469
501
479
357
160
-44
-181
-194
-92
157
593
1189
1791
2276
2668
2939
3001
2814
2470
2081
1709
1424
1259
1235
1363
1545
1653
1674
1668
1701
1757
1461
121
-2545
-5799
-8347
-9534
-9590
-8798
-7038
-4428
-1736
235
1284
1628
1465
1161
1215
1652
1965
1763
1222
520
-560
-2000
-3167
-3508
-3156
-2420
-1208
533
2254
3320
3695
3751
3661
3320
2719
1952
1059
134
-539
-790
-809
-847
-801
-428
207
749
1001
1092
1198
1306
1263
949
378
-307
-907
-1255
-1291
-1050
-595
-24
507
828
879
758
577
437
404
459
479
330
10
-355
-639
-748
-681
-424
63
781
1592
2255
2692
2957
3070
3009
2823
2598
2358
2048
1740
1557
1555
1666
1760
1813
1858
1985
2200
2147
956
-1900
-5630
-8580
-9801
-9766
-9181
-7883
-5556
-2798
-677
453
968
1178
1250
1527
2108
2437
2057
1247
482
-429
-1828
-3175
-3624
-3182
-2494
-1703
-389
1338
2728
3414
3719
3979
4047
3647
2784
1578
312
-539
-730
-569
-528
-552
-218
504
1139
1328
1226
1213
1404
1619
1574
1127
363
-472
-1151
-1594
-1793
-1725
-1327
-661
48
530
695
678
639
617
541
397
226
15
-278
-600
-819
-878
-779
-471
97
831
1567
2250
2905
3435
3651
3529
3239
2952
2660
2315
1960
1695
1607
1696
1895
2125
2369
2622
2901
2927
1859
-948
-4926
-8466
-10381
-10797
-10311
-8863
-6245
-3143
-790
326
721
900
1036
1382
2074
2679
2612
1948
1126
19
-1699
-3447
-4162
-3704
-2888
-2109
-912
832
2436
3338
3732
4027
4169
3913
3202
2040
553
-745
-1281
-1160
-980
-902
-500
342
1104
1388
1365
1347
1403
1517
1632
1534
1048
333
-327
-950
-1678
-2358
-2544
-1984
-961
39
786
1285
1555
1531
1169
570
-90
-563
-757
-754
-662
-561
-501
-448
-289
90
684
1450
2387
3363
4078
4292
4062
3598
2995
2284
1631
1299
1397
1822
2360
2771
2958
3009
3119
3107
2040
-874
-4985
-8515
-10282
-10644
-10333
-9123
-6586
-3373
-866
302
633
752
929
1404
2190
2798
2698
2027
1233
89
-1816
-3868
-4800
-4286
-3252
-2276
-972
853
2541
3448
3703
3741
3693
3462
2989
2122
835
-415
-1024
-994
-900
-936
-653
152
1046
1533
1647
1689
1776
1808
1670
1241
537
-232
-880
-1382
-1827
-2070
-1797
-943
154
1043
1527
1691
1653
1448
1070
544
-61
-647
-1075
-1235
-1174
-1064
-962
-730
-228
470
1175
1840
2526
3221
3743
3927
3811
3523
3159
2724
2284
2008
1995
2184
2429
2724
3120
3569
3568
2039
-1607
-6312
-9990
-11468
-11328
-10393
-8429
-5209
-1756
429
1040
951
810
806
1203
2031
2706
2653
2061
1277
-119
-2436
-4654
-5325
-4454
-3226
-2106
-509
1579
3201
3798
3768
3681
3528
3148
2496
1434
27
-1134
-1430
-1114
-924
-945
-554
421
1382
1827
1927
2075
2328
2509
2345
1650
579
-433
-1152
-1749
-2309
-2538
-2128
-1188
-117
816
1558
2051
2225
2092
1739
1249
663
43
-578
-1137
-1519
-1661
-1582
-1244
-575
392
1425
2343
3113
3687
3951
3838
3496
3134
2817
2515
2287
2285
2516
2788
2895
2850
2930
3012
2040
-962
-5296
-8933
-10593
-10764
-10228
-8680
-5825
-2625
-476
384
669
737
659
872
1653
2454
2569
2072
1315
-11
-2182
-4255
-4898
-4091
-2937
-1890
-445
1370
2705
3100
2984
2895
2893
2895
2763
2104
774
-662
-1443
-1526
-1419
-1228
-609
500
1611
2205
2221
1932
1657
1571
1533
1255
672
42
-476
-941
-1352
-1484
-1144
-475
226
726
1002
1123
1164
1189
1226
1241
1145
847
299
-429
-1118
-1557
-1683
-1483
-895
80
1167
2044
2625
2982
3165
3128
2955
2798
2736
2779
2913
3080
3114
2942
2718
2737
3149
3551
2705
-472
-5294
-9521
-11491
-11531
-10709
-8993
-5923
-2284
232
944
674
321
136
401
1355
2475
2877
2429
1572
158
-2191
-4589
-5452
-4498
-2973
-1670
-103
1883
3339
3570
3101
2815
2880
3013
2967
2419
1190
-229
-1066
-1279
-1455
-1675
-1293
-53
1412
2378
2741
2818
2800
2676
2312
1528
485
-278
-423
-338
-693
-1556
-2444
-2849
-2721
-2205
-1328
-128
1220
2360
2967
2939
2380
1489
497
-391
-908
-989
-843
-680
-507
-170
387
1118
1972
2863
3588
3953
3939
3724
3432
3114
2926
3051
3435
3779
3830
3645
3487
3013
1027
-3014
-7750
-10917
-11620
-10854
-9469
-7155
-3877
-905
486
556
312
56
-122
281
1378
2290
2267
1648
761
-928
-3453
-5368
-5391
-4076
-2717
-1344
648
2774
3883
3679
2976
2448
2185
2101
1984
1478
554
-223
-472
-533
-840
-1033
-554
501
1544
2234
2621
2730
2593
2291
1767
886
-133
-772
-866
-807
-975
-1282
-1497
-1675
-1889
-1968
-1688
-940
148
1362
2395
2936
2856
2164
1067
-67
-844
-1090
-945
-606
-110
511
1133
1642
2061
2451
2785
3098
3434
3751
3916
3913
3881
3942
4021
3980
3827
3718
3641
2564
-831
-6105
-10820
-12781
-12147
-10390
-7918
-4449
-809
1351
1562
962
399
-147
-299
575
1966
2512
1798
517
-1218
-3746
-6108
-6561
-4948
-2873
-1209
735
3059
4488
4213
3033
2180
1934
1999
2045
1642
587
-596
-1108
-1016
-1010
-1143
-771
329
1637
2672
3353
3625
3449
3000
2395
1463
246
-702
-931
-681
-450
-400
-514
-966
-1774
-2506
-2652
-2058
-882
636
2119
3069
3188
2536
1371
30
-1049
-1429
-1061
-340
305
788
1196
1568
1870
2092
2348
2761
3317
3835
4089
4033
3862
3810
3903
3940
3791
3622
3312
1637
-2413
-7762
-11731
-12645
-11349
-9224
-6347
-2635
709
2206
1977
1243
509
-125
-54
1009
2103
2049
960
-539
-2673
-5425
-7295
-6869
-4762
-2634
-687
1772
4183
5144
4352
3010
2092
1611
1359
1175
740
-114
-912
-1153
-1133
-1288
-1270
-487
900
2266
3354
4104
4287
3818
3022
2111
910
-501
-1534
-1778
-1480
-1120
-1003
-1325
-2014
-2706
-2958
-2544
-1534
-30
1735
3227
3920
3664
2736
1489
148
-877
-1175
-764
-36
550
814
904
1113
1556
2045
2477
3016
3746
4419
4734
4671
4472
4351
4304
4213
4148
4083
2820
-1113
-7063
-12092
-13795
-12616
-10295
-7191
-3097
827
2818
2736
1965
1168
261
-34
1090
2762
3167
1913
-23
-2438
-5575
-8164
-8384
-6459
-4233
-2198
619
3875
5687
5223
3687
2517
2009
1890
1823
1302
198
-771
-989
-965
-1464
-2040
-1701
-363
1235
2639
3782
4423
4355
3808
2972
1736
191
-1057
-1562
-1513
-1234
-977
-1049
-1702
-2604
-3068
-2809
-1973
-668
990
2548
3431
3478
2878
1827
583
-346
-571
-162
548
1229
1641
1750
1812
2031
2280
2385
2572
3143
3995
4675
4928
4882
4721
4505
4273
3817
1946
-2436
-8324
-12827
-13919
-12317
-9734
-6546
-2670
809
2481
2436
1926
1433
907
1015
2290
3761
3798
2130
-370
-3322
-6409
-8288
-7822
-5806
-3868
-2049
526
3195
4282
3592
2608
2417
2725
2963
2822
1983
422
-1164
-2008
-2200
-2196
-1863
-810
789
2382
3637
4360
4337
3733
3091
2590
1836
683
-441
-1080
-1326
-1545
-2021
-2816
-3613
-3862
-3175
-1755
-186
1162
2134
2616
2482
1905
1267
740
327
161
397
883
1223
1233
1137
1280
1818
2632
3417
3908
4126
4277
4485
4600
4475
4201
4049
4223
4599
3920
320
-5987
-12050
-14694
-13631
-10872
-7478
-3428
364
2269
2126
1550
1350
921
611
1692
3902
5048
3764
893
-2521
-6014
-8363
-8152
-5905
-3688
-2095
89
2755
3954
2902
1168
540
1093
2049
2843
2815
1624
-64
-1185
-1672
-2156
-2455
-1797
-205
1590
3144
4302
4612
3828
2648
1908
1575
1171
656
335
246
156
-230
-1070
-2294
-3437
-3891
-3489
-2435
-1058
322
1329
1634
1348
800
176
-341
-375
322
1382
2146
2386
2309
2190
2209
2458
2918
3432
3965
4580
5193
5508
5329
4813
4264
3888
3642
2438
-1167
-6821
-11955
-13924
-12639
-9864
-6597
-3047
-42
1283
1170
1049
1333
1323
1337
2477
4364
5002
3215
-146
-3843
-7019
-8526
-7591
-5074
-2734
-933
1172
3227
3758
2497
909
345
733
1454
2057
1952
791
-934
-2196
-2565
-2301
-1533
-323
1157
2721
4290
5363
5168
3842
2473
1769
1379
810
199
-168
-389
-690
-1225
-2012
-2894
-3469
-3264
-2230
-678
972
2262
2705
2110
899
-249
-1051
-1486
-1359
-557
577
1383
1557
1339
1158
1399
2173
3276
4425
5461
6277
6695
6572
6011
5304
4813
4308
2145
-2934
-9504
-14208
-14916
-12587
-9121
-5204
-1399
973
1314
892
1161
1651
1658
2213
4203
6187
5836
2813
-1466
-5804
-8981
-9454
-7157
-4221
-2381
-870
1350
3134
2987
1587
765
1200
2292
3485
4111
3103
270
-2994
-5002
-5302
-4323
-2473
-248
1818
3590
5018
5460
4349
2531
1575
1861
2470
2710
2602
2105
903
-868
-2505
-3501
-3794
-3404
-2271
-526
1354
2696
2978
2191
947
-36
-630
-1095
-1403
-1228
-530
190
434
253
127
440
1226
2304
3512
4734
5819
6574
6816
6609
6134
5622
5086
3333
-1049
-7399
-12784
-14580
-13015
-9975
-6410
-2788
-309
197
-163
505
2023
2928
3448
4889
6770
6833
4022
-478
-5113
-8588
-9485
-7496
-4427
-2419
-1349
29
1362
1445
517
98
870
2247
3648
4613
4176
1750
-1756
-4574
-5680
-5154
-3521
-1462
492
2304
3997
4870
4135
2350
1086
1095
1809
2439
2720
2510
1545
-68
-1724
-2789
-3109
-2801
-1794
-2
2257
4071
4499
3427
1811
709
249
-94
-403
-338
-21
54
-299
-760
-958
-663
281
1804
3570
5130
6207
6662
6503
5943
5424
4948
3025
-1763
-8264
-13154
-14104
-11928
-8699
-5372
-2492
-1051
-1214
-1401
-53
2106
3610
4797
6613
8206
7527
3991
-975
-5602
-8387
-8300
-5857
-3180
-1790
-1099
-190
395
-8
-630
-294
1038
2697
4316
5292
4498
1608
-2061
-4696
-5491
-4749
-3195
-1522
2
1549
2934
3303
2261
831
344
929
1781
2385
2676
2286
672
-1682
-3324
-3412
-2330
-808
941
2776
4039
4190
3445
2560
2142
2064
2007
1945
1865
1471
457
-848
-1702
-1740
-1068
141
1768
3605
5222
6173
6286
5848
5324
4959
4400
2191
-2752
-9132
-13797
-14512
-12032
-8510
-5162
-2776
-2146
-2825
-2857
-867
1986
4052
5832
8215
9964
8768
4351
-1107
-5355
-7241
-6555
-4267
-2213
-1445
-1374
-1230
-1260
-1591
-1393
-9
2143
4282
5941
6317
4379
482
-3365
-5242
-4857
-3245
-1528
-341
341
850
1043
442
-704
-1173
-238
1422
2741
3348
3139
1883
-246
-2320
-3397
-3415
-2712
-1330
645
2576
3516
3176
2160
1450
1721
2835
3969
4460
4224
3412
2216
898
-60
-335
46
912
2051
3234
4146
4669
5032
5416
5610
5417
4314
982
-4920
-11215
-14477
-13530
-10364
-7077
-4406
-3039
-3562
-4755
-4109
-1119
1974
4047
6346
9004
9666
6643
1518
-2891
-5211
-5237
-3336
-942
141
-403
-1424
-2117
-2429
-1979
-344
1955
4026
5537
6041
4466
753
-3088
-4828
-4173
-2351
-472
854
1205
713
-21
-703
-1218
-1051
207
1888
2859
2792
1819
-190
-2893
-4852
-4860
-3485
-2067
-909
443
1730
2128
1738
1472
1842
2617
3551
4504
5050
4717
3602
2368
1576
1303
1360
1770
2576
3563
4397
5034
5611
6062
6110
5813
5079
2514
-2880
-9414
-13476
-13235
-10491
-7694
-5765
-5252
-6472
-7838
-6594
-2418
1723
4085
6155
8607
9223
6215
1222
-2733
-4481
-4216
-2429
-528
-261
-1815
-3597
-4257
-3707
-2111
385
3157
5499
7046
7254
5344
1768
-1461
-2793
-2414
-1331
-242
337
-4
-902
-1569
-1692
-1298
-291
1322
2926
3792
3641
2401
262
-1963
-3249
-3451
-3220
-2827
-2103
-1408
-1456
-1971
-1804
-593
925
2231
3447
4372
4394
3590
2861
2756
2915
2961
3079
3494
3924
4007
3999
4435
5348
6272
6901
7229
6172
1977
-4886
-10939
-12841
-10897
-7900
-5676
-4967
-6317
-8754
-9375
-6400
-1783
1672
4184
6923
8523
6846
2617
-1108
-2580
-2183
-712
762
690
-1497
-4484
-6385
-6457
-4981
-2515
245
2807
4957
6043
5076
2469
312
17
910
1725
2138
2037
983
-728
-1946
-2061
-1531
-771
299
1480
2155
2017
1261
227
-652
-904
-599
-308
-297
-341
-513
-1216
-2136
-2226
-1191
52
774
1182
1498
1360
750
537
1317
2567
3524
4196
4932
5456
5256
4683
4609
5334
6318
7121
7101
4518
-1470
-8403
-12069
-10992
-7706
-5162
-4338
-5517
-8167
-9861
-7975
-3261
839
3090
5112
7065
6828
3782
362
-969
-298
1110
2182
1755
-758
-4240
-6552
-6541
-4898
-2894
-1322
-226
809
1698
1680
694
50
766
2125
2846
2733
2134
1040
-253
-735
22
1143
1654
1515
1063
271
-855
-1889
-2311
-1844
-625
691
1315
1056
416
-169
-580
-513
382
1689
2422
2266
1749
1169
346
-402
-277
706
1643
2037
2363
3062
3856
4513
5333
6455
7335
7465
6963
5134
590
-5910
-10673
-10705
-7300
-4209
-3560
-5439
-8986
-11847
-10985
-5968
-260
2936
4246
5324
5488
3625
972
-38
1148
3164
4624
4445
1914
-2205
-5566
-6134
-4117
-1516
-45
30
-411
-683
-1044
-1716
-1826
-495
1526
2621
2396
1623
624
-556
-1002
180
2177
3255
2926
2053
1160
-41
-1515
-2462
-2256
-1148
-28
381
31
-619
-1094
-1230
-968
-133
1116
2098
2390
2313
2300
2168
1729
1479
1842
2384
2505
2379
2645
3372
4136
4758
5338
5803
6066
6121
4787
628
-5389
-9482
-9139
-6013
-3559
-3550
-5968
-9814
-12292
-10486
-4876
362
2428
2681
3027
2888
1504
198
618
2450
4200
4980
4252
1679
-1757
-3984
-3700
-1657
74
142
-1100
-2197
-2293
-1909
-1573
-803
643
1773
1745
1150
841
649
360
619
1647
2385
1938
862
171
0
-49
-47
145
317
127
-397
-898
-1007
-680
-221
102
284
414
355
-7
-227
192
1002
1542
1742
2155
2940
3613
3904
4103
4498
4883
5057
5226
5629
6172
6441
5114
909
-5227
-9779
-10055
-7223
-4474
-3903
-5871
-9491
-11846
-9903
-4281
602
1913
1330
1249
1460
1094
985
1961
3275
3792
3439
2347
318
-1945
-2787
-1464
818
1908
783
-1472
-2790
-2297
-1075
-365
-67
130
-281
-1375
-1970
-1267
-85
751
1661
2939
3631
2962
1778
1354
1717
2004
1734
1101
295
-651
-1468
-1691
-1231
-597
-388
-586
-646
-299
193
569
995
1551
1783
1363
774
768
1388
2107
2687
3297
3911
4228
4307
4661
5526
6600
7367
6454
2619
-3161
-7391
-7556
-5047
-3058
-3553
-6575
-10821
-13238
-11069
-5334
-479
833
215
19
390
745
1644
3377
4990
5446
4659
2904
473
-1717
-2361
-1126
804
1469
-107
-2643
-3774
-2673
-834
212
449
156
-881
-2131
-2166
-746
625
974
941
1107
1044
581
555
1519
2757
3245
2751
1672
485
-424
-621
61
1157
1810
1425
306
-595
-701
-263
288
886
1491
1689
1285
805
845
1414
2177
3001
3896
4612
4916
4945
5071
5467
5948
5453
2705
-1901
-5729
-6346
-4421
-2661
-3158
-6166
-10398
-12984
-11233
-5841
-972
288
-980
-2129
-2128
-1188
696
3016
4481
4506
3685
2533
1133
68
260
1583
2731
2460
517
-2009
-3307
-2444
-447
815
556
-852
-2690
-3932
-3489
-1530
294
822
544
305
202
232
777
1831
2592
2472
1730
932
380
223
561
1151
1401
955
136
-369
-99
789
1726
2212
2114
1595
999
748
1146
1978
2780
3315
3664
3901
4008
4163
4641
5455
6249
6659
5605
2199
-2593
-5752
-5328
-2976
-1760
-3307
-7083
-11266
-12915
-10091
-4650
-1141
-1623
-3800
-4751
-3831
-1710
1101
3490
4146
3251
2185
1632
1357
1461
2290
3244
3151
1557
-859
-2627
-2501
-703
961
965
-485
-2308
-3664
-3743
-2016
572
1985
1410
68
-715
-686
35
1294
2420
2441
1286
-75
-798
-720
-21
1014
1862
1885
993
-81
-429
233
1384
2203
2223
1565
758
356
579
1205
1738
2002
2283
2853
3619
4334
5010
5645
6120
6359
6414
5411
2510
-1326
-3380
-2435
-714
-981
-3958
-8304
-11975
-12416
-8607
-3265
-930
-2682
-5310
-5859
-4183
-1395
1661
3580
3244
1556
474
581
1127
1802
2696
3161
2378
560
-1216
-1839
-940
698
1477
600
-1162
-2740
-3622
-3389
-1894
-219
114
-809
-1440
-1024
-89
917
1918
2445
1961
992
627
1059
1574
1723
1573
1116
374
-167
97
1028
1857
1978
1447
731
276
343
1025
2097
2907
2956
2473
2262
2675
3422
4094
4590
4944
5192
5235
4144
1428
-1810
-3139
-1954
-383
-779
-3729
-7922
-11077
-10620
-6372
-1783
-858
-3367
-5675
-5446
-3290
-581
1880
2932
1972
305
-128
840
1956
2565
2873
2708
1655
60
-947
-499
921
1795
987
-988
-2706
-3428
-3265
-2389
-1242
-934
-1972
-3151
-2925
-1457
-38
819
1362
1459
830
91
271
1264
2041
2120
1933
1717
1237
713
844
1714
2417
2257
1568
1153
1288
1731
2166
2421
2330
1988
1811
2109
2735
3309
3769
4237
4787
5388
5525
4018
758
-2336
-2820
-1029
240
-1040
-4655
-8799
-11154
-9777
-5528
-2404
-3406
-6654
-8010
-6052
-2558
641
2737
2952
1534
383
1044
2780
3914
4041
3651
2780
1358
-23
-439
377
1499
1640
441
-1058
-1752
-1669
-1291
-748
-384
-1014
-2490
-3289
-2485
-1066
-346
-390
-731
-1303
-1848
-1570
-283
948
1150
694
561
954
1347
1505
1644
1803
1798
1721
1895
2298
2471
2226
1880
1747
1697
1639
1896
2654
3486
3879
3930
4090
4550
5264
5750
4711
1813
-1269
-1976
-452
572
-944
-4701
-8727
-10743
-9023
-4801
-2177
-3888
-7521
-8791
-6579
-3060
-223
1216
803
-738
-1310
293
2676
3847
3607
2939
2231
1477
1026
1365
2321
2856
2087
330
-1017
-1135
-665
-440
-432
-577
-1316
-2373
-2416
-1024
319
359
-317
-639
-643
-665
-291
593
1028
336
-681
-863
-254
364
762
1114
1270
1033
847
1326
2229
2725
2557
2248
2209
2338
2529
2911
3397
3632
3552
3466
3680
4195
4702
4104
1812
-961
-1894
-458
1042
372
-2719
-6643
-9236
-8537
-4843
-1728
-2682
-6615
-9095
-7756
-4246
-1243
99
-395
-1910
-2524
-850
2044
3797
3542
2329
1335
958
1189
1863
2603
2693
1615
-206
-1454
-1261
-319
158
-97
-683
-1473
-2171
-1991
-755
336
229
-541
-900
-708
-427
-47
561
948
704
277
416
1099
1632
1654
1413
1215
1131
1204
1547
1998
2105
1729
1356
1495
1959
2287
2397
2543
2719
2828
3034
3570
4255
4775
4794
3571
1187
-930
-903
714
1366
-593
-4451
-8037
-9257
-7159
-3495
-2042
-4662
-8450
-9233
-6213
-2192
214
314
-1361
-3110
-2793
-26
2869
3546
2220
749
220
620
1574
2593
3031
2405
943
-420
-691
72
762
560
-240
-1026
-1643
-1870
-1304
-316
-49
-814
-1506
-1284
-589
-80
247
481
320
-101
-40
784
1670
1846
1368
834
666
945
1531
2102
2276
1924
1441
1398
1923
2578
2907
2917
2869
2925
3094
3445
3887
4242
4377
4367
3594
1592
-684
-1339
21
1154
82
-3067
-6423
-8139
-7088
-4056
-2097
-3822
-7645
-9269
-6993
-3174
-887
-882
-2434
-4090
-3895
-1086
2378
3681
2419
670
133
772
1826
2628
2760
2056
829
-100
-81
616
876
22
-1220
-1807
-1654
-1205
-597
2
-67
-927
-1505
-1002
-3
478
385
269
167
-29
-17
545
1248
1456
1204
1072
1302
1595
1736
1853
2015
2032
1862
1840
2137
2396
2250
1973
2013
2334
2654
2958
3369
3734
3934
4195
4436
3580
1367
-655
-586
933
1301
-739
-4144
-6955
-7721
-5855
-2796
-1806
-4575
-8268
-8868
-5960
-2568
-1032
-1323
-2618
-3604
-2740
-22
2239
2107
480
-304
487
1867
2776
2804
2022
826
-39
53
950
1625
1070
-496
-1749
-1896
-1429
-1073
-965
-1128
-1732
-2313
-1909
-573
392
266
-326
-506
-273
203
1087
2026
2143
1240
460
823
1894
2611
2665
2411
2091
1809
1899
2438
2812
2511
1959
1913
2398
2759
2767
2702
2768
2908
3151
3572
4041
3792
2148
-43
-1070
-147
1060
560
-1888
-4953
-7043
-6957
-4609
-2186
-2779
-6368
-9029
-7896
-4380
-1773
-1294
-2247
-3599
-3892
-2002
981
2380
1289
-275
-253
1078
2330
2754
2409
1647
988
950
1539
2028
1557
102
-1265
-1492
-858
-442
-673
-1179
-1723
-2270
-2287
-1393
-342
-307
-1119
-1548
-1131
-390
281
908
1104
591
173
938
2525
3464
3155
2417
2129
2342
2832
3403
3614
3077
2153
1778
2186
2665
2633
2305
2200
2406
2825
3368
3853
4006
3629
2403
677
-504
-200
805
545
-1719
-4868
-6973
-6887
-4711
-2383
-2645
-5986
-9069
-8499
-4957
-1903
-1351
-2611
-4195
-4560
-2706
407
2087
1063
-818
-1052
496
2268
3161
3006
2128
1219
1151
1968
2746
2500
1200
-271
-970
-747
-271
-221
-705
-1486
-2197
-2287
-1495
-524
-457
-1165
-1476
-937
-297
-69
96
393
581
817
1584
2545
2706
1961
1403
1738
2486
2991
3188
3078
2473
1727
1628
2279
2795
2602
2111
1900
1994
2181
2480
2797
2925
2930
3146
3164
2112
355
-592
25
776
33
-2180
-4559
-5896
-5583
-3977
-2870
-4103
-6875
-8121
-6539
-4054
-3020
-3537
-4528
-5107
-4418
-2232
5
432
-653
-1115
111
1890
2873
2866
2409
2041
2147
2775
3394
3253
2114
627
-169
99
629
470
-407
-1374
-2009
-2130
-1561
-627
-273
-976
-1851
-1863
-1117
-370
159
611
793
652
758
1468
2184
2204
1812
1807
2257
2654
2702
2469
1990
1449
1363
1919
2494
2376
1742
1322
1420
1787
2176
2556
2812
2886
2955
3245
3238
2130
421
-420
260
1002
196
-2073
-4436
-5573
-4974
-3284
-2416
-4008
-7016
-8288
-6525
-3754
-2633
-3530
-5100
-5916
-4899
-2130
437
674
-1020
-2062
-898
1425
3134
3498
2826
1892
1548
2208
3247
3541
2581
1065
201
494
1184
1240
447
-654
-1450
-1547
-839
70
157
-843
-1839
-1712
-726
51
180
20
-97
2
640
1681
2323
1999
1311
1279
1946
2533
2548
2188
1761
1375
1186
1307
1427
1211
880
941
1430
1860
1923
1799
1786
2048
2559
3124
3481
3131
1807
243
-331
428
1161
419
-1713
-3970
-5178
-4889
-3533
-2639
-3840
-6583
-8048
-6725
-4306
-3286
-3950
-4982
-5330
-4359
-2062
188
597
-672
-1449
-354
1575
2690
2662
2138
1793
2003
2757
3472
3361
2315
1100
624
1102
1701
1487
510
-404
-694
-476
-29
362
222
-569
-1235
-994
-215
183
69
22
151
190
294
714
1093
984
705
892
1475
1880
1893
1651
1296
967
976
1428
1875
1794
1294
972
1140
1518
1694
1596
1371
1291
1570
2192
2823
3035
2594
1490
386
100
727
1111
108
-2090
-4277
-5314
-4857
-3506
-2835
-4166
-6732
-7895
-6446
-4121
-3200
-3859
-4810
-5047
-4005
-1762
282
496
-712
-1181
149
2019
2916
2726
2160
1808
2070
3001
3855
3667
2413
1142
814
1375
1940
1770
922
27
-402
-223
342
757
477
-370
-887
-528
54
-14
-538
-729
-436
-104
148
306
120
-325
-284
603
1563
1742
1366
1156
1248
1395
1559
1709
1577
1178
997
1253
1507
1352
1023
911
1055
1241
1448
1692
1879
2028
2281
2422
1756
451
-416
-145
330
-248
-1895
-3625
-4564
-4387
-3373
-2755
-3822
-6096
-7145
-5813
-3705
-2996
-3781
-4721
-4901
-3880
-1783
149
394
-702
-1133
181
2110
3151
3117
2619
2246
2426
3259
4075
3950
2838
1670
1289
1677
2050
1740
844
41
-202
72
527
691
175
-839
-1417
-977
-208
-120
-718
-1201
-1212
-880
-238
460
542
-122
-582
18
1233
1985
1947
1541
1196
1138
1507
2040
2023
1210
373
324
842
1083
700
104
-202
33
715
1416
1593
1192
875
1258
2065
2160
1124
-118
-441
-30
-86
-1179
-2802
-4000
-4126
-3189
-2236
-2670
-4621
-6196
-5666
-3757
-2503
-2700
-3481
-3876
-3420
-2012
-348
264
-403
-941
-138
1436
2440
2580
2435
2396
2573
3086
3732
3881
3192
2177
1606
1699
2019
1934
1264
354
-367
-658
-508
-168
-149
-701
-1315
-1269
-689
-327
-503
-835
-984
-915
-490
249
726
490
17
107
778
1390
1613
1549
1304
1017
973
1234
1346
956
367
115
253
404
311
32
-200
-183
156
646
991
1085
1082
1266
1691
2128
2018
1131
100
-135
459
743
-174
-1928
-3393
-3747
-2942
-1783
-1547
-2930
-4835
-5310
-3957
-2354
-1927
-2499
-3178
-3311
-2521
-1016
39
-198
-935
-717
624
1890
2270
2006
1654
1597
2044
2816
3234
2783
1794
1103
1150
1623
1839
1419
608
-50
-216
69
467
486
-154
-1038
-1301
-686
65
200
-193
-621
-831
-643
35
676
551
-184
-515
-21
655
863
608
142
-289
-250
451
1128
899
-95
-802
-632
-17
414
462
205
-176
-275
248
1069
1470
1276
1028
1223
1788
2375
2681
2264
1180
306
541
1474
1682
577
-1082
-2170
-2250
-1566
-975
-1502
-3286
-4821
-4539
-2926
-1923
-2487
-3755
-4484
-4091
-2666
-1047
-496
-1238
-1931
-1292
323
1578
1878
1570
1209
1260
1943
2893
3291
2767
1854
1401
1685
2247
2363
1765
883
304
310
725
1078
859
-42
-922
-997
-353
104
-197
-890
-1417
-1581
-1375
-830
-417
-642
-1271
-1456
-913
-207
160
206
112
-55
-60
303
770
827
457
195
345
665
824
781
629
464
472
762
1119
1276
1290
1459
1887
2349
2632
2731
2760
2603
2139
1622
1534
1812
1645
519
-1134
-2394
-2769
-2398
-1887
-2146
-3584
-5211
-5503
-4360
-3260
-3287
-3980
-4440
-4203
-3198
-1740
-713
-745
-1189
-902
278
1427
1939
2041
2070
2200
2557
3098
3385
3049
2318
1766
1708
1966
2080
1685
902
145
-253
-247
-41
-60
-643
-1493
-1863
-1521
-1132
-1224
-1544
-1654
-1584
-1430
-1040
-569
-467
-672
-578
-20
468
597
703
956
1077
981
962
1109
1110
895
791
893
955
892
854
863
784
713
871
1165
1299
1221
1160
1238
1400
1596
1787
1867
1792
1768
1748
1406
763
389
629
845
279
-1028
-2329
-2918
-2602
-1852
-1675
-2768
-4399
-5018
-4132
-2848
-2352
-2667
-3175
-3285
-2573
-1144
32
103
-507
-640
84
1015
1551
1638
1428
1171
1251
1728
2113
1917
1247
621
404
618
941
939
495
-124
-557
-632
-431
-292
-553
-1114
-1422
-1129
-571
-258
-368
-673
-825
-539
216
929
1038
628
343
571
1101
1495
1561
1384
1225
1287
1482
1515
1208
721
408
442
623
565
126
-468
-864
-915
-704
-482
-442
-551
-581
-351
62
523
939
1281
1507
1751
2184
2804
3154
2806
1984
1419
1571
1925
1649
497
-920
-1811
-1804
-1239
-984
-1843
-3531
-4657
-4303
-3113
-2476
-2876
-3770
-4389
-4167
-3027
-1736
-1394
-2028
-2539
-2087
-963
111
767
907
643
470
883
1737
2360
2314
1797
1311
1207
1473
1747
1622
1065
457
230
455
797
813
395
-66
-87
350
832
1014
842
423
-20
-30
445
885
727
130
-301
-325
-19
430
722
508
-107
-501
-267
154
175
-216
-660
-906
-883
-548
-195
-251
-598
-663
-260
200
430
570
731
865
1107
1646
2283
2587
2547
2502
2675
2998
3367
3499
2999
1972
1181
1211
1543
1223
-91
-1806
-3068
-3316
-2737
-2304
-3016
-4686
-5945
-5818
-4759
-3925
-3868
-4398
-4871
-4602
-3393
-1985
-1312
-1365
-1401
-944
-61
997
1887
2219
2015
1884
2263
2928
3380
3370
2951
2344
1921
1940
2205
2211
1685
815
98
-77
203
425
198
-340
-786
-890
-637
-189
107
-32
-424
-582
-330
23
162
68
-144
-323
-263
115
499
471
58
-262
-194
95
291
241
-24
-349
-443
-203
97
105
-173
-414
-413
-191
139
429
530
473
521
875
1417
1868
2095
2136
2070
2067
2326
2802
3183
3084
2427
1497
807
689
781
372
-875
-2419
-3427
-3484
-2919
-2566
-3146
-4491
-5451
-5161
-3969
-3003
-2856
-3298
-3693
-3429
-2361
-1087
-465
-567
-742
-502
83
833
1587
2030
1957
1690
1706
2046
2416
2598
2515
2128
1624
1402
1610
1905
1848
1363
769
439
506
751
793
463
-56
-433
-437
-143
144
95
-267
-614
-735
-658
-478
-282
-261
-488
-708
-632
-328
-102
-78
-212
-434
-633
-623
-431
-356
-585
-910
-956
-691
-324
-75
-24
-124
-193
2
427
837
1052
1155
1282
1483
1757
2056
2282
2377
2432
2566
2743
2867
2912
2922
2839
2488
1848
1146
701
474
114
-718
-1961
-3178
-3894
-3902
-3569
-3587
-4405
-5551
-6110
-5642
-4574
-3671
-3359
-3582
-3766
-3247
-1996
-717
-49
114
238
564
1144
1947
2756
3260
3337
3214
3177
3337
3605
3732
3501
2891
2188
1715
1559
1505
1243
651
-109
-670
-843
-789
-829
-1142
-1633
-2031
-2049
-1697
-1338
-1256
-1341
-1311
-1129
-894
-584
-274
-150
-248
-301
-132
133
350
527
657
649
536
508
656
837
905
806
604
422
389
526
640
592
429
303
310
430
633
813
863
812
846
1053
1306
1470
1548
1607
1630
1637
1688
1791
1877
1867
1644
1101
370
-172
-383
-567
-1097
-1983
-2919
-3573
-3697
-3368
-3128
-3482
-4243
-4718
-4499
-3778
-2922
-2271
-2066
-2126
-1904
-1115
-131
591
1068
1409
1582
1640
1870
2344
2758
2894
2797
2498
2026
1606
1506
1577
1391
810
83
-437
-621
-564
-516
-717
-1144
-1532
-1643
-1449
-1126
-857
-742
-721
-619
-368
-11
325
588
765
896
1026
1138
1233
1331
1452
1468
1266
930
669
596
588
487
261
-6
-239
-389
-428
-404
-459
-616
-687
-575
-400
-287
-173
-24
107
232
394
560
645
725
893
1060
1128
1115
1135
1186
1207
1190
1178
1176
1191
1236
1284
1215
898
366
-184
-534
-713
-868
-1168
-1664
-2299
-2840
-3000
-2785
-2556
-2625
-2896
-3077
-2977
-2622
-2107
-1602
-1267
-1063
-841
-524
-192
123
461
823
1094
1179
1112
1026
1055
1236
1454
1511
1306
932
572
341
275
299
288
159
-47
-216
-302
-316
-256
-144
12
165
288
375
459
592
786
1000
1158
1201
1171
1112
1048
1010
997
979
883
701
467
220
-1
-187
-361
-508
-610
-695
-823
-975
-1093
-1163
-1168
-1111
-1016
-940
-907
-864
-774
-617
-454
-338
-232
-78
122
301
418
474
519
628
821
1015
1111
1113
1101
1155
1277
1422
1562
1647
1629
1561
1549
1621
1616
1399
1026
615
258
-40
-314
-616
-998
-1434
-1827
-2091
-2232
-2363
-2525
-2649
-2670
-2627
-2577
-2517
-2405
-2193
-1886
-1523
-1207
-974
-786
-581
-293
91
507
851
1075
1232
1363
1450
1502
1546
1571
1537
1447
1368
1305
1233
1116
953
783
651
575
477
305
107
-29
-101
-139
-146
-140
-174
-257
-322
-337
-336
-322
-292
-270
-292
-358
-417
-455
-486
-522
-551
-572
-593
-581
-524
-458
-465
-515
-506
-414
-288
-177
-92
-27
25
89
176
266
334
390
456
556
664
764
824
814
750
700
744
864
996
1087
1114
1093
1089
1142
1213
1238
1237
1249
1271
1259
1213
1150
1033
829
524
207
-49
-233
-391
-559
-745
-960
-1206
-1455
-1641
-1741
-1775
-1817
-1873
-1912
-1940
-1961
-1945
-1853
-1716
-1606
-1520
-1433
-1357
-1275
-1139
-925
-699
-506
-335
-176
-39
90
251
429
576
675
753
850
945
1008
1046
1107
1193
1225
1193
1148
1136
1118
1091
1099
1112
1038
842
619
463
370
301
227
142
38
-76
-204
-312
-397
-495
-637
-747
-743
-681
-668
-727
-783
-801
-772
-713
-663
-634
-580
-475
-354
-261
-219
-188
-146
-49
113
291
433
513
561
621
719
840
959
1030
1056
1067
1102
1170
1249
1327
1373
1390
1360
1278
1178
1107
1079
1047
1014
993
943
791
510
167
-177
-471
-703
-856
-951
-1062
-1257
-1557
-1896
-2175
-2319
-2323
-2243
-2184
-2195
-2239
-2220
-2110
-1951
-1768
-1569
-1350
-1116
-858
-585
-328
-112
51
194
376
600
817
985
1106
1196
1231
1219
1188
1155
1121
1093
1093
1114
1092
988
838
687
564
452
360
289
232
190
175
184
188
177
168
179
209
268
348
434
478
466
404
290
131
-50
-187
-268
-349
-481
-652
-819
-965
-1088
-1179
-1247
-1300
-1335
-1298
-1186
-1063
-987
-939
-855
-704
-491
-231
35
269
491
710
926
1121
1283
1419
1524
1624
1727
1795
1824
1829
1827
1793
1705
1606
1512
1413
1321
1241
1159
1018
808
572
344
110
-188
-528
-854
-1092
-1230
-1318
-1459
-1717
-2049
-2315
-2421
-2378
-2288
-2221
-2197
-2191
-2131
-1976
-1748
-1550
-1406
-1265
-1059
-760
-430
-130
112
298
467
669
910
1128
1262
1359
1451
1513
1515
1477
1403
1292
1216
1213
1230
1153
980
751
509
299
151
34
-138
-329
-445
-466
-486
-568
-674
-757
-811
-835
-797
-700
-604
-557
-526
-469
-416
-405
-412
-388
-322
-233
-123
-7
78
128
178
263
369
458
513
546
579
642
733
822
857
819
709
567
463
413
395
362
311
232
132
23
-72
-133
-135
-85
-26
-6
-26
-32
10
88
153
211
276
367
464
559
674
789
883
924
930
918
872
755
557
343
163
20
-113
-266
-440
-630
-813
-994
-1174
-1328
-1426
-1464
-1471
-1482
-1511
-1537
-1523
-1455
-1343
-1220
-1114
-1000
-866
-726
-602
-489
-366
-225
-52
121
258
343
396
416
405
399
422
448
470
478
500
538
574
586
580
590
617
635
659
717
787
803
727
609
500
415
364
353
354
287
142
5
-61
-68
-81
-124
-219
-357
-464
-496
-474
-464
-496
-568
-635
-661
-644
-635
-648
-658
-624
-539
-444
-371
-336
-298
-207
-53
120
251
337
420
522
626
729
836
934
1007
1057
1105
1171
1270
1364
1388
1319
1231
1189
1184
1144
1046
936
836
752
667
571
453
339
259
185
59
-150
-394
-623
-793
-893
-950
-1038
-1200
-1411
-1625
-1790
-1874
-1872
-1835
-1814
-1801
-1758
-1678
-1593
-1499
-1372
-1232
-1114
-995
-812
-595
-423
-304
-180
-30
140
320
500
661
786
877
949
1001
1028
1021
1020
1050
1078
1075
1043
970
820
635
519
458
377
265
170
112
61
-5
-105
-230
-352
-450
-503
-497
-483
-508
-554
-545
-499
-471
-479
-474
-415
-293
-138
0
95
148
201
264
341
415
461
483
526
598
679
740
757
730
693
693
723
725
697
653
609
562
511
457
382
306
233
162
87
25
-23
-67
-113
-137
-131
-105
-90
-86
-69
-21
50
88
66
39
90
219
301
297
263
236
170
36
-102
-204
-263
-295
-324
-436
-657
-924
-1135
-1248
-1284
-1287
-1307
-1365
-1410
-1388
-1287
-1150
-1029
-939
-865
-763
-605
-401
-204
-75
-2
98
252
417
532
598
640
675
742
815
846
799
709
639
609
601
565
473
335
210
138
108
81
23
-47
-96
-106
-77
-49
-49
-72
-101
-128
-134
-105
-43
9
16
-3
-35
-61
-47
-5
40
55
60
57
33
14
13
21
31
53
74
67
51
58
68
49
10
7
51
87
81
76
112
168
201
234
283
309
296
282
310
381
455
487
469
442
459
518
585
626
625
597
577
576
581
565
527
456
351
265
239
258
264
207
82
-113
-333
-505
-587
-611
-622
-672
-794
-971
-1150
-1259
-1277
-1236
-1192
-1174
-1143
-1080
-1010
-925
-836
-746
-656
-558
-439
-326
-214
-103
-11
33
51
92
170
248
320
387
439
455
425
368
299
230
177
125
79
51
34
-19
-128
-234
-293
-300
-286
-228
-121
-22
20
29
56
103
144
170
191
211
265
351
415
427
438
483
501
459
424
449
500
511
474
420
372
357
346
315
263
201
163
153
172
188
172
159
171
200
216
223
229
228
212
196
186
156
104
62
77
114
103
53
27
58
88
74
48
32
38
43
56
64
61
45
38
61
97
143
201
260
293
281
248
176
64
-61
-166
-248
-330
-430
-568
-744
-938
-1100
-1192
-1215
-1215
-1225
-1256
-1293
-1293
-1238
-1151
-1077
-1007
-920
-800
-646
-498
-384
-299
-187
-35
115
251
366
455
509
553
599
632
629
605
599
619
638
627
592
540
466
388
330
291
257
237
235
228
184
131
116
129
136
118
101
91
59
39
59
114
142
111
59
26
18
30
52
82
102
105
108
132
162
175
170
175
206
250
276
294
304
298
290
305
356
379
374
371
366
350
340
371
386
342
279
245
240
226
175
97
29
6
10
-3
-49
-102
-145
-151
-135
-127
-117
-120
-151
-207
-237
-219
-195
-195
-227
-300
-389
-465
-503
-525
-535
-552
-616
-715
-799
-819
-816
-816
-817
-823
-838
-820
-742
-651
-598
-568
-506
-418
-315
-210
-120
-65
-32
15
90
182
245
266
247
234
263
308
311
248
187
187
223
231
218
188
148
123
142
190
201
195
202
228
253
273
287
317
378
468
546
585
609
633
661
673
664
653
648
637
605
558
519
489
436
364
296
239
164
48
-55
-104
-97
-77
-89
-129
-171
-204
-222
-231
-231
-233
-268
-293
-271
-202
-164
-204
-239
-204
-133
-107
-124
-125
-107
-80
-53
-26
-5
5
25
46
54
57
64
90
106
122
129
113
71
35
33
11
-65
-174
-260
-320
-360
-381
-409
-484
-605
-719
-795
-825
-821
-801
-784
-770
-750
-725
-699
-669
-617
-556
-482
-380
-245
-125
-62
-24
32
99
164
236
321
409
462
486
502
522
527
501
472
466
470
470
499
533
517
448
397
397
400
378
344
313
306
330
346
317
264
242
243
225
197
182
176
148
118
126
141
111
29
-33
-39
-2
34
33
2
-31
-39
-47
-56
-63
-51
-48
-75
-110
-121
-102
-112
-161
-206
-214
-192
-161
-123
-95
-97
-125
-126
-74
-1
55
69
78
101
152
201
227
235
229
227
222
223
224
226
222
202
177
148
108
53
2
-46
-106
-197
-311
-398
-441
-444
-449
-471
-518
-588
-664
-733
-772
-782
-767
-743
-713
-678
-649
-632
-613
-564
-496
-427
-374
-304
-209
-128
-88
-65
-16
56
138
220
290
350
414
481
533
569
598
603
597
625
683
728
725
695
639
566
501
449
401
345
294
258
238
203
144
69
14
-19
-29
-10
16
19
0
-2
23
33
32
36
35
29
23
49
83
104
101
67
30
17
27
29
14
-9
-33
-56
-73
-80
-88
-82
-68
-65
-82
-76
-12
82
148
161
154
142
142
156
184
202
203
190
164
138
109
101
85
67
44
9
-35
-114
-215
-338
-446
-511
-548
-575
-592
-616
-683
-795
-890
-899
-860
-833
-845
-842
-783
-700
-628
-579
-557
-544
-496
-382
-233
-102
14
125
220
304
357
391
426
492
564
601
622
648
672
652
598
540
514
494
470
452
442
433
405
378
332
261
200
168
157
159
163
148
104
68
50
34
2
-11
2
34
58
60
59
62
74
73
67
73
87
96
103
110
110
110
115
125
103
63
48
76
119
127
106
84
57
14
-34
-51
-47
-70
-99
-105
-90
-108
-158
-191
-196
-196
-212
-214
-215
-227
-230
-208
-182
-194
-216
-219
-207
-207
-220
-228
-216
-194
-175
-158
-131
-108
-121
-166
-216
-245
-263
-281
-301
-315
-317
-310
-291
-274
-263
-252
-230
-191
-158
-134
-110
-87
-58
-50
-48
-35
-9
22
28
19
12
20
42
66
67
71
112
180
222
210
202
219
243
263
287
308
322
342
356
350
332
330
335
334
337
338
324
307
316
349
365
368
369
363
337
315
325
352
359
347
341
340
326
311
309
315
308
278
237
185
145
128
136
145
113
44
-43
-124
-212
-341
-474
-564
-585
-578
-591
-651
-773
-919
-1016
-1037
-994
-927
-867
-828
-793
-741
-661
-583
-530
-491
-421
-299
-170
-72
5
86
139
147
132
149
199
222
215
215
248
280
273
237
189
143
133
135
120
74
51
69
95
103
98
85
72
93
151
220
267
313
364
392
389
384
383
384
383
385
392
382
361
329
302
268
223
163
97
44
14
2
-24
-64
-99
-136
-201
-271
-303
-291
-276
-270
-248
-196
-149
-127
-123
-122
-91
-36
40
111
154
169
177
203
247
288
303
299
299
317
339
340
327
305
273
233
189
141
93
59
44
21
-12
-27
-33
-63
-126
-168
-175
-181
-213
-243
-229
-202
-209
-244
-263
-273
-298
-342
-386
-404
-393
-372
-366
-382
-397
-402
-398
-395
-379
-367
-365
-355
-320
-276
-254
-228
-185
-142
-116
-89
-49
-6
33
67
89
98
102
117
139
162
169
179
208
232
216
184
187
217
240
235
220
199
162
118
82
60
26
-18
-34
-30
-34
-42
-35
-23
-32
-36
-19
-4
-6
-7
13
53
95
129
150
161
165
163
162
167
186
207
221
230
252
298
332
330
309
298
295
278
263
258
251
229
201
185
174
158
129
91
53
36
23
-13
-63
-97
-114
-135
-171
-187
-196
-220
-280
-319
-313
-307
-319
-345
-334
-323
-329
-345
-363
-379
-372
-327
-270
-240
-245
-243
-226
-204
-185
-157
-98
-15
49
69
50
37
56
83
98
90
84
83
97
118
135
132
113
88
65
53
39
36
37
40
36
29
22
9
7
15
11
-8
-14
30
85
109
108
99
103
126
158
185
187
186
199
215
228
240
243
225
202
196
213
214
194
177
169
159
137
118
110
108
98
78
47
11
-16
-47
-97
-157
-192
-207
-229
-257
-259
-243
-247
-266
-297
-323
-325
-295
-263
-266
-275
-258
-221
-199
-203
-222
-233
-235
-225
-194
-164
-146
-154
-158
-141
-117
-91
-70
-40
-16
9
50
71
67
63
95
143
168
193
227
253
251
240
239
243
237
218
194
190
183
168
158
179
212
225
236
236
229
200
176
163
145
116
107
146
190
190
162
150
134
84
37
23
18
-11
-25
-13
-28
-97
-169
-218
-275
-350
-401
-415
-419
-425
-430
-438
-479
-527
-538
-503
-444
-387
-315
-241
-196
-173
-137
-81
-26
16
47
87
134
183
214
230
252
272
294
300
294
296
315
340
337
313
284
261
226
180
131
110
109
115
112
104
97
73
42
16
25
56
73
72
81
106
109
87
80
87
81
61
37
7
-45
-82
-96
-98
-117
-148
-176
-189
-196
-211
-231
-240
-226
-211
-195
-182
-154
-128
-102
-76
-31
21
49
58
62
72
68
65
74
93
96
81
72
72
80
73
59
37
5
-19
-36
-41
-54
-84
-113
-139
-140
-148
-166
-178
-155
-111
-81
-68
-59
-57
-55
-41
-25
-15
-3
40
97
138
158
175
191
200
201
216
233
210
160
131
152
180
167
131
94
59
39
47
58
24
-43
-84
-83
-74
-76
-90
-111
-126
-127
-124
-130
-153
-173
-183
-169
-149
-150
-159
-166
-152
-133
-104
-68
-51
-55
-64
-51
-12
38
74
79
59
46
63
87
97
112
132
140
115
83
56
31
4
-6
7
17
2
-24
-24
-9
-19
-52
-66
-53
-42
-56
-62
-45
-34
-55
-78
-48
-4
-3
-24
-6
40
54
39
33
36
34
27
14
9
12
21
20
2
-14
-23
-24
-25
-26
-14
0
10
4
-1
12
34
46
40
39
50
79
103
120
124
110
95
82
79
77
76
96
125
130
113
114
132
137
114
92
80
52
22
24
57
63
21
-31
-54
-57
-56
-56
-54
-68
-92
-88
-80
-99
-144
-158
-147
-156
-194
-213
-200
-179
-166
-147
-116
-96
-75
-43
-10
-2
-10
-11
4
22
36
42
52
64
68
64
72
97
118
123
112
97
69
36
11
17
33
24
-12
-36
-35
-36
-60
-79
-63
-50
-50
-61
-62
-58
-67
-82
-89
-72
-37
-19
-33
-43
-33
-19
-25
-46
-71
-94
-92
-71
-55
-51
-46
-46
-47
-53
-56
-47
-25
-6
-11
-27
-34
-29
-11
5
-4
-14
8
58
90
92
103
121
137
137
135
141
161
190
208
213
217
220
209
195
193
187
181
185
203
200
177
151
138
135
132
124
107
82
53
16
-26
-53
-60
-42
-28
-40
-83
-123
-134
-134
-133
-126
-121
-131
-156
-170
-173
-184
-202
-206
-204
-202
-197
-184
-176
-181
-170
-135
-103
-98
-95
-67
-48
-55
-80
-89
-80
-62
-33
-19
-23
-41
-52
-52
-44
-38
-32
-22
-21
-39
-66
-82
-86
-69
-36
-11
-17
-26
-7
17
26
30
47
66
74
87
99
94
74
65
77
96
101
100
110
132
138
117
104
95
78
65
69
95
108
95
74
74
100
114
95
67
55
56
63
70
76
65
48
44
66
99
137
160
157
146
147
165
170
159
139
132
148
160
144
101
64
46
31
5
-37
-68
-80
-92
-119
-162
-205
-244
-281
-302
-301
-306
-339
-376
-385
-377
-385
-408
-417
-398
-370
-344
-338
-332
-306
-271
-245
-222
-189
-141
-106
-74
-36
8
49
80
124
161
179
182
186
197
204
216
224
227
224
228
236
250
255
245
233
226
231
236
232
210
172
141
147
171
187
189
177
162
148
142
145
150
156
162
162
145
116
94
87
101
110
103
83
73
83
81
58
42
53
55
13
-42
-68
-74
-79
-94
-97
-93
-94
-95
-93
-83
-77
-94
-131
-168
-183
-182
-182
-195
-214
-227
-222
-200
-193
-199
-199
-192
-195
-210
-210
-195
-195
-209
-214
-202
-186
-174
-169
-176
-182
-173
-149
-125
-122
-133
-130
-107
-84
-83
-83
-62
-30
-2
16
22
12
-6
10
54
85
78
78
109
156
182
179
167
157
167
192
220
230
227
225
223
213
213
235
263
272
267
261
253
242
236
229
211
172
131
107
84
62
48
61
75
62
39
32
38
25
-9
-29
-27
-11
-9
-14
-22
-23
-21
-23
-41
-61
-64
-52
-38
-48
-82
-117
-133
-134
-136
-138
-132
-133
-142
-154
-159
-169
-187
-204
-203
-187
-175
-176
-178
-167
-157
-139
-106
-74
-72
-94
-116
-122
-105
-72
-41
-30
-40
-45
-40
-29
-18
-11
-7
0
16
38
49
45
40
40
41
39
30
18
14
30
61
80
69
43
33
37
46
56
68
80
80
85
102
110
106
97
103
121
134
149
166
179
177
168
154
140
146
172
194
181
160
149
150
159
166
158
126
91
68
65
62
47
25
0
-26
-49
-60
-68
-93
-126
-143
-160
-179
-196
-195
-192
-205
-218
-233
-234
-231
-233
-235
-241
-244
-252
-263
-253
-215
-166
-132
-121
-105
-80
-60
-53
-42
-23
-12
-11
1
27
51
64
86
117
139
137
122
116
115
110
105
114
123
112
87
69
73
91
99
98
94
84
66
37
23
19
27
41
46
39
23
7
3
7
18
31
38
48
50
48
39
35
35
31
36
48
52
26
2
5
24
22
14
23
26
20
22
37
38
29
29
41
34
9
-18
-46
-64
-74
-77
-78
-75
-70
-78
-92
-100
-99
-100
-99
-92
-82
-83
-96
-110
-117
-108
-87
-63
-52
-45
-50
-71
-88
-79
-45
-13
-3
-10
-18
-18
-10
4
18
29
36
38
34
33
44
62
66
46
27
30
43
52
51
39
10
-18
-14
12
29
42
61
67
49
32
59
101
127
134
136
142
138
130
124
117
101
85
63
45
31
16
21
33
45
56
70
76
55
25
18
23
19
6
-4
-16
-28
-26
-19
-26
-46
-63
-76
-97
-111
-116
-121
-127
-130
-120
-123
-146
-162
-162
-155
-161
-161
-147
-132
-127
-128
-124
-117
-117
-121
-117
-106
-94
-88
-69
-30
0
-3
-19
-15
10
31
30
26
36
53
53
45
62
89
88
66
61
80
94
93
100
119
143
149
139
124
127
146
158
159
156
146
141
150
161
145
115
87
56
25
17
39
46
26
3
5
14
10
-6
-29
-35
-22
-11
-26
-53
-53
-40
-36
-44
-54
-62
-70
-65
-41
-14
2
6
12
13
4
-16
-33
-42
-47
-46
-40
-29
-19
-13
-21
-32
-42
-45
-42
-41
-52
-72
-85
-87
-95
-126
-156
-165
-154
-139
-134
-125
-122
-134
-140
-132
-103
-82
-85
-86
-74
-49
-33
-11
18
40
47
43
42
42
43
46
57
77
112
139
150
137
114
94
83
86
94
109
110
100
79
63
54
50
67
94
107
87
60
52
59
64
68
74
80
84
87
79
73
61
54
47
35
26
15
17
17
9
-11
-18
2
29
36
9
-17
-22
-11
1
