28
30
30
24
10
-1
-6
-3
2
6
2
-6
-17
-29
-36
-37
-30
-22
-17
-14
-17
-19
-20
-17
-11
-3
6
6
-3
-14
-19
-15
-6
1
4
3
1
-2
-10
-13
-9
3
18
27
28
24
18
14
15
17
16
11
8
9
14
14
5
-4
-11
-11
-9
-9
-12
-10
-5
-1
3
0
-2
-4
-5
-8
-13
-24
-32
-31
-17
-7
-2
-2
0
1
-1
-3
-6
-9
-10
-12
-8
-2
-2
-10
-18
-22
-20
-18
-14
-2
13
29
37
39
33
22
11
6
9
16
25
33
35
38
38
31
20
12
12
16
22
24
27
32
33
28
18
7
-2
-7
-7
0
6
9
12
12
13
8
0
-4
-7
-14
-25
-31
-27
-24
-27
-31
-31
-32
-35
-38
-33
-22
-15
-15
-17
-18
-21
-28
-32
-27
-16
-4
4
7
6
1
-5
-4
2
12
19
19
15
8
-2
-12
-19
-20
-19
-17
-18
-18
-17
-17
-16
-12
-6
-1
-1
2
5
5
6
12
21
24
20
14
10
7
4
7
17
25
21
11
6
14
30
39
38
29
19
12
6
1
0
5
10
8
2
-9
-14
-14
-12
-3
11
21
18
6
-5
-6
-5
-3
-4
-1
3
7
10
12
12
15
19
16
6
-1
-3
-1
-1
0
3
7
9
8
3
-2
-5
-5
1
8
11
8
2
-2
-7
-10
-16
-23
-23
-15
-7
-5
-9
-12
-12
-11
-13
-14
-13
-12
-12
-16
-27
-34
-33
-26
-20
-17
-16
-14
-16
-22
-28
-28
-24
-21
-21
-19
-12
-6
-4
-7
-4
4
9
9
6
6
6
8
14
20
21
17
13
12
19
28
33
25
15
12
15
15
11
10
18
23
20
12
7
10
13
12
12
12
12
9
3
-2
-5
-5
-5
-2
3
8
11
5
-4
-12
-9
-1
5
7
6
8
6
1
-4
-7
-8
-7
-3
-2
-7
-19
-27
-29
-22
-13
-6
-3
-2
0
4
7
9
7
8
10
15
20
20
10
0
-6
-5
-3
-1
-1
1
7
10
7
0
-7
-10
-11
-14
-20
-30
-34
-33
-29
-24
-19
-16
-14
-12
-13
-10
-5
3
10
14
16
20
22
19
14
11
7
4
-2
-14
-26
-32
-27
-15
-5
1
0
-12
-21
-24
-21
-15
-9
-3
1
-1
-5
-8
-8
-6
-5
-3
-2
-1
2
9
16
21
28
31
27
23
17
14
10
9
13
15
13
9
10
7
5
6
12
21
25
21
16
13
14
18
20
16
7
0
1
5
9
10
6
-2
-7
-11
-12
-14
-13
-6
-2
-7
-14
-14
-6
3
4
-1
-6
-14
-21
-24
-19
-12
-8
-12
-22
-35
-43
-43
-38
-29
-23
-20
-20
-21
-23
-17
-7
-1
-5
-16
-25
-28
-22
-9
4
12
14
6
-6
-9
-3
5
8
6
9
11
9
6
5
14
27
34
36
36
31
26
21
19
17
17
22
28
29
27
27
27
22
12
5
7
14
19
19
16
10
1
-4
-6
-5
-1
4
2
-7
-18
-21
-13
-6
-1
1
-2
-13
-26
-31
-20
-6
2
2
3
7
8
1
-11
-19
-24
-29
-32
-29
-26
-24
-25
-28
-29
-30
-30
-27
-22
-14
-10
-10
-8
-1
4
9
13
16
13
4
-8
-12
-8
-1
3
2
-2
-5
-7
-9
-4
5
15
20
19
16
9
2
-3
-9
-10
-5
7
18
25
30
30
29
26
20
15
19
27
34
36
33
31
25
21
16
9
3
2
7
5
-3
-9
-11
-10
-8
-2
-1
1
2
-2
0
8
20
24
21
13
9
6
5
7
13
16
12
3
-3
-8
-12
-20
-25
-26
-25
-23
-21
-17
-16
-18
-20
-16
-11
-7
-8
-12
-20
-29
-31
-22
-12
-4
-6
-9
-8
-10
-12
-9
-4
0
-2
-9
-14
-13
-11
-16
-22
-21
-15
-14
-14
-12
-7
-7
-7
-6
-1
7
12
14
16
16
20
27
32
33
32
33
34
36
35
35
38
41
41
35
28
24
24
25
25
15
7
9
21
29
27
20
8
-8
-21
-26
-19
-8
-1
-3
-8
-13
-12
-12
-14
-15
-16
-16
-21
-29
-36
-37
-33
-25
-14
-5
3
10
15
15
14
9
4
-5
-11
-16
-19
-20
-18
-11
-6
-6
-10
-14
-15
-14
-11
-6
-2
-2
-3
-2
-2
-5
-6
-3
1
1
1
-2
2
8
12
13
15
18
22
20
15
10
5
0
-2
-2
1
3
7
14
19
23
19
15
17
23
27
26
21
18
13
10
9
7
4
6
8
11
13
11
2
-6
-14
-15
-14
-12
-12
-15
-20
-25
-32
-37
-33
-26
-17
-8
0
2
2
2
7
11
14
14
6
-4
-7
-3
2
2
-1
-5
-9
-11
-12
-13
-16
-16
-8
7
21
21
13
4
-1
-2
-4
-6
-4
1
6
3
-1
-4
-1
4
7
9
3
-6
-18
-25
-29
-26
-20
-13
-6
-2
1
5
9
12
13
16
21
26
28
27
24
17
13
8
7
6
6
8
9
8
6
1
0
-5
-13
-20
-22
-18
-10
-3
2
1
-6
-14
-20
-21
-10
3
14
21
24
20
13
14
19
25
22
14
6
-4
-7
-7
-4
-2
0
-3
-6
-9
-10
-9
-11
-7
-6
-10
-16
-23
-23
-18
-10
-4
1
6
8
7
1
-8
-12
-7
4
16
24
20
12
6
2
-1
-7
-13
-14
-12
-7
-3
-2
-1
-1
-4
-5
0
2
1
-1
-1
2
6
5
1
-5
-11
-10
-8
-8
-11
-13
-15
-13
-12
-12
-10
-8
-7
-6
-6
-2
2
2
-3
-11
-15
-16
-11
-4
2
7
13
20
25
25
23
23
21
21
24
30
31
27
19
12
6
-3
-15
-22
-23
-18
-10
-3
4
10
12
9
2
-2
-6
-8
-5
2
10
12
11
8
6
5
5
6
8
8
8
10
8
5
2
-1
-4
-5
-6
-6
-5
-5
-7
-10
-13
-14
-12
-12
-10
-9
-6
-1
0
-3
-9
-16
-25
-34
-37
-30
-19
-7
-3
-3
-5
-7
-6
-3
-3
-3
0
7
10
8
3
-4
-10
-13
-15
-16
-12
-3
3
5
4
0
-4
-5
-6
-7
-10
-8
-1
10
15
15
15
16
17
17
21
28
35
37
36
34
27
19
12
5
-2
-6
-5
-2
-5
-14
-20
-16
-8
-2
2
4
2
-3
-8
-8
-4
1
4
6
10
10
5
2
3
6
9
12
10
0
-13
-20
-19
-14
-7
-5
-6
-9
-12
-14
-15
-16
-16
-15
-12
-1
11
22
24
15
3
-7
-12
-13
-14
-12
-8
-7
-8
-10
-14
-19
-22
-21
-14
-8
-7
-7
-11
-17
-20
-18
-8
-4
-7
-10
-8
1
4
-1
-7
-10
-12
-13
-13
-8
-2
3
4
6
9
9
6
9
15
19
21
21
19
17
17
20
27
32
36
40
45
50
46
36
28
23
19
14
8
3
3
7
12
13
14
13
10
7
5
6
8
5
-3
-12
-18
-21
-25
-30
-35
-38
-36
-27
-16
-11
-12
-16
-16
-19
-27
-28
-21
-14
-12
-8
-2
2
3
2
4
10
11
9
6
0
-6
-11
-18
-22
-29
-36
-39
-33
-22
-14
-9
-6
-5
-9
-16
-22
-19
-12
-12
-17
-20
-18
-15
-13
-10
-3
5
11
15
17
20
20
18
19
19
15
8
4
5
10
17
23
30
36
38
35
31
29
30
31
30
26
20
15
10
5
6
14
24
28
26
24
27
29
30
21
13
9
11
11
4
-5
-13
-19
-23
-25
-25
-18
-14
-16
-21
-25
-25
-22
-16
-10
-8
-7
-10
-19
-30
-37
-30
-16
-8
-9
-15
-18
-16
-14
-13
-6
4
10
8
1
-5
-5
0
-1
-2
-5
-11
-15
-12
-6
1
5
3
-3
-12
-17
-12
0
10
11
7
4
2
-2
-3
-4
1
3
2
7
16
24
24
15
2
-5
-4
2
6
12
16
15
9
2
-3
-5
-4
-4
-5
-7
-7
-2
5
10
8
3
1
0
-1
0
6
13
16
16
16
16
17
19
19
17
11
6
5
6
6
3
1
-1
-4
-7
-7
-9
-13
-14
-13
-11
-8
-3
5
12
10
6
3
2
1
-3
-8
-10
-12
-9
-3
1
1
-2
1
9
14
18
19
16
12
7
6
7
8
9
7
3
-1
-9
-13
-12
-8
-5
-4
-4
-5
-3
-5
-3
-3
-4
-9
-16
-19
-18
-18
-20
-27
-33
-33
-28
-22
-14
-4
7
13
11
4
-4
-9
-6
5
14
14
8
7
8
10
10
14
20
23
17
5
-2
-5
-9
-6
0
5
9
12
16
19
19
19
20
20
16
12
8
10
11
11
11
14
13
9
5
6
6
0
-9
-15
-14
-12
-13
-15
-14
-13
-11
-12
-16
-18
-17
-16
-14
-11
-11
-10
-9
-4
4
12
14
6
2
2
4
3
-2
-2
-1
2
2
2
0
1
0
-4
-7
-9
-3
4
10
12
8
0
-6
-4
1
6
11
9
8
6
4
4
6
8
6
2
-1
-6
-7
-6
-3
0
-5
-9
-11
-7
-5
-6
-9
-9
-3
3
7
5
3
5
7
3
-4
-9
-10
-7
-2
2
6
10
13
15
16
19
23
22
14
10
11
10
-2
-15
-22
-16
-8
-3
-1
0
-5
-13
-19
-21
-20
-20
-27
-29
-24
-15
-6
-3
-4
-7
-9
-11
-11
-12
-10
-4
6
16
20
18
15
16
19
23
25
27
30
32
33
36
35
31
21
14
8
8
10
13
14
13
11
5
-3
-9
-16
-22
-24
-24
-25
-28
-29
-31
-33
-35
-34
-32
-33
-33
-31
-26
-22
-18
-15
-12
-8
-8
-11
-15
-11
-4
5
8
9
11
12
13
12
13
18
21
24
23
21
13
6
-1
-5
-6
0
2
-2
-5
0
8
17
24
26
26
21
14
12
12
10
5
5
9
11
10
3
-4
-8
-10
-5
0
3
7
5
0
-10
-17
-15
-4
5
6
4
2
-1
-5
-8
-8
-9
-13
-17
-18
-17
-15
-15
-12
-7
-2
-2
-7
-14
-17
-15
-11
-7
-6
-8
-7
-4
0
-1
-3
-5
-5
-6
-6
-6
-1
6
10
11
10
9
8
6
4
1
5
9
14
14
11
8
5
5
11
18
20
21
21
16
10
7
6
4
-3
-9
-15
-18
-23
-26
-22
-11
-4
-7
-17
-20
-17
-11
-8
-9
-10
-8
-6
-4
4
16
26
31
29
26
22
16
5
-6
-13
-13
-12
-11
-10
-5
-1
1
-2
-6
-6
-9
-13
-15
-14
-13
-17
-19
-16
-6
3
6
10
11
9
9
7
8
10
11
7
-2
-6
-3
4
9
6
6
13
23
24
12
0
-6
-6
-6
-7
-7
-9
-13
-20
-26
-27
-22
-13
-8
-5
-8
-14
-17
-16
-16
-14
-12
-11
-12
-16
-17
-13
-6
-2
0
-2
1
7
15
24
31
39
41
37
34
34
35
32
29
28
29
28
26
28
25
18
9
1
-6
-10
-15
-18
-17
-11
-5
-4
-8
-14
-15
-11
-7
-5
-2
-4
-10
-17
-21
-22
-19
-16
-19
-25
-26
-24
-16
-12
-11
-10
-10
-8
-5
-1
6
11
15
16
9
-1
-10
-14
-13
-8
1
7
12
9
2
-11
-21
-22
-18
-13
-7
2
9
8
3
-1
-2
0
-3
-2
1
8
13
13
9
5
0
-2
-1
0
4
8
10
6
-1
-2
2
10
12
11
7
2
-4
-8
-11
-11
-5
4
13
19
18
17
12
8
1
-12
-19
-18
-7
8
22
28
24
12
1
-4
-1
5
13
18
20
13
2
-7
-6
-3
-4
-13
-21
-24
-23
-23
-22
-19
-13
-10
-13
-15
-16
-16
-13
-6
-3
-3
-2
2
7
8
9
11
14
11
2
-9
-16
-14
-8
-2
4
6
9
10
7
4
5
5
5
6
8
11
6
2
1
0
-2
-9
-17
-21
-24
-26
-25
-21
-17
-15
-20
-22
-21
-17
-13
-8
-5
-4
-7
-10
-7
-2
5
13
21
23
25
27
28
26
22
17
15
13
13
16
19
16
10
8
8
8
3
-3
-4
-2
-4
-8
-11
-11
-10
-14
-21
-31
-39
-37
-29
-22
-19
-16
-18
-26
-37
-42
-37
-22
-5
7
16
20
17
12
10
14
22
30
34
28
14
1
-3
2
13
23
27
26
18
13
8
3
-1
-4
-5
-2
4
12
17
17
13
6
-3
-13
-19
-19
-11
-5
-1
0
1
-2
-6
-5
-1
9
13
11
5
-1
-6
-9
-10
-10
-7
-10
-22
-29
-23
-11
-4
-6
-12
-14
-10
-6
-2
1
3
1
0
0
-1
-2
-5
-14
-24
-29
-25
-20
-15
-12
-12
-13
-12
-8
-5
-2
0
3
8
13
17
19
16
13
9
8
13
16
12
8
11
20
28
31
31
32
30
23
15
13
16
19
20
17
8
-7
-22
-32
-36
-35
-30
-22
-17
-14
-11
-9
-11
-15
-14
-8
-4
-3
-3
5
16
23
25
25
22
19
17
12
10
12
15
18
18
13
8
-1
-4
-6
-8
-14
-19
-18
-13
-12
-8
-2
-2
-5
-9
-12
-13
-10
-5
2
8
8
2
-7
-13
-14
-14
-12
-8
-5
-3
-1
3
9
12
12
11
10
9
8
10
14
18
18
15
13
11
13
20
26
27
24
19
11
1
-1
3
5
5
4
1
-5
-11
-10
-7
-3
-3
-6
-10
-14
-19
-19
-16
-8
-2
2
6
9
7
6
6
4
-2
-7
-9
-6
-2
-3
-9
-12
-13
-15
-14
-12
-12
-13
-15
-18
-16
-11
-9
-12
-10
-1
10
14
16
16
13
10
7
10
15
18
21
20
20
18
17
16
22
25
27
30
31
27
20
14
10
10
14
19
23
26
28
28
23
15
8
5
7
5
5
7
8
8
7
4
-1
-7
-8
-6
-1
5
6
0
-5
-12
-18
-22
-23
-23
-21
-18
-17
-16
-14
-14
-11
-7
-4
-8
-19
-30
-37
-37
-32
-26
-20
-17
-20
-24
-26
-19
-10
-3
0
-1
-1
-3
-6
-7
-3
3
9
12
10
7
3
4
6
11
17
20
22
15
9
6
8
13
14
11
5
1
1
-1
2
5
11
15
19
22
23
19
18
22
26
24
20
18
13
9
4
-3
-7
-6
0
7
10
7
4
-1
-1
0
-2
-3
-2
-2
0
-3
-5
-5
-1
1
0
-5
-9
-8
-2
5
9
10
6
-1
-8
-16
-24
-25
-25
-21
-19
-21
-19
-14
-12
-9
-5
-1
-1
-2
-2
0
0
-2
-4
-6
-2
5
13
15
5
-3
-4
2
11
22
27
28
21
11
10
18
28
30
24
15
9
5
3
4
8
17
23
21
11
-2
-12
-21
-26
-25
-21
-13
-9
-15
-22
-22
-18
-15
-20
-25
-26
-23
-19
-17
-18
-24
-29
-29
-25
-22
-19
-14
-5
3
7
5
4
5
10
14
17
18
17
14
13
11
8
4
0
-1
-1
0
5
11
19
22
24
24
21
13
6
2
-2
-7
-9
-4
3
11
16
14
8
4
5
5
6
5
4
2
-1
-2
-2
-2
-1
1
3
4
6
7
5
1
-5
-8
-8
-6
-1
7
12
12
8
2
-3
-7
-5
1
7
11
9
5
3
6
8
9
6
0
-6
-11
-14
-16
-16
-17
-13
-7
-7
-8
-7
-7
-11
-16
-18
-17
-18
-20
-20
-17
-9
2
9
12
12
12
8
3
-4
-13
-17
-16
-12
-9
-8
-5
0
12
21
27
30
31
29
23
15
13
15
18
18
12
9
6
1
-2
-3
0
3
1
2
5
8
9
5
1
-5
-14
-27
-36
-35
-26
-19
-20
-26
-30
-32
-28
-22
-13
-8
-6
-5
2
11
15
15
13
12
11
7
7
8
9
11
13
12
12
8
8
11
13
13
11
13
13
9
-2
-12
-13
-14
-13
-11
-6
1
2
2
3
8
9
6
2
1
5
11
17
18
16
18
19
18
12
1
-6
-7
-7
-7
-10
-8
-3
3
6
3
2
3
7
9
7
6
10
14
12
9
8
6
2
-4
-9
-8
-6
-7
-8
-8
-6
-1
-5
-11
-12
-9
-4
-6
-10
-14
-14
-12
-7
-3
-4
-6
-9
-14
-18
-20
-17
-12
-13
-23
-33
-34
-25
-15
-10
-12
-10
-8
-6
-9
-10
-10
-9
-7
-6
-5
-4
-3
3
8
11
11
8
5
5
7
11
16
18
20
25
29
36
42
41
35
25
19
16
15
16
19
24
25
17
9
2
-1
0
-1
-2
-2
-3
-6
-10
-7
-2
0
-6
-15
-25
-27
-19
-8
0
0
-2
-7
-9
-9
-6
-1
1
1
0
8
20
25
21
13
3
-3
-7
-7
-8
-9
-9
-10
-11
-12
-11
-8
-5
-6
-9
-9
-4
0
6
8
7
3
-6
-14
-22
-26
-26
-20
-10
-3
0
-4
-8
-9
-7
-2
-3
-7
-11
-17
-19
-18
-13
-2
8
11
8
4
0
-3
-5
-5
1
11
20
22
20
14
9
7
7
6
6
5
4
4
6
3
-3
-13
-19
-18
-16
-12
-7
0
8
8
2
-2
-1
5
7
4
2
1
6
8
6
7
10
12
11
7
1
-3
-3
2
9
14
23
28
23
14
4
-3
-6
-6
-2
4
7
13
18
17
8
-3
-8
-8
-7
-8
-10
-12
-13
-15
-15
-14
-8
0
7
6
2
-4
-6
-2
6
12
10
-1
-10
-18
-22
-20
-15
-12
-12
-13
-13
-11
-6
-2
2
-4
-14
-19
-17
-11
-4
2
11
13
15
17
17
15
10
6
5
1
-7
-9
-10
-9
-10
-11
-11
-4
7
17
21
20
12
1
-5
-4
3
11
10
2
-5
-4
1
2
-1
-3
-2
2
7
12
15
10
3
-2
-10
-12
-10
-5
-5
-7
-10
-14
-17
-17
-14
-7
-3
-4
-3
3
14
24
23
15
6
-5
-13
-14
-9
-5
-7
-9
-10
-8
-1
5
11
15
19
19
16
10
8
7
7
3
-2
-5
-7
-6
-5
-1
5
11
13
12
10
5
0
-2
0
7
12
11
7
1
-5
-7
-8
-7
-5
-4
-3
-8
-17
-19
-10
4
12
9
0
-10
-19
-25
-21
-9
3
15
18
12
4
2
3
6
6
3
-2
-8
-11
-14
-10
1
13
19
17
13
8
4
-1
-5
-10
-12
-16
-15
-15
-18
-19
-18
-17
-15
-11
-5
3
7
6
6
1
0
-2
-2
0
2
2
3
1
-3
-5
-1
5
5
3
4
10
16
17
14
9
2
-2
-2
0
4
8
10
10
2
-7
-14
-9
-3
0
1
4
5
-2
-11
-16
-16
-17
-19
-15
-6
1
4
1
-5
-14
-20
-19
-10
-4
0
4
8
7
6
8
11
9
0
-7
-12
-11
-5
7
15
17
12
5
2
2
3
6
12
18
14
5
-3
-1
10
23
31
33
31
27
17
10
7
7
7
2
-4
-5
-6
-10
-15
-20
-20
-21
-19
-11
-3
1
-4
-11
-17
-18
-14
-8
-6
-10
-10
-7
-1
3
2
3
5
1
-6
-8
-3
4
3
-3
-6
-3
-4
-8
-8
-2
2
3
1
-3
-6
-12
-12
-3
5
11
11
3
-7
-14
-17
-17
-18
-15
-10
-4
-3
-7
-13
-10
-2
10
18
23
20
12
2
-4
-3
3
11
14
12
9
9
13
21
26
33
22
11
15
6
5
12
29
31
15
3
-2
-9
-19
-22
-22
-27
-19
2
12
-2
-14
-17
-4
3
-7
-21
-27
-22
-16
-10
-4
2
0
-9
-12
-9
-13
-19
-20
-9
4
9
5
5
9
14
16
14
14
11
7
6
5
8
8
9
11
15
18
15
9
7
10
9
0
-8
-10
-9
-7
-6
-2
2
5
5
2
-5
-12
-23
-33
-37
-35
-28
-19
-7
-4
-3
-4
-3
-1
-2
-3
2
11
19
20
19
19
18
17
15
15
17
12
3
-7
-13
-9
2
9
9
7
5
-1
-9
-16
-19
-20
-20
-20
-19
-13
-4
3
6
10
11
11
9
8
10
10
10
14
16
14
9
6
7
7
10
15
17
16
13
7
3
1
0
2
3
2
0
-4
-8
-12
-12
-11
-13
-16
-20
-26
-34
-39
-36
-26
-15
-7
-3
0
2
5
5
0
-6
-11
-14
-16
-17
-14
-7
1
6
8
8
8
11
13
16
15
20
26
30
28
24
19
13
6
0
-4
-3
-2
-3
0
8
10
2
-6
-12
-11
-6
-2
0
1
-1
-9
-21
-29
-31
-21
-10
-5
-6
-11
-14
-13
-7
3
11
14
14
9
7
13
17
14
7
1
-2
-3
-5
-4
1
6
8
6
0
-3
0
3
5
4
0
-2
1
12
21
20
9
-4
-10
-9
-2
8
17
18
10
0
-5
-8
-12
-9
1
8
8
0
-6
-4
0
4
3
-2
-7
-13
-14
-11
-7
-8
-11
-14
-15
-15
-14
-7
0
7
10
10
5
0
-5
-5
-1
0
-3
-7
-10
-9
-7
-7
-6
-3
-2
1
7
10
8
3
-1
-2
-3
-2
-3
-6
-16
-29
-35
-33
-25
-16
-9
-3
4
7
7
10
12
13
15
15
12
5
-3
-4
-1
3
6
12
20
21
14
7
12
20
20
18
18
15
11
5
-1
-2
-1
-3
0
6
8
7
4
3
5
3
-2
-6
-6
-3
3
6
3
-5
-13
-19
-25
-24
-15
-3
0
-3
-7
-12
-15
-12
-4
5
11
12
12
13
18
24
26
22
12
4
-1
-4
-2
2
5
4
-3
-11
-14
-16
-17
-15
-7
1
3
-3
-8
-4
0
0
-5
-14
-23
-30
-30
-26
-21
-16
-14
-14
-18
-16
-9
-1
4
3
5
12
15
9
3
-4
-3
-2
1
2
5
7
5
-1
-4
-3
0
3
5
8
5
2
-3
-9
-13
-16
-15
-11
-6
1
5
8
13
23
31
35
33
28
26
25
22
14
8
7
9
8
7
2
-3
-5
-9
-8
-1
6
8
7
3
0
2
5
4
3
2
5
8
4
1
0
-5
-10
-10
-6
-2
-4
-12
-16
-19
-18
-15
-14
-18
-22
-24
-22
-18
-11
-5
-1
-4
-7
-4
2
6
8
10
18
24
25
18
13
12
14
16
12
7
0
-3
-3
2
6
2
-10
-23
-26
-26
-22
-15
-8
-4
-6
-10
-9
-4
0
-1
0
-2
-5
-9
-10
-7
-3
2
2
2
0
2
9
14
15
12
7
0
-6
-11
-11
-8
-4
-2
-6
-11
-12
-11
-3
6
15
17
17
18
15
12
14
17
17
14
12
14
16
18
18
15
11
5
-2
-8
-12
-10
-3
3
0
-8
-14
-13
-10
-6
-5
-3
-6
-8
-9
-8
-6
-5
0
5
4
3
9
19
22
16
10
8
5
0
-4
-3
1
9
16
19
17
13
10
11
12
8
7
6
2
-4
-7
-7
-3
1
5
6
6
3
-3
-10
-18
-22
-21
-16
-17
-26
-35
-38
-34
-27
-21
-16
-17
-22
-21
-17
-18
-21
-19
-17
-19
-19
-15
-10
-8
-6
3
14
18
22
30
39
44
45
43
38
30
27
30
33
30
29
33
37
32
18
5
-1
-4
-8
-11
-7
-2
1
3
4
0
-6
-10
-7
1
8
15
16
15
12
9
8
1
-9
-18
-24
-31
-33
-26
-15
-7
-8
-13
-18
-21
-25
-29
-27
-22
-16
-10
-9
-12
-13
-11
-8
-2
3
8
7
5
0
-4
-4
0
3
6
8
14
23
25
19
11
-2
-17
-26
-22
-6
5
9
10
13
17
19
23
24
19
13
17
25
31
31
26
20
13
6
1
3
6
10
8
7
13
17
16
6
-3
-8
-10
-14
-22
-25
-19
-6
7
15
14
2
-11
-21
-20
-11
1
10
13
6
-8
-22
-26
-21
-10
3
12
16
14
6
-5
-13
-18
-15
-7
-1
0
-1
2
3
-1
-5
-8
-12
-10
-8
-1
4
7
6
2
-6
-18
-22
-19
-13
-9
-9
-11
-12
-13
-16
-18
-17
-13
-8
-8
-6
-1
0
1
4
7
12
14
20
23
20
15
11
11
9
6
2
1
2
4
5
9
15
21
20
15
10
7
6
6
8
10
13
12
6
-1
-5
-3
-3
-3
0
8
14
16
16
22
31
32
26
17
9
5
6
8
9
4
-3
-13
-23
-31
-35
-32
-23
-12
-6
-6
-10
-16
-17
-14
-9
-6
-6
-12
-22
-28
-26
-20
-13
-9
-7
0
2
0
-4
-4
0
7
10
10
9
4
-3
-15
-27
-31
-28
-23
-18
-16
-15
-8
3
7
9
11
12
8
1
-2
-3
-3
-5
-5
-2
3
8
16
24
26
23
20
18
22
25
24
20
13
6
2
0
0
4
6
6
3
2
-3
-5
-4
-5
-5
-2
1
5
5
1
1
1
1
-2
-5
-3
4
6
5
2
-5
-10
-14
-18
-13
-2
11
28
29
20
11
18
26
22
11
4
1
-8
-24
-41
-41
-26
-28
-50
-38
4
14
-31
-76
-63
-58
-89
-114
-80
-15
0
-39
-66
-45
-28
-47
-82
-75
-47
-44
-48
-15
29
27
11
9
25
45
39
15
-13
-50
-60
9
108
140
101
45
17
5
-3
-1
9
23
44
54
87
112
50
7
41
120
143
116
3
-14
-42
18
163
166
1946
5582
4105
-5100
-8205
2278
10373
4022
-4705
-4147
-221
881
115
-825
-1034
218
-192
-3286
-3412
-79
202
-2757
-1767
1737
770
-3379
-4310
-1057
2058
2261
-91
-1672
-763
466
-59
-217
1844
3049
1203
-884
-247
1334
1620
1036
1059
1698
1509
-31
-1256
-289
1444
1533
190
-406
-165
-507
-1197
-967
228
840
127
-1193
-1543
-725
-52
-123
-58
540
397
-657
-1223
-467
604
984
754
336
85
-102
-159
121
849
1305
894
104
-259
-67
82
173
446
696
276
-609
-1036
-658
37
291
28
-377
-532
-610
-755
-728
-324
87
-33
-456
-674
-551
-365
-118
158
273
104
-193
-295
-119
209
404
430
340
246
59
-158
-34
460
772
491
57
-88
15
55
68
192
315
169
-280
-609
-555
-260
-54
-51
-210
-366
-491
-594
-485
-121
76
-116
-318
-294
-173
-85
10
130
288
311
41
-147
72
403
415
317
302
296
267
194
47
30
330
479
222
-65
-77
-18
91
223
142
-81
-120
-31
-177
-334
-137
130
-18
-333
-293
48
253
82
-77
-12
49
387
224
928
5185
7906
201
-8986
-3232
9187
10219
2514
-1019
-1997
-3718
-2082
3531
6487
2588
-4097
-7358
-3489
1846
1371
-3082
-3630
-758
-1415
-4820
-4658
-1238
-1910
-5549
-4541
266
779
-4028
-7065
-4382
589
1484
-1177
-2423
-1775
-1527
-872
1204
2841
2962
1411
-92
835
3708
5262
4625
3723
3438
3349
3639
4820
5193
3325
935
2811
9518
11627
631
-11172
-4695
11208
13327
-222
-10231
-7164
1328
2938
-3040
-4775
-1555
-2274
-8814
-9384
-764
4799
-1835
-11420
-8641
46
1300
-4436
-5406
-479
1153
-3696
-7044
-1337
4857
2173
-3814
-2232
3294
2835
-1918
-1797
3925
5467
-334
-3888
1164
5984
2263
-2924
84
5899
4096
-2320
-2994
3377
7069
3328
-1230
1327
6818
6223
1683
1413
5827
7043
4077
2299
4201
6009
4845
3069
2499
3327
2709
331
-827
970
1765
-2277
-6909
-7615
-5076
-5159
-7150
-7711
-7872
-9070
-9758
-8959
-8030
-6667
-7172
-8379
-7425
-5265
-4265
-3982
-3733
-3126
-977
-174
-1254
-799
1699
2907
2077
1547
2307
4061
4712
3458
1641
1960
4196
5169
3478
1486
1921
3216
3287
2708
3491
4301
3722
3702
5582
6628
5097
4945
8199
10767
8511
5191
6191
10086
11735
9396
6363
5426
6537
6750
5161
3195
1792
422
-1255
-2035
-2758
-5079
-8750
-10747
-10154
-9284
-11077
-14728
-16143
-14942
-13834
-13796
-14116
-15178
-15807
-14085
-11202
-9387
-9228
-10146
-10678
-8326
-3604
-2148
-4953
-6301
-3646
-756
817
2886
4042
3372
1898
2258
5268
9851
13305
12608
9511
8441
12054
15400
15188
13781
14107
14970
13921
12233
11403
11900
11899
10787
9057
7304
5976
4250
3170
3257
3696
5566
7916
3493
-7035
-8262
2174
10592
7907
-1811
-9554
-8925
-1196
3693
2093
-3168
-7781
-9182
-6399
-2019
-1514
-5334
-8972
-8619
-7431
-8012
-9369
-9888
-8856
-8579
-10898
-13529
-12896
-11020
-11543
-13478
-13722
-12872
-13692
-15807
-17009
-15981
-15045
-16315
-19240
-20768
-19865
-17734
-16742
-17261
-13179
-2045
13182
12610
2886
-6024
-3829
16959
32616
24284
5829
5421
18889
26747
22839
19372
20327
20290
16792
13198
13984
15690
13716
8591
6910
7594
3673
-3697
-6252
-1948
318
-4285
-10457
-10022
-6845
-9154
-13489
-11000
-4773
-4705
-9615
-11253
-7465
-3926
-2891
-2716
-1618
-1331
-2400
-2212
593
4084
3307
-550
-1445
2308
4262
1893
-1016
-1410
-141
-316
-2097
-3375
-2957
-3445
-5340
-6081
-4806
-4180
-5724
-7186
-6448
-4942
-4608
-4910
-5159
-5114
-5011
-4979
-5156
-5068
-5293
-5939
-6670
-6924
-6573
-6415
-7059
-8807
-9791
-8422
-5480
-4329
-3611
802
5488
3987
380
5150
14228
16101
12180
12796
18171
20104
18131
17105
19311
21934
21386
17462
14541
15460
15672
12643
9464
9358
8220
3777
-313
-1287
1508
3602
-2050
-12334
-12695
-4984
-2031
-7240
-13336
-14024
-10273
-7050
-8091
-9043
-8527
-7969
-7833
-6598
-3921
-2291
-3082
-4433
-3139
-1104
239
312
-549
-654
-229
-212
-426
-623
-1232
-1602
-1064
-517
-1873
-4767
-5962
-3554
-883
-1980
-6086
-9403
-9287
-6762
-5177
-6654
-9451
-11703
-11646
-9958
-8525
-6498
-5700
-9702
-16757
-16480
-8043
269
2845
1519
-2673
-6307
385
13573
19584
12720
8285
13796
20053
19834
17973
20504
22954
23128
20285
17846
16863
16935
16058
14472
14297
11839
6271
1087
1203
3432
2629
-2165
-5418
-3552
-3463
-9546
-13316
-7998
-2465
-4426
-11438
-14843
-10899
-4540
-3279
-5365
-5927
-6027
-6290
-4766
-226
2229
-25
-3180
-1911
987
1042
-133
242
2638
3050
-65
-4006
-3195
849
2505
-229
-5049
-7704
-7489
-5234
-3921
-5424
-9444
-12528
-12364
-9809
-7556
-8581
-11717
-14167
-14059
-12357
-10475
-10028
-11138
-12689
-13220
-11586
-8448
-6333
-7215
-8577
-4053
12081
19732
5934
-9011
600
25087
32024
18382
7101
11497
23150
26572
20394
17569
20471
19716
13745
12426
16115
15426
7908
3712
6643
7952
1749
-5613
-5481
-661
-1454
-7997
-8855
-4337
-6255
-13887
-13162
-4429
-332
-6036
-12155
-10397
-3368
571
-1556
-3184
-2096
-937
-2131
-928
3722
5276
815
-2996
-570
3394
3863
633
-1623
-1731
-1684
-2126
-1871
-1852
-4185
-7182
-7605
-5581
-5252
-7951
-10691
-10206
-8209
-7940
-9686
-10639
-9834
-9241
-9681
-9901
-8945
-8474
-8943
-9614
-8980
-7716
-6854
-6677
-6635
-6038
-5495
-5563
-5186
631
11589
16592
7504
-2252
4331
20776
26922
19611
13836
15983
20112
20883
20672
21764
22013
18787
14376
13940
15988
14569
9402
7081
8538
7504
1664
-3312
-2756
-719
-2402
-6860
-8640
-6316
-4833
-8567
-12865
-10704
-5329
-3914
-7342
-9610
-8119
-4845
-2942
-2204
-1732
-2352
-3645
-3206
758
4046
2621
-1374
-1700
1178
2639
1068
-912
-941
-369
-1210
-3072
-3406
-3466
-5086
-7308
-7290
-5908
-6858
-10141
-11935
-10432
-8459
-8594
-10466
-11392
-11132
-10979
-10580
-9089
-7843
-8994
-11067
-10824
-8099
-6208
-6344
-6486
-5624
-5274
-5755
-5303
-2198
5158
13666
13952
4492
164
10270
23206
24788
18959
15816
17096
19541
21253
22699
23161
21078
16829
14551
15628
16436
13365
9257
8326
8671
5829
845
-1752
-1012
1179
546
-5258
-10899
-9289
-5192
-5083
-7266
-8277
-9358
-10608
-9061
-5455
-2972
-4282
-6814
-7078
-3994
-793
-325
-1299
-1370
-574
-708
-464
676
1337
410
-1154
-1796
-1259
-576
-923
-2593
-5032
-6624
-6363
-5620
-6279
-8575
-10869
-11460
-10482
-9616
-10284
-11597
-12219
-11991
-11401
-10788
-10305
-10079
-9980
-9832
-9558
-8769
-7422
-6150
-5246
-5258
-6336
-6015
-3704
122
7430
15947
14403
3275
499
13205
26781
27000
19132
14126
16770
22001
23850
22781
21678
20330
16756
14537
15297
15880
12737
9148
8389
7670
4345
-640
-1928
-387
-91
-1617
-3799
-8049
-11611
-9344
-4785
-2732
-6444
-12309
-13897
-8132
-2020
-1938
-5461
-8039
-6784
-3768
-1147
-162
-71
-1499
-2407
-1045
1167
2004
256
-1828
-2133
-1100
-539
-823
-2770
-5312
-6545
-6044
-5153
-5840
-8648
-11432
-11339
-9183
-7979
-9676
-12273
-13007
-11550
-10083
-9280
-8560
-9132
-10926
-11623
-8883
-4618
-3632
-6599
-8786
-7318
-3743
-1511
-2074
-3525
-3847
-105
9814
18065
12977
1656
2795
16665
25920
23433
17573
15133
16688
19790
22213
23085
22030
18290
13824
13359
16103
16022
11344
7840
7655
7116
3857
199
-356
1195
812
-3620
-7503
-7002
-4923
-5792
-7472
-6855
-6812
-9136
-10203
-6918
-3455
-3779
-6751
-7456
-4410
-1518
-1837
-3023
-2053
-668
-451
-1271
-1473
-813
5
-64
-712
-1737
-3829
-5702
-5488
-3215
-2937
-6315
-10524
-11509
-9686
-8309
-8451
-9845
-11675
-13259
-12989
-11038
-9000
-9059
-11212
-12594
-10948
-7367
-6192
-8296
-9786
-8024
-5106
-3767
-3949
-4326
-4586
-4478
-2693
1561
8300
14423
12926
4959
3455
13883
24824
24925
18577
15520
17819
20874
21668
22604
23657
21098
15604
13624
16385
17492
13590
8706
7670
8187
6070
1291
-1244
-542
-377
-1276
-2718
-6497
-10617
-9062
-4396
-2646
-6748
-12159
-12291
-6868
-2470
-3761
-6673
-7417
-5742
-3891
-2394
-1160
-733
-1929
-3262
-2198
-45
772
-965
-2669
-1666
-500
-1912
-4487
-5493
-4759
-4376
-5564
-7512
-9236
-10500
-10622
-9279
-7983
-9053
-12089
-13693
-12356
-9853
-8720
-9344
-10031
-10277
-10080
-8922
-6572
-5050
-5961
-7528
-7486
-4779
-1367
-385
-3331
-5351
-3130
1049
6163
11799
14399
9212
3609
7767
19236
25181
21575
16582
14881
17068
20755
23871
23073
19082
15318
13877
15992
17437
14805
9327
6960
7836
7779
4615
823
142
842
-152
-3580
-5289
-4692
-4877
-6967
-7842
-6687
-6447
-7933
-8701
-6980
-5423
-5828
-6683
-5582
-3967
-4142
-4971
-3663
-1108
-734
-2526
-3615
-2193
-198
-99
-2037
-3878
-3995
-3521
-3641
-4448
-5884
-7953
-9380
-8942
-7817
-8200
-10345
-11952
-11691
-10454
-9841
-10313
-10786
-10948
-11037
-10268
-8338
-7244
-8183
-9406
-8306
-5590
-4360
-5359
-5941
-3743
-970
-1300
-3614
-3823
-438
6845
16073
17550
6646
-866
8410
23872
28031
21793
15368
13565
17174
22381
24586
23110
19978
15758
13194
14655
16625
14918
10965
8496
7146
5242
2498
871
1057
565
-916
-2195
-4093
-7673
-9097
-5365
-1302
-4504
-11810
-12767
-7094
-2775
-4240
-7055
-7090
-5422
-4507
-3871
-1856
-668
-2232
-4438
-3318
-155
1146
-716
-3480
-4375
-3430
-2184
-2791
-4979
-7411
-9018
-8904
-7274
-6914
-9351
-12141
-12577
-10518
-9051
-10035
-12072
-12634
-11777
-10380
-8468
-7194
-8271
-10823
-11296
-8216
-3431
-2547
-6367
-8818
-5450
-420
496
-1701
-3383
-2435
-823
3821
13010
18411
11618
1617
4291
17635
27396
24971
17360
13261
15182
19604
22630
24266
22667
17730
12133
12155
16512
18016
13305
7689
6807
6917
4643
1122
1102
2877
1516
-4068
-7702
-6119
-3963
-4217
-5595
-7049
-9361
-9776
-7973
-5331
-4535
-6178
-8107
-7394
-4512
-3140
-3488
-3736
-2659
-2287
-2671
-2241
-708
-939
-3530
-4284
-2397
-1257
-3596
-7054
-8129
-6781
-6028
-7366
-9328
-10508
-10891
-11128
-10656
-9884
-10138
-11930
-13087
-11564
-9258
-9153
-10477
-9857
-7574
-6819
-8088
-7701
-5615
-4942
-5842
-5037
-1522
-90
-3060
-5800
-3027
3107
8399
12351
13367
8711
3649
9023
21662
26898
20833
13755
14171
20080
24405
23685
21119
19281
17081
15355
16259
17744
15790
11346
8362
7733
7359
5241
2224
965
1771
836
-3732
-6598
-5853
-4845
-4720
-5886
-8769
-10745
-9024
-6794
-6068
-6478
-7139
-7827
-7643
-5765
-3556
-2612
-3668
-4334
-3571
-2135
-1344
-962
-827
-2166
-4495
-4776
-2314
-1447
-4182
-7743
-8962
-8075
-7199
-7840
-9539
-11376
-12535
-12331
-11054
-9793
-10114
-11878
-13005
-11954
-9884
-8700
-8758
-9022
-9041
-8853
-7924
-5814
-4307
-5207
-6315
-4436
-964
-599
-3075
-4032
-239
8169
17289
17304
6517
950
10479
24606
28444
22892
16269
14434
18068
22968
26085
25683
21303
14980
13443
17242
19226
15910
11034
9013
8243
6287
3235
1407
1625
1945
-419
-4824
-6826
-6904
-6217
-4771
-4831
-8558
-11813
-10156
-6785
-5153
-5931
-7250
-7928
-6698
-4656
-3301
-2772
-2883
-3238
-3805
-3004
-1041
68
-1736
-4382
-4835
-2989
-1918
-3631
-6331
-7902
-8054
-8129
-8231
-8658
-9840
-11888
-12983
-11922
-10461
-10520
-11937
-12495
-11795
-11030
-10624
-9445
-8104
-8432
-8780
-7575
-5784
-4598
-4163
-4873
-5717
-3732
-222
552
-2560
-5225
-2443
6118
16042
18388
9443
257
5393
21165
29298
24152
16361
13987
16217
21338
26462
26550
21307
15609
14006
16549
19223
17402
12477
9287
8382
6967
4291
2532
1654
465
-2191
-4130
-2877
-2217
-7500
-12614
-7982
-1205
-3701
-11940
-13354
-8097
-3905
-4222
-6025
-5983
-5861
-6091
-4890
-1006
748
-1890
-5077
-3878
66
534
-2509
-4345
-3232
-2718
-4354
-6173
-6448
-6689
-8262
-9413
-8947
-9014
-11149
-12937
-12077
-10119
-10277
-12270
-13343
-12319
-10856
-9951
-9411
-9168
-8906
-8792
-8575
-7868
-5781
-3776
-3966
-5359
-5575
-3716
-719
1300
-130
-3289
-3494
3451
15644
20743
11168
902
5495
19864
28302
25995
19222
14333
15288
20439
25671
27261
23512
16053
11998
14983
18952
17929
12646
8325
6551
5974
4589
2065
665
738
-88
-3632
-7316
-7624
-5544
-5011
-6192
-6504
-8229
-11037
-10310
-5562
-2480
-4442
-7576
-7628
-4724
-2363
-1714
-1912
-2149
-2709
-2794
-1450
66
-365
-3222
-4775
-3295
-2146
-3882
-6181
-7183
-7570
-8460
-9309
-9006
-9286
-11238
-13209
-12634
-10613
-10238
-12278
-13883
-13137
-11445
-10296
-10132
-9835
-9447
-9097
-8899
-7926
-5700
-4967
-6296
-6678
-4105
-1215
-1424
-3326
-3304
-1647
1221
9560
19229
16236
3317
1404
15996
28777
26953
18987
15915
17967
20356
22591
25784
26287
20326
13305
13713
19038
19814
13588
8610
8871
8946
5114
1287
1165
1792
-644
-4522
-4241
-1820
-4762
-11109
-10901
-4165
-1477
-6881
-12495
-10937
-5576
-2990
-3808
-4466
-5017
-6282
-5851
-1960
2009
679
-3990
-5258
-1652
1184
-74
-2948
-4031
-3463
-4053
-5593
-6302
-6692
-8211
-9508
-9196
-9260
-11403
-13515
-13009
-11203
-10794
-12186
-13524
-13221
-11934
-10900
-10342
-9689
-9321
-9765
-9747
-8318
-6265
-5163
-5703
-6668
-5693
-2862
-494
-364
-1965
-3749
-2995
3528
14596
20258
12474
2152
5322
19271
27931
25672
20069
16654
16880
20529
25315
26499
23281
18325
15003
15762
17852
16822
12309
9752
9172
6996
3189
1212
1194
763
105
-1808
-5964
-9165
-7324
-4597
-4792
-6455
-8563
-11122
-10309
-5971
-3131
-3979
-6557
-7492
-6144
-3325
-1545
-1162
-2035
-2929
-3148
-2564
-1118
-182
-389
-2322
-5002
-6373
-4700
-2686
-3861
-7359
-10227
-10654
-9280
-8402
-9616
-11584
-12759
-12900
-12158
-11352
-11095
-11877
-12618
-12108
-10711
-9155
-8607
-9106
-9723
-8618
-6623
-6095
-6346
-5465
-4230
-4330
-3807
-2087
-2321
-4388
-2698
6603
17866
19261
7339
-2152
7733
26697
32460
23422
15633
14849
18059
23573
28648
28575
22116
14684
12327
17329
21452
17746
10454
7625
8026
6483
3599
1795
1035
-1014
-2460
-2340
-3906
-8639
-10446
-7005
-3679
-4553
-8942
-12235
-10715
-5786
-2924
-3166
-4940
-6806
-7074
-3832
602
1473
-1516
-4331
-3382
-628
526
-457
-1451
-2543
-4623
-5739
-4266
-2851
-4819
-8608
-10699
-9960
-8752
-9455
-11258
-12039
-11856
-12102
-12522
-12098
-11291
-11486
-12232
-12064
-10874
-9485
-8700
-8762
-9127
-8857
-7732
-6153
-4830
-5041
-6082
-5091
-1788
-79
-1920
-4099
-2917
4662
15444
19428
11248
2524
7163
20214
28454
26656
21024
16450
16622
21348
26471
28228
24428
17588
13010
15498
19666
18270
12453
8585
7770
6378
4153
2413
1069
-1490
-4066
-5175
-5398
-5008
-3988
-5248
-10338
-12485
-7732
-2611
-3744
-7783
-9265
-7712
-4772
-2350
-1326
-2399
-4422
-5484
-3537
-115
719
-1578
-3756
-3390
-2243
-2205
-3353
-4716
-5646
-6173
-6856
-7868
-8924
-9854
-10405
-10421
-10815
-12076
-13205
-12869
-11358
-10567
-11340
-12696
-12867
-11626
-9968
-8769
-8266
-8648
-9922
-10122
-7106
-3916
-4168
-6177
-5849
-3610
-2318
-1958
-2035
-2424
-1315
5349
16177
20349
10892
639
5991
23078
32756
26964
16863
13449
17240
24028
29428
28267
21194
14509
13054
16476
20206
18298
10653
6082
6946
7185
3762
800
163
-1196
-2257
-1931
-3667
-9168
-10381
-6253
-3743
-4803
-7746
-10586
-11241
-6870
-2580
-1917
-4473
-7144
-7129
-4055
-150
516
-1462
-3714
-3186
-1551
-763
-1153
-2245
-2866
-3228
-4511
-6302
-6559
-6064
-6472
-8090
-9689
-10894
-11447
-11307
-10573
-10282
-11230
-12806
-13323
-12295
-11276
-10762
-10536
-10153
-10293
-10470
-9541
-7861
-7167
-7502
-8195
-8132
-5992
-3072
-1964
-3236
-4114
-3795
-2869
56
7194
15732
16672
8848
3902
10473
21947
27877
26719
21015
15767
16272
22922
29030
28488
22678
16104
13938
16241
18761
17240
12965
9049
5707
3768
3454
3192
648
-2743
-4536
-5365
-6293
-7961
-8731
-5425
-1795
-6284
-14494
-12101
-2702
416
-4018
-7188
-6224
-4341
-2679
-1129
1016
213
-3824
-5726
-2013
2076
829
-3052
-4079
-2948
-3795
-5269
-4942
-4514
-6424
-9516
-10770
-9304
-8727
-10786
-12879
-12648
-11782
-12687
-13787
-12896
-11164
-11440
-12490
-12177
-11048
-10731
-10027
-8108
-7236
-8023
-9058
-8819
-7686
-4782
-1831
-2051
-4794
-5824
-4061
-1729
4119
14319
20941
14048
2210
3492
18949
31719
30396
21635
14546
15755
23001
28273
27492
24307
19472
13569
13820
18480
18500
12024
7657
7072
6351
3669
260
-1872
-2363
-1373
-1775
-5228
-9744
-10325
-7494
-5648
-6130
-6998
-7867
-9178
-9086
-5732
-1703
-1230
-3700
-5408
-4058
-1601
126
270
-202
-1056
-2249
-2234
-675
185
-1592
-3932
-4762
-4638
-5537
-6659
-6570
-6422
-8214
-11173
-12482
-11515
-10291
-10780
-12218
-13277
-13347
-12495
-11109
-10352
-11076
-12591
-12756
-10212
-7228
-7276
-9709
-10277
-8063
-6126
-5944
-4945
-2927
-3092
-5569
-6420
-3157
2621
10049
16647
16403
8469
4122
12233
25091
30678
27385
20957
16453
18147
25014
29630
27409
21472
16405
14450
15905
17586
15182
10044
6546
5252
4206
1920
-1298
-3755
-4335
-4028
-3534
-4680
-9024
-12364
-10107
-5895
-4834
-6461
-8043
-8643
-7748
-4746
-1226
471
-1169
-3522
-3686
-1145
1522
2297
1280
-626
-1926
-2009
-542
349
-930
-3854
-6246
-6771
-5892
-5544
-7089
-9692
-11937
-12486
-11505
-10509
-11082
-13128
-14605
-14039
-12229
-10848
-11203
-12453
-12892
-11601
-9557
-8574
-9079
-9710
-8967
-7869
-7432
-7361
-5686
-3485
-3312
-3943
-4694
-4891
-1830
7963
18833
19431
9304
2070
8889
23425
32499
29397
20600
15682
18125
24306
28168
28261
23780
16746
13044
15349
17793
15353
10085
6754
6103
4685
1026
-2184
-2886
-3487
-4752
-4528
-4151
-8298
-12725
-10998
-5363
-3320
-6384
-9037
-8681
-6432
-4183
-1346
407
-275
-2611
-3150
-580
2335
2810
674
-266
84
-190
-1781
-2721
-2273
-1599
-2686
-5882
-8686
-9618
-8230
-7205
-8333
-11248
-13808
-14621
-13539
-11499
-10658
-12019
-14263
-14812
-13396
-11146
-9813
-9833
-10354
-10837
-10673
-9280
-7155
-6493
-7783
-8317
-5598
-2665
-3196
-4628
-4251
-2926
-720
7698
19246
19834
8655
2367
10963
24492
31213
28402
21218
16342
17025
22694
27946
28792
23049
15130
11927
14338
17106
14895
9457
5766
5001
3553
560
-1576
-2626
-4068
-5622
-5990
-6339
-8531
-10413
-8037
-2616
-2210
-8535
-11371
-5813
487
547
-1662
-1740
-1210
-1680
-582
3080
4407
1072
-2820
-2038
1082
1344
-1216
-2968
-3273
-4658
-6598
-6575
-5687
-7531
-11249
-12983
-11826
-10929
-11965
-13463
-13917
-13829
-13985
-14071
-13089
-11709
-11786
-12654
-12752
-11410
-10257
-9790
-9055
-7974
-8242
-9465
-8975
-6091
-2920
-2544
-5322
-7783
-5573
2307
13754
20829
14895
2406
2434
17538
30014
30809
25105
18237
15070
20718
28858
29215
23827
19000
16037
15429
17366
16271
10947
7711
7704
6805
3379
-262
-3628
-5000
-3527
-2006
-2739
-5866
-10258
-12462
-8349
-3663
-3520
-6019
-6781
-6745
-6673
-3235
1369
2321
-1040
-2740
-734
2173
2593
1498
1272
1131
212
-1202
-1596
-2122
-3336
-3798
-3411
-4731
-8181
-10781
-10159
-8468
-9136
-11454
-13447
-13918
-13857
-13383
-12289
-11761
-12789
-13976
-13229
-11620
-10581
-10569
-10077
-9518
-9629
-9805
-9436
-8259
-6944
-5601
-4863
-5033
-6011
-6536
-5821
-667
10329
19347
16149
5514
2743
12019
24454
30417
27897
20076
15219
17827
24229
28134
26817
21652
15703
13810
15889
16875
13672
9146
6761
6351
5170
1378
-2345
-3924
-3527
-3711
-4623
-4050
-4056
-8997
-14298
-10341
-1872
94
-5606
-9004
-6911
-3710
-1349
1164
2546
-197
-3218
-1972
2576
4158
1664
-1155
-1185
216
596
-194
-2808
-5938
-6902
-5045
-4041
-6512
-11138
-13694
-12601
-10343
-10102
-12839
-15777
-16315
-14363
-12316
-11632
-12603
-14004
-14213
-12514
-10271
-9589
-9614
-9950
-10398
-9241
-6666
-5430
-5700
-5251
-3956
-3812
-4859
-3229
4956
16767
19368
8765
1637
10268
23739
27258
24668
22643
19736
16609
19858
26998
27914
21836
15343
14659
16942
16639
12267
8724
8457
7602
4585
1626
80
-2403
-4763
-4849
-3309
-4080
-8017
-10140
-6946
-2282
-3643
-9180
-9029
-2264
615
-2735
-4183
-1375
411
-556
-209
2077
2326
-428
-1564
782
2374
154
-2895
-3158
-2024
-2672
-4802
-5715
-6470
-8557
-10037
-9402
-9059
-11251
-14185
-14539
-12528
-12093
-13784
-14409
-13276
-12649
-12631
-12051
-11575
-11957
-12109
-10792
-8402
-7206
-8561
-10031
-8365
-4912
-3139
-3562
-4620
-5859
-5257
2002
14900
21094
11706
39
3231
19209
30005
28128
20783
15512
15416
19691
26055
28396
23782
14988
11606
16446
19866
15053
7937
6859
8554
7705
3875
181
-2552
-3903
-2217
773
-758
-7851
-11860
-8623
-3393
-2618
-5699
-7945
-7540
-5631
-3482
-1228
-541
-2089
-3292
-1497
1506
2345
808
-840
-616
607
1220
417
-1200
-3007
-4104
-3561
-2534
-3792
-7538
-10192
-9894
-8279
-8509
-11217
-13837
-14439
-13605
-12614
-12240
-12665
-13735
-14420
-13531
-11565
-10077
-10241
-11264
-11276
-9798
-8693
-8088
-6495
-4709
-4669
-5547
-4910
-4078
-3274
697
10117
17862
14400
4426
3389
15270
25507
25771
21526
18934
16722
16726
21902
26341
24413
18153
14506
14766
15648
13860
10733
9732
9537
7024
2753
257
-497
-1413
-2218
-2360
-3688
-6970
-8689
-4761
-77
-4051
-12130
-10526
-1306
1484
-3733
-6437
-3768
-1420
-895
528
2284
484
-2928
-1904
2367
3025
-369
-2466
-1482
-902
-3074
-4639
-3604
-3506
-6441
-9062
-9100
-8804
-10134
-11366
-11365
-12003
-13838
-14608
-12832
-11033
-11703
-13849
-14432
-12928
-11191
-10238
-9748
-9700
-10279
-9963
-8510
-6682
-5433
-4665
-4164
-4366
-4435
-3842
-656
7063
16101
14945
4276
2171
13827
23797
22378
19609
19583
18110
17260
21013
24565
21992
17394
16414
18233
17460
13395
9891
9903
11063
9741
6073
2279
-510
-1697
-416
1030
-569
-5113
-7721
-6039
-3634
-4956
-7458
-6773
-4977
-5023
-5940
-5206
-3592
-2306
-1763
-1440
-1499
-2184
-1912
-119
1182
179
-1553
-1607
103
379
-2561
-5467
-4938
-2804
-3182
-6209
-9095
-10185
-9891
-9040
-8937
-10946
-14105
-15090
-12854
-10552
-10701
-12553
-13508
-12662
-11112
-9656
-8940
-9363
-9786
-8472
-6667
-5916
-5814
-5153
-3973
-2521
-1406
-1170
-2195
-2138
4418
15023
17168
7408
2399
10489
20229
21584
19237
18107
16582
16058
18136
21305
21031
17030
14168
15667
17362
13824
8930
8155
10121
9705
7030
3963
500
-2080
-1761
37
-101
-1835
-4240
-7750
-8996
-4393
-1041
-4582
-8860
-7250
-4083
-3897
-4164
-3258
-2774
-3549
-2919
-931
-543
-2409
-2876
-752
392
-1211
-3115
-2758
-1759
-2442
-3908
-4476
-5042
-6381
-7479
-7465
-7741
-9347
-10451
-9698
-9364
-11240
-12799
-11798
-9588
-9341
-10599
-10812
-9777
-8909
-8015
-6674
-6393
-6737
-6264
-4609
-2997
-2303
-2185
-2203
-1719
-110
1836
1543
758
4839
12089
12933
6955
5647
11656
15880
15222
15341
16348
14883
13251
14820
17005
15806
13446
13550
14649
12928
9311
7931
8994
9147
7167
5181
3570
1344
-560
-374
521
-804
-3788
-5142
-4542
-4393
-4920
-5080
-4088
-2567
-3514
-7509
-7754
-2582
363
-2055
-4655
-4362
-3728
-3314
-2245
-983
-1958
-4505
-4913
-2622
-1670
-3675
-5611
-5730
-4629
-4499
-5959
-7291
-7697
-7890
-7414
-6677
-6963
-8461
-9586
-8093
-5759
-5652
-7207
-6908
-4717
-4196
-4731
-3705
-2773
-3371
-2709
-912
-398
-1365
-1189
926
1806
1398
1487
2081
2565
2728
3049
4362
6719
7688
6565
6008
7034
8170
8524
9036
9641
9440
8792
8675
9069
8967
8475
8503
8830
8546
7065
5558
5354
5737
5080
3842
3432
2762
1172
-10
156
379
-451
-1392
-1497
-1777
-3041
-3522
-2277
-1568
-3055
-4541
-3981
-2856
-3115
-3549
-3141
-3079
-3896
-4076
-3128
-2731
-3513
-4322
-3901
-3265
-3650
-4097
-3924
-4016
-4502
-4402
-3722
-3553
-4022
-4084
-3863
-3901
-3800
-3371
-2920
-3005
-3335
-2636
-1642
-1326
-1347
-1126
-621
-548
-403
49
519
834
766
495
722
1114
908
841
1066
1386
1436
1243
1370
1407
1477
1934
2019
1497
1115
1406
1925
2245
2162
1778
1648
1924
2406
2559
2405
2336
2563
2797
2914
2934
2761
2655
2867
3094
2922
2617
2499
2512
2537
2477
2286
2167
2069
1807
1574
1409
1191
969
849
779
652
357
45
19
202
41
-550
-938
-874
-851
-1142
-1250
-1397
-1710
-1814
-1668
-1472
-1839
-2335
-2402
-2211
-1992
-2126
-2356
-2374
-2212
-2014
-2082
-2227
-2230
-2078
-1887
-1766
-1673
-1784
-1793
-1641
-1420
-1228
-1220
-1332
-1394
-1213
-1077
-940
-813
-820
-924
-884
-743
-579
-374
-345
-568
-789
-684
-383
-167
-254
-365
-305
-219
-71
96
175
199
313
501
779
973
906
836
977
1317
1647
1745
1635
1547
1692
1990
2156
2060
1826
1796
2049
2277
2242
2014
1838
1822
1871
1897
1860
1714
1483
1314
1340
1356
1194
927
735
725
710
589
380
167
16
-5
93
87
-218
-613
-701
-514
-412
-572
-812
-888
-798
-672
-645
-738
-876
-970
-923
-745
-645
-809
-1036
-1002
-780
-716
-884
-1019
-1045
-1091
-1095
-966
-875
-1038
-1356
-1455
-1180
-882
-969
-1299
-1485
-1444
-1300
-1151
-1078
-1127
-1197
-1112
-893
-769
-757
-667
-458
-306
-276
-173
66
189
111
151
444
720
746
643
635
814
1027
1035
919
893
982
1042
1062
1067
1020
903
836
935
1082
1063
813
575
583
731
740
555
373
295
277
311
328
186
-76
-201
-120
-62
-181
-377
-481
-460
-394
-389
-472
-545
-486
-391
-375
-364
-293
-232
-201
-152
-131
-178
-179
-51
87
73
-14
-16
51
83
47
12
-3
4
12
26
-2
-114
-217
-147
4
-82
-360
-448
-215
4
-50
-251
-376
-338
-170
11
2
-195
-283
-94
125
107
-23
-15
119
216
240
264
283
248
217
288
397
393
280
234
335
469
488
377
252
239
343
430
379
234
128
124
152
144
101
5
-164
-307
-325
-286
-284
-312
-413
-641
-801
-707
-573
-692
-914
-944
-827
-759
-775
-831
-908
-930
-832
-676
-583
-605
-674
-643
-476
-332
-312
-308
-248
-201
-153
-29
79
41
-71
-66
113
303
296
122
54
180
309
323
296
286
315
426
554
551
427
371
504
711
778
657
518
508
612
736
821
807
668
516
524
687
800
726
555
473
525
594
578
533
532
546
543
546
516
409
331
411
531
473
255
91
100
187
222
157
-11
-232
-376
-347
-259
-312
-538
-770
-842
-769
-759
-944
-1150
-1138
-997
-962
-1055
-1160
-1211
-1152
-966
-800
-816
-930
-948
-829
-689
-614
-596
-575
-543
-542
-536
-448
-320
-282
-336
-359
-291
-190
-118
-85
-77
-64
-38
12
96
210
284
264
208
231
357
501
595
605
548
515
588
715
779
774
774
779
752
727
755
803
812
790
772
766
747
700
667
720
812
815
723
652
636
629
649
713
731
637
500
410
383
398
411
361
224
56
-67
-115
-120
-168
-295
-426
-510
-609
-736
-798
-775
-762
-808
-898
-1029
-1131
-1072
-896
-821
-918
-1032
-1037
-942
-817
-730
-723
-769
-797
-734
-573
-433
-446
-541
-533
-409
-322
-330
-346
-308
-238
-208
-225
-240
-207
-118
22
148
141
21
4
218
495
579
441
304
371
568
667
619
562
550
545
573
644
643
542
505
620
711
640
536
563
649
661
632
650
673
627
578
619
700
709
658
613
566
497
468
501
499
379
237
194
214
172
52
-59
-122
-168
-215
-259
-349
-507
-644
-632
-531
-545
-736
-908
-880
-708
-598
-647
-782
-862
-800
-638
-515
-521
-605
-647
-587
-474
-405
-423
-487
-520
-488
-413
-351
-360
-424
-451
-377
-281
-268
-307
-274
-141
-34
-41
-80
-11
150
256
227
166
191
297
406
483
524
504
422
369
438
567
596
494
424
495
596
561
431
393
490
556
488
405
440
525
528
487
508
546
490
402
429
533
522
372
271
309
343
247
103
38
28
-28
-123
-181
-209
-284
-394
-452
-439
-422
-443
-481
-510
-527
-518
-462
-403
-414
-466
-459
-370
-294
-297
-329
-328
-295
-268
-258
-264
-297
-329
-320
-276
-258
-297
-360
-383
-348
-299
-293
-338
-361
-292
-182
-149
-195
-194
-85
44
88
61
59
134
248
323
339
341
362
397
428
453
467
441
386
371
433
503
482
411
419
523
576
481
346
321
394
454
466
462
434
373
338
368
386
291
119
6
12
54
37
-53
-164
-248
-282
-277
-299
-407
-544
-588
-522
-468
-501
-545
-515
-440
-386
-362
-337
-316
-308
-285
-225
-164
-132
-103
-41
11
2
-29
-9
36
12
-91
-165
-140
-75
-66
-124
-196
-232
-226
-194
-163
-153
-150
-145
-150
-144
-82
28
88
54
9
53
158
235
263
272
268
236
220
277
358
372
319
290
314
342
358
390
422
398
337
337
414
454
402
348
370
407
380
342
367
395
326
212
170
195
175
86
3
-31
-69
-147
-223
-259
-291
-362
-446
-500
-538
-582
-595
-559
-548
-618
-677
-601
-445
-380
-437
-479
-435
-363
-299
-213
-127
-136
-223
-233
-105
16
-3
-98
-135
-111
-90
-68
-12
32
4
-58
-72
-38
-11
2
13
-8
-61
-72
28
159
184
110
71
132
228
296
351
403
400
359
375
469
515
436
347
370
438
427
360
342
370
372
363
390
407
343
259
276
391
474
447
353
263
218
240
300
306
196
29
-76
-85
-70
-94
-159
-240
-335
-428
-496
-545
-589
-620
-612
-591
-623
-709
-753
-674
-536
-482
-538
-573
-513
-423
-373
-324
-259
-234
-255
-224
-112
-42
-81
-105
-20
58
13
-61
-42
11
0
-13
51
92
23
-41
18
106
85
15
25
83
102
111
179
252
249
216
243
308
332
327
346
367
356
344
381
426
421
397
401
400
353
310
350
434
454
398
347
334
336
340
356
360
311
231
186
197
206
167
117
97
72
-6
-104
-152
-160
-183
-219
-247
-315
-443
-538
-512
-442
-465
-562
-613
-603
-592
-586
-550
-523
-549
-571
-523
-453
-441
-456
-419
-355
-332
-336
-314
-269
-245
-233
-190
-127
-95
-103
-99
-50
8
37
55
94
139
135
98
116
212
288
269
220
237
293
317
338
401
442
393
346
409
503
497
426
416
455
450
415
416
415
355
294
306
342
317
261
249
271
274
259
250
238
216
202
202
193
168
135
95
56
28
7
-29
-75
-116
-153
-203
-248
-267
-283
-330
-389
-414
-413
-431
-474
-498
-486
-471
-479
-488
-477
-461
-459
-457
-437
-413
-406
-405
-389
-360
-346
-341
-326
-304
-294
-282
-244
-201
-192
-210
-205
-158
-111
-93
-84
-48
6
43
69
119
188
233
245
266
327
395
429
430
437
466
492
494
487
496
511
493
450
434
459
467
417
364
369
388
362
312
302
317
290
241
241
273
256
190
158
180
181
135
97
90
65
11
-18
-8
-18
-85
-161
-206
-237
-277
-310
-334
-381
-447
-483
-468
-448
-456
-465
-453
-442
-444
-425
-364
-304
-289
-292
-270
-230
-216
-219
-199
-171
-182
-235
-263
-246
-231
-244
-252
-231
-217
-225
-219
-179
-138
-132
-135
-110
-67
-28
11
62
112
137
154
186
236
278
303
313
318
325
351
396
440
450
429
406
401
400
390
385
391
386
348
293
256
253
264
256
229
198
169
155
162
176
172
149
140
149
140
94
44
31
38
22
-22
-76
-126
-156
-151
-131
-145
-209
-270
-281
-256
-238
-244
-255
-270
-287
-297
-296
-295
-303
-312
-315
-328
-351
-365
-343
-305
-286
-304
-336
-345
-318
-270
-233
-226
-235
-238
-224
-198
-173
-149
-120
-84
-58
-50
-51
-43
-10
40
90
117
127
146
193
252
302
334
347
352
366
387
410
428
439
445
433
404
380
380
402
415
388
325
260
228
232
241
217
157
91
58
63
83
83
52
6
-29
-39
-23
4
14
-7
-51
-91
-113
-123
-129
-137
-152
-169
-190
-208
-228
-252
-272
-275
-262
-247
-242
-249
-269
-281
-267
-234
-209
-224
-259
-277
-247
-198
-182
-210
-249
-253
-216
-180
-181
-203
-209
-183
-149
-148
-178
-195
-167
-106
-61
-61
-81
-67
6
102
157
153
135
168
260
352
380
342
306
335
415
470
447
378
339
361
402
400
342
274
250
273
284
233
139
74
76
109
104
36
-43
-65
-25
26
28
-24
-74
-72
-26
7
-7
-53
-81
-65
-34
-35
-83
-137
-154
-131
-108
-122
-166
-205
-211
-184
-159
-162
-188
-219
-226
-205
-175
-169
-198
-236
-247
-222
-187
-181
-210
-238
-227
-180
-137
-128
-146
-160
-142
-98
-59
-53
-71
-77
-52
-13
10
8
-3
5
34
75
118
148
165
179
210
254
294
311
320
331
342
347
353
359
349
323
304
301
293
260
227
211
194
153
112
96
79
40
0
-12
-20
-54
-92
-95
-77
-83
-107
-106
-80
-65
-70
-61
-47
-53
-70
-56
-29
-45
-97
-126
-119
-120
-149
-172
-178
-194
-222
-227
-204
-207
-248
-264
-225
-189
-207
-236
-227
-197
-191
-194
-175
-157
-174
-184
-152
-112
-119
-152
-141
-94
-74
-93
-96
-67
-51
-52
-29
15
25
4
20
83
132
140
151
201
255
278
300
351
401
406
393
413
449
457
437
433
444
430
384
351
341
319
267
214
181
153
108
61
26
-10
-47
-70
-73
-79
-105
-122
-110
-92
-98
-116
-114
-101
-108
-120
-116
-108
-126
-153
-161
-158
-177
-209
-225
-228
-243
-267
-277
-270
-265
-271
-278
-277
-273
-273
-270
-262
-245
-231
-225
-221
-206
-183
-167
-163
-154
-135
-124
-123
-113
-86
-66
-65
-59
-32
-10
-7
0
30
61
69
78
109
148
173
194
231
271
299
318
348
380
393
391
389
390
385
374
366
353
328
294
265
241
213
180
150
126
109
89
67
45
29
21
12
4
6
12
10
0
-6
-4
-5
-14
-28
-38
-47
-59
-80
-104
-121
-135
-156
-180
-194
-200
-211
-232
-248
-257
-266
-282
-293
-292
-292
-298
-297
-278
-258
-248
-238
-220
-199
-187
-178
-156
-133
-125
-130
-127
-119
-121
-128
-121
-101
-95
-101
-97
-77
-59
-44
-22
12
38
52
74
113
149
170
187
217
247
267
282
301
316
315
311
317
322
321
318
319
315
301
286
277
265
241
216
200
189
170
150
135
120
105
92
85
78
64
47
40
40
37
22
6
-7
-22
-38
-52
-64
-84
-110
-129
-135
-146
-168
-192
-205
-212
-226
-244
-255
-261
-267
-269
-266
-265
-271
-278
-276
-267
-263
-266
-263
-249
-229
-214
-202
-190
-178
-166
-148
-124
-104
-91
-83
-72
-60
-50
-43
-32
-15
5
23
39
56
75
96
119
145
167
188
207
225
241
253
262
268
269
266
260
251
243
236
228
216
198
179
165
159
153
144
129
110
95
88
90
92
81
57
32
20
24
33
40
35
22
8
3
8
12
4
-18
-42
-61
-68
-73
-86
-108
-129
-145
-153
-159
-169
-185
-198
-201
-194
-190
-194
-191
-177
-161
-154
-148
-135
-122
-121
-123
-115
-105
-108
-118
-116
-106
-102
-106
-100
-87
-82
-80
-67
-49
-39
-36
-22
2
18
18
22
45
68
80
90
115
138
145
147
167
199
214
212
212
218
218
210
209
216
208
184
171
174
169
148
124
107
89
69
61
62
56
39
26
21
16
8
3
8
7
-3
-14
-16
-16
-25
-36
-38
-42
-55
-69
-70
-68
-79
-99
-111
-116
-129
-146
-155
-159
-168
-186
-198
-205
-214
-225
-227
-220
-218
-220
-217
-208
-198
-189
-177
-163
-152
-143
-132
-120
-111
-101
-90
-80
-69
-54
-40
-21
-5
17
42
66
87
108
134
164
190
211
235
257
274
289
306
321
324
318
316
319
317
307
290
272
254
236
219
198
174
150
126
105
81
59
38
18
-1
-17
-33
-49
-66
-78
-82
-84
-87
-93
-97
-99
-101
-101
-102
-108
-120
-135
-148
-159
-170
-187
-204
-219
-238
-263
-282
-288
-283
-280
-275
-259
-235
-212
-189
-163
-131
-104
-85
-67
-44
-27
-20
-18
-14
-13
-17
-21
-17
-11
-11
-13
-4
14
29
41
59
81
95
106
123
148
167
181
199
221
234
235
237
244
252
253
250
249
245
236
228
227
222
206
182
161
144
124
98
74
55
36
9
-22
-44
-57
-69
-84
-98
-107
-117
-129
-132
-125
-119
-117
-119
-120
-121
-121
-117
-115
-119
-129
-139
-144
-152
-161
-164
-164
-167
-174
-177
-171
-165
-162
-162
-157
-147
-135
-125
-109
-89
-70
-53
-36
-23
-15
-10
-11
-12
-17
-20
-20
-13
1
19
35
46
51
57
61
63
70
79
92
109
129
154
179
200
218
230
233
230
229
230
225
220
221
222
217
202
190
177
158
134
113
94
70
48
37
27
14
-5
-14
-18
-23
-34
-41
-48
-63
-79
-81
-72
-67
-70
-72
-68
-72
-80
-85
-83
-83
-91
-99
-102
-113
-134
-151
-155
-157
-169
-180
-180
-172
-170
-172
-171
-167
-168
-171
-167
-153
-141
-135
-127
-116
-105
-104
-109
-107
-101
-96
-91
-85
-75
-64
-53
-38
-25
-15
-2
16
37
56
80
110
140
166
191
216
237
255
270
282
291
294
288
281
273
266
258
248
237
226
208
190
173
160
144
126
110
101
91
79
65
52
39
26
16
12
9
5
-4
-14
-22
-28
-30
-31
-34
-41
-48
-56
-63
-78
-97
-118
-135
-153
-173
-191
-205
-214
-222
-231
-236
-237
-235
-231
-223
-213
-205
-198
-193
-182
-168
-155
-147
-142
-139
-132
-124
-118
-113
-106
-99
-91
-84
-75
-69
-62
-56
-45
-28
-5
19
43
64
86
109
131
153
172
192
211
227
236
242
247
249
249
248
248
248
244
235
220
206
195
184
171
155
140
125
110
98
89
82
74
64
57
55
52
50
48
46
44
40
37
36
35
31
23
14
5
-6
-21
-36
-54
-70
-86
-98
-107
-119
-132
-147
-159
-170
-181
-187
-190
-192
-198
-207
-213
-213
-215
-219
-225
-226
-223
-218
-214
-210
-204
-196
-187
-175
-161
-149
-134
-115
-95
-75
-59
-43
-24
-2
18
35
53
75
100
122
140
156
171
184
195
206
219
231
240
248
252
254
253
246
238
231
225
218
210
197
182
169
159
144
123
103
90
82
76
67
56
51
47
41
29
17
8
7
5
-2
-11
-18
-24
-31
-43
-53
-62
-72
-86
-99
-110
-123
-138
-153
-164
-173
-180
-187
-195
-205
-212
-219
-224
-229
-235
-234
-229
-223
-216
-206
-197
-191
-182
-166
-145
-126
-111
-95
-74
-52
-35
-23
-9
3
14
22
34
53
73
88
100
113
130
146
159
170
180
193
205
216
221
223
224
225
228
225
218
212
210
208
203
198
195
189
180
168
152
137
122
106
93
81
65
49
34
25
15
4
-9
-20
-31
-43
-55
-64
-71
-78
-86
-96
-106
-113
-118
-124
-133
-140
-144
-145
-150
-156
-161
-163
-167
-170
-173
-171
-170
-171
-172
-169
-168
-165
-163
-158
-150
-146
-141
-136
-129
-123
-117
-111
-107
-100
-94
-85
-74
-62
-49
-34
-17
0
15
30
45
57
65
72
85
99
113
127
143
159
173
181
189
196
206
214
218
220
225
229
233
232
227
221
212
204
193
182
170
155
140
124
108
93
84
77
67
53
39
28
19
8
-1
-14
-28
-43
-58
-68
-79
-91
-104
-117
-127
-137
-150
-160
-169
-174
-183
-192
-198
-204
-206
-207
-205
-205
-207
-206
-202
-194
-185
-178
-169
-158
-144
-132
-121
-106
-91
-75
-61
-49
-37
-22
-5
11
24
37
50
65
77
85
94
105
115
123
132
140
143
144
144
148
151
157
161
160
154
150
145
139
132
123
118
113
110
105
95
76
59
48
45
40
34
27
18
10
2
-4
-8
-11
-15
-20
-27
-34
-41
-46
-54
-62
-69
-72
-76
-79
-80
-80
-84
-89
-92
-93
-96
-105
-116
-120
-118
-112
-107
-102
-101
-102
-105
-107
-103
-96
-88
-79
-69
-59
-49
-37
-26
-14
-4
5
12
22
33
44
52
65
77
87
90
92
98
103
102
100
98
99
99
97
92
89
87
87
88
88
86
84
81
81
81
79
75
66
57
49
46
41
35
26
16
5
-3
-11
-19
-30
-40
-48
-52
-54
-58
-64
-69
-72
-72
-74
-77
-79
-78
-80
-80
-80
-80
-82
-83
-83
-84
-80
-77
-70
-61
-55
-50
-48
-44
-39
-33
-31
-33
-34
-32
-26
-18
-12
-9
-9
-11
-13
-16
-20
-19
-15
-11
-9
-6
1
8
15
21
25
29
34
36
40
44
54
68
81
89
94
100
104
107
107
108
106
104
104
105
104
106
112
121
127
125
123
124
123
117
106
94
86
80
74
71
64
59
56
51
43
34
22
10
-5
-23
-39
-54
-69
-84
-98
-112
-124
-134
-144
-154
-164
-175
-186
-196
-206
-212
-215
-218
-220
-222
-218
-215
-210
-202
-191
-177
-160
-142
-124
-106
-87
-70
-54
-35
-18
-1
12
24
38
53
65
73
82
90
97
104
108
115
118
122
125
127
131
134
135
137
137
135
132
132
134
133
131
129
128
129
130
129
130
128
126
123
120
117
110
101
98
99
99
92
82
74
68
59
50
46
45
39
23
7
-6
-22
-41
-57
-69
-81
-102
-123
-135
-143
-158
-177
-190
-196
-203
-211
-213
-205
-195
-190
-185
-176
-164
-159
-156
-148
-136
-128
-120
-108
-93
-80
-72
-64
-57
-53
-50
-44
-32
-21
-12
-9
-2
8
13
14
21
32
43
40
32
51
78
77
61
74
105
102
77
81
105
113
105
108
124
128
124
125
132
137
138
138
141
148
154
156
155
158
165
167
162
159
163
165
153
136
130
128
117
93
69
53
36
13
-9
-25
-43
-67
-96
-121
-140
-159
-177
-189
-195
-198
-200
-203
-200
-195
-190
-188
-187
-187
-182
-176
-165
-154
-147
-141
-132
-122
-111
-101
-89
-74
-65
-62
-58
-49
-42
-40
-43
-42
-38
-35
-31
-28
-27
-28
-26
-23
-15
-9
-4
2
9
18
27
37
46
54
66
78
88
93
99
103
109
114
117
119
121
127
135
144
148
152
156
158
158
157
158
160
161
156
146
136
125
120
115
110
99
82
67
52
37
30
23
10
-3
-6
-8
-29
-65
-88
-85
-90
-117
-147
-155
-150
-154
-170
-176
-174
-175
-182
-178
-169
-167
-170
-158
-135
-115
-106
-105
-100
-95
-86
-80
-74
-71
-69
-64
-64
-72
-74
-59
-38
-36
-41
-27
-1
9
1
3
20
25
20
30
58
75
68
61
77
104
112
96
88
99
111
110
107
109
111
113
115
114
113
120
125
114
90
94
124
121
83
77
107
97
51
65
130
98
-38
-48
160
243
-32
-253
-21
259
72
-257
-193
64
47
-168
-212
-86
-60
-167
-192
-97
-76
-174
-211
-126
-67
-122
-183
-150
-93
-111
-158
-141
-93
-94
-127
-119
-80
-71
-86
-79
-47
-20
-15
-21
-18
-4
13
15
3
-9
2
23
28
15
11
31
62
78
78
76
80
94
113
110
86
77
106
127
92
46
53
101
112
66
38
60
79
65
45
64
77
33
-23
44
173
71
-180
-155
156
218
-99
-226
46
252
86
-124
-49
137
145
21
-32
-1
23
0
-49
-25
-27
-108
-152
-131
-2
25
-76
-242
217
1341
1133
-633
-1417
13
1002
-124
-1146
-509
441
168
-520
-400
177
278
-151
-311
0
143
-136
-303
1
346
340
92
-102
-111
-62
-33
-47
-38
-8
89
239
131
-129
-135
115
173
-77
-159
46
169
18
-175
-44
224
267
34
-197
-173
-121
160
405
188
-224
-252
380
589
-9
-460
-182
240
73
-273
-245
-42
33
130
296
233
75
192
333
92
-160
25
173
147
-71
199
992
444
-1330
-1957
-164
1178
-131
-1515
-974
-54
77
246
697
905
646
-129
-821
-716
108
1170
1455
140
-946
-321
917
4287
6917
2892
-3726
-3599
2806
4905
197
-3206
-1335
1068
88
-1715
-1653
-522
-135
-776
-972
-757
-727
-372
61
-648
-1642
10
2244
1411
-648
-348
931
-379
-1822
-32
2526
2290
279
-498
-565
-871
-873
111
1604
1279
-818
-1986
-1196
-938
-2444
-2807
-999
-196
-587
-154
-852
-3922
-5115
-1571
1866
1071
-1660
-1878
-340
-32
335
879
620
-365
-225
1189
566
-1636
-1536
1552
3253
1668
337
528
66
-1507
-1060
1466
2348
1656
960
228
-564
-287
663
393
-62
706
1399
166
-1831
-1521
965
2150
1301
1116
1480
490
-912
-371
1245
1228
23
49
1225
1103
-668
-2086
-1470
856
2182
866
-899
-821
49
-560
-1658
486
3923
2753
-1865
-3017
542
2667
826
-1444
-1214
-199
-403
-679
-1337
-1993
-1194
-142
-511
-1416
-1340
-680
-732
-1342
-772
541
694
-379
-776
248
1119
928
370
439
877
747
476
911
1534
1540
1025
659
646
574
251
37
87
-25
-430
-678
-502
-300
-440
-531
-146
147
-347
-840
-661
-438
-871
-1322
-763
-79
-534
-1271
-980
-210
-403
-1348
-1430
-619
-379
-920
-1265
-1062
-964
-1233
-1374
-1066
-380
-114
-598
-1036
-1044
-891
-924
-1002
-1014
-904
-660
-637
-763
-784
-526
-71
309
382
-2
-653
-1003
-595
148
713
992
1233
1449
1161
506
339
1071
1972
2405
2562
2743
2824
2568
2181
1898
2048
2600
3007
3073
2831
2471
2171
1891
1621
1538
1692
1801
1695
1617
1709
1495
781
316
385
203
-626
-1204
-1009
-773
-1158
-1729
-1739
-1501
-1515
-1836
-2361
-2621
-2199
-1492
-1319
-1762
-2098
-1816
-1306
-1081
-971
-825
-714
-466
-208
-386
-862
-1036
-735
-377
-335
-462
-526
-648
-803
-791
-745
-909
-1430
-2050
-2063
-1518
-1144
-1383
-1988
-2218
-1969
-1605
-1349
-1238
-1341
-1592
-1546
-1319
-1037
-659
-490
-591
-587
-103
324
-6
-535
-402
110
418
601
859
1129
1136
979
1119
1515
1754
1714
1688
1939
2689
3980
4713
3711
2098
1663
1999
1973
1645
1500
1594
1546
1170
712
510
577
486
181
169
628
1029
802
203
37
513
1052
1227
958
529
382
412
356
466
988
1381
1096
528
361
525
501
385
485
665
610
249
-291
-827
-995
-689
-296
-147
-245
-765
-1694
-2243
-1885
-1114
-765
-1007
-1342
-1469
-1642
-2027
-2312
-2188
-1682
-929
-250
-294
-1187
-2219
-2634
-2354
-1614
-627
-151
-635
-1371
-1685
-1549
-1007
-152
493
700
804
780
400
-54
60
837
1588
1738
1482
1291
1082
758
797
1369
1961
2018
1561
897
169
-329
-227
245
264
-331
-863
-1062
-1164
-1106
-682
-343
-457
-617
-615
-832
-1288
-1315
-823
-603
-630
-1
875
619
-450
-618
492
1559
1526
698
34
48
573
1062
1045
808
990
1379
1177
401
-101
156
818
1391
1887
2317
2327
1929
1652
1694
1730
1531
1155
612
-24
-502
-758
-847
-601
-63
257
201
128
92
-191
-523
-329
255
483
162
-399
-962
-1174
-731
-135
-95
-375
-463
-549
-848
-944
-594
-170
-20
-193
-553
-807
-800
-705
-636
-444
-219
-304
-604
-667
-485
-440
-549
-516
-320
-226
-397
-714
-906
-819
-620
-585
-689
-747
-753
-753
-704
-633
-630
-686
-782
-915
-1009
-1000
-921
-778
-487
-96
123
44
-30
191
533
707
818
1110
1457
1543
1356
1201
1292
1552
1731
1680
1516
1419
1282
942
622
616
757
760
712
762
810
744
590
432
421
594
712
615
443
317
200
134
230
429
535
396
59
-201
-181
-71
-137
-269
-284
-360
-623
-803
-764
-782
-950
-970
-780
-717
-892
-1040
-1009
-875
-722
-673
-824
-957
-752
-278
91
156
10
-125
-55
159
220
32
-97
74
341
345
108
2
160
261
133
68
312
626
620
296
40
109
278
182
-64
-55
120
-8
-380
-474
-249
-124
-152
-131
-166
-381
-542
-499
-427
-440
-451
-449
-469
-467
-467
-573
-683
-542
-156
167
218
134
167
291
257
68
42
275
409
172
-168
-197
35
150
60
38
220
447
544
521
469
502
651
784
794
816
908
790
372
143
447
851
836
567
407
276
65
12
204
339
277
169
45
-134
-217
-141
-114
-162
-71
79
-14
-301
-440
-303
-50
163
275
274
167
16
-29
102
233
269
413
675
652
244
-48
82
360
551
653
531
119
-249
-342
-413
-592
-625
-518
-616
-921
-1157
-1349
-1553
-1526
-1232
-1066
-1133
-1099
-938
-961
-1099
-995
-663
-407
-337
-416
-600
-746
-739
-684
-661
-554
-361
-321
-487
-547
-322
-69
-41
-86
25
173
157
82
115
173
177
279
502
566
344
116
149
336
448
439
379
356
484
777
1038
1088
1021
1034
1150
1291
1440
1568
1625
1647
1706
1750
1691
1568
1512
1601
1758
1731
1408
1057
974
996
833
628
638
674
422
12
-249
-351
-354
-188
35
11
-254
-447
-491
-581
-702
-645
-450
-397
-570
-805
-972
-1055
-1023
-878
-729
-677
-714
-833
-1026
-1188
-1189
-1056
-901
-770
-710
-790
-967
-1086
-1095
-1049
-933
-726
-585
-669
-895
-1076
-1106
-963
-707
-556
-638
-785
-778
-675
-612
-519
-319
-179
-248
-353
-277
-146
-196
-341
-312
-109
15
-34
-132
-210
-273
-257
-106
84
197
232
235
229
261
341
401
419
485
598
624
532
462
495
564
626
727
840
839
690
537
509
575
646
677
659
592
490
394
347
347
372
424
534
666
681
524
343
308
393
445
391
264
125
32
20
45
53
49
69
100
87
22
-30
-23
-2
-6
5
47
39
-61
-174
-200
-168
-119
-56
-7
-43
-166
-290
-359
-369
-329
-260
-213
-221
-291
-434
-618
-731
-693
-575
-497
-498
-544
-610
-655
-621
-515
-433
-432
-452
-425
-402
-449
-522
-515
-414
-309
-274
-319
-409
-504
-573
-611
-602
-526
-409
-345
-396
-504
-567
-559
-492
-366
-215
-148
-223
-343
-371
-293
-202
-129
-38
72
119
62
-29
-49
30
152
245
284
266
219
179
183
247
348
439
494
505
470
395
317
287
319
384
456
510
519
468
389
352
380
436
470
461
403
303
201
149
177
248
294
267
180
83
16
-26
-46
-27
28
72
63
-3
-95
-174
-211
-181
-104
-48
-75
-172
-275
-340
-354
-314
-232
-141
-103
-142
-217
-270
-280
-252
-191
-119
-85
-120
-194
-253
-272
-262
-233
-196
-176
-212
-303
-388
-415
-390
-349
-301
-243
-205
-229
-296
-332
-299
-236
-193
-162
-126
-100
-114
-143
-116
-14
101
159
171
180
182
142
89
97
181
260
278
255
232
199
145
108
133
195
227
208
171
139
105
64
48
83
137
157
130
89
58
34
20
36
81
121
128
106
80
63
58
67
84
101
107
95
68
34
23
45
88
128
149
147
119
80
59
74
109
139
143
118
70
19
-14
-10
20
53
63
47
8
-37
-63
-62
-43
-32
-34
-45
-64
-88
-107
-108
-91
-68
-55
-45
-34
-19
-7
4
22
54
89
115
127
137
145
151
152
154
163
172
173
165
153
142
133
127
125
128
133
131
123
111
101
97
97
99
100
102
103
107
115
122
120
112
108
109
110
104
97
90
74
52
29
18
22
32
35
23
-1
-27
-42
-43
-36
-27
-22
-28
-46
-63
-68
-60
-47
-34
-32
-42
-54
-59
-50
-32
-17
-9
-8
-8
-8
-7
0
11
16
11
2
-7
-11
-12
-6
6
19
25
20
10
6
12
24
34
42
46
48
49
48
47
47
46
40
26
9
-6
-13
-16
-18
-28
-42
-58
-69
-73
-74
-71
-64
-59
-55
-57
-61
-58
-43
-22
-9
-8
-14
-17
-15
-3
14
34
46
47
37
21
6
-2
4
21
38
46
45
32
18
7
2
0
-3
-6
-7
-8
-4
9
28
48
65
72
74
79
93
114
138
161
178
186
192
196
194
193
197
201
193
173
146
119
96
87
92
108
118
110
85
50
14
-15
-28
-21
-4
7
6
-6
-25
-48
-67
-76
-78
-81
-85
-91
-93
-94
-100
-106
-110
-104
-88
-74
-71
-78
-91
-105
-120
-130
-131
-123
-105
-84
-76
-80
-89
-98
-98
-94
-94
-96
-96
-90
-80
-66
-53
-40
-32
-26
-24
-25
-23
-14
0
15
22
24
26
27
28
31
38
48
57
64
66
65
62
59
58
59
56
48
37
26
24
29
41
50
51
45
32
13
-2
-7
2
16
31
39
37
28
11
-4
-13
-12
-2
12
21
29
31
33
39
50
67
86
106
118
118
109
94
84
83
87
89
82
62
37
18
7
9
25
42
47
39
25
12
2
-4
-7
-15
-30
-50
-70
-86
-90
-80
-62
-45
-35
-32
-30
-26
-18
-7
1
1
-8
-21
-35
-48
-54
-50
-44
-39
-35
-31
-30
-32
-32
-28
-20
-15
-14
-17
-22
-27
-29
-26
-18
-11
-8
-5
-3
0
2
3
5
8
6
-4
-15
-24
-27
-25
-18
-9
-2
0
-1
2
8
18
29
43
51
50
45
45
43
38
33
34
38
42
44
47
50
51
47
41
32
22
12
4
-5
-15
-19
-21
-20
-20
-19
-13
-6
-3
2
8
18
25
29
33
35
33
26
19
14
10
6
5
2
-1
-3
-4
-2
1
3
8
13
17
20
23
26
30
34
33
32
30
31
30
28
25
23
24
25
25
24
24
25
23
21
18
16
14
14
13
12
9
9
6
-1
-6
-8
-6
-8
-12
-15
-13
-10
-9
-10
-13
-14
-15
-13
-12
-14
-15
-17
-17
-15
-12
-11
-13
-17
-19
-17
-12
-9
-7
-8
-6
-7
-9
-10
-7
-6
-5
-5
-4
-4
-2
-2
-5
-6
-5
-3
-2
-2
-1
2
3
2
4
10
12
11
10
10
13
11
8
8
11
10
5
3
5
9
11
10
12
15
17
15
15
17
20
20
14
10
8
13
14
13
12
10
9
7
5
4
3
6
5
3
0
-4
-7
-8
-7
-8
-9
-9
-11
-11
-9
-8
-8
-10
-11
-13
-16
-19
-19
-13
-7
-4
-6
-7
-6
-6
-6
-2
4
7
7
3
-1
-4
-6
-6
-3
-1
0
-3
-7
-9
-9
-7
-6
-3
-1
-1
1
1
2
4
5
3
-1
-7
-13
-15
-13
-8
-4
-3
-2
-4
-5
-5
-2
5
9
8
5
4
3
1
-2
-6
-9
-8
-6
-3
-2
-5
-6
-3
1
6
7
5
3
3
5
4
3
3
4
3
-1
-5
-7
-7
-7
-7
-6
-4
-5
-6
-5
-4
-5
-6
-8
-10
-13
-15
-15
-13
-11
-8
-5
-3
-5
-8
-7
-3
1
2
1
1
-1
0
5
7
5
1
-1
-2
-3
-2
-4
-6
-7
-4
-3
-4
-6
-7
-8
-4
-3
-3
-4
-7
-8
-8
-7
-9
-9
-6
-4
-2
-1
0
1
1
1
4
6
6
7
9
8
6
-1
-6
-5
-7
-8
-9
-8
-5
-1
4
5
4
1
0
-1
-1
2
6
8
9
8
8
9
8
6
4
3
2
0
1
4
5
2
1
3
3
1
-2
-1
3
5
1
-2
-5
-8
-11
-11
-10
-11
-12
-16
-20
-22
-24
-24
-26
-27
-27
-23
-22
-20
-17
-17
-19
-22
-23
-25
-24
-21
-16
-11
-6
-4
-4
-5
-8
-12
-8
-3
2
3
2
3
4
3
3
1
4
7
11
10
10
10
7
8
9
9
10
10
10
7
6
7
11
16
17
16
17
16
15
13
11
7
5
6
6
5
1
-1
-1
-1
2
7
12
13
9
4
0
-4
-5
-5
-4
-4
-2
-2
-4
-5
-8
-10
-10
-10
-11
-15
-16
-14
-11
-11
-16
-19
-20
-19
-16
-14
-10
-7
-5
-3
-6
-9
-12
-13
-12
-12
-11
-8
-4
1
1
-2
-3
-3
0
-1
-1
-2
-2
-2
0
3
7
10
10
10
9
4
-3
-7
-7
-4
-1
2
5
8
9
11
9
7
8
10
11
12
10
9
6
0
-5
-5
-5
-8
-10
-9
-4
-1
2
2
1
-1
-4
-5
-5
-3
0
3
6
3
1
-4
-6
-7
-9
-10
-11
-11
-7
-5
-3
1
3
2
-1
-6
-9
-9
-9
-7
-2
1
5
3
0
-2
-3
-3
-2
0
1
1
0
2
4
8
10
10
7
6
6
5
3
5
10
12
11
10
12
10
5
-3
-7
-9
-11
-8
-4
-3
-3
-2
-2
-3
-7
-11
-10
-8
-7
-3
0
4
2
-4
-13
-19
-19
-17
-14
-10
-5
-2
-2
-7
-10
-12
-8
-2
3
7
6
3
-3
-10
-12
-8
0
7
11
13
11
8
4
1
6
15
21
20
13
5
1
2
2
1
0
-1
-3
-5
-8
-9
-8
-8
-10
-13
-17
-19
-23
-24
-22
-20
-19
-18
-16
-8
1
7
7
3
-1
1
1
3
7
12
19
23
24
25
27
27
28
27
26
27
26
25
23
21
19
19
17
15
12
7
0
-4
-4
-2
-1
-4
-4
-3
-2
-4
-6
-9
-12
-17
-22
-23
-24
-25
-25
-19
-12
-9
-10
-13
-17
-18
-20
-20
-17
-13
-8
-4
-2
-4
-5
-4
-3
-1
0
1
5
8
9
8
5
2
-1
-5
-6
-5
-5
-4
-4
-2
0
3
5
6
6
5
4
1
0
1
3
7
3
0
0
1
2
2
1
0
0
-4
-8
-8
-3
3
6
6
6
5
3
3
4
6
8
8
7
7
7
10
12
11
8
7
6
7
7
5
4
5
1
-5
-9
-8
-6
-5
-7
-10
-10
-10
-10
-10
-9
-9
-10
-11
-13
-13
-14
-14
-14
-16
-15
-15
-17
-16
-14
-9
-3
2
6
8
7
5
5
5
5
1
-2
0
4
8
11
14
16
16
14
11
8
7
8
8
5
1
-2
-2
-2
0
3
5
5
3
1
1
0
-4
-6
-1
3
6
5
7
9
8
6
1
-3
-5
-7
-8
-8
-8
-8
-8
-10
-13
-14
-12
-9
-5
-3
-1
1
0
-2
-7
-8
-7
-5
-3
-2
2
6
9
7
5
5
7
9
8
8
8
5
0
-4
-7
-8
-9
-8
-6
-5
-3
-2
0
2
2
2
-1
-6
-10
-12
-10
-6
-4
-2
0
0
-1
-3
-5
-6
-6
-3
-5
-6
-6
-4
-4
-6
-4
1
7
10
12
14
15
13
8
1
-2
-2
-1
1
3
6
9
9
8
8
10
14
16
14
11
6
1
-7
-13
-14
-11
-8
-7
-6
-6
-6
-7
-5
0
3
4
3
1
4
4
4
3
2
2
4
8
9
7
2
-2
-7
-13
-18
-20
-20
-20
-20
-22
-21
-19
-14
-12
-6
-1
3
7
8
10
10
8
9
9
8
9
12
16
18
19
19
16
12
6
0
-4
-7
-10
-12
-13
-12
-10
-7
-6
-8
-10
-11
-12
-10
-8
-4
-4
-4
-4
-1
0
1
2
4
3
-1
-6
-7
-4
-4
-1
1
3
3
3
2
2
3
3
3
3
3
0
1
0
0
-1
-1
1
3
2
0
-4
-7
-8
-10
-8
-5
0
5
5
6
1
-3
-7
-10
-13
-13
-10
-5
-2
2
4
7
6
3
-1
-2
0
3
7
12
14
16
11
5
2
1
4
7
13
18
19
18
15
10
2
-3
-5
-1
4
8
9
10
7
0
-8
-14
-17
-17
-15
-14
-13
-13
-10
-9
-9
-11
-15
-16
-15
-12
-9
-7
-5
-6
-6
-8
-9
-9
-9
-10
-11
-9
-6
-4
-2
-2
-2
-3
-2
0
-2
-1
1
3
6
5
3
3
4
4
5
3
1
2
1
0
-2
-1
1
1
1
4
5
5
4
2
3
7
9
11
8
5
4
5
6
3
1
2
3
6
7
5
2
-2
-2
0
3
6
7
9
9
8
8
3
-1
-4
-4
-3
-1
1
3
3
0
-1
1
3
1
-4
-10
-14
-17
-19
-19
-16
-11
-8
-6
-3
-2
-1
-3
-5
-8
-12
-16
-18
-16
-11
-4
0
6
8
8
4
1
-2
-4
-5
-6
-6
-5
-5
-5
-4
0
4
6
5
3
1
-2
-5
-3
2
9
12
10
6
3
2
4
6
7
8
9
11
10
3
-2
-3
0
3
3
5
6
7
9
9
9
5
1
-2
-2
0
-1
-2
-3
-5
-4
-5
-6
-6
-5
-2
2
1
0
-1
-1
-2
-3
-5
-8
-8
-5
-2
0
0
-5
-8
-10
-9
-4
-4
-7
-10
-8
-5
-4
-7
-9
-9
-4
0
5
9
9
9
6
5
3
0
0
0
2
4
6
7
6
6
5
4
3
3
3
2
1
1
1
0
-3
-2
1
3
4
3
4
5
7
6
4
3
1
1
1
-1
-2
-5
-6
-10
-11
-9
-5
-3
-3
-4
-5
-6
-6
-6
-9
-13
-16
-16
-15
-10
-5
-3
-1
0
2
6
6
5
2
3
5
6
6
6
7
9
13
13
8
5
4
8
12
12
13
12
9
5
2
3
3
1
0
1
4
5
4
4
4
5
4
3
0
-2
-4
-4
-3
-2
-1
2
0
-5
-11
-16
-18
-15
-11
-9
-11
-14
-12
-7
-1
1
-1
-5
-10
-13
-15
-15
-10
-6
-1
2
1
-1
-3
-3
2
7
7
4
2
1
1
2
7
11
12
9
5
0
-4
-8
-9
-8
-2
3
7
8
7
6
6
7
5
4
3
0
-1
-1
1
3
1
-3
-7
-9
-8
-3
5
9
9
9
8
11
9
8
9
11
12
12
10
10
8
9
8
5
2
1
-1
-2
-4
-7
-8
-8
-5
-3
-3
-5
-8
-8
-9
-7
-8
-8
-10
-12
-14
-14
-11
-4
2
7
8
5
2
-1
-4
-8
-9
-11
-12
-10
-6
-2
1
0
-1
-4
-4
-1
0
-2
-8
-11
-10
-5
2
5
8
10
9
6
0
-2
-1
0
-1
-2
-1
1
5
7
8
7
5
3
1
1
4
8
13
17
18
17
17
16
15
13
13
11
10
7
6
6
1
-6
-9
-10
-12
-13
-10
-5
-4
-6
-7
-7
-8
-8
-8
-6
-7
-7
-6
-7
-8
-11
-15
-13
-9
-6
-6
-5
-4
-4
-4
-5
-3
-1
3
6
8
6
4
0
-3
-3
-2
-2
-4
-8
-8
-6
-3
-1
2
-1
-3
-4
-6
-5
-6
-5
-1
3
5
6
7
9
11
11
11
10
11
15
17
15
12
10
13
17
17
15
15
15
14
9
4
2
0
-4
-8
-9
-7
-4
-3
-6
-7
-10
-11
-10
-8
-5
-6
-10
-11
-9
-10
-10
-10
-10
-13
-14
-15
-11
-5
0
2
2
3
3
2
1
-2
-3
-3
-2
-2
-1
-3
-3
-1
0
1
2
5
8
12
12
11
10
7
4
2
2
3
5
5
5
6
4
-1
-5
-7
-6
-6
-9
-8
-5
-3
-2
-2
-4
-6
-6
-8
-13
-16
-13
-10
-9
-6
-2
3
3
-1
-1
2
2
4
8
13
15
13
11
11
10
4
-3
-7
-4
-1
1
2
3
4
4
3
2
1
1
2
5
6
6
4
3
3
1
-2
-4
-4
-1
0
-1
0
1
2
4
6
8
11
14
13
10
7
4
1
2
2
1
-2
-2
0
-1
-2
-5
-8
-6
-3
-2
-4
-4
-5
-10
-12
-12
-13
-13
-17
-15
-10
-7
-6
-7
-7
-5
-4
-4
-7
-8
-10
-11
-12
-7
-3
-2
-4
-4
-5
-5
-5
-3
-1
1
2
2
5
9
11
9
7
6
4
3
4
9
11
13
16
18
18
12
8
5
3
1
1
2
4
3
0
-1
-2
0
0
0
2
3
4
5
5
5
2
-3
-5
-3
-2
-4
-8
-8
-7
-5
-3
-2
1
2
3
1
2
3
2
-1
-4
-4
-3
-3
-5
-3
2
8
12
12
11
9
6
-1
-4
-1
2
2
0
-4
-3
-3
-6
-6
-6
-6
-7
-7
-8
-5
-6
-9
-15
-20
-19
-14
-7
-2
3
6
6
3
-1
-4
-4
0
4
6
5
4
6
9
11
10
6
3
1
2
2
-1
1
5
8
8
6
1
-2
-3
-4
-4
-2
-1
1
1
1
1
-1
-2
-3
-2
1
5
7
5
5
4
6
4
4
5
7
4
0
-2
-3
-3
-4
-4
0
2
2
0
-2
-2
-4
-4
-4
-3
-1
0
2
5
8
5
3
-1
-1
0
-3
-2
1
4
5
3
1
1
3
4
7
5
3
-2
-7
-9
-7
-3
1
7
9
11
6
-3
-10
-13
-12
-9
-6
-5
-6
-3
-4
-5
-7
-8
-6
-3
1
1
0
1
1
2
2
2
2
2
1
-2
-3
-3
-1
2
2
1
2
5
9
11
11
7
3
0
-1
-2
-2
-3
-2
2
4
5
3
6
6
7
5
3
3
4
4
4
4
5
4
2
0
0
0
-2
-4
-2
0
1
-1
-1
-1
-1
