23
29
23
13
13
7
23
23
23
23
5
5
5
5
5
5
5
5
5
5
5
5
5
5
5
5
5
23
5
7
7
5
7
7
7
7
5
5
21
23
7
7
7
5
7
5
5
5
5
5
5
5
5
5
5
5
5
5
5
5
5
5
5
7
7
7
7
7
7
23
15
31
31
31
31
31
31
31
31
31
31
31
31
31
15
27
31
31
31
31
27
27
27
27
27
27
27
27
15
27
27
27
15
27
27
27
27
27
27
27
27
27
15
27
27
27
15
27
27
27
27
27
27
27
27
27
15
27
27
27
15
27
27
27
27
15
27
27
27
15
27
27
27
27
27
27
27
27
27
27
27
27
27
27
31
15
31
31
31
12
31
31
31
28
12
12
30
18
23
23
18
23
12
23
23
12
29
29
29
29
29
29
13
13
13
29
29
29
29
29
29
29
29
29
18
29
29
