7
25
7
5
7
7
5
23
5
23
7
7
7
7
5
7
3
3
3
3
9
9
9
9
9
13
9
13
9
9
13
13
23
7
13
13
13
23
21
5
5
23
9
7
7
7
23
23
23
23
23
12
12
12
31
31
31
31
31
31
31
31
31
31
31
31
31
31
31
15
31
31
31
15
31
31
31
21
31
31
31
31
31
27
15
31
15
27
15
15
15
15
27
15
27
27
27
27
27
27
27
15
27
27
27
15
27
27
27
27
27
27
27
27
27
27
15
27
11
15
27
27
15
27
15
15
27
27
15
15
15
27
15
15
27
15
27
15
11
11
11
11
11
15
15
15
15
15
15
21
18
18
18
23
23
13
29
29
29
26
26
26
4
21
21
13
5
5
5
21
23
23
23
23
15
15
7
