11.9016
14.3531
1.6052
-7.7106
-12.1233
-12.6137
-6.23968
5.03734
5.52765
-5.74938
-17.5167
-16.0458
0.134287
24.1593
40.8296
32.0041
11.9016
-1.33663
-0.846323
8.46948
5.03734
-24.381
-58.7024
-67.5279
-54.2896
-43.9932
-34.6774
-26.3422
-24.8713
-28.3034
-23.8907
-7.22029
3.07612
-0.356018
-2.80754
2.58581
17.7853
26.1205
27.1011
34.946
34.4557
23.6689
7.97917
-4.76877
-16.5361
-27.8131
-23.4004
-8.2009
3.56643
9.9404
6.50826
9.9404
33.4751
57.0097
49.6551
12.3919
-1.33663
24.6496
55.5388
54.5582
29.5526
19.7465
31.5138
45.7327
36.4169
31.0235
25.1399
18.2756
7.48887
-1.33663
8.95978
15.3338
18.7659
11.4113
10.4307
24.1593
30.0429
19.7465
0.134287
-3.78816
11.9016
30.0429
45.2424
35.9266
6.01795
-15.0652
1.1149
41.3199
51.126
21.7077
-14.5749
-19.4779
7.97917
32.0041
35.4363
24.6496
20.7271
18.7659
2.58581
-12.6137
-11.1427
7.97917
17.7853
7.97917
-10.6524
-22.9101
-26.8325
-26.3422
-24.8713
-19.4779
-14.0846
-8.69121
-3.29785
-0.356018
3.07612
12.8822
21.2174
13.3725
6.99856
14.3531
29.0623
20.7271
-9.18151
-37.1289
-42.032
-21.9295
2.09551
13.3725
16.8047
23.6689
6.01795
-34.1871
-59.1927
-47.9156
-22.9101
-20.4585
-21.4391
-7.7106
18.7659
34.946
39.849
32.0041
12.8822
-4.27846
-10.1621
1.1149
4.54704
-4.27846
-17.0264
-12.6137
2.58581
10.4307
4.54704
-10.6524
-13.5943
-3.29785
14.3531
30.0429
45.2424
54.5582
34.4557
7.48887
0.134287
-0.846323
-17.5167
-35.658
-22.9101
1.1149
11.9016
12.8822
12.8822
13.3725
11.4113
21.7077
25.1399
21.7077
18.7659
26.1205
36.4169
32.0041
19.7465
7.48887
12.8822
21.7077
27.1011
28.0817
32.4944
28.0817
6.99856
-4.76877
3.07612
17.7853
17.7853
12.8822
19.2562
27.1011
20.7271
7.97917
1.1149
-2.31724
-14.5749
-23.4004
-21.9295
-18.007
-8.69121
1.6052
8.95978
6.50826
4.54704
16.3144
32.9847
45.2424
42.3006
31.5138
25.1399
21.7077
8.46948
-21.4391
-33.2065
-22.4198
-12.6137
-18.9876
-20.4585
-6.23968
-1.82693
-12.1233
-15.0652
-4.27846
1.1149
-11.1427
-18.007
-14.0846
-11.1427
-3.29785
-4.27846
-23.4004
-52.3284
-52.3284
-27.3228
-20.9488
-29.284
-28.3034
-8.2009
4.54704
-1.82693
-3.29785
3.07612
0.624593
-21.9295
-34.1871
-12.6137
15.3338
9.45009
-6.72999
-7.22029
-5.25907
-8.69121
-9.18151
5.52765
13.3725
12.8822
17.7853
26.6108
30.5332
32.0041
36.9072
38.3781
25.6302
21.2174
20.2368
14.3531
6.01795
-0.356018
-0.356018
-1.82693
-5.25907
-8.69121
-8.69121
-2.31724
1.1149
-6.23968
-2.80754
10.921
9.9404
-1.82693
3.07612
18.7659
13.3725
-14.0846
-30.2646
-29.284
-23.4004
-11.1427
-11.633
-32.2259
-53.7993
-43.5029
-22.9101
-33.2065
-50.3672
-43.5029
-30.2646
-36.1483
-39.0901
-27.8131
-21.9295
-30.755
-43.5029
-43.5029
-46.935
-33.2065
-18.4973
-8.2009
-9.67182
-12.1233
-10.6524
-25.8519
-36.1483
-17.5167
25.1399
38.8684
11.4113
-14.0846
-5.74938
15.8241
32.0041
40.8296
47.6939
51.6164
63.874
67.3061
56.5194
45.7327
44.7521
51.6164
48.1842
63.874
86.9183
79.5638
47.2036
35.9266
57.0097
72.6995
58.4806
45.7327
50.6357
43.7715
34.946
45.7327
71.7189
78.0928
68.2867
73.6801
86.9183
82.9959
59.9515
44.2618
48.1842
70.248
84.4668
71.7189
51.126
51.6164
71.2286
73.1898
59.4612
50.6357
40.8296
36.9072
43.2812
53.0873
47.2036
20.2368
7.97917
15.3338
21.2174
19.2562
3.07612
-11.1427
-20.9488
-28.3034
-28.3034
-28.7937
-36.1483
-47.9156
-43.5029
-34.6774
-32.2259
-37.6192
-31.7356
-23.4004
-37.1289
-58.7024
-75.3727
-87.6304
-94.4947
-101.849
-110.675
-126.855
-140.583
-137.151
-129.797
-130.287
-132.738
-128.326
-118.52
-126.855
-149.409
-163.628
-149.899
-110.675
-76.3534
-74.8824
-101.359
-112.636
-95.4753
-70.96
-58.2121
-31.2453
10.921
37.3975
30.5332
10.4307
17.7853
38.8684
47.6939
41.3199
45.7327
82.0153
122.711
145.755
146.736
125.652
105.06
109.472
127.614
127.614
105.55
109.963
155.561
192.824
200.669
177.135
146.245
129.085
135.949
157.032
145.755
106.531
85.9377
107.511
143.303
143.303
103.098
51.6164
36.4169
53.5776
69.7577
69.7577
56.0291
48.6745
30.5332
-3.78816
-23.8907
-13.104
21.7077
30.5332
2.58581
-21.4391
-27.8131
-18.007
-22.9101
-33.2065
-41.0514
-60.6636
-93.0237
-116.558
-112.146
-97.9268
-101.849
-123.913
-145.977
-160.686
-160.196
-166.079
-180.298
-190.595
-195.498
-196.968
-206.775
-201.872
-175.395
-152.351
-143.035
-145.486
-153.822
-159.705
-149.409
-129.306
-112.146
-102.34
-82.237
-47.9156
-18.4973
-10.6524
-13.104
-19.4779
-23.8907
-23.4004
-3.29785
39.3587
81.525
96.7244
88.8796
85.9377
96.7244
112.414
117.808
118.788
129.575
141.342
139.871
128.104
122.22
130.556
136.439
133.497
112.414
84.9571
63.3837
60.4418
60.4418
47.2036
42.3006
44.2618
56.5194
52.1067
40.8296
34.946
34.946
35.9266
30.0429
24.1593
25.6302
31.0235
30.0429
16.3144
7.48887
16.8047
32.9847
34.946
31.0235
40.8296
59.4612
74.6607
78.0928
86.428
103.589
121.73
134.968
139.381
142.813
147.716
150.658
143.303
133.497
123.691
129.575
148.207
156.542
137.42
108.982
110.453
133.497
131.046
92.802
58.9709
47.2036
43.2812
17.7853
-10.1621
-28.3034
-48.8963
-82.7273
-106.752
-102.34
-93.514
-109.204
-141.564
-167.55
-183.24
-201.381
-231.29
-268.063
-294.049
-298.462
-297.971
-300.423
-298.462
-292.088
-289.636
-297.971
-295.52
-270.024
-243.057
-227.858
-222.464
-215.11
-190.104
-149.409
-106.752
-71.4503
-51.8381
-26.8325
5.03734
30.5332
43.7715
56.5194
80.0541
91.3311
91.3311
109.963
152.129
178.605
176.644
186.45
216.359
232.049
225.184
213.907
208.514
209.004
220.772
236.461
228.126
194.786
165.367
152.129
145.755
133.007
120.259
109.963
89.3699
51.6164
17.295
3.56643
8.46948
8.46948
-5.74938
-21.9295
-35.658
-50.3672
-55.2702
-47.9156
-40.0708
-51.8381
-62.6248
-55.2702
-35.658
-16.5361
-7.7106
6.50826
11.4113
15.3338
7.97917
-8.69121
-18.4973
-1.82693
47.6939
86.9183
88.3893
67.7964
64.8546
79.0735
82.5056
72.6995
68.777
82.0153
99.6663
118.298
133.007
134.968
129.575
112.905
87.4086
51.126
23.6689
21.7077
17.7853
-18.4973
-67.0375
-98.9074
-116.068
-148.428
-179.808
-181.279
-177.356
-197.459
-229.819
-239.625
-243.057
-250.902
-264.14
-267.082
-263.65
-255.805
-245.999
-251.883
-263.65
-265.121
-238.154
-195.007
-153.822
-122.932
-116.558
-109.204
-69.9794
-11.633
28.572
45.7327
65.3449
88.8796
98.1954
111.434
141.342
172.722
194.786
205.082
205.572
202.14
212.437
235.481
251.171
242.345
229.107
231.558
248.229
247.739
227.146
208.024
186.941
170.27
145.755
134.968
143.303
158.013
152.129
109.472
78.0928
70.248
62.8934
37.3975
20.2368
21.7077
11.4113
-5.74938
-12.6137
-10.6524
-20.9488
-29.284
-28.7937
-32.2259
-40.5611
-44.9738
-37.6192
-30.755
-25.3616
-26.8325
-41.5417
-48.8963
-38.1095
-11.1427
16.3144
33.4751
43.2812
39.849
25.1399
2.58581
1.1149
33.4751
65.8352
80.5444
82.5056
92.3117
102.608
98.6857
84.4668
72.2092
82.0153
86.428
59.4612
16.3144
-18.4973
-45.4641
-65.5666
-76.3534
-77.8243
-95.9656
-129.306
-165.589
-189.614
-190.595
-178.827
-180.788
-220.503
-262.669
-282.772
-285.714
-289.146
-306.797
-324.448
-329.841
-325.919
-312.681
-299.442
-286.694
-284.243
-284.733
-260.708
-220.993
-191.575
-172.453
-137.151
-94.0043
-69.9794
-63.6054
-44.9738
-9.67182
17.295
33.9654
51.126
68.2867
88.8796
120.749
158.993
189.882
203.611
221.752
242.345
253.132
257.054
260.977
275.196
285.492
278.137
262.938
252.151
243.816
217.83
195.766
209.985
231.068
227.146
197.237
170.761
146.245
119.278
109.963
108.982
93.7826
67.7964
47.2036
33.4751
27.5914
40.8296
59.9515
59.9515
40.3393
15.8241
0.134287
2.58581
35.9266
60.9322
40.3393
0.134287
-1.33663
36.4169
60.9322
68.2867
83.4862
104.079
105.55
98.6857
92.3117
92.802
84.9571
69.7577
59.9515
67.3061
89.3699
101.137
82.0153
60.9322
52.1067
41.8102
23.6689
-5.74938
-22.4198
-33.2065
-40.0708
-61.6442
-98.4171
-130.777
-150.88
-162.157
-173.924
-191.575
-220.503
-254.334
-274.437
-286.204
-301.404
-313.171
-322.977
-332.293
-343.079
-342.589
-325.919
-292.578
-259.728
-232.27
-213.639
-200.891
-185.201
-163.137
-128.326
-104.791
-105.281
-96.4559
-50.3672
15.3338
57.9903
68.777
75.151
97.2148
123.201
136.929
147.226
175.664
209.004
226.655
227.146
234.01
254.603
252.642
242.345
236.461
237.932
233.029
218.32
213.907
197.237
160.954
130.065
124.182
127.614
109.472
76.6219
62.8934
66.8158
72.6995
53.5776
23.6689
12.8822
12.3919
2.58581
-20.4585
-25.8519
-17.0264
-18.007
-36.1483
-46.4447
-54.2896
-47.9156
-30.2646
5.03734
25.1399
14.8434
2.58581
14.8434
50.6357
56.5194
47.2036
47.6939
72.6995
82.9959
68.2867
65.3449
76.6219
86.9183
91.3311
110.453
124.182
110.453
87.4086
91.8214
118.298
119.278
102.608
100.157
113.885
103.589
62.8934
29.5526
18.7659
2.09551
-28.3034
-55.2702
-74.3921
-89.1013
-117.049
-139.603
-147.938
-144.506
-158.234
-200.401
-240.606
-270.514
-289.146
-308.758
-318.564
-322.977
-332.783
-345.531
-344.06
-329.351
-312.19
-306.797
-314.642
-310.229
-294.539
-264.631
-223.935
-175.395
-126.365
-95.4753
-81.7467
-72.4309
-58.7024
-35.1677
2.09551
36.9072
60.4418
79.5638
114.866
170.27
212.927
228.617
219.791
210.966
217.34
231.068
241.855
244.797
247.248
234.5
202.63
182.528
198.218
223.223
208.514
165.367
135.459
126.633
131.536
148.207
170.761
160.464
117.808
92.3117
92.802
89.8602
65.8352
44.2618
41.3199
35.4363
30.0429
29.0623
24.6496
6.50826
7.48887
45.2424
77.6025
64.8546
42.3006
52.1067
77.1122
85.9377
76.1316
68.777
76.6219
91.3311
103.098
107.511
128.104
146.736
138.891
130.065
147.226
183.018
193.805
183.509
177.625
175.173
159.484
130.556
111.434
104.079
95.7438
69.2673
30.5332
0.134287
-12.1233
-22.9101
-57.2314
-99.888
-127.345
-149.899
-197.949
-245.999
-257.276
-248.451
-271.985
-323.467
-357.298
-366.124
-378.381
-398.974
-401.426
-378.872
-353.376
-338.176
-328.37
-321.506
-306.307
-279.83
-250.902
-239.625
-234.722
-201.381
-147.448
-115.087
-108.714
-88.1207
-64.0957
-59.683
-60.6636
-23.8907
29.0623
53.5776
59.9515
72.2092
104.079
136.439
160.954
173.702
179.096
182.038
174.193
171.251
180.076
184.489
180.076
175.664
177.625
175.664
155.071
134.968
114.375
98.1954
88.8796
78.0928
66.3255
64.8546
85.4474
93.2923
67.7964
42.3006
54.5582
82.5056
75.151
49.1648
38.3781
37.3975
28.572
15.8241
22.6883
37.8878
46.223
58.9709
79.0735
90.8408
82.5056
70.248
82.9959
113.885
128.594
126.143
122.22
133.988
142.813
148.207
153.11
160.464
170.761
177.135
180.567
185.47
184.979
168.309
134.968
111.434
101.137
81.525
56.0291
33.4751
18.2756
1.1149
-21.9295
-48.8963
-89.5916
-119.5
-149.899
-177.356
-197.459
-206.775
-220.013
-255.315
-288.165
-296.01
-290.126
-288.165
-299.442
-319.055
-338.667
-344.55
-333.273
-323.958
-316.113
-303.365
-284.243
-263.65
-231.29
-188.633
-158.725
-154.312
-134.7
-80.2758
-21.9295
5.52765
5.03734
10.4307
30.0429
47.6939
65.8352
106.04
156.051
184.979
183.999
192.334
217.83
232.049
236.952
253.622
282.06
291.866
285.002
268.331
242.835
219.791
213.417
214.398
209.495
205.572
206.553
198.218
165.858
142.813
146.736
149.187
124.672
85.4474
70.248
73.1898
59.9515
32.9847
20.7271
26.6108
12.3919
-20.4585
-44.4835
-24.8713
6.50826
20.7271
14.3531
6.01795
10.4307
3.56643
0.134287
5.52765
14.3531
18.2756
21.7077
29.0623
32.9847
45.2424
62.4031
64.8546
32.0041
8.95978
41.8102
84.4668
99.176
73.6801
57.9903
50.1454
39.3587
35.9266
35.4363
18.7659
-21.4391
-54.7799
-73.4115
-70.96
-71.9406
-83.2176
-115.578
-176.866
-237.664
-279.34
-291.107
-301.404
-317.093
-326.899
-330.822
-347.492
-378.381
-396.032
-403.877
-401.426
-402.897
-401.426
-392.6
-366.124
-316.603
-272.966
-243.547
-228.838
-199.42
-161.666
-126.365
-104.301
-73.4115
-32.2259
-1.33663
22.198
57.0097
104.079
127.614
150.168
190.373
227.636
251.171
269.802
302.162
328.639
338.935
346.78
349.232
354.135
354.625
350.212
333.052
311.969
297.259
275.196
258.035
258.525
267.841
260.977
226.655
204.101
196.747
189.882
173.702
152.129
138.891
127.614
120.749
103.098
73.1898
53.0873
49.1648
41.8102
9.45009
-25.8519
-40.0708
-26.3422
-13.5943
-10.6524
-16.0458
-16.0458
-8.69121
-5.74938
-6.23968
-0.846323
19.2562
27.1011
21.2174
25.1399
51.126
76.1316
89.3699
103.098
121.24
120.749
106.04
95.7438
96.7244
96.2341
82.5056
63.874
40.8296
9.9404
-18.007
-43.0126
-75.3727
-102.34
-102.83
-93.514
-126.855
-196.968
-239.625
-245.509
-257.766
-297.481
-326.409
-332.783
-356.808
-400.445
-429.373
-421.038
-407.309
-420.057
-443.102
-452.908
-438.199
-413.193
-379.362
-348.963
-322.487
-296.991
-260.218
-200.891
-141.074
-95.9656
-64.0957
-28.7937
12.3919
40.8296
60.9322
101.628
152.129
191.353
201.65
210.475
228.617
244.306
259.016
270.293
279.608
273.234
261.467
260.977
265.389
258.035
234.01
222.243
229.107
237.932
233.52
220.772
213.907
209.004
203.121
196.256
190.863
189.392
183.999
168.309
155.071
159.974
167.819
153.6
125.162
112.905
112.414
100.647
77.6025
61.9128
60.4418
65.3449
70.7383
66.8158
62.4031
60.9322
61.4225
52.597
46.223
63.874
84.4668
82.9959
61.9128
48.1842
59.4612
83.9765
113.885
126.633
116.827
97.2148
82.5056
83.9765
85.4474
74.6607
51.6164
31.0235
18.2756
-8.2009
-56.2508
-102.34
-133.719
-152.841
-180.788
-209.716
-233.741
-262.179
-287.675
-306.307
-319.055
-332.783
-356.318
-382.794
-405.839
-414.174
-422.999
-444.573
-458.301
-445.553
-420.057
-405.348
-388.678
-362.201
-331.802
-300.913
-249.431
-187.162
-145.977
-132.248
-116.558
-76.8437
-26.3422
7.97917
29.0623
47.6939
68.2867
88.3893
111.924
142.813
183.509
225.675
257.545
270.783
268.331
276.667
289.414
281.079
247.739
233.52
249.7
249.209
216.359
196.256
210.475
225.675
227.146
231.068
245.287
240.874
215.378
178.115
142.813
131.536
135.949
139.871
122.711
101.137
88.3893
90.8408
99.6663
91.3311
72.6995
61.9128
76.1316
107.511
126.633
124.672
111.924
105.06
103.589
82.0153
63.874
75.6413
101.137
117.317
117.317
136.929
166.838
190.863
206.553
219.301
220.281
191.353
157.032
134.478
122.711
107.511
87.4086
58.9709
12.3919
-40.5611
-80.2758
-100.869
-109.694
-122.932
-165.589
-230.8
-278.359
-299.442
-321.016
-357.789
-385.736
-397.503
-418.587
-449.476
-482.326
-503.9
-506.841
-486.249
-453.888
-435.257
-426.922
-417.116
-397.503
-377.401
-344.55
-302.384
-254.334
-211.678
-174.414
-131.268
-85.6692
-46.935
-15.5555
14.3531
46.223
87.899
127.614
177.135
228.617
272.254
300.201
312.949
323.246
327.658
330.6
331.09
324.226
304.124
272.254
239.894
206.553
185.96
189.882
214.888
229.107
217.83
193.805
188.412
206.553
218.32
209.495
181.547
157.522
147.716
154.09
156.542
149.677
135.949
125.652
113.395
106.04
113.885
117.808
107.021
81.525
78.0928
85.4474
89.3699
86.428
85.9377
109.963
139.871
161.445
164.877
167.819
174.683
178.115
174.193
164.387
164.387
163.896
157.522
127.123
82.5056
49.6551
19.7465
-22.9101
-80.2758
-127.345
-158.234
-190.595
-233.741
-275.908
-301.894
-313.171
-329.351
-356.808
-384.755
-412.213
-443.102
-480.365
-511.254
-539.202
-563.717
-578.426
-580.878
-574.504
-563.227
-537.731
-503.9
-477.913
-453.888
-418.096
-364.163
-297.971
-234.722
-172.944
-118.52
-59.1927
-12.1233
18.2756
47.6939
95.2535
148.697
178.605
194.295
221.752
269.802
316.381
361.489
388.946
398.753
402.185
421.797
437.487
425.229
391.888
359.038
331.581
301.182
267.841
214.888
158.503
120.259
106.531
101.628
88.8796
77.6025
57.9903
36.9072
19.7465
22.6883
30.5332
37.8878
46.7133
57.5
65.8352
51.6164
37.8878
50.1454
87.4086
114.375
131.046
155.071
194.295
226.655
258.525
297.259
330.11
367.373
413.462
452.196
462.492
463.963
468.376
467.886
462.492
451.706
415.913
346.78
273.725
223.223
165.858
86.428
-9.67182
-94.985
-158.234
-203.342
-249.431
-292.088
-319.545
-346.021
-380.343
-426.922
-467.617
-508.312
-557.343
-598.038
-625.005
-645.598
-680.41
-724.047
-748.562
-751.994
-738.756
-708.847
-657.365
-618.631
-596.077
-561.756
-493.603
-404.368
-315.132
-237.664
-175.885
-124.894
-52.8187
26.6108
83.4862
123.201
178.115
257.545
318.833
359.038
401.694
450.725
495.833
531.135
564.476
581.146
572.321
541.922
502.697
456.118
403.165
358.548
327.168
277.647
203.611
133.497
91.3311
48.6745
-14.5749
-70.4697
-101.849
-115.087
-122.442
-123.913
-122.442
-123.913
-127.835
-120.481
-104.791
-84.6885
-61.6442
-33.2065
-3.29785
3.56643
0.134287
30.0429
88.3893
140.852
176.644
227.146
301.182
376.689
437.487
486.027
537.019
598.797
643.415
639.002
608.603
585.559
558.102
490.93
401.694
314.42
218.81
116.337
15.3338
-74.8824
-165.589
-249.921
-318.564
-384.755
-454.869
-512.235
-555.382
-588.232
-617.16
-657.365
-716.202
-788.277
-839.759
-871.138
-895.163
-913.305
-918.208
-899.576
-858.39
-798.083
-732.382
-662.268
-567.639
-444.573
-311.7
-190.595
-70.4697
52.597
169.29
270.783
352.174
404.636
430.622
454.157
493.382
541.922
589.481
631.157
666.95
708.626
742.947
760.108
757.656
760.108
746.379
697.349
633.119
574.282
502.207
383.553
235.971
90.3505
-27.8131
-124.894
-218.052
-311.7
-381.323
-404.858
-383.285
-343.57
-320.035
-304.836
-274.927
-201.381
-98.4171
5.52765
91.3311
152.129
194.786
219.791
220.281
220.772
263.428
329.62
376.199
403.656
455.138
522.31
567.908
600.758
656.653
722.844
758.637
749.321
704.213
615.958
483.085
327.658
167.328
7.97917
-166.57
-343.57
-502.919
-640.205
-760.82
-864.274
-938.801
-983.909
-1009.89
-1016.27
-1003.52
-984.399
-969.69
-966.258
-972.141
-980.967
-983.418
-984.889
-989.792
-985.87
-956.452
-893.202
-807.889
-698.551
-558.324
-393.091
-202.852
5.03734
215.378
395.811
540.451
672.343
788.545
859.149
901.316
925.831
929.753
883.665
810.119
745.398
689.504
632.628
581.146
541.431
523.78
526.232
513.974
459.06
379.14
292.356
182.528
37.8878
-137.151
-326.899
-495.074
-607.844
-669.133
-708.357
-719.144
-659.817
-544.595
-409.761
-262.669
-100.378
67.7964
219.791
358.057
498.775
645.866
782.662
887.097
946.914
974.371
994.474
1014.58
1035.17
1058.7
1082.73
1099.4
1112.15
1119.99
1112.64
1059.19
965.055
847.872
707.645
509.071
217.83
-131.268
-485.758
-817.695
-1142.77
-1458.03
-1722.8
-1910.1
-2015.02
-2052.28
-2022.38
-1928.24
-1770.85
-1568.35
-1361.44
-1178.56
-999.598
-798.083
-597.548
-448.985
-363.182
-295.52
-225.896
-160.196
-97.9268
-8.2009
133.988
298.73
467.886
658.614
882.194
1106.26
1297.97
1445.55
1523.02
1505.86
1413.68
1281.3
1101.85
862.581
582.127
285.002
-15.0652
-286.694
-476.443
-582.349
-646.088
-675.507
-658.836
-606.864
-586.761
-611.767
-649.03
-669.133
-696.099
-739.246
-768.665
-773.568
-753.465
-698.061
-581.858
-400.936
-167.06
99.6663
377.669
639.002
892.98
1141.57
1372.5
1549.01
1653.93
1701.98
1696.1
1633.83
1525.47
1413.68
1327.88
1249.43
1154.8
1056.25
990.551
966.526
971.92
990.061
1003.3
978.784
860.13
621.351
281.079
-121.952
-588.722
-1119.23
-1653.18
-2119.95
-2499.44
-2803.43
-2993.67
-3032.89
-2933.85
-2751.95
-2499.93
-2153.78
-1722.31
-1276.62
-886.828
-560.775
-276.888
-38.1095
126.143
223.714
292.356
365.412
438.467
525.251
659.105
873.368
1121.46
1346.51
1564.7
1802.5
2033.92
2164.34
2148.65
1990.28
1701
1295.52
810.119
291.866
-230.309
-736.304
-1186.4
-1527.66
-1726.23
-1803.7
-1792.42
-1696.81
-1508.54
-1257.01
-1008.42
-820.147
-710.809
-654.423
-611.767
-554.891
-474.481
-383.775
-272.476
-113.126
124.672
431.603
778.249
1152.35
1520.08
1840.25
2070.69
2210.43
2270.25
2237.4
2113.35
1911.34
1671.59
1417.12
1168.04
934.166
722.354
562.024
469.357
446.802
481.124
556.631
676.756
786.094
805.706
667.44
359.038
-65.0763
-565.678
-1126.1
-1723.29
-2308.71
-2823.53
-3216.27
-3430.04
-3418.77
-3206.46
-2856.88
-2393.05
-1803.7
-1127.08
-461.733
105.06
544.373
866.014
1068.02
1138.13
1083.22
975.352
870.917
764.03
650.77
605.171
704.213
899.845
1103.81
1281.3
1445.55
1574.01
1600
1481.35
1203.83
781.191
242.345
-356.318
-943.704
-1495.79
-2016.98
-2460.22
-2714.69
-2710.76
-2492.09
-2157.21
-1737.02
-1220.73
-646.088
-115.578
316.872
661.556
929.263
1077.83
1106.26
1097.44
1091.55
1078.81
1045.47
1074.88
1221.98
1444.08
1651.97
1807.4
1917.72
1944.69
1862.8
1678.94
1456.34
1209.72
927.792
619.39
322.265
89.8602
-77.334
-165.099
-140.583
20.7271
288.924
594.875
909.16
1163.63
1242.57
1059.19
648.318
109.963
-533.318
-1261.91
-1989.03
-2598.48
-3053
-3356.01
-3470.74
-3332.47
-2971.12
-2457.77
-1841.45
-1137.37
-400.445
228.617
678.227
948.385
1097.44
1108.71
959.172
720.883
507.6
381.592
306.575
291.376
411.991
670.872
963.094
1190.6
1375.93
1540.67
1595.59
1424.47
1016.05
461.021
-174.905
-844.172
-1471.27
-1962.07
-2284.2
-2441.1
-2392.07
-2094.45
-1592.38
-1010.88
-437.218
102.608
597.817
992.512
1214.13
1246.98
1139.6
961.133
758.637
587.52
496.814
479.653
510.052
608.603
806.687
1064.1
1277.87
1391.62
1400.45
1291.11
1056.74
752.263
448.273
167.328
-105.281
-339.157
-453.888
-413.193
-243.057
5.03734
311.969
709.606
1191.09
1687.77
2087.36
2267.31
2150.61
1703.95
974.371
82.0153
-882.415
-1844.39
-2710.27
-3378.07
-3774.24
-3889.46
-3691.37
-3170.67
-2441.1
-1664.94
-920.659
-189.614
497.304
993.003
1201.38
1169.02
1004.77
771.385
487.498
240.874
126.633
162.916
285.492
485.537
817.473
1228.84
1550.97
1665.21
1606.87
1401.43
967.997
279.118
-541.163
-1315.85
-1997.86
-2563.67
-2926.01
-2975.53
-2713.71
-2224.87
-1544.33
-692.667
223.714
1040.07
1631.87
1981.95
2134.92
2109.43
1903.99
1526.95
1059.68
622.822
311.478
171.741
195.276
338.445
559.082
807.177
1071.45
1307.29
1431.34
1341.61
1037.62
625.274
201.65
-189.124
-526.454
-760.82
-859.861
-813.773
-610.296
-258.747
181.547
647.828
1117.54
1601.96
2053.53
2372.72
2409.99
2042.26
1273.95
246.268
-852.016
-1915.98
-2884.82
-3650.19
-4100.29
-4170.4
-3884.06
-3268.24
-2395.01
-1425.67
-520.57
256.074
936.618
1471.54
1734.83
1684.33
1423.49
1116.56
827.77
578.695
424.248
399.733
500.246
643.415
816.983
1026.34
1188.14
1147.45
816.493
299.711
-250.902
-839.759
-1518.34
-2215.56
-2759.79
-3030.93
-3011.32
-2678.4
-2040.52
-1202.09
-324.448
508.581
1284.24
1925.56
2291.82
2315.36
2072.16
1682.37
1197.95
671.853
201.65
-119.01
-264.631
-248.941
-61.6442
275.686
659.595
963.094
1155.78
1280.32
1330.33
1253.35
1017.03
672.833
316.872
35.9266
-131.758
-183.73
-135.19
4.05673
218.32
505.639
866.014
1252.37
1613.73
1907.42
2127.08
2260.93
2210.92
1810.83
972.9
-207.755
-1461.96
-2561.22
-3423.67
-4029.69
-4361.13
-4356.72
-3990.95
-3309.43
-2363.14
-1291.33
-314.151
424.739
983.687
1504.88
1903.5
1996.17
1781.41
1468.6
1220.01
1005.75
811.099
677.246
601.739
489.949
309.027
161.935
75.6413
-102.83
-522.531
-1086.38
-1552.66
-1851.75
-2089.06
-2323.42
-2436.19
-2284.2
-1847.83
-1173.66
-333.273
534.077
1236.19
1660.8
1867.71
1953.02
1869.18
1524.98
924.36
267.351
-255.315
-587.742
-781.412
-852.997
-752.975
-479.384
-61.6442
436.016
917.005
1250.41
1372.99
1361.22
1323.47
1277.87
1164.12
950.836
710.096
547.805
499.755
532.606
612.526
737.063
888.568
1064.59
1314.64
1647.56
1956.94
2110.41
2114.82
2020.19
1739.25
1080.77
-4.27846
-1319.77
-2569.56
-3555.07
-4226.79
-4557.25
-4498.42
-4067.93
-3358.46
-2420.01
-1248.18
-40.5611
871.897
1398.49
1754.94
2089.82
2229.06
2007.93
1535.77
1081.26
753.734
470.337
214.888
67.3061
3.07612
-145.486
-420.057
-613.238
-696.099
-923.601
-1426.16
-1941.97
-2115.53
-1968.44
-1709.07
-1410.96
-978.515
-401.426
244.306
926.321
1620.59
2131.49
2229.06
1969.69
1589.7
1181.28
615.468
-175.885
-1030.49
-1671.81
-1928.24
-1825.27
-1471.76
-968.219
-354.847
284.021
894.942
1452.42
1871.63
2010.88
1841.72
1543.62
1303.86
1093.02
785.113
403.165
85.9377
-63.6054
-3.78816
258.035
653.221
1040.56
1339.16
1602.45
1879.47
2156.99
2294.27
2205.53
1874.08
1256.79
278.628
-1013.82
-2369.51
-3483.98
-4239.54
-4618.05
-4558.23
-4075.77
-3286.38
-2358.72
-1282.99
-72.4309
1035.17
1764.74
2089.82
2230.04
2252.11
2023.62
1499
936.127
622.822
474.26
284.511
65.3449
-61.6442
-219.032
-620.102
-1119.72
-1444.8
-1641.41
-1964.52
-2364.61
-2433.74
-2006.69
-1339.38
-715.221
-79.7855
657.143
1322
1751.51
2005.97
2159.44
2045.2
1541.65
799.822
62.4031
-610.296
-1237.89
-1762.51
-2015.02
-1932.65
-1576.69
-986.36
-236.683
535.548
1146.96
1572.05
1888.3
2061.38
1989.79
1671.1
1253.35
894.451
599.778
302.653
23.6689
-107.243
-2.31724
281.57
653.711
1056.74
1466.15
1815.74
2063.83
2248.67
2415.38
2512.46
2430.58
2046.18
1249.43
32.4944
-1425.67
-2820.59
-3891.42
-4578.83
-4826.92
-4534.7
-3730.11
-2691.64
-1686.52
-629.908
559.082
1577.45
2077.07
2154.54
2116.78
1983.91
1550.48
899.845
395.811
192.334
54.0679
-178.827
-364.163
-395.052
-498.016
-887.809
-1369.29
-1667.88
-1825.27
-2026.79
-2172.41
-1944.42
-1277.11
-451.927
293.337
932.205
1463.7
1823.58
1997.64
1994.7
1750.03
1157.25
338.935
-432.315
-1023.62
-1455.09
-1798.8
-1962.07
-1831.16
-1423.22
-830.933
-149.899
571.83
1198.44
1578.43
1733.36
1819.66
1850.55
1647.07
1169.51
664.988
373.257
199.198
-51.3478
-300.913
-329.351
-102.83
258.035
694.407
1244.04
1816.23
2242.3
2479.61
2620.33
2738.98
2754.18
2473.72
1676
353.644
-1192.78
-2623.98
-3769.33
-4620.01
-5000
-4673.46
-3754.13
-2606.82
-1489.9
-314.151
923.87
1857.41
2202.1
2154.05
2049.61
1856.92
1319.06
535.057
-48.8963
-268.553
-394.071
-645.598
-871.138
-983.418
-1163.36
-1550.21
-1893.43
-1946.38
-1888.52
-1917.45
-1886.07
-1406.06
-458.792
527.213
1245.02
1726.5
2035.88
2070.2
1785.83
1332.78
802.764
95.7438
-690.706
-1254.56
-1492.36
-1560.02
-1576.69
-1370.76
-839.759
-182.75
358.548
789.526
1246
1662.76
1836.33
1726.99
1541.65
1360.73
1058.21
579.675
111.434
-139.112
-241.096
-386.226
-545.576
-496.545
-129.306
416.404
945.933
1424.96
1902.03
2350.66
2656.61
2768.4
2735.55
2579.63
2103.54
1046.45
-474.972
-2078.27
-3406.51
-4351.82
-4848.01
-4681.79
-3841.9
-2629.37
-1411.95
-244.038
1002.81
2120.71
2689.95
2668.87
2417.34
2126.59
1574.5
691.955
-130.287
-503.9
-586.761
-759.839
-1009.89
-1114.33
-1120.7
-1329.08
-1710.05
-1920.88
-1875.77
-1759.08
-1592.87
-1126.59
-296.991
588.501
1228.84
1653.44
1895.16
1783.37
1262.18
563.985
-97.9268
-807.889
-1593.85
-2144.46
-2192.51
-1883.13
-1535.5
-1173.17
-593.626
161.935
800.803
1200.89
1494.59
1743.66
1814.75
1603.43
1258.26
964.075
697.839
369.334
9.9404
-180.298
-162.157
-129.797
-196.478
-196.968
98.6857
634.589
1158.73
1577.45
1961.85
2316.34
2545.8
2605.62
2566.39
2427.64
1939.29
853.756
-695.609
-2277.82
-3527.61
-4388.1
-4810.74
-4544.02
-3511.92
-2055.72
-667.171
542.902
1734.34
2709.07
3033.65
2723.29
2246.71
1817.21
1153.82
177.135
-645.598
-932.917
-907.421
-947.626
-1054.51
-1052.55
-1047.16
-1250.14
-1535.99
-1621.31
-1496.77
-1347.22
-1107.47
-514.196
403.656
1246.98
1748.07
1959.39
1877.51
1325.43
376.689
-585.29
-1310.45
-1880.68
-2355.78
-2521.51
-2220.46
-1593.85
-915.756
-266.592
428.171
1128.82
1632.85
1823.09
1773.57
1625.01
1423
1108.71
706.664
309.517
10.921
-200.401
-341.118
-327.39
-193.536
-125.874
-164.118
-75.3727
341.877
918.967
1394.07
1739.74
2026.08
2242.79
2356.05
2385.47
2325.65
1991.75
1133.23
-248.451
-1846.36
-3256.96
-4278.76
-4870.56
-4807.31
-3877.69
-2301.36
-673.055
658.614
1822.6
2836.55
3311.66
3014.53
2303.1
1644.62
1020.46
189.392
-664.23
-1096.19
-1050.59
-920.659
-920.659
-906.931
-853.978
-953.51
-1243.77
-1465.39
-1418.32
-1185.42
-807.889
-210.697
606.152
1428.88
1984.89
2198.66
2012.35
1367.11
314.42
-836.327
-1768.89
-2419.52
-2858.84
-2999.55
-2665.66
-1906.17
-1001.07
-203.342
505.149
1166.57
1671.59
1861.33
1752
1486.74
1173.93
841.008
541.922
311.478
107.511
-94.0043
-252.373
-282.772
-198.93
-66.5472
75.6413
282.55
588.991
974.371
1408.78
1859.86
2252.11
2478.63
2524.23
2475.2
2380.08
2049.61
1153.33
-372.498
-2139.07
-3605.57
-4539.6
-4972.05
-4816.14
-3859.55
-2235.17
-463.204
1047.92
2273.68
3176.82
3405.8
2865.97
2009.41
1281.3
581.146
-357.789
-1241.81
-1536.97
-1269.27
-975.083
-935.859
-942.723
-904.479
-1025.58
-1279.07
-1350.17
-1131.98
-836.817
-460.262
255.093
1264.63
2139.83
2536.48
2489.41
2105.02
1331.31
208.024
-996.657
-1936.08
-2508.76
-2733.81
-2568.58
-1951.77
-1045.2
-170.002
517.406
1029.29
1407.31
1544.6
1388.68
1052.82
691.465
392.379
145.265
-38.1095
-107.733
-122.442
-154.802
-231.29
-283.262
-299.442
-346.021
-350.924
-139.112
337.955
919.947
1429.37
1855.94
2238.87
2528.64
2679.16
2681.61
2510.5
2004.01
910.141
-724.047
-2475.91
-3849.74
-4642.57
-4872.52
-4379.76
-3029.95
-1162.87
569.869
1862.31
2861.07
3511.7
3436.19
2610.52
1592.16
790.507
47.6939
-813.773
-1472.25
-1544.33
-1223.67
-993.224
-969.69
-967.729
-1028.53
-1335.46
-1729.17
-1827.23
-1545.31
-1066.28
-395.052
545.354
1564.21
2257.99
2460.98
2248.18
1580.39
440.919
-892.222
-1987.07
-2639.18
-2899.53
-2770.58
-2160.15
-1152.08
-18.4973
949.366
1574.01
1835.35
1780.92
1478.41
1034.68
574.282
208.514
-7.7106
-74.8824
26.1205
244.797
386.495
304.124
72.2092
-118.52
-231.29
-367.104
-481.346
-407.309
-51.8381
519.858
1162.16
1747.09
2179.05
2424.2
2485
2384.98
2113.35
1458.3
176.644
-1589.44
-3296.68
-4419.48
-4871.54
-4732.29
-3839.45
-2144.46
-101.849
1599.02
2726.72
3470.52
3732.34
3218.5
2145.22
1147.45
518.877
-41.5417
-676.487
-1006.46
-808.379
-404.858
-239.135
-320.035
-514.686
-878.493
-1420.28
-1839.49
-1855.18
-1496.28
-852.507
81.525
1202.36
2159.44
2613.46
2507.56
1919.19
848.853
-576.465
-1971.87
-2891.2
-3248.14
-3180.97
-2665.66
-1632.58
-321.996
807.667
1519.59
1829.95
1803.97
1473.01
919.947
325.697
-139.112
-358.769
-310.719
-90.5722
215.378
508.091
691.955
681.659
457.099
147.226
-138.622
-357.298
-470.069
-358.769
38.8684
617.919
1227.37
1751.51
2130.02
2322.22
2305.06
2074.13
1599.02
740.986
-609.315
-2250.37
-3704.61
-4555.29
-4784.27
-4443.5
-3382.97
-1631.6
288.924
1740.23
2618.37
3158.68
3234.68
2613.95
1566.66
682.149
154.09
-261.689
-607.354
-648.54
-350.924
-41.0514
60.9322
0.134287
-186.672
-620.102
-1228.08
-1597.77
-1465.88
-970.67
-273.456
650.77
1662.76
2395.77
2571.3
2243.28
1489.19
293.337
-1119.23
-2314.11
-2947.58
-3033.88
-2701.94
-1963.05
-857.9
357.077
1290.62
1739.25
1721.6
1382.31
833.163
207.533
-321.016
-618.141
-625.005
-378.872
9.9404
380.611
616.938
682.639
608.113
414.442
154.58
-53.7993
-153.331
-103.32
91.8214
431.113
883.665
1311.7
1641.19
1854.96
1943.21
1853
1583.33
1193.05
510.052
-703.454
-2276.84
-3634.99
-4367.51
-4542.05
-4213.55
-3143.7
-1360.95
501.226
1769.65
2445.29
2843.42
2843.42
2177.09
1140.09
360.999
-18.007
-341.609
-669.623
-661.288
-232.27
227.636
398.262
319.323
30.5332
-513.215
-1145.71
-1469.8
-1342.81
-949.587
-332.783
575.263
1595.1
2271.72
2372.72
2001.07
1207.76
-6.23968
-1364.39
-2360.2
-2748.52
-2653.89
-2189.08
-1353.11
-250.412
826.299
1542.64
1765.72
1555.87
1074.88
469.847
-113.126
-519.099
-659.817
-576.465
-305.326
122.711
553.199
797.371
778.249
604.191
372.766
115.846
-99.888
-195.498
-142.054
67.7964
426.7
864.543
1251.88
1514.2
1647.07
1640.7
1518.12
1383.29
1244.53
808.158
-257.766
-1797.82
-3230.49
-4063.03
-4340.05
-4206.2
-3457.01
-1948.34
-74.8824
1386.23
2167.28
2554.63
2616.4
2120.71
1142.06
268.822
-167.55
-423.49
-683.842
-689.235
-281.301
228.126
460.041
411.01
213.417
-177.356
-731.892
-1192.29
-1257.01
-938.31
-372.498
396.791
1271.01
1962.83
2173.66
1885.36
1191.09
142.813
-1081.97
-2087.1
-2557.3
-2467.57
-1934.61
-1047.16
30.0429
1012.12
1615.69
1762.78
1524
1009.18
369.825
-269.534
-755.426
-965.767
-863.293
-502.919
-18.007
473.279
844.93
959.662
803.255
527.703
303.633
179.096
120.749
127.123
263.428
559.082
949.856
1285.22
1456.83
1483.8
1419.08
1315.62
1212.17
1152.84
1019.97
478.672
-659.326
-2126.32
-3366.79
-4059.1
-4284.15
-4016.94
-3019.66
-1368.8
315.401
1433.79
2023.62
2319.28
2188.86
1451.44
441.409
-265.611
-561.265
-747.581
-871.629
-654.423
-83.7079
452.686
654.202
585.069
324.716
-172.944
-782.883
-1137.86
-1052.06
-681.88
-151.86
535.548
1291.6
1797.59
1845.15
1427.41
599.287
-503.409
-1594.83
-2284.69
-2396.48
-2029.73
-1326.63
-374.459
698.329
1637.26
2128.06
2081.48
1589.7
842.479
63.874
-598.529
-1036.86
-1171.7
-972.632
-484.778
117.808
594.384
815.022
778.249
620.861
438.467
244.797
88.3893
53.5776
189.882
452.686
756.185
1069
1335.73
1490.17
1531.85
1527.44
1523.51
1508.31
1459.28
1308.76
741.476
-417.116
-1911.57
-3199.11
-3939.96
-4193.94
-3888.48
-2824.02
-1123.16
539.961
1577.45
2055.98
2246.71
2005.48
1153.82
77.1122
-608.335
-820.147
-910.853
-954.49
-669.133
-82.7273
360.018
391.888
216.849
-11.633
-473.991
-1112.86
-1451.17
-1159.93
-524.002
130.065
827.77
1563.23
2022.64
1899.58
1245.51
244.797
-933.897
-2030.71
-2665.66
-2642.12
-2066.01
-1151.1
-34.6774
1108.71
1983.91
2280.54
1948.12
1251.88
472.298
-254.334
-888.299
-1287.41
-1282.99
-919.679
-394.562
104.079
499.265
708.135
669.401
453.176
206.553
32.4944
-59.1927
-49.8769
71.2286
312.949
668.911
1071.94
1395.54
1565.68
1637.75
1688.26
1694.14
1632.36
1534.3
1468.6
1289.15
632.138
-597.548
-2045.91
-3169.69
-3785.51
-3929.17
-3440.34
-2193.49
-521.551
876.31
1674.04
2046.67
2071.67
1561.27
590.952
-278.359
-670.603
-758.368
-785.825
-650.991
-269.043
92.802
156.051
-20.9488
-309.739
-770.135
-1344.28
-1688.48
-1505.59
-936.839
-224.916
585.559
1447.52
2068.73
2104.52
1573.03
688.523
-406.329
-1564.92
-2414.62
-2592.11
-2096.41
-1199.64
-125.384
1000.85
1910.36
2348.21
2216.8
1655.41
868.465
16.3144
-693.648
-1107.96
-1147.18
-843.191
-318.074
274.215
736.573
934.166
815.022
429.151
-61.1539
-462.714
-673.545
-698.061
-548.517
-222.955
223.714
669.891
1016.05
1240.12
1363.18
1406.33
1386.23
1356.32
1349.95
1411.72
1524.98
1486.25
947.404
-212.658
-1653.67
-2868.15
-3616.85
-3864.94
-3428.57
-2204.28
-550.969
848.363
1672.08
2110.41
2207.98
1770.63
899.845
122.711
-213.149
-333.764
-483.797
-525.473
-323.467
-97.4365
-140.093
-412.703
-724.537
-1061.87
-1389.39
-1498.24
-1202.58
-595.587
143.303
888.568
1499.49
1769.65
1580.88
994.964
105.06
-958.903
-1936.57
-2499.44
-2438.15
-1790.95
-775.529
337.955
1316.11
2018.23
2316.34
2117.76
1471.05
658.614
-37.1289
-541.653
-851.036
-935.368
-719.144
-272.966
204.101
521.819
552.218
316.872
-66.5472
-437.218
-641.185
-630.889
-430.844
-99.3977
294.318
670.382
930.734
1022.91
941.521
750.302
587.52
545.354
647.828
889.058
1228.35
1587.74
1846.62
1814.26
1178.83
-129.797
-1749.77
-3115.76
-3925.25
-4130.2
-3566.84
-2222.42
-486.739
1011.14
1963.32
2459.51
2485.98
1906.93
933.185
98.6857
-310.229
-473.01
-562.736
-464.675
-185.201
2.09551
-65.0763
-261.198
-466.636
-757.878
-1080.01
-1156.01
-873.1
-430.354
5.03734
497.794
1017.52
1318.08
1177.36
629.196
-172.453
-1075.6
-1863.52
-2255.27
-2077.78
-1408.02
-475.952
473.769
1286.21
1838.29
2003.03
1710.32
1087.63
406.107
-118.029
-467.127
-656.875
-629.908
-372.988
9.9404
286.963
335.013
190.863
-52.3284
-321.996
-568.62
-606.864
-337.686
99.176
509.562
799.822
965.055
945.933
726.277
454.647
262.448
230.578
416.404
821.396
1352.4
1846.62
2167.28
2315.36
2266.82
1758.37
531.625
-1276.62
-3053
-4228.26
-4645.02
-4261.11
-3012.79
-1129.53
741.966
1986.85
2520.3
2503.63
1903.01
804.235
-300.913
-866.726
-875.061
-666.191
-349.944
115.356
573.301
719.903
488.969
14.3531
-611.767
-1302.12
-1796.34
-1812.03
-1355.56
-620.592
209.004
977.313
1490.17
1554.4
1143.04
342.858
-655.404
-1577.67
-2175.35
-2258.7
-1804.19
-935.368
96.2341
1030.76
1725.52
2038.33
1882.91
1287.19
458.08
-279.34
-715.712
-838.288
-744.149
-500.958
-154.802
140.362
232.539
161.935
68.2867
-43.5029
-236.193
-370.537
-219.523
198.218
559.082
685.091
671.362
605.661
451.215
215.869
48.1842
78.0928
317.362
736.573
1286.7
1861.82
2323.2
2540.41
2492.85
2238.87
1669.13
513.974
-1185.42
-2882.86
-3964.48
-4290.53
-3985.07
-3010.83
-1442.83
218.81
1342.59
1750.52
1654.42
1161.67
324.226
-513.215
-833.385
-509.783
98.6857
661.066
1098.91
1331.31
1135.19
458.57
-436.238
-1288.88
-1991.98
-2379.32
-2203.3
-1425.18
-363.672
645.376
1427.9
1855.94
1764.74
1133.23
187.431
-820.147
-1681.12
-2184.67
-2150.35
-1546.78
-589.703
415.423
1196.48
1609.81
1658.35
1321.51
637.041
-155.783
-691.196
-798.083
-595.587
-297.971
34.4557
342.367
526.722
505.149
246.758
-109.204
-420.057
-583.329
-564.207
-367.595
-22.9101
367.373
672.833
815.022
795.41
669.401
479.163
291.866
220.281
371.295
732.651
1188.14
1639.23
1996.66
2195.72
2235.44
2148.16
1969.69
1535.28
578.204
-896.144
-2479.83
-3609
-4084.6
-4005.17
-3369.73
-2189.57
-729.93
458.57
1081.26
1252.37
1130.29
779.72
382.082
270.293
541.922
909.651
1055.76
960.152
675.285
184.489
-501.938
-1166.79
-1618.36
-1823.31
-1758.1
-1341.83
-603.432
179.096
780.21
1154.31
1297.97
1136.17
672.833
108.001
-415.645
-879.964
-1226.61
-1279.56
-947.136
-400.936
127.123
481.614
602.229
534.077
355.115
114.866
-144.996
-286.694
-171.473
109.472
330.6
398.753
387.966
276.667
-18.4973
-441.631
-782.393
-894.673
-851.526
-672.074
-317.584
179.586
623.803
848.853
880.723
806.687
655.673
438.958
229.107
147.226
283.531
598.307
1008.69
1425.94
1805.93
2083.44
2157.97
2032.94
1775.04
1467.62
956.72
-13.5943
-1396.75
-2799.02
-3727.66
-4056.16
-3827.68
-3012.79
-1641.9
-93.0237
1072.92
1622.06
1690.22
1410.25
863.072
300.691
73.1898
250.19
558.592
761.579
778.739
603.21
147.226
-551.459
-1261.91
-1809.09
-2088.57
-1999.82
-1451.66
-564.698
298.73
933.185
1349.95
1523.02
1351.91
794.429
63.3837
-617.65
-1146.69
-1430.58
-1388.41
-1019.21
-509.293
-58.7024
234.5
382.082
407.088
307.556
124.182
-34.1871
-30.755
166.348
410.03
521.329
429.151
197.727
-110.675
-460.262
-759.349
-894.673
-812.792
-553.911
-177.356
283.531
740.986
1055.27
1123.91
976.823
743.928
511.523
316.381
205.572
241.365
441.409
766.482
1132.74
1461.73
1671.59
1730.42
1660.31
1496.06
1294.05
1080.77
892.98
600.758
-18.9876
-1083.93
-2330.78
-3255.98
-3619.79
-3441.32
-2771.07
-1633.56
-316.603
677.736
1168.04
1333.27
1288.66
941.521
456.609
250.68
451.706
733.141
789.036
644.886
333.052
-188.633
-839.269
-1381.55
-1703.19
-1820.37
-1657.59
-1105.5
-310.719
418.365
943.972
1271.01
1330.33
1014.58
434.545
-181.279
-724.537
-1150.61
-1344.77
-1211.9
-828.482
-378.872
-17.5167
160.954
162.425
88.3893
35.4363
-41.5417
-124.403
-59.1927
240.384
614.487
796.39
693.426
351.683
-140.093
-660.307
-1029.51
-1116.78
-934.878
-579.897
-127.835
381.102
841.008
1108.22
1135.19
994.474
783.152
558.102
398.262
380.121
466.415
590.952
750.302
947.404
1100.38
1133.72
1094.99
1071.94
1099.89
1166.57
1265.12
1367.6
1428.39
1263.16
588.01
-643.146
-2094.94
-3265.79
-3891.91
-3901.72
-3198.13
-1873.32
-365.143
745.889
1257.28
1354.36
1158.24
678.227
135.459
-44.4835
234.5
632.628
835.124
819.925
586.54
48.1842
-701.002
-1395.27
-1845.38
-2008.16
-1792.42
-1130.51
-204.813
615.468
1138.13
1365.14
1282.77
853.756
168.799
-529.886
-1053.53
-1322.22
-1315.36
-1064.81
-674.526
-279.83
-20.4585
47.6939
-34.6774
-97.9268
-51.3478
53.0873
190.863
419.345
756.675
1008.2
992.022
701.271
230.578
-300.913
-770.135
-1018.72
-978.515
-676.977
-212.658
306.085
746.869
1027.32
1130.78
1062.14
823.357
495.833
247.739
182.528
248.229
345.8
447.783
537.509
602.72
638.512
707.645
845.911
1058.21
1339.65
1608.34
1770.14
1788.77
1700.51
1540.67
1204.32
509.562
-630.398
-2020.41
-3196.17
-3798.75
-3768.35
-3158.9
-2062.09
-761.31
251.661
706.174
773.346
652.731
336.484
-91.0625
-271.005
42.3006
627.235
1051.84
1154.31
962.113
477.692
-280.811
-1124.14
-1771.83
-2053.26
-1885.58
-1266.81
-379.362
422.287
870.917
955.249
773.836
377.669
-138.132
-563.227
-714.731
-645.108
-479.875
-271.985
-38.5998
147.226
159.484
-2.80754
-250.412
-438.689
-446.044
-272.966
1.1149
335.503
708.135
980.255
976.332
704.213
370.315
59.4612
-250.412
-455.359
-394.071
-61.6442
313.93
564.476
641.454
526.722
266.86
-27.3228
-251.883
-355.337
-303.365
-47.4253
335.013
653.221
773.346
707.155
577.224
491.42
515.936
691.465
993.003
1312.19
1551.95
1640.21
1565.68
1348.47
1064.1
824.338
661.066
526.232
203.611
-525.963
-1619.83
-2710.27
-3370.72
-3454.07
-2991.71
-2063.07
-919.188
1.1149
415.913
439.938
287.944
-9.18151
-355.337
-393.581
73.6801
782.171
1207.76
1201.87
898.374
362.47
-384.755
-1156.01
-1611.01
-1678.18
-1443.32
-943.704
-279.83
294.808
549.767
534.077
349.232
28.0817
-326.899
-507.822
-435.747
-249.431
-58.7024
133.497
302.653
309.517
82.0153
-263.65
-523.022
-544.105
-314.642
86.9183
546.825
1013.11
1444.08
1676.49
1562.25
1093.02
475.731
-96.9462
-540.182
-763.761
-738.756
-497.035
-200.891
3.07612
59.9515
6.01795
-86.6498
-205.304
-273.456
-135.68
268.822
768.933
1104.79
1201.87
1135.68
947.895
614.977
209.495
-63.1151
-47.9156
233.029
630.177
1017.03
1293.07
1389.66
1302.39
1099.4
892.49
746.379
694.407
714.019
717.941
484.556
-202.362
-1328.1
-2599.96
-3568.31
-3948.29
-3644.31
-2719.59
-1455.58
-288.165
426.21
709.116
754.714
590.952
264.409
90.3505
396.791
1018.01
1453.89
1441.14
1068.02
387.966
-600.49
-1684.56
-2443.06
-2621.04
-2269.98
-1576.2
-656.875
276.667
932.695
1126.37
931.715
585.559
247.248
35.9266
-23.4004
42.7909
166.838
309.027
437.977
444.841
211.946
-245.509
-708.357
-890.26
-714.241
-297.481
242.835
834.144
1373.97
1656.39
1567.15
1149.41
591.933
81.525
-310.719
-557.343
-608.825
-450.947
-227.858
-90.0819
-56.7411
-76.8437
-121.461
-179.317
-174.905
-18.4973
342.367
793.939
1135.19
1268.06
1211.19
994.964
647.828
265.389
-36.1483
-169.511
-124.403
42.7909
229.107
383.063
506.62
563.005
543.393
502.207
515.445
607.623
723.825
834.144
921.418
971.92
869.936
357.077
-662.759
-1952.75
-3005.93
-3479.56
-3348.65
-2695.56
-1657.1
-558.324
130.065
223.223
-11.633
-285.714
-519.099
-596.567
-262.669
467.395
1139.11
1338.18
1054.29
470.337
-334.254
-1193.27
-1748.79
-1746.33
-1286.43
-607.354
120.749
712.548
957.701
821.396
446.802
19.2562
-295.03
-317.093
-5.25907
416.894
715.98
802.274
694.897
398.753
-42.5223
-465.166
-720.615
-686.293
-320.035
302.653
962.113
1423
1607.85
1491.64
1106.26
577.224
120.259
-134.209
-205.304
-116.068
112.905
360.509
422.778
209.495
-131.758
-423.49
-594.116
-629.418
-490.661
-171.473
173.702
400.714
474.26
413.952
241.855
15.3338
-166.57
-224.426
-136.661
44.7521
272.254
427.681
468.376
439.938
406.597
384.043
348.251
364.431
507.6
718.922
872.388
923.379
885.626
785.113
659.595
560.063
499.755
375.708
-28.7937
-849.565
-1931.18
-2816.18
-3146.65
-2886.78
-2158.68
-1171.7
-288.165
104.569
-46.4447
-414.664
-755.917
-1012.84
-1027.55
-529.886
433.074
1337.2
1708.36
1521.55
980.255
235.971
-504.88
-941.252
-904.479
-553.42
-116.068
308.046
619.39
692.936
476.711
80.5444
-274.437
-414.664
-286.204
10.4307
308.046
508.581
558.592
419.345
113.395
-225.406
-402.897
-341.609
-114.107
215.869
577.224
840.518
880.232
712.548
480.143
238.913
32.9847
-46.4447
11.4113
59.9515
-1.82693
-105.281
-189.124
-348.473
-620.102
-847.113
-861.823
-665.21
-367.595
-38.5998
259.996
417.384
341.387
93.7826
-150.389
-278.359
-291.107
-195.498
15.3338
285.492
469.357
457.099
289.905
80.5444
-82.237
-124.894
13.3725
333.542
728.728
1069.98
1273.95
1267.57
1051.84
765.011
555.16
463.963
462.002
554.67
715.49
827.279
818.944
610.564
15.8241
-1004.01
-2112.59
-2794.12
-2856.88
-2425.9
-1611.99
-612.257
158.993
339.916
43.7715
-347.492
-615.199
-688.745
-393.091
368.354
1281.3
1826.52
1764.25
1252.37
500.736
-333.273
-1007.44
-1231.02
-920.169
-315.132
243.326
548.786
550.257
266.37
-207.755
-668.152
-905.46
-819.656
-470.559
-4.27846
414.933
609.094
457.099
-31.7356
-592.155
-911.834
-890.751
-622.554
-170.492
422.778
939.559
1152.35
1041.05
766.482
447.783
179.096
75.6413
209.495
480.634
685.091
636.06
273.725
-285.714
-808.379
-1129.04
-1225.63
-1096.19
-751.014
-302.384
32.4944
132.517
82.0153
-7.22029
-83.7079
-131.758
-115.087
12.8822
208.024
344.329
327.168
188.412
46.7133
-28.7937
-22.4198
90.3505
318.833
595.365
811.099
918.967
940.05
904.257
803.745
669.401
585.559
607.623
727.747
880.232
1000.36
1026.83
945.443
823.847
740.495
725.296
645.376
264.899
-482.326
-1348.21
-1914.02
-2052.28
-1885.58
-1496.28
-964.787
-536.26
-491.642
-775.529
-1098.64
-1295.25
-1309.47
-1009.4
-342.099
416.894
867.485
880.232
611.055
199.689
-279.34
-640.205
-665.21
-354.847
52.1067
327.168
415.423
303.143
-13.5943
-455.85
-810.831
-864.274
-645.108
-332.293
-45.9544
179.096
281.57
142.813
-187.653
-497.035
-585.781
-434.276
-131.758
251.171
636.06
878.271
853.756
640.473
457.099
402.675
417.384
465.924
565.947
702.742
737.063
593.894
337.464
64.8546
-160.686
-354.357
-521.551
-639.714
-654.423
-549.498
-432.805
-373.969
-347.002
-299.442
-239.135
-149.899
43.2812
338.935
592.913
707.155
695.878
632.138
523.78
375.708
262.448
252.642
338.445
455.138
575.263
668.911
680.678
581.636
427.19
333.542
358.548
475.731
607.132
700.29
758.637
768.933
718.922
623.803
559.573
567.908
632.138
714.019
712.058
450.235
-182.75
-1047.16
-1759.57
-2073.37
-2020.9
-1723.29
-1306.04
-948.116
-891.241
-1148.65
-1464.9
-1656.12
-1667.39
-1399.69
-772.587
43.2812
641.454
799.332
590.952
184.489
-235.212
-501.938
-490.171
-234.722
123.201
440.919
581.636
446.802
64.3643
-385.246
-696.099
-756.897
-553.42
-125.874
363.941
692.445
733.631
493.382
90.3505
-287.675
-437.708
-315.622
-39.0901
284.021
583.107
784.133
798.842
677.246
537.509
455.628
483.575
622.822
798.351
883.174
828.26
666.459
418.855
105.06
-178.827
-304.345
-277.869
-208.245
-195.007
-276.398
-434.767
-613.728
-741.207
-797.102
-805.928
-723.066
-508.312
-205.794
80.5444
283.04
376.199
343.838
249.209
189.392
211.946
284.511
373.257
457.099
514.465
512.013
456.609
373.257
317.852
329.129
421.307
563.985
706.664
798.351
795.41
681.168
491.42
317.362
218.32
184.979
170.27
196.256
275.196
366.883
412.481
412.481
310.498
-34.6774
-625.005
-1229.55
-1610.03
-1741.92
-1657.1
-1361.93
-997.637
-840.739
-1009.89
-1284.47
-1433.03
-1414.4
-1212.88
-764.742
-160.196
309.517
482.104
434.545
292.356
144.774
146.245
428.661
876.31
1232.27
1346.02
1226.39
886.116
376.199
-141.564
-467.617
-513.215
-313.171
18.2756
309.517
410.03
270.293
3.56643
-321.016
-600.49
-707.867
-537.731
-152.841
231.558
478.182
522.8
361.98
94.2729
-101.849
-141.074
-45.4641
169.78
480.634
753.243
825.318
691.955
469.357
237.932
57.5
-24.381
12.3919
89.8602
99.6663
-21.9295
-259.237
-564.207
-859.861
-1042.25
-1047.16
-876.532
-624.515
-380.833
-232.761
-196.968
-223.935
-215.6
-101.359
141.833
430.622
649.299
725.786
685.581
546.334
333.052
150.168
114.866
240.874
407.578
546.825
620.861
601.739
471.808
270.783
109.472
71.2286
148.697
272.254
374.728
451.215
482.595
445.822
360.018
269.312
227.146
262.448
359.528
412.481
257.545
-126.855
-606.864
-1004.5
-1240.34
-1279.07
-1072.16
-713.26
-439.67
-421.528
-599.019
-816.224
-999.108
-1048.14
-840.249
-375.44
140.852
506.62
630.667
500.246
187.431
-129.306
-239.625
-92.5334
196.256
471.808
640.963
659.595
486.027
168.309
-151.37
-322.977
-304.345
-168.04
-5.74938
98.6857
86.428
-88.1207
-375.93
-631.379
-715.712
-622.554
-408.78
-125.874
165.858
343.348
329.129
183.018
27.5914
-58.2121
-50.8575
78.0928
305.104
524.761
628.215
625.764
545.354
393.85
199.198
84.4668
136.439
277.157
379.631
346.78
163.406
-118.029
-420.548
-643.637
-743.659
-690.216
-506.841
-276.398
-87.1401
-7.22029
-43.5029
-165.589
-290.617
-271.005
-74.8824
195.766
399.733
511.523
606.152
680.188
688.033
604.191
488.478
448.273
530.154
669.401
718.922
611.055
380.121
117.317
-100.378
-242.567
-271.005
-196.968
-78.8049
-9.67182
-16.5361
-43.5029
-52.8187
-40.0708
4.54704
122.711
320.304
551.238
742.457
770.404
541.922
93.7826
-382.794
-718.163
-872.609
-837.798
-636.772
-373.478
-242.077
-331.312
-549.988
-777
-943.704
-981.457
-800.044
-419.567
-32.7162
175.664
189.882
83.9765
-67.5279
-209.716
-264.631
-193.046
-33.6968
120.749
186.45
145.265
19.2562
-124.403
-227.367
-234.232
-109.204
94.2729
279.118
354.135
294.808
142.323
-68.0182
-269.534
-396.032
-394.071
-267.082
-49.8769
167.328
276.176
231.558
92.802
-25.3616
-63.6054
-1.82693
158.993
376.199
560.063
659.595
674.304
633.609
553.199
470.827
436.506
454.647
504.168
530.645
493.872
385.514
211.456
5.03734
-198.93
-368.575
-484.287
-549.988
-567.149
-560.775
-556.362
-579.407
-609.806
-601.961
-543.124
-436.728
-319.055
-212.658
-153.822
-140.093
-130.287
-94.0043
-41.0514
10.4307
49.1648
105.55
199.198
300.201
360.509
363.941
343.838
331.09
322.755
316.381
331.09
378.16
436.016
452.196
409.049
319.323
242.835
207.043
179.096
107.021
52.597
120.749
262.448
359.038
348.251
254.603
76.1316
-140.583
-273.946
-293.559
-276.888
-290.126
-303.855
-312.19
-359.26
-458.792
-575.484
-687.764
-726.498
-615.689
-406.329
-237.664
-193.536
-214.619
-257.766
-302.874
-304.345
-223.445
-107.733
1.1149
119.278
235.971
307.065
291.376
210.966
112.414
47.6939
23.6689
6.50826
7.48887
71.2286
173.212
236.461
233.52
209.004
192.824
193.315
215.869
231.068
229.597
213.907
199.689
167.819
104.569
31.5138
-39.5804
-107.733
-176.376
-213.639
-188.633
-116.558
-45.9544
-12.1233
1.6052
26.6108
53.5776
47.2036
10.921
-6.72999
8.46948
16.3144
11.4113
43.7715
92.802
87.4086
17.295
-38.5998
-62.6248
-75.863
-86.6498
-84.1982
-94.985
-143.035
-155.293
-110.675
-58.2121
-54.7799
-81.2564
-85.6692
-72.4309
-72.9212
-77.334
-74.3921
-51.3478
-20.4585
5.52765
30.5332
51.6164
78.0928
99.6663
126.143
167.819
211.456
251.661
293.827
350.703
421.797
469.357
479.163
446.802
386.005
367.373
388.456
400.223
382.082
394.83
453.667
453.667
359.038
242.345
159.974
94.7632
13.8628
-62.1345
-98.4171
-91.0625
-50.8575
-37.1289
-93.0237
-229.819
-426.922
-625.495
-742.678
-742.678
-657.856
-573.523
-538.221
-568.62
-651.482
-717.673
-726.008
-675.997
-570.581
-416.135
-254.825
-161.666
-119.01
-76.8437
-26.3422
4.54704
16.3144
30.5332
51.126
100.157
183.509
285.492
359.038
361.98
307.065
233.029
209.004
226.165
248.719
261.467
301.182
368.354
399.733
345.309
206.553
57.0097
-68.9988
-166.079
-206.775
-162.647
-37.1289
88.3893
153.6
161.935
148.697
138.891
122.711
76.6219
24.1593
22.198
84.4668
160.954
204.592
211.946
168.799
63.3837
-58.7024
-129.306
-170.982
-213.639
-239.625
-216.09
-166.079
-156.273
-183.24
-225.896
-252.373
-257.276
-275.417
-302.384
-304.836
-248.451
-157.744
-87.6304
-47.4253
-42.5223
-55.2702
-65.5666
-43.5029
23.1786
92.802
145.265
182.038
221.752
225.675
186.45
175.173
226.165
298.24
331.09
350.703
391.398
446.802
497.304
509.562
479.163
423.758
361.489
319.323
293.827
278.628
220.772
125.652
49.1648
20.2368
18.2756
-2.80754
-29.284
-25.8519
-38.1095
-129.306
-280.32
-413.683
-495.074
-553.911
-580.387
-551.95
-495.074
-454.869
-439.67
-459.282
-478.894
-479.384
-449.966
-415.645
-387.207
-331.312
-251.883
-161.666
-88.611
-23.4004
53.0873
123.201
143.794
93.7826
21.2174
-3.78816
40.3393
105.06
143.794
139.381
144.774
180.076
223.714
257.054
284.021
310.007
316.381
299.711
268.822
216.359
146.245
116.337
139.871
174.193
155.561
120.259
124.182
142.813
133.497
106.04
93.7826
53.5776
-41.0514
-121.952
-122.442
-98.4171
-118.52
-157.254
-133.719
-59.1927
-10.6524
-8.69121
-31.2453
-55.2702
-77.8243
-92.5334
-84.6885
-58.2121
-29.284
-17.5167
-39.5804
-75.3727
-90.0819
-67.0375
-2.80754
89.8602
173.212
211.946
197.237
181.057
163.406
122.711
77.1122
61.9128
96.7244
129.575
147.226
164.387
180.567
172.722
142.813
120.749
131.536
167.819
212.927
268.331
291.376
279.118
249.7
229.597
191.353
113.395
54.0679
53.0873
90.8408
114.375
106.04
81.525
43.7715
9.9404
-15.0652
-39.0901
-58.2121
-72.4309
-94.985
-155.783
-226.877
-255.315
-237.664
-247.96
-323.958
-421.038
-485.758
-507.332
-516.648
-500.468
-446.044
-389.168
-362.692
-357.298
-343.57
-311.21
-269.043
-196.968
-108.223
-37.1289
-8.2009
-6.23968
-32.2259
-85.6692
-121.952
-93.0237
-10.6524
59.4612
104.079
147.226
188.412
204.101
210.966
229.597
230.578
188.902
126.143
97.2148
112.414
138.4
156.051
154.58
138.4
110.943
81.0347
47.2036
-6.72999
-77.8243
-109.204
-83.2176
-22.4198
18.2756
34.946
48.6745
75.6413
105.55
117.317
123.201
126.143
132.026
116.827
109.472
127.614
142.813
122.22
72.2092
6.99856
-55.7605
-97.9268
-104.301
-84.6885
-59.1927
-24.8713
-15.0652
-47.4253
-95.4753
-101.359
-69.4891
-37.6192
-31.7356
-37.1289
-15.0652
33.4751
57.5
15.8241
-63.6054
-103.81
-62.1345
17.295
74.1704
80.5444
66.3255
65.8352
71.7189
75.6413
96.7244
158.503
230.578
266.37
271.273
262.938
234.5
170.761
92.3117
37.3975
2.58581
-15.5555
-4.27846
47.6939
103.098
131.536
158.503
173.702
160.954
114.375
60.9322
29.0623
18.2756
52.597
115.356
168.799
165.858
89.8602
-28.3034
-141.074
-212.658
-250.412
-258.257
-245.018
-219.523
-184.221
-138.622
-118.029
-161.666
-245.509
-281.301
-246.98
-201.872
-213.149
-263.16
-297.971
-304.836
-307.287
-319.545
-322.487
-293.559
-233.251
-147.448
-42.032
42.3006
64.8546
30.0429
8.95978
55.5388
111.924
131.536
124.182
123.691
133.988
133.007
157.522
194.295
190.863
158.503
145.755
180.567
215.378
214.398
190.373
160.954
119.769
47.6939
-25.3616
-63.6054
-45.4641
-18.4973
7.48887
40.3393
73.6801
98.6857
72.2092
-6.72999
-126.365
-223.445
-267.572
-277.379
-239.625
-166.079
-80.2758
-29.7743
-26.8325
-64.586
-133.719
-191.085
-197.949
-166.079
-116.068
-55.2702
11.4113
59.9515
58.4806
13.8628
-23.8907
-7.22029
29.0623
49.1648
74.1704
147.226
228.126
267.351
282.55
307.556
324.716
303.633
268.331
253.132
257.545
275.686
287.944
289.414
269.312
234.991
195.766
158.993
167.328
222.243
287.944
299.221
251.661
184.979
118.298
68.777
24.6496
-0.356018
6.01795
32.4944
47.2036
14.3531
-45.9544
-108.223
-154.312
-183.24
-192.556
-192.065
-193.046
-174.905
-129.306
-87.1401
-94.4947
-143.035
-187.162
-213.639
-225.406
-229.329
-211.678
-180.788
-140.583
-124.894
-156.273
-207.265
-231.78
-229.329
-238.154
-252.863
-247.47
-217.071
-179.317
-127.345
-79.2952
-46.4447
-19.4779
7.48887
13.3725
-9.67182
-37.6192
-37.1289
-10.6524
17.7853
19.7465
-7.7106
-34.6774
-12.6137
48.1842
98.6857
108.001
94.7632
93.2923
103.589
108.982
94.2729
48.6745
-3.29785
-45.9544
-76.8437
-86.1595
-100.378
-109.694
-110.184
-86.1595
-64.586
-87.6304
-111.165
-97.4365
-47.4253
-5.25907
25.1399
69.7577
111.924
135.459
130.065
96.2341
29.0623
-46.4447
-59.1927
-2.80754
57.5
61.4225
51.6164
72.2092
134.478
211.946
276.667
303.143
292.356
282.06
301.672
339.916
348.741
322.265
257.054
196.256
159.484
151.639
160.954
153.6
145.755
133.988
109.472
67.7964
2.09551
-61.6442
-108.714
-121.952
-85.1788
-43.9932
-25.3616
-57.7217
-114.597
-184.221
-263.16
-314.151
-315.132
-268.553
-244.528
-249.431
-268.553
-279.34
-267.572
-240.115
-208.245
-196.968
-196.968
-179.808
-138.622
-100.378
-73.4115
-54.7799
-21.4391
11.4113
19.7465
17.7853
23.6689
50.6357
85.9377
115.356
101.628
46.7133
0.134287
26.1205
106.531
183.018
224.204
242.835
261.957
268.822
251.661
213.417
178.115
158.013
152.129
135.459
95.7438
48.6745
8.95978
-19.4779
-34.6774
-23.8907
-18.4973
-44.4835
-73.4115
-61.1539
-13.104
37.8878
80.5444
93.2923
70.248
44.7521
36.9072
20.2368
-20.4585
-58.2121
-87.6304
-110.184
-138.622
-155.783
-155.783
-140.583
-105.772
-70.96
-35.1677
-12.6137
-24.381
-64.0957
-96.4559
-96.9462
-83.2176
-83.2176
-69.9794
-32.7162
4.05673
10.4307
17.295
51.6164
88.3893
97.7051
98.1954
109.963
136.439
164.877
178.115
172.722
161.445
169.78
170.761
137.42
81.0347
28.572
-22.9101
-90.5722
-136.661
-136.171
-103.32
-68.0182
-34.1871
-2.31724
-6.23968
-36.6386
-53.7993
-24.381
12.8822
34.4557
49.6551
58.9709
54.0679
21.2174
-21.4391
-60.6636
-75.863
-82.237
-76.8437
-72.4309
-50.8575
-33.6968
-39.5804
-60.1733
-77.8243
-74.8824
-75.863
-75.3727
-63.6054
-22.9101
17.7853
31.0235
13.8628
-3.29785
-7.7106
-15.0652
-29.284
-35.658
-10.6524
9.9404
-4.76877
-24.381
4.05673
72.6995
117.808
123.691
120.749
113.395
105.55
108.492
115.846
105.06
84.9571
101.137
138.4
147.226
118.298
78.0928
43.2812
6.50826
-7.7106
-12.1233
-49.8769
-109.694
-128.326
-88.611
-60.6636
-83.2176
-112.146
-112.636
-89.1013
-59.683
-34.1871
-19.9682
-48.4059
-101.849
-140.093
-138.622
-106.752
-72.4309
-23.8907
21.7077
39.3587
25.6302
7.48887
0.134287
-27.8131
-63.6054
-67.0375
-39.5804
-18.4973
-18.007
-9.18151
13.3725
12.3919
-12.1233
-27.3228
-34.6774
-51.8381
-75.863
-62.1345
-7.7106
33.4751
45.7327
34.4557
31.5138
28.0817
14.3531
24.1593
52.597
71.7189
61.9128
47.6939
47.6939
42.7909
28.0817
22.198
43.7715
64.8546
60.4418
42.3006
20.2368
-7.22029
-29.284
-4.76877
58.9709
135.459
174.193
154.09
88.8796
32.9847
30.0429
39.3587
42.3006
43.2812
51.126
52.1067
74.6607
132.026
174.193
160.954
116.337
102.118
108.492
108.001
97.7051
75.151
53.0873
57.5
85.4474
92.802
43.2812
-12.1233
-27.3228
-25.8519
-34.1871
-28.7937
21.2174
91.8214
139.381
153.11
118.788
54.0679
-1.82693
-38.1095
-79.7855
-142.054
-167.06
-136.661
-113.126
-126.365
-160.196
-178.337
-170.982
-167.55
-164.608
-168.531
-173.434
-171.963
-176.866
-160.196
-131.758
-111.655
-110.675
-119.01
-115.578
-115.087
-105.772
-73.9018
-36.1483
-10.1621
-27.3228
-74.8824
-122.442
-144.996
-140.583
-122.442
-94.4947
-74.8824
-57.7217
-27.3228
9.9404
23.6689
12.8822
-4.76877
-15.5555
-18.9876
-4.27846
30.5332
68.777
91.3311
69.7577
33.9654
44.2618
98.6857
126.143
90.3505
61.4225
71.2286
91.8214
103.589
132.517
188.412
217.34
214.398
183.509
153.11
128.594
116.827
129.575
146.245
161.935
160.954
110.943
25.1399
-28.7937
-3.29785
55.0485
92.3117
104.569
110.943
103.098
94.7632
123.691
158.013
156.542
115.356
78.5831
73.1898
64.3643
45.2424
32.0041
47.2036
81.0347
90.8408
71.7189
45.7327
29.0623
-1.82693
-53.309
-95.4753
-96.4559
-72.4309
-75.863
-120.971
-156.273
-146.957
-118.029
-112.146
-120.481
-113.617
-95.9656
-75.863
-54.2896
-32.7162
-29.284
-46.4447
-84.1982
-110.675
-98.4171
-50.3672
-12.6137
-20.9488
-51.8381
-66.5472
-59.1927
-61.6442
-75.3727
-92.0431
-78.3146
-42.032
-20.4585
-24.381
-33.6968
-18.4973
8.46948
31.5138
68.2867
107.021
113.885
89.8602
57.0097
52.597
52.597
32.0041
-21.4391
-72.9212
-87.1401
-79.2952
-63.6054
-57.7217
-55.2702
-55.2702
-52.8187
-47.4253
-37.1289
-9.67182
11.4113
2.09551
-19.9682
-35.1677
-63.1151
-118.52
-149.899
-109.204
-43.9932
-12.1233
-21.4391
-28.3034
-18.007
-15.0652
-33.2065
-46.4447
-25.3616
17.7853
66.3255
102.608
135.459
134.478
89.3699
19.7465
-25.3616
-2.31724
50.6357
73.1898
69.7577
64.3643
67.3061
60.4418
40.3393
37.3975
31.5138
29.5526
14.3531
7.97917
33.9654
88.3893
110.943
78.0928
19.7465
-2.80754
22.6883
58.9709
94.2729
105.55
109.472
94.2729
78.0928
66.3255
48.6745
-7.7106
-68.0182
-74.8824
-46.935
-43.0126
-79.2952
-86.1595
-44.4835
5.03734
34.946
36.4169
17.7853
-9.67182
-8.2009
34.946
74.6607
58.4806
10.4307
-17.5167
-13.104
-12.6137
-19.4779
-4.76877
21.7077
35.4363
41.3199
47.6939
40.3393
25.1399
38.8684
72.6995
75.151
32.9847
-0.846323
1.1149
19.7465
26.1205
3.56643
-22.9101
-37.1289
-29.284
-22.4198
-27.3228
-35.658
-36.6386
-36.1483
-38.1095
-53.309
-71.9406
-62.6248
-27.3228
-12.1233
-42.5223
-65.5666
-48.4059
-24.381
-18.9876
-5.25907
25.6302
41.3199
32.0041
10.4307
-21.4391
-54.7799
-65.0763
-46.935
-33.6968
-28.3034
-33.6968
-65.0763
-98.9074
-102.83
-71.4503
-59.683
-60.1733
-58.7024
-61.1539
-72.4309
-73.4115
-47.4253
-19.9682
6.01795
22.198
16.3144
-15.0652
-44.4835
-36.6386
-2.80754
38.8684
63.3837
50.1454
16.3144
-9.67182
11.9016
51.6164
78.5831
97.2148
123.201
152.129
168.309
169.78
175.664
187.431
203.611
215.378
199.198
152.619
89.3699
57.5
57.5
75.151
85.4474
80.0541
73.6801
75.6413
91.3311
84.4668
70.248
59.9515
41.8102
19.2562
15.3338
13.3725
-40.5611
-112.636
-113.126
-65.0763
-65.5666
-95.9656
-110.184
-104.791
-119.01
-138.132
-106.262
-57.2314
-39.5804
-63.6054
-63.6054
-26.3422
-15.0652
-34.1871
-25.8519
18.7659
10.921
-52.3284
-62.1345
-3.78816
31.0235
-24.381
-93.0237
-104.791
-87.1401
-68.9988
-50.3672
-18.007
8.46948
-4.76877
-18.4973
2.58581
56.5194
88.8796
76.1316
47.2036
31.5138
42.3006
58.9709
42.3006
3.56643
4.54704
44.7521
52.1067
-2.80754
-53.309
-67.0375
-81.2564
-98.9074
-83.7079
-36.6386
-16.0458
-42.032
-90.0819
-111.165
-98.4171
-75.863
-65.0763
-68.0182
-47.9156
-16.5361
1.1149
-9.67182
-19.4779
1.1149
59.4612
122.22
148.207
116.337
57.0097
25.1399
33.9654
63.3837
74.6607
60.9322
47.2036
68.2867
115.846
158.993
167.819
153.11
126.633
117.317
119.278
92.802
27.1011
-33.6968
-32.7162
-1.33663
-1.82693
-21.4391
-22.4198
-8.2009
-10.1621
-38.5998
-63.6054
-79.2952
-86.6498
-82.7273
-83.7079
-100.869
-111.655
-104.301
-86.6498
-70.4697
-56.7411
-45.4641
-50.8575
-57.7217
-30.2646
7.48887
22.198
24.6496
30.5332
34.946
4.54704
-33.6968
-31.7356
0.134287
37.3975
41.3199
44.7521
62.4031
75.6413
77.1122
71.7189
92.802
127.614
161.445
193.805
191.844
138.891
66.8158
23.6689
16.3144
10.921
0.134287
1.1149
2.09551
5.52765
0.134287
-7.22029
-10.1621
-10.6524
-4.76877
-6.72999
-3.29785
7.48887
17.295
11.9016
-21.4391
-74.3921
-118.029
-133.229
-136.171
-134.7
-121.461
-89.1013
-59.1927
-48.8963
-60.6636
-93.0237
-116.068
-107.733
-74.8824
-43.0126
-30.2646
-30.755
-39.0901
-45.9544
-38.5998
-20.9488
-9.18151
-4.76877
3.56643
14.8434
19.7465
0.134287
-20.9488
-16.0458
27.5914
84.4668
121.24
121.73
96.2341
60.9322
48.1842
49.1648
28.572
-26.3422
-73.4115
-66.0569
-22.9101
8.95978
14.3531
19.2562
29.0623
29.0623
35.4363
57.9903
82.9959
64.8546
24.1593
32.0041
81.0347
124.182
119.769
99.176
72.6995
40.8296
19.2562
19.2562
32.9847
40.3393
43.7715
36.9072
31.5138
29.0623
24.1593
0.134287
-32.2259
-47.4253
-43.5029
-19.4779
24.6496
98.1954
167.819
184.979
148.207
96.7244
41.8102
-14.5749
-53.7993
-50.3672
-17.5167
-1.82693
9.45009
24.1593
36.9072
58.9709
96.7244
119.278
86.9183
18.2756
-34.6774
-52.8187
-59.683
-56.2508
-64.0957
-89.5916
-112.146
-111.165
-89.1013
-70.96
-53.309
-50.8575
-55.2702
-47.4253
-18.4973
-16.0458
-57.7217
-85.6692
-66.0569
-33.6968
-30.2646
-44.4835
-24.8713
15.8241
30.0429
-12.1233
-65.0763
-84.1982
-81.2564
-68.9988
-42.5223
-10.6524
-19.4779
-60.6636
-93.514
-86.1595
-65.5666
-52.3284
-54.2896
-62.6248
-63.1151
-49.8769
-18.007
16.8047
28.572
-1.33663
-31.7356
-30.2646
-1.82693
9.45009
0.624593
0.134287
14.8434
16.8047
-10.1621
-39.5804
-52.8187
-52.8187
-48.4059
-16.0458
49.1648
116.337
138.4
95.2535
39.849
28.0817
64.3643
103.098
114.866
129.575
160.954
174.193
136.929
97.2148
102.118
130.556
134.478
123.201
125.652
102.608
53.0873
16.3144
11.9016
10.921
-11.1427
-26.3422
-40.5611
-70.96
-90.0819
-76.8437
-47.4253
-41.0514
-41.5417
-36.1483
-17.0264
7.48887
30.0429
54.0679
71.2286
86.428
72.6995
30.5332
-6.72999
-27.3228
-38.1095
-38.1095
-17.0264
2.58581
-20.9488
-48.4059
-43.5029
-15.5555
-2.31724
-14.5749
