5.2067 0.269406 -0.748703 1.37644 1.86036 -0.250805 1.17047 -0.120366 -0.296056 0.135274 0.111452 0.0153634 
4.17425 1.99645 0.823609 1.20584 1.72798 1.41598 1.33 0.53511 0.24476 0.351384 0.190256 0.0270388 
3.70912 2.43547 1.19166 0.619909 0.564377 0.914988 1.15626 1.18555 0.943401 0.576163 -0.0194274 -0.0605572 
6.30503 2.64695 0.35868 1.02981 0.957669 0.962457 1.77572 1.53859 0.470338 0.701634 0.0384164 -0.117817 
3.7866 2.61318 1.28643 0.394026 0.232236 0.642533 1.17339 1.307 1.03515 0.457082 -0.285714 -0.146243 
3.60689 2.30613 0.8092 0.0152013 0.190557 0.718702 1.0978 1.11592 0.899218 0.408449 -0.23534 -0.164854 
4.05057 2.70286 0.908539 -0.066647 0.199133 0.823393 1.07578 0.973755 0.764271 0.381195 -0.254248 -0.15799 
3.2975 2.14244 0.92282 0.220929 0.223127 0.663039 1.01002 0.978184 0.636617 0.187572 -0.201653 -0.159053 
3.88828 2.50102 0.7548 -0.115808 0.255943 1.02856 1.29448 0.983077 0.513517 0.137068 -0.252701 -0.155442 
3.41396 2.25651 0.947426 0.218492 0.473122 1.12913 1.45468 1.1565 0.465605 -0.136649 -0.367417 -0.165288 
3.6707 2.24612 0.713453 0.158421 0.686319 1.3255 1.46146 1.07738 0.470986 -0.08552 -0.400805 -0.168062 
3.51132 2.1747 0.68178 0.0727154 0.600212 1.37786 1.57094 1.06015 0.31715 -0.172254 -0.365737 -0.159411 
3.86422 2.3595 0.574602 -0.0844648 0.669417 1.556 1.6989 1.05761 0.240031 -0.227601 -0.39886 -0.156398 
3.58827 2.08719 0.579855 0.159843 0.948681 1.88521 1.88118 0.948043 -0.00752215 -0.42957 -0.439999 -0.130415 
3.57101 1.92611 0.466291 0.220251 1.02112 1.89225 1.97941 1.1208 0.0536318 -0.516115 -0.541877 -0.143776 
4.41215 2.45652 0.180832 -0.364242 0.824641 2.10826 2.34811 1.25997 -0.0580575 -0.540515 -0.549905 -0.15172 
4.16353 2.17472 0.233657 -0.144266 1.03832 2.239 2.25695 1.23975 0.0631035 -0.555596 -0.572159 -0.15013 
3.38131 1.78478 0.399654 0.299453 1.25774 2.03074 2.04513 1.31277 0.218489 -0.579595 -0.662875 -0.145194 
3.78657 2.00791 0.133045 -0.236406 0.961586 2.16434 2.29358 1.34584 0.0553591 -0.628386 -0.562465 -0.151882 
4.71867 1.91299 -0.684923 -0.551834 1.31673 2.72135 2.61172 1.08753 -0.204207 -0.492099 -0.510451 -0.128945 
5.25993 1.70337 -0.85166 -0.550672 1.43686 2.94935 2.72289 1.16458 -0.440223 -0.523447 -0.459027 -0.104864 
3.12045 1.23273 -0.179423 0.0960278 1.57138 2.62791 2.30507 0.946386 -0.2559 -0.638082 -0.423699 -0.0812872 
4.07056 1.9783 -0.164734 -0.334062 1.32952 2.79361 2.62305 1.05728 -0.404106 -0.663236 -0.403991 -0.0555398 
4.74516 1.58287 -0.611744 -0.0414579 1.92098 3.29123 2.88701 0.91314 -0.629289 -0.488132 -0.377031 -0.0348364 
5.36356 1.71312 -0.888942 -0.304071 1.65437 3.14972 3.00001 1.09538 -0.607536 -0.599184 -0.326104 -0.0171589 
2.96669 1.19224 0.060611 0.57917 2.15659 2.98061 2.31875 0.836776 -0.31898 -0.597216 -0.274225 0.00804614 
3.7533 1.85097 0.17902 0.437607 1.96329 3.00705 2.48237 0.947103 -0.419284 -0.717277 -0.232785 0.0193524 
3.99866 1.51146 -0.0979379 0.518341 2.13605 3.06655 2.45912 0.865261 -0.406666 -0.521113 -0.250174 0.0184274 
4.01662 1.42304 -0.0747649 0.559095 2.18706 2.98538 2.34676 0.87223 -0.278906 -0.567919 -0.172643 0.0332392 
5.23696 1.4066 -0.168135 1.70259 2.0632 0.952237 1.50535 1.43076 -3.58686e-005 -0.557854 -0.270802 0.00791003 
4.44743 1.50243 0.300204 1.65093 2.10007 1.21858 1.33377 1.23143 0.0982467 -0.497518 -0.255279 -0.01314 
5.93866 1.03577 -0.468145 2.18076 2.47694 0.656179 1.57005 1.46198 0.0532479 -0.569497 -0.303285 0.0100888 
6.18615 0.873863 -0.611922 2.29508 2.51744 0.337296 1.69503 1.32008 0.137132 -0.620079 -0.313736 0.00370607 
4.03474 1.9096 0.297729 1.17767 2.31047 1.67594 1.04912 0.779089 0.412277 -0.21391 -0.253921 -0.0739447 
4.05377 1.30903 0.0734432 1.36329 2.2253 1.80282 1.354 0.941849 0.166026 -0.366125 -0.307153 -0.0469759 
5.99334 0.355947 -0.817673 2.08799 2.29951 0.73415 2.21673 1.01837 0.282197 -0.35823 -0.202382 -0.0388536 
5.021 0.733298 -0.63062 1.66168 1.93689 1.11598 1.40943 1.18328 0.10048 -0.258008 -0.162727 -0.00928657 
4.23454 1.04508 -0.288221 1.17809 1.71722 0.861242 1.10392 0.699925 0.0145803 -0.25202 -0.0805092 -0.00623423 
3.87298 1.36832 0.192299 1.19222 1.65399 0.999266 0.827661 0.501819 -0.058588 -0.325691 0.00462891 -0.0160456 
4.54586 1.24916 -0.176541 1.53968 1.86464 0.399877 0.906671 0.921277 -0.123176 -0.394105 0.0815302 0.058259 
5.09547 0.917952 -0.592159 2.02972 1.89714 0.612563 1.2143 0.699255 0.00208295 -0.295058 0.0406673 0.0279285 