-0.453778
-1.03176
-1.03176
4.17008
-3.34369
-15.4813
-7.96755
16.8857
33.0692
30.7573
24.3995
23.2435
21.5095
19.7756
23.2435
33.6472
34.8031
20.3536
4.74806
0.124205
-5.07764
-18.3712
-24.151
-20.1052
-15.4813
-20.1052
-27.041
-28.7749
-32.2428
-25.885
-12.5914
-2.76571
0.124205
-5.65562
-7.96755
-5.07764
4.17008
10.5279
3.5921
-10.2795
-23.5731
-36.2887
-44.9584
-40.9125
-20.1052
-3.34369
-1.60974
-9.12351
-14.3254
-5.07764
16.3077
33.6472
22.0875
-1.03176
-9.70149
9.9499
33.0692
43.4729
39.427
24.9774
16.8857
22.0875
39.427
46.3628
40.005
29.0233
20.9316
18.0417
15.7297
16.8857
11.6838
-0.453778
-10.2795
-20.1052
-22.9951
-17.7932
5.90403
24.9774
24.9774
12.2618
8.79394
11.6838
7.05999
-3.34369
-10.8575
-9.12351
-5.65562
-10.2795
-22.9951
-24.151
-7.96755
6.48201
-2.18772
-22.9951
-25.885
-14.3254
5.90403
16.8857
11.6838
2.43613
9.9499
22.6655
16.8857
3.01412
-4.49965
-11.4354
-27.6189
-34.5547
-28.1969
-24.151
-16.6373
-3.92167
8.79394
13.9958
16.3077
19.1976
1.28017
-26.463
-45.5364
-48.4263
-48.4263
-49.5823
-42.6465
-30.5089
-24.151
-28.1969
-32.2428
-32.2428
-31.6648
-38.6006
-43.8024
-35.7107
-18.3712
-9.12351
-3.92167
1.85815
4.17008
0.124205
-5.65562
-5.65562
-9.70149
-13.7474
-12.5914
-14.9033
-31.6648
-57.096
-61.7199
-38.0226
-3.34369
11.1059
5.32604
11.6838
34.8031
54.4545
55.6105
47.5187
37.693
16.8857
-2.18772
-5.65562
4.74806
11.6838
9.9499
10.5279
10.5279
8.21596
-0.453778
-3.92167
7.05999
13.9958
8.79394
-4.49965
-13.1694
-15.4813
-0.453778
37.693
67.1701
65.4362
40.005
15.7297
-7.96755
-18.3712
-6.2336
8.79394
-0.453778
-21.2611
-24.729
-13.1694
0.124205
12.2618
27.8674
40.583
49.2527
44.6288
26.1334
11.6838
22.0875
48.6747
65.4362
64.2802
57.9224
59.6564
62.5463
55.0325
35.3811
16.8857
13.9958
7.63797
-17.2153
-42.0685
-34.5547
-6.2336
12.8398
18.6196
18.0417
5.32604
-16.6373
-21.8391
-7.96755
-3.34369
-18.3712
-30.5089
-30.5089
-24.729
-24.729
-31.6648
-38.6006
-33.9767
-17.7932
-2.76571
-3.92167
-14.9033
-11.4354
5.32604
13.9958
8.21596
1.28017
15.1517
32.4912
26.7114
-3.34369
-29.3529
-22.9951
-2.76571
6.48201
-3.92167
-16.0593
-22.9951
-14.3254
0.124205
-4.49965
-28.7749
-54.7841
-65.1878
-63.4538
-50.1602
-23.5731
-10.2795
-20.1052
-25.885
-20.6832
-24.729
-40.3346
-43.8024
-33.3988
-29.9309
-34.5547
-26.463
-8.54553
-0.453778
8.21596
12.8398
15.7297
4.17008
-13.1694
-14.3254
-6.81158
0.124205
0.124205
-1.03176
-4.49965
-11.4354
-13.7474
-3.92167
8.21596
20.9316
30.7573
42.3169
54.4545
59.0784
46.3628
23.2435
22.0875
31.9132
30.7573
17.4637
17.4637
26.1334
23.2435
11.1059
9.37192
16.3077
20.9316
15.1517
-1.03176
-22.4171
-39.7566
-41.4905
-43.2245
-56.5181
-75.5915
-69.8116
-50.1602
-40.3346
-41.4905
-37.4446
-12.5914
11.6838
25.5554
33.0692
40.583
43.4729
35.9591
20.3536
8.79394
5.90403
5.32604
-1.60974
-7.96755
3.5921
23.2435
30.7573
19.7756
7.63797
0.702187
-4.49965
-4.49965
6.48201
13.9958
12.8398
8.21596
7.63797
15.1517
15.7297
9.9499
-6.81158
-19.5272
-18.3712
-17.7932
-28.1969
-47.8483
-44.3804
-21.8391
-5.07764
-7.96755
-18.9492
-25.307
-35.7107
-51.8942
-66.3438
-62.8759
-41.4905
-21.2611
-16.6373
-25.885
-27.041
-14.3254
-3.92167
-5.65562
-19.5272
-28.1969
-27.041
-17.7932
-1.60974
4.17008
5.32604
1.85815
0.124205
1.28017
0.702187
3.01412
3.01412
-5.07764
-10.8575
-1.60974
13.4178
13.4178
5.90403
9.9499
22.6655
23.8215
13.4178
15.7297
33.6472
49.8307
42.3169
15.7297
3.5921
18.0417
38.849
37.693
26.1334
23.2435
26.1334
25.5554
18.0417
-1.03176
-20.6832
-20.1052
2.43613
18.6196
11.1059
7.05999
15.1517
24.3995
30.1793
36.5371
30.7573
9.37192
-3.92167
12.2618
33.0692
28.4453
8.79394
4.17008
22.0875
38.271
38.271
20.3536
-2.76571
-16.0593
-10.8575
3.01412
10.5279
13.4178
13.9958
10.5279
4.17008
4.17008
6.48201
4.17008
0.702187
3.5921
5.90403
0.702187
-6.2336
-9.12351
-13.7474
-14.3254
-3.92167
8.21596
3.01412
-13.7474
-13.1694
0.124205
-3.34369
-22.9951
-32.2428
-27.6189
-24.729
-21.8391
-20.1052
-22.4171
-18.3712
-0.453778
15.1517
11.1059
4.17008
7.63797
10.5279
3.5921
-5.07764
-14.3254
-14.9033
2.43613
23.2435
23.8215
2.43613
-14.3254
-14.9033
-6.81158
-0.453778
-4.49965
-13.1694
-20.6832
-21.8391
-20.6832
-25.885
-50.1602
-86.5731
-99.2887
-79.6373
-47.8483
-43.2245
-53.6281
-43.8024
-1.03176
46.3628
81.0417
117.455
145.198
121.5
15.7297
-128.188
-241.472
-274.995
-214.307
-84.8392
68.3261
185.656
223.803
170.629
59.6564
-73.8575
-197.546
-255.344
-210.839
-83.1052
57.3444
159.647
202.418
173.519
112.831
61.3903
26.7114
-11.4354
-46.1144
-47.8483
-16.6373
37.693
98.3812
146.354
166.583
161.959
139.996
101.849
53.8766
8.79394
-26.463
-41.4905
-24.151
26.7114
78.1518
91.4454
72.95
54.4545
29.0233
-32.2428
-117.784
-167.491
-154.775
-100.445
-35.1327
21.5095
39.427
13.4178
-36.2887
-94.6649
-153.619
-194.078
-188.298
-141.481
-85.9951
-42.0685
-26.463
-47.2703
-104.491
-161.711
-191.766
-198.702
-185.408
-148.995
-73.8575
12.8398
74.6839
102.427
91.4454
48.6747
15.7297
30.7573
90.2894
138.84
166.005
204.152
255.592
297.785
322.638
361.941
410.492
427.831
408.758
386.794
381.014
387.95
401.244
411.648
375.235
284.491
192.592
134.216
100.115
61.3903
17.4637
-35.7107
-129.922
-256.5
-381.344
-466.885
-525.262
-589.418
-663.977
-747.207
-828.124
-885.345
-884.767
-841.418
-802.693
-792.867
-799.803
-809.629
-815.409
-785.932
-711.372
-605.601
-487.693
-370.94
-265.17
-184.252
-121.252
-69.8116
-28.1969
15.1517
68.9041
146.932
272.354
453.84
656.134
808.721
872.299
859.006
819.125
789.648
783.29
808.721
869.409
953.217
1028.93
1090.78
1146.26
1203.48
1256.66
1313.3
1379.19
1431.21
1467.04
1493.05
1497.1
1432.94
1263.02
1015.64
727.226
434.767
197.216
18.6196
-128.766
-291.179
-494.629
-734.491
-1006.14
-1269.7
-1504.36
-1715.33
-1911.84
-2097.37
-2248.23
-2349.95
-2379.43
-2337.24
-2240.13
-2130.9
-2053.45
-2012.99
-1955.19
-1842.48
-1648.28
-1386.46
-1080.12
-754.721
-425.849
-66.9217
309.345
686.189
1015.06
1260.7
1415.02
1517.33
1628.3
1758.92
1901.11
2040.4
2147.33
2180.27
2121.32
1993.01
1820.19
1591.89
1288.45
929.52
544.583
183.923
-137.436
-398.106
-587.684
-713.684
-814.831
-935.629
-1064.52
-1175.49
-1252.94
-1302.07
-1300.34
-1217.68
-1061.05
-857.601
-609.647
-307.94
37.1151
374.079
670.584
932.41
1173.43
1421.96
1689.57
1931.74
2075.66
2086.06
1982.6
1810.36
1591.31
1389.59
1231.8
1086.73
902.354
648.62
356.739
44.6288
-268.06
-584.794
-933.317
-1322.88
-1725.15
-2080.61
-2362.67
-2543.58
-2618.71
-2621.03
-2610.62
-2601.37
-2559.18
-2461.5
-2327.41
-2178.87
-2014.14
-1825.72
-1590.48
-1276.64
-873.785
-409.665
63.1243
496.611
868.254
1164.76
1391.91
1580.33
1734.65
1856.03
1910.93
1894.17
1828.86
1747.36
1690.14
1639.28
1553.74
1397.11
1191.35
965.355
734.74
507.593
312.813
166.005
41.1609
-59.408
-100.445
-37.4446
130.17
348.647
574.061
775.198
943.969
1094.82
1241.05
1400
1524.84
1536.98
1397.69
1122.57
809.877
508.171
270.62
89.1335
-62.8759
-211.417
-399.262
-603.289
-807.895
-1004.41
-1235.6
-1522.86
-1845.95
-2151.7
-2384.63
-2526.81
-2561.49
-2517.57
-2418.73
-2295.62
-2166.15
-2013.57
-1818.21
-1577.77
-1326.34
-1089.37
-861.647
-618.317
-360.537
-56.5181
318.592
749.189
1158.98
1485.54
1723.67
1891.86
2012.66
2069.88
2027.11
1863.54
1639.86
1427.74
1235.85
1054.36
894.263
770.575
649.198
487.363
287.381
64.2802
-181.362
-420.647
-614.849
-762.812
-885.345
-969.152
-949.501
-790.555
-494.629
-108.536
301.831
696.593
1080.37
1440.46
1744.47
1994.16
2211.48
2398.17
2458.28
2373.9
2142.13
1812.1
1416.18
1007.55
678.097
409.336
183.345
-77.3254
-354.179
-646.638
-950.657
-1269.7
-1615.34
-1977.15
-2371.34
-2744.71
-3075.32
-3294.37
-3381.07
-3342.92
-3232.53
-3078.79
-2829.68
-2493.29
-2137.83
-1830.35
-1544.24
-1255.83
-971.464
-692.298
-344.353
103.583
604.116
1087.89
1528.89
1920.18
2230.56
2462.91
2614.34
2681.38
2630.52
2477.93
2247.9
1965.84
1682.05
1417.91
1179.79
935.877
712.198
532.446
383.904
216.868
22.6655
-190.032
-425.271
-674.959
-913.088
-1073.77
-1131.56
-1065.68
-883.033
-585.372
-190.032
279.29
763.639
1217.35
1634.08
2013.24
2314.94
2432.27
2350.2
2121.32
1781.47
1344.51
872.299
498.923
260.794
86.2436
-94.6649
-272.105
-413.711
-556.473
-756.455
-1027.53
-1348.89
-1713.59
-2107.78
-2507.16
-2853.95
-3080.52
-3178.2
-3167.22
-3061.45
-2845.28
-2526.81
-2166.73
-1793.35
-1426.91
-1097.46
-841.418
-647.216
-454.748
-217.197
68.9041
381.592
701.217
1022
1346.82
1677.43
1988.96
2240.38
2383.14
2401.64
2284.89
2051.38
1753.72
1449.13
1179.79
935.299
719.712
548.629
442.859
383.326
335.354
291.427
245.767
168.317
38.849
-85.4172
-151.307
-142.637
-59.9859
139.996
464.244
856.116
1257.81
1663.56
2066.41
2397.02
2560.01
2486.03
2183.16
1692.46
1075.75
393.73
-238.582
-743.161
-1126.94
-1439.63
-1669.09
-1765.03
-1743.65
-1671.98
-1628.63
-1665.04
-1829.77
-2121.07
-2491.56
-2853.95
-3141.79
-3330.79
-3407.08
-3350.44
-3099.59
-2654.55
-2080.03
-1476.62
-899.216
-343.197
172.363
625.501
1009.28
1308.1
1505.77
1609.8
1681.47
1765.86
1871.05
1997.05
2142.7
2308.59
2471
2566.37
2550.76
2431.7
2241.54
1943.3
1501.72
952.061
396.042
-87.7291
-487.693
-818.299
-1084.17
-1269.7
-1340.79
-1310.74
-1226.93
-1104.4
-936.785
-730.445
-537.977
-341.463
-90.041
205.886
483.895
734.74
1020.26
1365.9
1750.25
2134.03
2447.3
2610.87
2558.27
2312.05
1946.19
1528.89
1101.76
643.418
146.354
-357.069
-794.601
-1127.52
-1365.07
-1550.6
-1708.97
-1869.65
-2039
-2195.63
-2326.83
-2453.41
-2615.25
-2795.58
-2971.86
-3106.53
-3148.14
-3043.53
-2776.5
-2429.71
-2051.71
-1636.72
-1161.62
-634.5
-102.757
394.886
815.079
1120.25
1331.8
1511.55
1679.16
1811.52
1862.96
1847.93
1812.1
1780.89
1767.59
1743.32
1726.56
1712.69
1679.16
1596.51
1473.4
1350.87
1194.24
961.887
663.07
376.969
139.996
-34.5547
-117.784
-64.6098
98.3812
320.904
590.822
939.345
1376.3
1838.69
2265.81
2614.92
2831.66
2831.08
2577.35
2095.89
1450.86
698.327
-72.7016
-759.922
-1324.03
-1771.97
-2123.38
-2351.11
-2429.71
-2373.07
-2259.79
-2187.54
-2214.7
-2336.66
-2536.64
-2796.15
-3067.81
-3303.62
-3460.83
-3540.02
-3519.79
-3345.24
-2982.84
-2453.41
-1824.57
-1137.34
-419.491
290.271
939.923
1504.03
1972.78
2307.43
2471.58
2486.6
2427.07
2353.09
2287.78
2229.4
2190.68
2184.9
2198.77
2212.06
2199.35
2145.02
2006.88
1758.35
1409.24
995.41
542.85
61.3903
-424.693
-887.079
-1273.75
-1551.18
-1702.03
-1714.17
-1573.72
-1293.4
-908.464
-459.95
49.2527
585.62
1076.33
1457.8
1755.46
2038.67
2297.03
2480.82
2519.55
2411.47
2162.36
1818.46
1452.02
1091.93
762.483
426.097
57.3444
-336.261
-695.188
-976.666
-1196.3
-1404.37
-1620.54
-1868.49
-2166.15
-2486.93
-2779.39
-2991.51
-3157.97
-3292.06
-3372.98
-3346.97
-3183.98
-2915.22
-2560.92
-2155.75
-1725.15
-1298.02
-873.785
-420.647
55.6105
508.171
863.63
1100.6
1254.92
1391.91
1550.85
1716.15
1841
1902.26
1927.69
1942.72
1951.97
1930.01
1892.44
1832.33
1724.82
1540.45
1306.94
1075.75
843.978
598.336
335.354
112.831
-46.6924
-115.472
-90.619
37.693
236.519
482.161
783.868
1163.02
1610.96
2072.77
2509.15
2881.94
3113.71
3120.07
2884.83
2442.1
1850.25
1128.92
356.739
-396.372
-1095.15
-1715.91
-2238.98
-2622.76
-2867.82
-3002.49
-3052.78
-3047.58
-3015.79
-2991.51
-3005.96
-3047.58
-3107.11
-3186.29
-3288.59
-3398.41
-3449.85
-3392.05
-3190.92
-2872.45
-2458.03
-1929.18
-1274.33
-521.216
263.684
1047.43
1782.62
2389.5
2816.05
3079.04
3217.17
3218.33
3073.83
2820.1
2525.33
2229.4
1937.52
1668.76
1457.8
1324.86
1243.94
1197.7
1161.87
1116.79
1022.57
860.74
633.593
353.271
23.8215
-351.867
-740.849
-1071.45
-1269.12
-1295.13
-1141.39
-809.629
-323.546
261.95
898.309
1564.14
2223.62
2802.18
3178.45
3305.03
3174.4
2806.23
2243.85
1532.93
765.951
4.17008
-705.592
-1340.22
-1873.69
-2247.07
-2429.14
-2458.03
-2377.69
-2248.8
-2118.76
-2030.33
-2011.83
-2039.58
-2128.01
-2294.47
-2536.06
-2823.9
-3070.12
-3218.08
-3244.09
-3157.39
-2951.05
-2566.69
-1975.42
-1217.68
-384.234
437.079
1194.81
1853.71
2385.46
2760.57
2956.5
2959.97
2780.22
2455.97
2050.23
1645.06
1293.07
988.474
746.299
577.528
504.703
527.244
626.079
788.492
945.125
1067.66
1124.3
1100.02
990.786
810.455
583.308
338.244
144.042
79.8858
175.831
408.18
782.712
1283.24
1876.83
2473.89
2944.94
3225.84
3253.01
3047.25
2595.84
1936.36
1144.53
250.968
-700.968
-1675.45
-2564.38
-3256.81
-3733.64
-4009.92
-4100.08
-4024.37
-3795.49
-3487.42
-3133.7
-2760.32
-2453.99
-2268.46
-2238.4
-2282.91
-2332.61
-2396.19
-2466.7
-2507.16
-2430.87
-2183.49
-1758.68
-1165.09
-412.555
446.904
1333.53
2172.18
2922.98
3559.34
4012.48
4217.08
4185.29
3961.04
3580.15
3059.96
2432.85
1773.95
1147.42
570.015
72.372
-307.362
-530.463
-611.959
-591.73
-465.151
-257.078
-39.1786
118.033
194.326
222.069
224.381
175.831
85.0876
-20.1052
-61.1419
26.7114
241.143
556.721
976.914
1485.54
1988.38
2357.14
2538.04
2584.86
2476.78
2194.14
1749.1
1170.54
472.914
-347.821
-1179.54
-1892.77
-2468.44
-2944.7
-3335.99
-3607.64
-3692.6
-3598.97
-3353.33
-3016.94
-2663.8
-2320.47
-2028.02
-1808.38
-1652.9
-1570.83
-1559.85
-1607.24
-1645.97
-1588.17
-1432.69
-1210.75
-909.62
-494.629
30.1793
634.171
1276.31
1919.6
2492.38
2915.47
3171.51
3246.07
3147.24
2881.37
2461.75
1953.13
1427.16
924.896
455.574
15.1517
-336.261
-551.271
-658.776
-666.867
-566.876
-320.656
30.7573
391.418
709.886
1004.66
1312.14
1645.64
1970.47
2239.23
2449.03
2604.51
2720.11
2751.32
2683.7
2507.99
2239.23
1864.69
1395.37
897.731
390.84
-113.16
-640.28
-1172.6
-1650.02
-2069.63
-2455.14
-2815.23
-3147.57
-3414.02
-3637.12
-3819.76
-3918.02
-3941.14
-3907.04
-3846.35
-3734.8
-3510.54
-3199.59
-2867.25
-2526.24
-2143.03
-1687.01
-1173.18
-622.363
-18.9492
598.336
1178.63
1694.19
2154.26
2570.41
2918.93
3147.82
3276.13
3335.66
3335.08
3244.92
3035.69
2744.38
2428.23
2106.29
1778.58
1428.9
1053.21
698.327
353.849
35.9591
-233.381
-435.096
-554.739
-635.656
-669.757
-617.739
-441.454
-131.078
272.932
708.73
1156.67
1582.64
1970.47
2324.77
2594.69
2733.98
2662.31
2424.18
2073.92
1628.88
1111.01
529.556
-64.0318
-660.509
-1258.14
-1790.46
-2231.47
-2580.57
-2870.14
-3116.36
-3257.38
-3293.22
-3245.25
-3166.06
-3103.06
-3059.71
-3048.15
-3045.26
-3005.38
-2904.81
-2761.47
-2600.22
-2396.77
-2106.62
-1701.46
-1187.63
-597.509
16.3077
622.033
1218.51
1794.18
2304.54
2708.55
2970.37
3085.97
3069.21
2942.05
2744.38
2488.34
2167.56
1784.93
1361.27
953.217
592.556
279.868
18.0417
-195.234
-343.775
-414.867
-410.243
-342.619
-233.381
-92.353
92.6014
316.28
582.73
903.51
1292.49
1750.83
2220.15
2658.26
2984.25
3157.06
3152.44
2989.45
2686.01
2224.2
1674.54
1068.24
408.18
-295.225
-1006.14
-1609.56
-2085.24
-2481.15
-2793.84
-3044.69
-3204.21
-3307.67
-3415.17
-3498.98
-3557.93
-3571.81
-3542.91
-3491.47
-3391.48
-3256.23
-3135.43
-3022.14
-2871.29
-2612.36
-2210.66
-1697.99
-1084.75
-415.445
255.592
902.354
1524.84
2116.12
2658.84
3083.66
3348.38
3475.53
3489.4
3429.87
3274.97
3001.59
2647.28
2225.36
1785.51
1373.41
990.208
667.694
376.969
118.611
-73.8575
-187.72
-196.968
-147.839
-86.5731
-7.38956
122.656
333.042
607.584
909.29
1239.32
1583.8
1933.47
2248.48
2492.38
2623.59
2579.66
2377.94
2028.26
1607.49
1123.72
550.941
-71.5456
-711.372
-1291.09
-1751.16
-2118.18
-2404.86
-2669
-2898.46
-3020.99
-3071.85
-3051.62
-2999.6
-2971.28
-2978.22
-3019.83
-3036.02
-3004.81
-2978.8
-2958.57
-2905.97
-2784.02
-2549.36
-2215.28
-1790.46
-1287.62
-740.271
-143.793
508.749
1189.03
1842.15
2387.19
2770.39
3022.97
3154.17
3166.31
3057.07
2817.21
2481.4
2084.33
1669.34
1286.13
929.52
613.363
357.895
131.904
-40.3346
-98.7108
-17.7932
147.51
300.675
446.904
654.978
928.364
1225.45
1485.54
1724.82
1996.47
2284.89
2523.59
2665.78
2720.11
2650.75
2450.19
2113.23
1685.52
1190.77
608.162
-10.2795
-648.95
-1276.06
-1833.24
-2325.1
-2733.15
-3049.31
-3267.79
-3346.39
-3409.97
-3470.08
-3436.56
-3300.15
-3142.37
-3086.88
-3074.16
-2998.45
-2912.91
-2890.36
-2879.96
-2779.39
-2512.94
-2122.23
-1656.95
-1118.27
-535.665
79.3078
726.07
1389.02
2046.76
2647.28
3082.5
3326.99
3424.67
3454.72
3422.93
3240.87
2912
2506.83
2065.25
1619.05
1184.99
809.299
501.235
205.886
-56.5181
-235.693
-284.243
-219.509
-102.179
28.4453
194.904
429.565
738.785
1075.17
1417.91
1782.04
2153.69
2447.88
2612.03
2675.6
2592.37
2366.96
1959.48
1458.37
937.611
359.629
-221.821
-844.886
-1430.38
-1881.79
-2234.93
-2493.87
-2711.77
-2882.85
-2947.59
-2976.48
-2970.13
-2922.15
-2862.62
-2797.89
-2777.66
-2800.78
-2804.82
-2779.39
-2756.85
-2740.09
-2715.81
-2586.35
-2357.47
-2055.76
-1636.14
-1077.81
-457.06
171.207
799.474
1445.66
2041.56
2458.86
2768.08
2996.96
3139.72
3150.13
2981.36
2673.87
2287.78
1894.17
1539.87
1160.13
738.208
381.592
129.014
-40.9125
-158.243
-147.839
4.74806
164.271
327.262
619.721
1085
1586.11
1987.23
2290.67
2586.59
2897.55
3129.32
3169.2
3029.91
2763.46
2416.67
1927.12
1321.97
678.675
3.01412
-662.243
-1316.52
-1882.36
-2277.13
-2551.09
-2753.96
-2925.62
-3043.53
-3041.22
-2990.36
-2930.25
-2861.47
-2808.87
-2776.5
-2795
-2831.41
-2815.81
-2786.91
-2831.99
-2920.42
-2920.42
-2710.61
-2367.87
-2016.46
-1622.85
-1112.49
-487.693
179.299
838.776
1494.79
2106.29
2563.48
2854.78
3032.22
3146.08
3179.6
3048.4
2753.05
2355.4
1917.87
1499.41
1116.21
769.419
454.418
162.537
-69.8116
-185.408
-168.069
-49.5823
108.785
319.17
647.464
1093.09
1582.64
2024.8
2406.84
2755.94
3050.14
3200.99
3183.65
3046.09
2805.07
2471.58
1968.15
1340.46
670.006
-8.54553
-658.776
-1337.9
-1955.19
-2388.1
-2685.76
-2900.77
-3091.5
-3208.83
-3179.93
-3095.55
-2988.04
-2888.05
-2826.21
-2786.33
-2795
-2841.24
-2873.6
-2913.48
-2985.73
-3035.44
-2994.98
-2778.81
-2451.1
-2076.57
-1605.51
-1048.91
-425.271
215.134
841.666
1471.67
2058.32
2506.83
2802.76
2972.69
3064.59
3041.47
2827.61
2475.04
2094.73
1739.27
1407.51
1058.41
713.354
408.18
127.28
-97.5548
-208.527
-171.537
4.74806
244.611
509.327
812.189
1186.72
1641.59
2108.03
2520.7
2928.76
3315.43
3561.65
3596.91
3412.53
3147.24
2777.91
2217.84
1523.11
738.208
-46.1144
-839.106
-1635.57
-2288.69
-2789.8
-3194.96
-3508.81
-3726.13
-3747.51
-3592.04
-3380.49
-3138.9
-2916.37
-2750.49
-2663.22
-2619.87
-2530.28
-2430.87
-2463.24
-2587.5
-2655.13
-2601.95
-2423.36
-2214.7
-1940.16
-1533.84
-1017.12
-383.656
324.95
1050.9
1760.66
2386.03
2924.71
3340.86
3588.82
3719.44
3696.32
3468.6
3088.28
2659.42
2216.11
1687.25
1077.48
547.473
160.225
-147.839
-407.353
-563.986
-550.693
-400.417
-193.5
83.3536
454.418
900.621
1406.35
1920.76
2436.9
2930.49
3321.79
3526.97
3476.11
3189.43
2798.71
2309.74
1675.69
923.162
121.5
-617.739
-1330.97
-2041.31
-2589.24
-2930.25
-3104.8
-3203.05
-3266.05
-3170.11
-2941.81
-2667.26
-2396.77
-2196.79
-2043.04
-1945.36
-1952.3
-2037.26
-2141.3
-2250.54
-2381.16
-2559.76
-2676.51
-2609.47
-2445.9
-2213.55
-1873.69
-1343.68
-650.106
53.2986
686.767
1305.21
1910.36
2416.09
2754.79
2932.81
3048.98
3016.61
2747.27
2316.1
1833.48
1373.99
877.501
344.602
-120.674
-473.243
-724.666
-868.005
-880.721
-729.867
-460.528
-115.472
316.858
832.419
1441.03
2089.53
2692.94
3201.57
3634.48
3964.5
4126.34
4061.03
3773.19
3368.6
2833.97
2172.18
1427.74
619.721
-170.381
-950.657
-1705.5
-2349.37
-2891.52
-3243.51
-3393.21
-3427.89
-3356.22
-3219.24
-3004.23
-2748.76
-2595.02
-2538.37
-2512.36
-2489.25
-2480.58
-2546.47
-2685.76
-2817.54
-2933.71
-2955.1
-2831.41
-2640.68
-2364.4
-1955.19
-1355.82
-644.326
44.6288
761.327
1545.65
2275.64
2812.01
3131.05
3346.06
3491.14
3451.26
3164
2741.49
2327.08
1932.32
1459.53
878.079
315.702
-106.225
-353.601
-459.95
-484.803
-394.06
-202.748
66.5922
414.537
848.024
1363.58
1877.41
2345.58
2790.62
3250.12
3625.23
3792.27
3711.35
3431.03
3062.27
2535.73
1839.84
1046.85
186.812
-658.198
-1511.88
-2293.89
-2847.02
-3223.86
-3455.05
-3596.08
-3649.83
-3535.39
-3332.52
-3072.43
-2770.72
-2499.65
-2233.78
-2021.66
-1897.39
-1865.6
-1927.45
-2053.45
-2160.37
-2233.2
-2258.05
-2193.32
-2052.87
-1793.93
-1451.77
-1011.34
-444.922
175.831
803.519
1438.72
2032.31
2555.38
2948.99
3192.32
3309.65
3236.82
2978.47
2600.47
2145.59
1655.47
1111.58
543.427
38.849
-366.895
-667.445
-877.831
-1015.97
-1018.86
-860.491
-549.537
-94.0869
473.492
1139.33
1830.02
2418.4
2898.13
3334.5
3719.44
3934.45
3856.42
3548.94
3138.57
2584.86
1908.04
1152.62
332.464
-494.629
-1328.66
-2047.09
-2551.09
-2905.39
-3144.1
-3335.41
-3436.56
-3316.92
-3047.58
-2744.71
-2507.74
-2355.15
-2201.41
-2040.15
-1910.69
-1858.67
-1923.4
-2081.77
-2267.3
-2467.86
-2618.71
-2655.13
-2579.41
-2333.19
-1939.58
-1421.71
-803.271
-147.839
524.932
1200.02
1818.46
2386.03
2839.17
3146.08
3320.63
3313.7
3151.86
2863.45
2471
1988.96
1398.84
775.776
252.124
-149.573
-462.84
-700.39
-839.106
-832.17
-700.39
-411.977
72.95
689.657
1350.29
1971.04
2538.62
3078.46
3581.88
3943.7
4068.54
3952.37
3675.51
3306.18
2755.94
2043.87
1228.34
347.492
-533.931
-1400.9
-2160.37
-2732.58
-3159.13
-3485.69
-3766.01
-3932.47
-3818.03
-3467.77
-3044.69
-2663.22
-2351.69
-2079.46
-1847.68
-1614.18
-1370.27
-1234.45
-1314.21
-1530.37
-1773.13
-1955.19
-2045.93
-2106.04
-2078.88
-1880.63
-1497.43
-972.62
-380.766
281.024
989.052
1628.88
2213.8
2717.8
3085.97
3291.15
3311.96
3182.49
2916.62
2533.42
2052.54
1473.4
820.281
204.73
-299.849
-677.271
-945.455
-1136.77
-1189.94
-1062.21
-743.739
-257.078
326.106
982.116
1641.59
2224.2
2768.66
3305.6
3780.13
4034.44
4040.22
3842.55
3511.37
3068.63
2513.19
1819.03
895.997
-120.096
-1076.08
-1924.56
-2627.38
-3201.9
-3603.02
-3836.52
-3934.78
-3809.36
-3522.68
-3178.78
-2822.16
-2497.91
-2173.09
-1871.38
-1659.84
-1576.61
-1618.23
-1732.67
-1853.46
-1997.38
-2158.64
-2255.16
-2277.13
-2198.52
-1997.96
-1640.77
-1093.42
-484.225
97.8032
698.905
1325.44
1952.55
2492.96
2898.71
3188.27
3293.47
3225.27
3051.87
2781.37
2386.03
1833.48
1189.03
583.308
40.005
-444.922
-849.51
-1132.72
-1235.02
-1148.33
-885.923
-495.785
-42.0685
470.024
1082.11
1775.11
2491.81
3181.92
3758.74
4132.12
4254.65
4151.77
3917.69
3484.78
2803.92
1977.98
1071.13
134.216
-866.849
-1880.63
-2714.66
-3360.84
-3813.98
-4058.47
-4146.32
-4030.15
-3800.11
-3486.26
-3057.4
-2579.41
-2111.24
-1741.91
-1476.04
-1269.12
-1146.59
-1151.79
-1251.79
-1403.79
-1557.54
-1639.03
-1699.72
-1747.12
-1715.91
-1502.05
-1079.55
-599.243
-158.821
361.363
973.446
1627.72
2216.11
2679.65
3044.36
3242.6
3296.36
3250.7
3068.63
2718.95
2202.24
1583.8
964.777
361.363
-199.858
-691.721
-1078.39
-1303.23
-1336.75
-1176.65
-849.51
-409.665
124.39
774.62
1490.74
2209.17
2928.18
3619.45
4144.83
4374.29
4319.96
4080.68
3660.49
3004.48
2191.83
1280.35
348.07
-565.72
-1504.36
-2395.61
-3167.22
-3763.7
-4120.89
-4273.48
-4193.14
-3900.68
-3505.34
-3042.95
-2595.02
-2147.66
-1666.2
-1240.23
-963.372
-872.629
-910.198
-1028.11
-1217.68
-1456.39
-1655.22
-1785.26
-1897.97
-1993.34
-2011.25
-1849.42
-1488.18
-1033.31
-486.537
145.198
826.639
1508.66
2095.89
2580.81
2933.38
3128.16
3171.51
3060.54
2800.45
2385.46
1821.35
1210.42
645.152
133.06
-343.197
-768.014
-1078.97
-1213.64
-1157
-921.179
-541.445
-42.6465
570.593
1266.48
1987.81
2716.06
3429.29
4050.05
4473.71
4662.13
4618.2
4341.93
3789.95
3019.5
2127.1
1124.3
62.5463
-972.042
-1872.54
-2601.95
-3242.36
-3771.21
-4127.25
-4289.66
-4200.07
-3924.95
-3552.15
-3152.77
-2757.43
-2307.18
-1844.8
-1450.61
-1159.89
-1004.41
-966.84
-1028.11
-1178.38
-1395.12
-1607.82
-1778.91
-1896.81
-1954.03
-1903.17
-1675.45
-1329.23
-918.868
-415.445
172.363
845.712
1510.39
2102.25
2601.04
2947.83
3142.04
3170.93
3050.71
2809.7
2435.74
1936.94
1376.3
824.327
309.345
-178.472
-626.409
-945.455
-1080.12
-1025.22
-803.849
-441.454
32.4912
614.519
1289.02
2030.58
2771.55
3447.21
3982.42
4304.94
4405.5
4285.28
3994.56
3483.05
2766.35
1900.53
926.63
-65.1878
-1081.86
-2067.32
-2921
-3612.84
-4093.72
-4386.18
-4483.28
-4357.28
-4093.15
-3735.95
-3312.87
-2841.24
-2308.91
-1797.4
-1362.76
-1051.23
-853.556
-759.922
-748.363
-812.519
-929.849
-1074.34
-1263.34
-1447.72
-1560.43
-1552.34
-1385.88
-1099.78
-700.39
-196.39
353.271
943.969
1502.3
2023.06
2482.56
2823.57
3025.28
3093.49
3042.04
2854.2
2495.85
2005.14
1450.28
893.685
361.363
-156.509
-633.344
-983.024
-1113.07
-1038.51
-824.656
-503.876
-57.096
515.106
1164.18
1871.63
2614.92
3316.01
3847.75
4156.97
4260.43
4208.99
3962.77
3443.16
2698.15
1800.54
851.492
-120.096
-1124.05
-2078.3
-2908.86
-3570.65
-4033.04
-4339.37
-4438.2
-4310.47
-4000.67
-3537.13
-3016.37
-2463.24
-1895.08
-1384.14
-977.822
-688.831
-501.564
-415.445
-451.28
-599.821
-769.748
-951.235
-1167.4
-1392.81
-1563.32
-1598
-1519.39
-1376.05
-1100.35
-685.363
-182.518
363.097
886.749
1398.26
1845.04
2203.97
2491.81
2668.09
2699.88
2563.48
2246.16
1815.57
1353.76
888.483
411.07
-100.445
-551.849
-833.904
-939.097
-895.17
-725.243
-414.289
63.1243
676.363
1373.41
2097.04
2813.74
3509.63
4075.48
4429.78
4537.86
4444.81
4145.99
3602.69
2860.56
1971.04
995.988
-33.3988
-1068.56
-2021.08
-2868.98
-3610.53
-4187.36
-4559.58
-4676.33
-4579.23
-4330.12
-3946.92
-3461.99
-2899.03
-2323.94
-1807.8
-1359.29
-988.803
-708.482
-546.647
-491.161
-540.289
-680.739
-895.748
-1148.9
-1344.84
-1455.81
-1470.26
-1415.93
-1290.51
-1018.28
-625.831
-147.839
365.409
887.327
1416.18
1896.48
2321.88
2676.18
2899.86
2946.68
2819.52
2583.13
2280.26
1908.62
1482.65
1038.76
611.629
213.4
-141.481
-405.041
-500.408
-394.638
-131.078
236.519
683.299
1241.05
1908.04
2613.76
3266.3
3761.05
4083.57
4208.41
4148.3
3887.63
3405.02
2745.54
1923.07
993.098
14.5738
-965.106
-1892.77
-2762.63
-3541.75
-4160.19
-4598.3
-4820.83
-4830.07
-4657.26
-4315.09
-3839.41
-3261.43
-2644.14
-2044.2
-1498.01
-1038.51
-698.656
-461.684
-303.316
-244.362
-297.537
-446.078
-635.078
-793.445
-913.088
-989.381
-1007.3
-988.803
-878.987
-673.803
-332.216
111.675
568.859
1028.35
1479.18
1905.73
2264.08
2534.58
2720.69
2761.15
2621.27
2360.03
2043.29
1688.99
1268.8
795.428
327.84
-76.1694
-366.895
-523.528
-516.592
-341.463
-35.7107
357.317
820.281
1389.02
2036.36
2711.44
3294.04
3735.05
3982.42
4040.22
3915.38
3561.65
3017.19
2283.15
1399.42
435.923
-580.17
-1555.8
-2464.39
-3299.58
-3989.69
-4515.65
-4804.64
-4876.31
-4789.04
-4530.1
-4124.93
-3594.35
-2989.2
-2366.71
-1784.68
-1284.73
-851.244
-501.564
-241.472
-111.426
-74.4355
-120.096
-258.812
-429.895
-631.61
-813.675
-922.335
-975.51
-947.189
-822.344
-552.427
-160.555
230.739
634.749
1084.42
1556.05
2001.1
2379.1
2683.12
2867.49
2877.9
2770.97
2591.22
2303.96
1883.77
1390.75
922.006
515.684
154.445
-125.298
-280.197
-306.206
-202.17
57.9224
499.501
1089.04
1753.14
2413.78
2991.18
3433.34
3732.73
3898.04
3895.15
3644.3
3148.97
2480.82
1715.58
887.905
-19.5272
-984.758
-1943.05
-2840.08
-3593.77
-4187.93
-4599.46
-4829.5
-4895.96
-4776.9
-4469.99
-3985.64
-3371.25
-2711.19
-2050.56
-1465.64
-1004.41
-644.904
-332.794
-71.5456
66.5922
89.1335
12.2618
-136.28
-347.821
-572.656
-757.61
-904.996
-969.73
-937.363
-816.565
-592.886
-259.39
181.611
662.492
1135.28
1602.87
2020.17
2334.02
2532.26
2646.7
2688.32
2609.71
2388.92
2049.07
1632.35
1193.08
749.767
342.868
16.3077
-170.959
-211.995
-145.527
37.693
357.317
808.721
1339.89
1932.32
2534
3067.48
3495.18
3765.68
3869.72
3775.5
3472.64
2987.14
2318.41
1533.51
680.987
-240.894
-1183.01
-2097.95
-2930.25
-3650.41
-4256.14
-4676.91
-4884.4
-4897.7
-4740.49
-4442.25
-3993.15
-3445.81
-2864.36
-2298.51
-1754.63
-1237.91
-792.289
-435.674
-197.546
-61.7199
-35.7107
-131.078
-292.335
-472.087
-626.409
-739.115
-839.106
-891.124
-857.601
-701.546
-405.619
-39.7566
363.675
783.29
1215.04
1680.9
2145.02
2538.62
2803.92
2912.58
2884.83
2762.3
2564.05
2295.29
1940.99
1505.19
1054.36
641.684
318.592
107.051
-5.07764
-15.4813
110.519
394.886
834.731
1347.98
1898.8
2443.83
2923.56
3291.73
3507.9
3595.75
3490.56
3173.25
2698.72
2106.29
1420.23
590.822
-336.839
-1254.68
-2149.39
-2985.73
-3741.15
-4347.46
-4730.66
-4928.33
-4976.88
-4861.28
-4553.8
-4071.18
-3538.86
-3004.81
-2441.85
-1849.42
-1293.98
-817.721
-411.977
-92.353
116.299
162.537
90.2894
-20.1052
-119.518
-186.564
-252.454
-325.858
-381.922
-400.995
-309.674
-105.647
165.427
489.097
879.235
1327.17
1772.22
2145.02
2451.92
2681.38
2779.06
2755.94
2657.69
2518.39
2308.01
1985.49
1585.53
1179.21
784.446
430.721
135.95
-43.8024
-84.8392
0.702187
197.216
490.831
874.611
1334.11
1813.25
2266.39
2671.56
2976.73
3142.04
3109.09
2885.99
2513.19
1985.49
1330.06
568.281
-268.06
-1119.43
-1960.39
-2732
-3409.97
-3971.77
-4382.14
-4632.98
-4722.57
-4643.96
-4402.37
-4020.9
-3537.13
-2990.36
-2405.44
-1801.45
-1230.4
-724.666
-312.564
-13.7474
188.546
291.427
312.235
269.464
146.354
-20.6832
-189.454
-339.151
-425.849
-466.307
-418.335
-271.527
-54.7841
213.4
507.015
839.932
1200.59
1539.87
1854.29
2138.66
2342.69
2428.81
2427.65
2378.52
2243.27
1973.36
1625.99
1297.69
993.676
702.373
453.84
292.583
234.785
276.978
427.831
688.501
1022
1413.87
1858.92
2291.82
2678.49
2956.5
3123.54
3159.38
3035.11
2766.35
2332.28
1742.16
1030.67
229.583
-606.757
-1435.01
-2222.8
-2962.03
-3656.77
-4233.6
-4626.05
-4824.87
-4872.84
-4797.13
-4588.48
-4225.5
-3725.55
-3164.33
-2597.91
-2049.98
-1532.11
-1050.07
-628.142
-269.793
0.124205
161.381
245.189
267.73
252.702
209.354
139.418
68.3261
33.6472
45.7848
96.6472
192.592
390.262
711.042
1045.69
1343.35
1628.88
1923.07
2198.19
2400.48
2528.22
2587.75
2562.9
2448.46
2276.8
2065.83
1823.08
1497.1
1112.74
765.373
511.638
362.519
282.758
289.693
396.042
602.96
898.309
1260.13
1666.45
2071.61
2424.76
2654.8
2761.72
2754.21
2618.96
2358.29
1939.25
1375.72
701.795
-36.2887
-789.977
-1574.3
-2359.2
-3078.79
-3702.43
-4211.05
-4584.43
-4806.38
-4868.22
-4786.15
-4564.2
-4205.27
-3755.03
-3240.62
-2690.96
-2117.6
-1550.6
-1014.81
-547.803
-147.839
182.189
422.629
574.061
604.694
552.097
467.712
401.244
365.987
333.62
316.858
354.427
464.822
642.262
846.29
1054.36
1306.36
1605.18
1901.11
2143.28
2316.1
2413.2
2422.45
2349.04
2232.87
2079.13
1835.8
1509.81
1169.38
913.914
741.097
557.877
344.024
184.501
150.4
230.739
390.84
624.923
935.877
1294.23
1656.04
1996.47
2265.81
2462.91
2584.28
2579.08
2425.34
2082.59
1576.28
964.777
290.849
-416.023
-1157
-1916.46
-2615.82
-3250.45
-3828.43
-4314.51
-4653.21
-4797.13
-4772.28
-4608.71
-4320.29
-3920.91
-3437.14
-2886.32
-2297.36
-1707.24
-1138.5
-637.39
-209.105
139.418
389.106
562.501
660.18
690.235
664.804
586.776
496.611
404.134
322.06
298.363
339.4
445.748
597.18
786.18
1023.15
1296.54
1561.25
1796.49
2019.59
2213.8
2359.45
2437.48
2466.37
2448.46
2325.92
2099.93
1801.12
1442.77
1072.28
752.079
517.418
346.914
211.666
166.583
253.28
446.326
706.996
1020.84
1376.88
1737.54
2053.12
2280.84
2420.71
2424.76
2271.59
1987.23
1582.06
1068.24
430.143
-309.674
-1077.23
-1854.62
-2608.31
-3303.04
-3916.28
-4396.59
-4735.86
-4913.88
-4932.38
-4804.06
-4520.85
-4085.63
-3528.46
-2912.33
-2278.28
-1645.39
-1015.97
-408.509
113.409
524.354
799.474
953.795
1030.67
1043.38
1011.59
919.694
771.152
615.675
476.382
361.363
279.29
243.455
282.18
400.088
598.336
883.281
1221.98
1553.16
1840.42
2098.2
2351.93
2556.54
2625.32
2546.71
2361.76
2117.27
1832.33
1510.39
1162.45
807.565
474.648
222.647
71.794
4.74806
17.4637
124.39
344.024
644.574
1006.39
1402.89
1795.91
2146.75
2394.7
2513.19
2456.55
2244.43
1908.04
1438.72
857.272
178.143
-565.142
-1344.26
-2134.94
-2870.71
-3535.97
-4122.62
-4587.32
-4885.56
-5000
-4953.18
-4764.76
-4426.64
-3949.23
-3354.48
-2689.81
-1999.12
-1317.1
-666.867
-81.3713
395.464
773.464
1032.98
1168.23
1200.02
1153.78
1063.61
902.354
683.877
475.804
311.079
231.317
223.225
281.024
419.161
623.767
873.455
1144.53
1439.88
1768.17
2073.92
2306.27
2473.31
2592.37
2647.86
2598.15
2428.81
2169.87
1857.76
1504.03
1131.24
764.795
440.547
176.409
-14.9033
-112.004
-102.179
7.05999
208.776
479.849
799.474
1173.43
1562.41
1909.78
2116.7
2171.6
2120.16
1962.37
1676.85
1223.13
634.749
-35.7107
-775.528
-1539.62
-2300.82
-3034.28
-3709.94
-4278.1
-4671.71
-4868.8
-4893.07
-4771.12
-4527.79
-4178.11
-3716.3
-3138.9
-2468.44
-1769.08
-1084.17
-438.564
156.179
649.198
995.988
1201.17
1272.26
1254.35
1171.12
1035.29
869.409
676.363
490.253
346.914
268.308
272.932
341.712
490.253
712.776
985.584
1297.69
1647.37
1997.05
2286.04
2483.71
2613.76
2683.12
2660.58
2534
2329.39
2065.83
1738.12
1339.31
904.666
516.262
191.436
-87.1511
-306.784
-430.473
-417.179
-306.784
-139.17
68.3261
327.84
674.051
1090.2
1474.56
1743.9
1864.12
1876.25
1794.76
1577.44
1212.15
689.657
56.1885
-625.831
-1313.05
-1978.89
-2625.07
-3232.53
-3757.92
-4174.64
-4453.23
-4553.22
-4455.54
-4189.09
-3808.2
-3352.17
-2814.65
-2197.94
-1554.65
-934.473
-387.124
69.4821
464.822
785.602
1016.79
1134.7
1133.55
1063.61
945.125
796.584
636.483
465.978
329.574
242.877
205.886
245.189
349.803
511.06
724.914
1000.03
1327.17
1669.34
2000.52
2311.48
2536.89
2621.85
2581.97
2458.28
2268.7
2034.04
1784.93
1510.39
1174.58
775.198
391.418
65.4362
-181.94
-324.702
-374.408
-365.161
-327.592
-230.491
-31.6648
241.721
545.739
860.162
1156.09
1392.48
1525.42
1523.69
1412.13
1165.91
780.978
286.803
-273.261
-847.776
-1421.13
-1974.26
-2487.51
-2979.37
-3428.47
-3778.15
-3985.64
-4043.44
-3944.03
-3715.15
-3398.99
-3003.07
-2512.36
-1926.87
-1354.67
-851.244
-408.509
-29.3529
275.822
507.593
690.235
851.492
933.565
905.244
815.079
739.363
716.244
670.584
572.327
498.345
499.501
564.235
680.409
854.96
1072.28
1280.35
1470.51
1687.25
1921.92
2126.52
2268.7
2318.41
2275.64
2171.6
2002.25
1771.64
1483.8
1165.34
855.538
537.648
213.4
-84.2612
-340.307
-528.152
-661.665
-739.693
-747.785
-697.5
-573.812
-376.142
-121.83
148.088
402.978
628.391
797.162
891.373
896.575
831.263
677.519
445.748
165.427
-174.426
-572.078
-1006.14
-1430.38
-1818.21
-2192.74
-2546.47
-2828.52
-2995.56
-3032.55
-2962.61
-2819.27
-2597.33
-2318.16
-2010.1
-1662.15
-1267.39
-855.289
-481.913
-156.509
155.601
456.152
693.703
863.052
963.621
1005.81
1002.92
964.777
909.868
831.263
737.63
672.896
659.024
689.657
757.281
849.758
958.419
1082.68
1224.87
1389.59
1558.94
1692.46
1773.95
1793.6
1772.22
1737.54
1667.02
1526.58
1312.72
1036.45
753.813
478.693
208.776
-61.7199
-342.041
-600.399
-807.895
-948.923
-1011.92
-1004.41
-939.675
-819.455
-659.931
-459.372
-222.399
49.2527
328.996
595.446
817.969
974.602
1048.01
1005.81
856.694
620.299
335.932
32.4912
-316.032
-716.574
-1147.75
-1559.85
-1890.46
-2151.13
-2366.14
-2547.62
-2662.06
-2660.91
-2533.17
-2293.31
-1984.09
-1633.83
-1274.33
-913.088
-528.73
-134.546
218.601
474.07
642.262
782.134
878.079
926.052
950.327
963.621
942.235
852.648
737.052
648.62
576.372
524.354
523.198
593.134
710.464
835.886
969.4
1121.41
1284.98
1441.03
1550.85
1585.53
1560.68
1521.95
1457.8
1326.02
1092.51
786.758
449.216
97.2252
-235.115
-546.647
-868.583
-1187.05
-1450.03
-1602.62
-1648.86
-1608.4
-1478.93
-1283.57
-1033.31
-720.042
-323.546
122.656
544.005
900.621
1206.95
1461.84
1630.03
1671.07
1594.78
1432.94
1191.35
868.831
466.556
1.85815
-494.629
-985.335
-1424.02
-1781.22
-2073.68
-2305.45
-2449.36
-2467.86
-2348.22
-2126.27
-1855.78
-1561.58
-1239.07
-872.629
-479.023
-109.692
201.84
448.638
638.795
772.886
838.776
835.309
779.822
689.657
559.611
416.849
274.666
149.244
51.5646
10.5279
59.6564
160.803
274.666
397.776
569.437
791.382
1031.24
1238.16
1384.39
1472.24
1493.63
1461.26
1351.45
1177.47
963.043
683.877
324.95
-79.0594
-445.5
-752.409
-1028.68
-1273.17
-1454.66
-1554.07
-1574.3
-1494.54
-1313.05
-1067.41
-789.977
-455.904
-27.6189
472.914
941.079
1323.7
1625.99
1886.08
2097.04
2204.55
2187.79
2047.92
1813.83
1487.27
1060.72
585.62
104.739
-371.518
-859.335
-1328.08
-1699.14
-1975.42
-2163.26
-2249.38
-2206.61
-2065.58
-1876.58
-1640.19
-1350.62
-1036.2
-736.803
-453.014
-183.674
57.3444
235.363
323.216
331.308
305.299
259.638
196.06
94.3353
-35.7107
-166.913
-274.995
-347.821
-373.252
-343.775
-253.032
-125.876
16.3077
173.519
352.693
565.391
784.446
963.043
1079.22
1140.48
1162.45
1121.99
1002.35
827.217
618.565
375.235
68.3261
-266.904
-573.812
-811.941
-991.693
-1136.77
-1220
-1223.46
-1162.2
-1067.99
-930.427
-706.748
-388.858
-5.65562
409.336
831.841
1232.96
1596.51
1916.14
2170.45
2330.55
2394.13
2364.07
2247.32
2039.82
1763.55
1449.13
1080.37
663.648
227.849
-187.142
-563.986
-922.335
-1245.43
-1500.9
-1671.4
-1760.41
-1780.64
-1735.56
-1648.86
-1541.35
-1410.73
-1242.54
-1055.85
-880.143
-727.555
-618.895
-552.427
-507.922
-487.693
-498.674
-544.913
-596.931
-632.766
-680.739
-721.198
-729.289
-698.078
-639.124
-562.252
-448.968
-299.849
-113.738
98.3812
319.17
515.684
689.657
845.712
968.822
1072.28
1165.34
1216.2
1186.14
1073.44
924.318
759.015
571.749
386.794
187.968
-46.1144
-287.711
-465.151
-538.555
-553.583
-546.069
-504.454
-405.619
-251.876
-55.3621
187.968
481.583
804.097
1104.07
1364.16
1610.38
1844.47
2033.47
2128.83
2142.13
2083.17
1957.75
1765.86
1516.75
1221.98
871.143
472.336
48.6747
-361.693
-728.711
-1057.58
-1355.24
-1610.13
-1808.96
-1940.16
-2007.21
-2007.79
-1963.86
-1890.46
-1778.91
-1622.27
-1433.27
-1256.99
-1126.36
-1039.67
-980.134
-914.822
-844.308
-785.354
-743.161
-726.399
-724.666
-746.629
-781.886
-785.932
-722.932
-607.913
-481.913
-366.317
-211.995
3.01412
244.611
469.446
672.896
869.987
1054.36
1210.42
1324.86
1389.59
1400.58
1360.69
1282.09
1163.02
1015.06
839.354
628.969
418.583
238.831
105.895
-15.4813
-138.014
-220.665
-217.197
-135.124
-30.5089
68.9041
182.189
341.712
525.51
721.446
915.07
1101.18
1276.89
1454.91
1627.14
1746.21
1769.91
1721.36
1650.26
1534.67
1355.49
1102.91
805.253
486.207
155.601
-168.069
-476.711
-786.51
-1072.03
-1349.46
-1633.83
-1891.03
-2063.27
-2129.16
-2152.28
-2152.28
-2099.69
-2000.27
-1897.39
-1793.93
-1671.98
-1520.55
-1363.91
-1236.18
-1141.97
-1048.34
-935.629
-811.941
-714.84
-675.537
-668.601
-646.06
-568.032
-437.986
-297.537
-154.197
3.5921
170.629
347.492
537.648
758.437
980.382
1165.91
1317.92
1460.69
1572.81
1624.25
1635.81
1633.5
1613.27
1540.45
1417.34
1261.86
1063.61
832.997
602.96
401.244
244.611
111.675
-10.8575
-112.582
-183.674
-201.592
-185.408
-148.995
-80.7933
5.90403
99.5371
214.556
374.657
570.593
746.877
882.125
994.832
1069.39
1081.53
1030.67
951.483
864.786
754.391
613.941
438.235
218.024
-47.2703
-331.638
-591.73
-820.033
-1026.37
-1198.61
-1340.79
-1469.11
-1585.86
-1671.4
-1712.44
-1722.84
-1706.66
-1664.46
-1610.71
-1541.35
-1452.92
-1350.04
-1250.63
-1151.22
-1031
-901.528
-781.308
-684.785
-589.996
-467.463
-325.28
-191.766
-96.9768
-4.49965
122.078
274.666
420.317
559.033
716.822
880.391
1022.57
1143.37
1252.03
1340.46
1393.64
1426.58
1466.47
1502.3
1504.03
1434.1
1310.99
1173.43
1030.67
873.455
689.079
489.097
281.602
90.8674
-57.674
-171.537
-272.105
-354.179
-393.482
-395.216
-374.986
-344.931
-299.849
-251.876
-203.904
-153.041
-88.8851
-15.4813
63.1243
147.51
238.831
333.042
402.978
448.638
487.363
500.657
482.739
448.06
428.409
411.07
348.647
268.886
183.345
86.2436
-40.9125
-193.5
-345.509
-506.766
-672.647
-831.592
-966.262
-1079.55
-1178.38
-1269.7
-1352.93
-1406.11
-1411.89
-1365.65
-1278.37
-1162.2
-1029.26
-891.702
-745.473
-586.528
-440.298
-314.298
-180.206
-36.8667
81.6197
145.776
186.234
250.968
349.803
449.794
524.354
567.703
590.822
596.602
596.602
606.428
619.721
638.217
682.143
746.877
793.116
804.097
791.382
762.483
705.84
626.079
539.96
451.528
352.693
240.565
111.675
-32.8208
-177.316
-312.564
-430.473
-536.243
-639.702
-711.95
-746.629
-746.051
-736.225
-711.95
-648.372
-550.115
-427.583
-291.757
-145.527
21.5095
216.29
428.409
619.721
767.107
892.529
1004.66
1109.27
1194.24
1258.39
1278.62
1242.21
1157.24
1022.57
850.336
659.602
481.583
304.143
104.739
-98.1328
-293.491
-475.555
-650.106
-792.867
-903.262
-998.051
-1061.63
-1079.55
-1072.03
-1076.08
-1076.08
-1041.98
-959.326
-843.152
-730.445
-658.776
-633.922
-617.739
-557.629
-471.509
-391.748
-337.995
-292.913
-230.491
-176.16
-133.39
-102.179
-80.2153
-61.7199
-32.8208
23.2435
75.8399
104.161
127.858
185.079
279.29
356.739
402.4
438.813
484.473
516.84
498.345
452.684
408.18
368.299
334.198
291.427
220.913
133.638
68.3261
44.6288
22.6655
-26.463
-82.5273
-118.362
-105.647
-43.8024
31.9132
68.3261
72.372
90.8674
133.06
186.812
246.345
340.556
452.106
561.923
672.318
798.318
934.143
1057.25
1171.12
1269.95
1343.35
1378.03
1399.42
1407.51
1376.88
1282.09
1143.37
989.052
821.437
629.547
402.4
161.959
-83.1052
-339.729
-620.051
-904.418
-1143.12
-1320.57
-1466.22
-1612.45
-1765.03
-1897.39
-1986.4
-2010.68
-1978.31
-1916.46
-1846.53
-1788.15
-1718.22
-1622.85
-1503.79
-1381.83
-1287.04
-1218.26
-1161.62
-1086.48
-962.216
-804.427
-640.858
-477.289
-295.225
-84.8392
139.418
345.758
511.06
642.262
777.51
941.657
1117.36
1262.44
1360.69
1419.65
1445.66
1455.48
1456.06
1438.14
1378.61
1279.2
1170.54
1065.35
930.098
766.529
598.336
453.84
320.326
195.482
93.1793
22.6655
-38.6006
-111.426
-175.582
-208.527
-184.252
-137.436
-83.1052
-21.8391
47.5187
117.455
179.877
244.611
312.813
382.17
449.794
524.932
598.914
664.226
710.464
755.547
806.409
851.492
876.345
868.254
835.309
772.308
661.914
503.547
304.721
90.8674
-136.858
-372.096
-603.289
-842.574
-1098.62
-1358.13
-1589.9
-1779.48
-1943.63
-2073.1
-2145.35
-2158.64
-2121.65
-2054.6
-1971.95
-1878.9
-1756.94
-1586.44
-1370.85
-1113.65
-844.886
-599.243
-391.17
-203.904
-13.7474
166.005
321.482
445.171
538.804
610.473
659.602
698.905
737.052
787.336
834.731
854.96
848.602
847.446
879.235
924.896
968.822
1011.59
1040.49
1048.58
1055.52
1079.22
1102.34
1084.42
1025.46
956.107
875.767
768.263
638.795
513.372
394.308
255.592
111.675
-2.18772
-79.0594
-139.17
-189.454
-226.445
-256.5
-288.289
-317.188
-336.839
-343.775
-322.39
-259.39
-175.004
-116.05
-102.757
-110.848
-105.069
-77.9034
-38.0226
21.5095
89.7114
138.84
173.519
221.491
307.611
401.244
470.024
498.345
487.363
461.932
414.537
345.758
283.913
248.657
218.601
130.748
10.5279
-96.3988
-204.482
-355.335
-539.133
-696.344
-824.078
-936.785
-1030.42
-1095.15
-1148.9
-1209.01
-1255.83
-1256.99
-1216.53
-1155.26
-1086.48
-1006.72
-912.51
-820.611
-718.886
-605.023
-491.161
-398.106
-312.564
-210.261
-99.8667
4.74806
99.5371
190.28
265.996
323.794
373.501
421.473
476.382
529.556
560.767
589.666
652.088
745.721
819.125
846.29
871.143
915.648
956.685
961.887
932.41
880.969
821.437
762.483
696.015
612.785
512.216
404.712
274.666
120.922
-24.151
-138.592
-237.426
-354.179
-468.619
-539.711
-565.142
-565.142
-555.317
-527.574
-487.693
-446.078
-394.06
-310.252
-196.968
-70.3896
55.0325
175.831
290.849
394.886
486.785
569.437
648.62
706.996
744.565
786.18
838.198
874.033
865.364
824.905
775.198
700.639
589.088
455.574
322.638
183.345
19.7756
-162.289
-336.261
-509.078
-706.17
-918.29
-1096.31
-1211.9
-1296.29
-1387.61
-1481.24
-1544.82
-1556.96
-1536.73
-1492.8
-1429.8
-1352.93
-1273.75
-1195.72
-1103.82
-1004.99
-897.482
-773.216
-643.748
-528.152
-434.518
-347.243
-255.344
-141.481
-5.07764
137.106
263.106
374.657
484.473
580.418
668.272
761.327
865.942
962.465
1035.87
1108.12
1194.81
1282.09
1354.91
1412.13
1441.03
1434.68
1402.31
1376.88
1356.07
1310.99
1237.01
1137.02
1024.31
894.841
750.923
586.776
411.648
237.675
78.7298
-65.7658
-198.124
-321.234
-427.005
-510.234
-585.372
-647.794
-681.895
-689.987
-705.592
-745.473
-765.124
-735.647
-691.143
-651.262
-590.574
-487.115
-373.252
-297.537
-245.518
-177.316
-85.9951
13.4178
101.849
184.501
270.62
347.492
405.868
451.528
478.693
485.051
483.317
472.914
438.235
364.831
264.84
153.289
22.6655
-117.784
-256.5
-396.372
-546.647
-704.436
-850.666
-968.574
-1068.56
-1148.9
-1194.57
-1196.88
-1175.49
-1154.11
-1106.13
-1019.44
-902.106
-768.014
-635.078
-500.986
-388.28
-297.537
-220.665
-138.592
-31.6648
90.8674
203.574
294.317
367.143
437.657
500.657
546.317
571.171
582.73
599.492
624.923
656.134
691.391
739.941
798.318
842.244
863.052
876.345
902.354
932.41
935.877
913.914
882.125
850.914
800.63
700.639
559.611
420.895
302.987
195.482
79.8858
-40.9125
-168.069
-317.188
-471.509
-606.757
-715.996
-806.739
-888.812
-957.592
-1019.44
-1082.44
-1114.8
-1096.89
-1035.04
-963.372
-892.858
-806.739
-707.326
-588.84
-444.922
-281.353
-107.958
85.0876
287.959
461.354
584.464
691.391
823.749
975.758
1123.14
1232.96
1288.45
1305.79
1310.99
1298.85
1251.46
1178.63
1096.56
1004.08
890.217
758.437
602.382
424.941
252.702
107.629
-28.7749
-196.39
-396.95
-589.996
-744.317
-858.757
-952.968
-1029.84
-1090.53
-1122.9
-1125.21
-1096.89
-1050.07
-1017.7
-1021.17
-1046.02
-1041.98
-996.317
-940.831
-885.345
-820.611
-744.317
-672.069
-613.693
-556.473
-499.252
-431.051
-347.243
-246.096
-155.931
-94.0869
-38.0226
33.0692
119.767
198.372
285.647
382.748
466.556
530.134
605.85
720.29
817.391
853.804
851.492
861.318
905.822
951.483
965.355
954.373
926.63
883.859
810.455
719.712
645.73
580.996
498.923
406.446
318.592
223.225
88.5555
-65.7658
-191.188
-299.849
-412.555
-524.106
-599.243
-631.61
-655.886
-675.537
-677.271
-644.326
-579.014
-509.078
-441.454
-366.895
-283.087
-202.17
-133.39
-62.2979
28.4453
128.436
215.134
293.161
383.326
493.721
608.162
708.73
790.226
847.446
871.143
864.208
839.932
829.529
824.905
793.116
714.51
608.162
495.455
374.657
244.611
114.565
-18.3712
-177.894
-361.693
-535.087
-673.803
-797.491
-929.849
-1054.12
-1143.12
-1209.59
-1263.34
-1292.82
-1291.09
-1291.09
-1306.69
-1302.07
-1241.38
-1145.44
-1045.45
-940.831
-815.409
-673.225
-537.977
-424.693
-320.656
-203.904
-80.7933
34.2252
135.95
231.317
303.565
357.895
422.051
513.95
613.363
692.547
764.217
837.62
912.758
974.602
1019.68
1034.13
1033.56
1042.8
1058.99
1053.79
1024.31
995.988
958.997
890.217
775.776
641.106
516.84
410.492
314.547
208.198
84.5096
-54.7841
-199.858
-343.775
-491.739
-628.72
-741.427
-820.611
-875.519
-916.556
-946.033
-971.464
-986.491
-996.317
-997.473
-981.868
-942.565
-868.005
-767.436
-652.418
-546.069
-447.812
-336.261
-207.949
-59.9859
107.051
283.335
456.152
622.611
783.868
943.391
1086.15
1208.11
1317.35
1419.65
1489.58
1501.14
1477.45
1460.69
1449.7
1397.11
1297.12
1166.49
1006.39
806.987
589.088
402.978
250.391
89.1335
-101.601
-296.959
-480.179
-643.748
-798.069
-955.28
-1123.47
-1285.31
-1418.24
-1530.37
-1628.05
-1702.61
-1747.12
-1776.02
-1784.11
-1765.03
-1734.4
-1697.99
-1656.37
-1593.37
-1499.16
-1341.37
-1130.41
-931.005
-781.886
-640.858
-455.904
-237.426
-17.2153
181.033
356.739
521.464
685.033
841.666
991.942
1142.8
1295.96
1416.18
1478.02
1493.63
1491.9
1494.79
1489.58
1458.37
1401.73
1345.09
1283.82
1198.86
1092.51
991.364
912.758
824.327
728.382
624.345
515.106
401.244
286.803
182.189
60.2344
-75.0135
-208.527
-329.326
-448.39
-564.564
-665.711
-754.721
-836.216
-900.95
-946.611
-985.913
-1029.26
-1050.07
-1030.42
-978.4
-902.106
-810.785
-703.858
-590.574
-480.179
-374.986
-271.527
-149.573
5.90403
179.299
332.464
453.262
551.519
656.134
760.749
842.244
884.437
897.731
898.309
874.611
815.079
720.29
616.831
511.06
393.152
260.794
133.06
20.3536
-68.6557
-138.014
-197.546
-261.124
-336.261
-404.463
-448.968
-475.555
-516.014
-564.564
-599.243
-624.097
-676.693
-739.115
-773.794
-794.023
-818.299
-841.418
-840.84
-824.656
-787.666
-715.996
-624.097
-538.555
-461.684
-380.188
-284.243
-177.316
-73.2795
23.8215
133.638
267.152
410.492
534.758
636.483
717.978
781.556
837.62
878.657
896.575
876.923
830.107
780.4
738.208
707.574
675.785
620.877
548.629
478.116
430.143
375.235
294.317
212.822
168.895
148.088
111.675
52.7206
-9.12351
-76.1694
-153.619
-227.601
-282.509
-339.151
-417.757
-500.986
-553.005
-567.454
-581.904
-623.519
-680.161
-713.106
-710.794
-697.5
-678.427
-633.922
-558.785
-489.427
-458.794
-456.482
-436.252
-364.005
-252.454
-146.105
-66.9217
8.79394
100.693
206.464
312.813
413.959
495.455
549.207
590.244
651.51
731.272
806.987
852.07
852.648
828.951
802.364
783.29
763.639
756.703
767.107
756.125
685.611
582.73
498.345
433.033
368.299
291.427
205.886
109.941
22.0875
-58.83
-148.995
-234.537
-287.133
-314.876
-348.977
-385.968
-404.463
-416.023
-444.344
-477.867
-509.078
-538.555
-566.298
-598.087
-635.656
-683.051
-727.555
-777.262
-830.436
-872.051
-898.06
-914.244
-937.941
-954.124
-947.189
-915.978
-874.363
-830.436
-772.06
-692.298
-594.042
-479.023
-339.151
-188.876
-51.8942
74.6839
192.014
309.345
424.941
552.097
679.831
779.244
845.712
893.685
927.208
942.235
922.584
846.29
738.208
659.024
638.795
629.547
602.382
567.125
558.455
546.895
493.143
410.492
334.198
289.115
244.611
212.244
207.042
213.978
197.216
136.528
53.2986
-29.3529
-88.3071
-127.61
-166.335
-223.555
-298.693
-372.096
-421.803
-448.39
-465.151
-499.252
-540.289
-560.519
-546.069
-528.152
-516.592
-444.344
-294.647
-140.325
-84.2612
-96.9768
-95.8208
-68.6557
-33.3988
7.05999
62.5463
108.207
143.464
210.51
313.969
407.602
461.354
514.528
601.804
700.639
757.859
748.611
696.015
643.418
617.987
598.914
561.923
499.501
441.125
389.106
333.042
274.666
230.739
202.418
163.693
110.519
60.2344
22.6655
-6.81158
-39.1786
-74.4355
-117.784
-179.05
-267.482
-368.05
-455.326
-530.463
-596.353
-678.427
-780.152
-899.794
-1011.34
-1090.53
-1138.5
-1166.82
-1190.52
-1221.15
-1252.36
-1250.63
-1204.39
-1137.34
-1076.66
-1017.7
-936.207
-812.519
-647.794
-456.482
-249.564
-42.0685
133.638
281.024
424.941
588.51
743.987
872.877
981.538
1056.1
1083.26
1068.81
1061.3
1079.22
1090.2
1054.94
984.428
923.74
865.942
775.198
653.244
542.272
459.042
366.565
258.482
161.959
96.0693
41.1609
-29.3529
-105.647
-177.894
-239.738
-294.069
-339.729
-377.876
-408.509
-439.72
-461.106
-463.418
-442.032
-425.271
-440.876
-462.262
-456.482
-413.133
-358.225
-307.94
-259.39
-218.353
-170.959
-115.472
-66.3438
-29.3529
10.5279
86.8215
192.592
275.822
308.767
327.84
370.611
420.895
433.611
426.097
432.455
446.904
445.171
438.235
445.748
445.171
423.785
387.372
364.253
352.693
328.996
291.427
233.629
177.565
130.17
97.2252
83.3536
78.7298
72.372
52.7206
26.1334
-6.81158
-46.1144
-82.5273
-96.9768
-84.8392
-81.3713
-111.426
-154.775
-172.692
-159.977
-153.619
-169.803
-198.124
-227.601
-264.014
-320.078
-366.317
-382.5
-394.638
-443.766
-522.372
-584.216
-623.519
-668.601
-713.106
-729.867
-714.84
-684.785
-636.234
-563.408
-473.243
-374.408
-273.839
-170.381
-83.1052
-12.5914
57.9224
139.996
237.097
316.858
357.895
375.813
394.308
419.161
429.565
417.427
393.152
379.859
370.611
347.492
301.831
256.748
231.317
207.042
174.675
139.418
118.033
94.3353
57.3444
29.6013
34.2252
56.7665
62.5463
48.0967
32.4912
22.0875
13.4178
3.5921
-14.3254
-49.0043
-96.3988
-135.702
-165.757
-203.326
-241.472
-257.078
-240.316
-222.977
-233.959
-257.656
-257.656
-224.711
-182.518
-138.592
-74.4355
-1.03176
56.7665
104.161
156.757
211.666
256.17
298.941
357.895
407.602
427.253
427.831
435.345
449.794
459.042
450.95
431.877
400.088
366.565
344.602
328.996
315.702
294.317
260.216
214.556
166.005
123.812
81.6197
30.1793
-18.9492
-62.8759
-102.179
-128.188
-132.234
-131.078
-143.215
-167.491
-192.922
-221.243
-255.344
-284.821
-302.738
-314.876
-307.362
-294.647
-301.005
-334.528
-373.252
-389.436
-400.417
-435.674
-485.959
-523.528
-533.353
-526.996
-511.968
-484.803
-455.326
-426.427
-389.436
-336.261
-294.069
-269.793
-240.316
-192.922
-138.592
-96.3988
-51.3162
21.5095
122.078
227.271
317.436
397.776
474.07
540.538
598.336
645.73
674.051
663.648
612.207
544.583
478.116
430.143
389.684
346.914
290.271
223.225
163.693
123.234
80.4637
11.1059
-74.4355
-146.105
-170.381
-171.537
-188.876
-226.445
-248.986
-230.491
-198.702
-186.564
-188.298
-197.546
-224.711
-262.858
-290.601
-291.179
-274.417
-232.225
-165.757
-106.225
-90.041
-92.9309
-73.8575
-34.5547
-3.34369
26.7114
81.6197
148.666
194.904
223.803
258.482
290.271
298.941
297.785
312.813
342.29
355.005
350.381
350.381
351.537
341.134
311.657
272.932
226.693
185.079
161.959
150.978
139.418
128.436
119.189
101.271
82.1977
67.1701
61.3903
56.1885
49.8307
42.3169
20.9316
-9.70149
-37.4446
-57.096
-84.2612
-117.206
-139.17
-148.417
-155.931
-198.124
-272.683
-340.307
-361.693
-348.399
-355.913
-384.234
-407.931
-414.289
-424.115
-435.674
-437.986
-433.362
-417.757
-386.546
-341.463
-308.518
-294.069
-268.06
-220.665
-173.27
-143.215
-110.848
-59.9859
-7.96755
33.6472
70.0601
105.317
131.904
142.308
161.381
202.996
242.299
254.436
239.987
224.381
220.335
213.978
179.877
119.767
49.8307
-4.49965
-49.0043
-79.0594
-91.197
-96.9768
-121.252
-147.839
-146.105
-116.628
-89.463
-79.0594
-71.5456
-59.9859
-38.0226
-21.8391
-14.9033
-3.34369
29.6013
72.95
107.629
138.84
176.987
212.244
222.069
205.308
181.033
170.051
172.941
166.005
132.482
96.0693
86.2436
94.3353
93.1793
84.5096
79.8858
79.3078
80.4637
90.8674
102.427
95.4913
80.4637
77.5738
73.5279
54.4545
27.8674
24.3995
40.583
51.5646
56.1885
67.7481
82.7757
81.0417
70.0601
64.2802
61.9683
42.8949
19.1976
9.37192
4.74806
-9.70149
-12.0134
19.1976
48.0967
37.1151
3.01412
-15.4813
-9.70149
-5.65562
-5.65562
0.124205
11.1059
31.9132
46.9408
48.0967
29.6013
10.5279
-5.07764
-30.5089
-64.6098
-87.7291
-81.3713
-66.9217
-74.4355
-109.692
-145.527
-162.289
-165.179
-175.582
-195.234
-216.041
-231.647
-240.894
-236.271
-209.105
-175.004
-151.307
-139.17
-135.124
-142.059
-158.821
-166.913
-165.179
-160.555
-143.793
-117.206
-93.5089
-84.2612
-72.7016
-43.2245
-8.54553
20.3536
31.9132
28.4453
23.2435
34.8031
67.1701
94.9133
104.161
109.941
121.5
137.684
146.932
149.244
145.198
132.482
109.941
87.3995
79.3078
93.7573
126.124
157.913
170.051
160.803
148.088
149.244
155.601
152.134
139.418
126.702
115.721
92.0234
69.4821
56.7665
46.3628
20.9316
-9.70149
-23.5731
-32.8208
-43.2245
-49.5823
-50.1602
-67.4997
-94.6649
-101.023
-77.3254
-52.4722
-39.1786
-38.0226
-41.4905
-30.5089
0.124205
34.8031
49.8307
48.0967
42.8949
42.3169
59.0784
100.693
138.262
152.712
148.088
148.666
158.491
172.363
191.436
208.198
215.712
218.601
228.427
240.565
244.033
230.161
208.776
181.033
149.822
118.611
90.8674
68.9041
45.7848
15.1517
-24.151
-80.7933
-149.573
-211.417
-255.922
-294.069
-351.867
-423.537
-486.537
-533.931
-565.72
-579.592
-572.078
-563.408
-553.583
-537.977
-513.124
-486.537
-455.904
-410.821
-362.271
-319.5
-282.509
-236.271
-166.335
-70.9676
19.7756
76.9958
96.0693
102.427
130.17
187.39
257.326
309.345
339.4
355.583
364.831
368.299
376.391
384.482
378.125
355.583
324.95
299.519
264.84
216.29
152.712
92.0234
38.849
-14.9033
-68.0777
-112.004
-145.527
-184.252
-236.271
-283.087
-311.986
-316.032
-288.867
-243.784
-206.215
-187.142
-170.959
-147.261
-113.16
-66.9217
-6.2336
54.4545
113.409
168.895
203.574
215.712
228.427
263.106
292.583
306.455
315.702
339.4
364.831
371.767
365.987
362.519
377.547
400.666
412.226
410.492
411.07
406.446
384.482
342.868
304.721
274.088
237.097
189.702
145.198
109.363
68.3261
9.37192
-54.2061
-112.582
-164.023
-209.105
-246.674
-283.087
-329.904
-391.17
-446.656
-476.133
-470.353
-453.014
-448.39
-466.307
-495.207
-510.812
-509.656
-494.051
-476.711
-462.262
-439.72
-402.729
-353.023
-305.628
-265.748
-238.582
-227.601
-214.885
-180.784
-131.078
-92.353
-60.5639
-17.7932
22.0875
42.3169
65.4362
114.565
165.427
192.592
211.088
241.143
271.198
280.446
269.464
263.106
267.152
268.308
255.592
249.235
263.684
275.244
268.308
241.143
217.446
208.776
205.308
192.014
153.867
109.941
94.3353
93.7573
78.7298
35.3811
-8.54553
-29.3529
-38.0226
-46.6924
-54.2061
-64.0318
-64.0318
-49.0043
-24.151
-6.81158
-10.8575
-20.6832
-25.307
-19.5272
-3.92167
5.32604
3.01412
-3.34369
-7.38956
-3.34369
13.4178
32.4912
35.9591
18.0417
6.48201
-2.76571
-35.1327
-88.3071
-123.564
-116.628
-86.5731
-58.83
-46.1144
-39.1786
-31.6648
-13.1694
15.7297
44.6288
63.7022
63.7022
44.6288
30.1793
38.849
65.4362
81.0417
73.5279
65.4362
67.7481
72.95
66.5922
49.8307
37.693
35.3811
41.7389
52.1426
52.7206
44.0509
30.1793
18.6196
16.3077
13.4178
16.3077
21.5095
27.2894
40.583
47.5187
34.2252
2.43613
-25.885
-30.5089
-36.2887
-53.0502
-83.1052
-118.362
-153.619
-187.142
-211.417
-221.821
-216.619
-200.436
-187.142
-175.004
-169.803
-174.426
-178.472
-168.647
-147.839
-125.876
-92.353
-48.4263
-19.5272
-13.1694
-9.12351
0.124205
-1.03176
-10.8575
-16.0593
-18.9492
-31.0868
-46.1144
-46.6924
-42.0685
-40.3346
-49.0043
-49.0043
-25.307
9.37192
38.849
40.005
29.6013
33.6472
70.0601
123.812
169.473
207.62
231.895
235.363
220.913
218.024
236.519
249.813
235.363
192.014
146.354
108.785
84.5096
74.1059
69.4821
60.2344
42.3169
26.1334
26.7114
45.7848
73.5279
103.583
116.877
118.033
116.877
120.345
117.455
87.9775
44.6288
4.17008
-29.9309
-63.4538
-97.5548
-120.096
-138.014
-157.087
-183.674
-210.261
-229.335
-233.959
-206.793
-163.445
-128.766
-121.252
-132.812
-140.903
-157.665
-206.793
-261.702
-283.665
-257.656
-232.803
-228.757
-221.243
-194.078
-165.179
-140.325
-120.096
-100.445
-44.3804
17.4637
35.3811
-3.92167
-27.041
0.124205
19.7756
48.6747
123.812
209.354
227.849
198.95
178.721
152.712
99.5371
64.2802
82.1977
108.207
97.2252
68.9041
70.638
108.785
145.198
149.822
137.106
122.656
123.812
141.152
172.941
220.913
257.904
266.574
248.657
213.978
145.198
49.2527
-25.885
-17.2153
60.2344
123.812
141.73
133.06
131.326
119.189
84.5096
44.0509
11.1059
-15.4813
-19.5272
6.48201
34.8031
26.1334
-16.6373
-53.0502
-59.9859
-55.3621
-70.3896
-98.7108
-107.958
-88.3071
-67.4997
-77.3254
-109.114
-140.903
-159.399
-169.225
-169.803
-166.335
-164.023
-157.665
-141.481
-121.252
-117.206
-122.986
-124.142
-108.536
-78.4814
-46.6924
-21.8391
-14.9033
-14.9033
-16.0593
-23.5731
-44.3804
-70.3896
-70.3896
-44.3804
-16.0593
-10.2795
-32.8208
-71.5456
-98.1328
-95.8208
-73.8575
-50.1602
-31.6648
-13.7474
1.85815
19.1976
36.5371
41.7389
30.1793
15.1517
13.9958
27.2894
24.3995
-13.7474
-62.2979
-88.3071
-90.041
-89.463
-96.9768
-98.1328
-91.775
-84.2612
-84.2612
-90.619
-87.7291
-62.2979
-18.3712
11.6838
15.1517
5.32604
1.28017
7.63797
16.3077
26.7114
37.1151
44.0509
45.2068
51.5646
62.5463
69.4821
64.2802
56.1885
66.0142
94.9133
122.078
133.06
139.418
153.867
168.895
172.941
173.519
174.675
171.785
156.179
134.794
122.656
120.345
108.207
76.4179
47.5187
31.3352
15.1517
-3.34369
-7.96755
-1.03176
-9.70149
-32.8208
-39.1786
-27.041
-28.7749
-65.7658
-112.582
-121.83
-99.2887
-81.3713
-80.2153
-77.9034
-62.8759
-52.4722
-44.9584
-29.9309
-9.12351
1.28017
11.1059
23.2435
20.9316
-1.03176
-17.7932
-3.34369
26.1334
34.8031
15.7297
-6.2336
-3.92167
26.1334
67.7481
94.3353
82.1977
42.8949
10.5279
-1.60974
-20.6832
-51.3162
-63.4538
-46.6924
-29.9309
-39.1786
-63.4538
-79.6373
-85.9951
-91.197
-106.225
-125.298
-138.014
-136.858
-130.5
-127.61
-135.702
-133.39
-108.536
-70.9676
-42.0685
-31.0868
-19.5272
-10.8575
1.28017
22.0875
52.1426
85.0876
98.9592
92.6014
75.8399
63.1243
53.8766
51.5646
74.1059
118.611
163.115
186.234
198.95
197.794
182.767
166.583
163.693
170.629
179.299
197.794
222.069
223.803
197.216
168.317
156.179
156.757
156.757
152.712
127.858
75.8399
18.6196
-22.4171
-51.3162
-83.1052
-108.536
-128.188
-158.243
-185.408
-194.656
-187.72
-177.894
-171.537
-155.931
-142.059
-142.059
-140.325
-140.903
-147.839
-158.821
-167.491
-164.023
-157.665
-139.747
-109.114
-89.463
-105.647
-127.61
-121.83
-92.353
-69.2337
-65.7658
-61.7199
-44.3804
-6.2336
35.9591
45.2068
19.7756
-2.18772
17.4637
58.5004
87.3995
94.9133
96.0693
101.271
100.693
93.7573
82.7757
76.9958
82.7757
93.1793
101.849
92.6014
61.9683
31.9132
11.6838
-2.18772
-28.7749
-62.8759
-85.9951
-91.775
-87.1511
-88.3071
-99.2887
-106.803
-98.1328
-89.463
-90.041
-95.2429
-101.023
-109.692
-117.206
-99.8667
-63.4538
-32.2428
-20.6832
-14.3254
-9.12351
-14.3254
-27.6189
-32.8208
-27.041
-26.463
-49.5823
-67.4997
-68.6557
-56.5181
-44.9584
-22.9951
9.37192
34.8031
52.1426
67.1701
74.6839
66.5922
53.8766
57.9224
69.4821
76.4179
85.6656
98.3812
107.051
100.693
98.3812
103.005
101.849
92.0234
84.5096
83.9316
77.5738
67.7481
64.8582
73.5279
78.1518
65.4362
50.4087
45.2068
45.7848
45.2068
52.1426
65.4362
69.4821
67.7481
60.8123
37.1151
4.74806
1.85815
27.8674
45.2068
40.005
35.3811
31.9132
18.0417
8.21596
2.43613
-12.0134
-30.5089
-29.3529
-8.54553
12.2618
19.1976
15.1517
-3.34369
-29.9309
-43.8024
-38.6006
-31.0868
-29.3529
-33.9767
-42.0685
-55.3621
-62.8759
-62.8759
-77.9034
-103.335
-114.316
-104.491
-95.8208
-95.2429
-80.2153
-55.3621
-47.2703
-61.7199
-75.0135
-76.7474
-76.7474
-84.2612
-90.619
-94.6649
-96.3988
-90.041
-84.2612
-69.8116
-54.2061
-45.5364
-48.4263
-52.4722
-44.9584
-38.6006
-32.2428
-24.151
-21.2611
-15.4813
2.43613
22.0875
15.7297
-10.2795
-22.9951
-21.2611
-10.8575
13.4178
49.8307
74.6839
82.1977
84.5096
85.6656
76.4179
66.0142
71.216
80.4637
79.8858
77.5738
86.2436
105.317
113.987
105.895
85.6656
64.8582
63.1243
82.7757
114.565
133.638
129.592
122.656
124.968
134.216
135.372
128.436
117.455
105.317
102.427
109.941
114.565
106.473
90.8674
70.0601
38.271
-1.60974
-34.5547
-55.9401
-67.4997
-68.6557
-67.4997
-71.5456
-100.445
-143.215
-180.206
-190.61
-180.206
-179.05
-192.922
-200.436
-185.408
-159.399
-135.124
-116.05
-106.803
-106.803
-113.738
-117.784
-110.848
-92.353
-66.3438
-52.4722
-51.3162
-40.9125
-16.6373
7.05999
16.3077
16.8857
16.8857
23.8215
50.9866
85.0876
108.785
114.565
108.785
100.693
98.3812
111.097
128.436
137.106
138.84
135.372
120.922
94.9133
68.3261
49.2527
32.4912
29.0233
33.6472
35.9591
15.1517
-19.5272
-55.9401
-88.3071
-112.582
-131.078
-140.325
-144.949
-146.683
-148.995
-146.683
-129.922
-108.536
-101.023
-88.8851
-51.8942
-12.5914
-1.60974
-14.3254
-21.8391
-20.1052
-14.3254
-9.12351
-10.8575
-25.885
-33.9767
-32.8208
-7.38956
34.2252
64.8582
58.5004
27.8674
24.9774
50.9866
79.8858
93.1793
100.115
95.4913
89.1335
83.9316
85.0876
80.4637
74.6839
75.8399
78.1518
74.6839
70.0601
64.2802
53.2986
42.3169
37.693
46.3628
56.1885
67.1701
72.95
74.6839
66.0142
29.6013
-29.9309
-72.7016
-64.6098
-35.1327
-30.5089
-50.1602
-66.3438
-68.0777
-63.4538
-57.674
-57.096
-55.9401
-43.8024
-15.4813
16.3077
22.6655
-5.65562
-57.096
-94.6649
-101.023
-89.463
-83.1052
-68.6557
-39.1786
-6.81158
3.5921
-3.92167
-9.12351
-10.8575
-13.1694
-11.4354
-2.76571
7.63797
-0.453778
-24.151
-46.6924
-60.5639
-58.83
-47.8483
-28.1969
1.85815
30.1793
34.8031
13.9958
-1.03176
15.1517
39.427
48.0967
53.2986
62.5463
55.6105
22.0875
-22.9951
-48.4263
-49.0043
-42.0685
-44.9584
-64.6098
-85.4172
-87.1511
-76.7474
-76.1694
-89.463
-106.225
-115.472
-115.472
-106.803
-95.2429
-91.197
-80.7933
-49.0043
-6.81158
27.8674
52.7206
72.95
71.216
55.0325
48.6747
56.1885
54.4545
40.005
34.8031
43.4729
50.9866
47.5187
40.583
33.6472
24.9774
15.7297
8.79394
16.8857
37.1151
59.6564
67.1701
62.5463
66.0142
74.6839
76.4179
67.1701
61.3903
70.0601
88.5555
100.115
101.849
93.1793
82.1977
78.1518
82.7757
92.0234
94.9133
100.693
112.253
123.234
119.767
100.115
75.8399
65.4362
77.5738
95.4913
95.4913
73.5279
59.0784
67.1701
76.9958
73.5279
57.9224
38.271
19.1976
-20.6832
-81.9493
-145.527
-174.426
-164.023
-144.949
-130.5
-121.252
-115.472
-109.692
-104.491
-92.353
-79.0594
-67.4997
-42.6465
-21.2611
-23.5731
-62.2979
-95.2429
-94.0869
-78.4814
-79.6373
-97.5548
-113.16
-113.738
-101.601
-77.3254
-53.0502
-47.2703
-38.6006
-12.5914
31.3352
58.5004
56.1885
49.8307
62.5463
81.6197
74.1059
48.0967
34.2252
37.1151
28.4453
5.90403
-6.81158
-7.38956
-9.70149
-9.70149
-1.03176
-5.07764
-33.3988
-62.2979
-68.6557
-58.252
-57.096
-59.9859
-55.9401
-43.8024
-31.6648
-22.9951
-23.5731
-39.7566
-58.252
-57.096
-35.1327
-20.1052
-21.8391
-21.8391
-10.2795
3.5921
12.2618
16.3077
23.8215
23.8215
10.5279
-7.96755
-19.5272
-17.7932
-22.4171
-24.151
-12.0134
5.90403
11.6838
6.48201
20.9316
54.4545
61.9683
34.2252
17.4637
35.9591
55.6105
46.3628
40.583
53.2986
63.1243
50.4087
32.4912
22.0875
11.6838
-6.2336
-22.4171
-29.9309
-27.041
-16.0593
9.37192
28.4453
20.3536
-3.92167
-16.0593
-6.2336
-6.2336
-21.2611
-39.7566
-57.096
-72.1236
-79.6373
-65.1878
-57.096
-73.8575
-101.601
-120.096
-120.096
-121.83
-120.674
-103.913
-70.9676
-36.2887
-14.3254
5.32604
22.6655
32.4912
33.0692
30.1793
38.849
56.7665
71.216
72.372
68.9041
81.0417
95.4913
100.693
103.005
122.656
147.51
155.023
144.62
130.748
122.078
113.409
108.785
98.3812
82.7757
63.1243
48.0967
37.693
18.0417
-10.2795
-29.9309
-26.463
-4.49965
0.702187
-16.0593
-43.8024
-55.9401
-64.6098
-90.619
-123.564
-135.124
-115.472
-94.0869
-87.1511
-84.8392
-71.5456
-53.0502
-43.8024
-36.8667
-25.307
-17.2153
-22.4171
-33.9767
-28.1969
-18.9492
-16.0593
-20.6832
-19.5272
-4.49965
13.4178
27.8674
38.849
55.0325
69.4821
66.0142
52.1426
52.7206
64.8582
70.0601
63.1243
67.1701
93.1793
116.877
123.812
114.565
103.005
93.7573
79.8858
66.5922
46.3628
25.5554
13.4178
5.90403
-5.65562
-19.5272
-12.5914
-1.03176
-10.2795
-27.041
-25.885
-12.5914
-13.1694
-20.6832
-16.0593
-11.4354
-28.1969
-57.096
-71.5456
-63.4538
-50.7382
-47.2703
-57.674
-66.9217
-74.4355
-84.8392
-93.5089
-88.8851
-66.3438
-44.3804
-32.8208
-28.7749
-28.1969
-24.151
-13.7474
0.124205
15.1517
30.1793
42.8949
42.3169
22.6655
3.5921
-1.60974
-1.03176
-7.38956
-14.3254
-6.2336
4.74806
1.85815
-4.49965
8.21596
20.3536
22.0875
17.4637
2.43613
-28.7749
-62.2979
-69.2337
-57.674
-53.6281
-61.7199
-73.2795
-79.6373
-85.4172
-83.1052
-74.4355
